

live time:  53258.500000
real time:  72008.857000
sweeps:  2662925.000000
0.000000E+0	0.000000E+0	0.000000E+0
2.000000E-5	0.000000E+0	1.304630E+5
4.000000E-5	0.000000E+0	1.298130E+5
6.000000E-5	0.000000E+0	1.293280E+5
8.000000E-5	0.000000E+0	1.300160E+5
1.000000E-4	0.000000E+0	1.302090E+5
1.200000E-4	0.000000E+0	1.299380E+5
1.400000E-4	0.000000E+0	1.296180E+5
1.600000E-4	0.000000E+0	1.301160E+5
1.800000E-4	0.000000E+0	1.306970E+5
2.000000E-4	0.000000E+0	1.300840E+5
2.200000E-4	0.000000E+0	1.301130E+5
2.400000E-4	0.000000E+0	1.305450E+5
2.600000E-4	0.000000E+0	1.304630E+5
2.800000E-4	0.000000E+0	1.306140E+5
3.000000E-4	0.000000E+0	1.303040E+5
3.200000E-4	0.000000E+0	1.301210E+5
3.400000E-4	0.000000E+0	1.295610E+5
3.600000E-4	0.000000E+0	1.296100E+5
3.800000E-4	0.000000E+0	1.301180E+5
4.000000E-4	0.000000E+0	1.304810E+5
4.200000E-4	0.000000E+0	1.305490E+5
4.400000E-4	0.000000E+0	1.302680E+5
4.600000E-4	0.000000E+0	1.305660E+5
4.800000E-4	0.000000E+0	1.298730E+5
5.000000E-4	0.000000E+0	1.301920E+5
5.200000E-4	0.000000E+0	1.298670E+5
5.400000E-4	0.000000E+0	1.304160E+5
5.600000E-4	0.000000E+0	1.299960E+5
5.800000E-4	0.000000E+0	1.302940E+5
6.000000E-4	0.000000E+0	1.300090E+5
6.200000E-4	0.000000E+0	1.297620E+5
6.400000E-4	0.000000E+0	1.305650E+5
6.600000E-4	0.000000E+0	1.302380E+5
6.800000E-4	0.000000E+0	1.301620E+5
7.000000E-4	0.000000E+0	1.301630E+5
7.200000E-4	0.000000E+0	1.307200E+5
7.400000E-4	0.000000E+0	1.300640E+5
7.600000E-4	0.000000E+0	1.301610E+5
7.800000E-4	0.000000E+0	1.297430E+5
8.000000E-4	0.000000E+0	1.308000E+5
8.200000E-4	0.000000E+0	1.295140E+5
8.400000E-4	0.000000E+0	1.306680E+5
8.600000E-4	0.000000E+0	1.293910E+5
8.800000E-4	0.000000E+0	1.301060E+5
9.000000E-4	0.000000E+0	1.295830E+5
9.200000E-4	0.000000E+0	1.297120E+5
9.400000E-4	0.000000E+0	1.298270E+5
9.600000E-4	0.000000E+0	1.298020E+5
9.800000E-4	0.000000E+0	1.301780E+5
1.000000E-3	0.000000E+0	1.302520E+5
1.020000E-3	0.000000E+0	1.305540E+5
1.040000E-3	0.000000E+0	1.307150E+5
1.060000E-3	0.000000E+0	1.305180E+5
1.080000E-3	0.000000E+0	1.300790E+5
1.100000E-3	0.000000E+0	1.298330E+5
1.120000E-3	0.000000E+0	1.300420E+5
1.140000E-3	0.000000E+0	1.300180E+5
1.160000E-3	0.000000E+0	1.297220E+5
1.180000E-3	0.000000E+0	1.301540E+5
1.200000E-3	0.000000E+0	1.294460E+5
1.220000E-3	0.000000E+0	1.300570E+5
1.240000E-3	0.000000E+0	1.299570E+5
1.260000E-3	0.000000E+0	1.304580E+5
1.280000E-3	0.000000E+0	1.298430E+5
1.300000E-3	0.000000E+0	1.302780E+5
1.320000E-3	0.000000E+0	1.296080E+5
1.340000E-3	0.000000E+0	1.302230E+5
1.360000E-3	0.000000E+0	1.299620E+5
1.380000E-3	0.000000E+0	1.300880E+5
1.400000E-3	0.000000E+0	1.297650E+5
1.420000E-3	0.000000E+0	1.297000E+5
1.440000E-3	0.000000E+0	1.298880E+5
1.460000E-3	0.000000E+0	1.298270E+5
1.480000E-3	0.000000E+0	1.298310E+5
1.500000E-3	0.000000E+0	1.299030E+5
1.520000E-3	0.000000E+0	1.305650E+5
1.540000E-3	0.000000E+0	1.305870E+5
1.560000E-3	0.000000E+0	1.299050E+5
1.580000E-3	0.000000E+0	1.304620E+5
1.600000E-3	0.000000E+0	1.297120E+5
1.620000E-3	0.000000E+0	1.301470E+5
1.640000E-3	0.000000E+0	1.302950E+5
1.660000E-3	0.000000E+0	1.298990E+5
1.680000E-3	0.000000E+0	1.302150E+5
1.700000E-3	0.000000E+0	1.296140E+5
1.720000E-3	0.000000E+0	1.297960E+5
1.740000E-3	0.000000E+0	1.296980E+5
1.760000E-3	0.000000E+0	1.294800E+5
1.780000E-3	0.000000E+0	1.299110E+5
1.800000E-3	0.000000E+0	1.307400E+5
1.820000E-3	0.000000E+0	1.299230E+5
1.840000E-3	0.000000E+0	1.299880E+5
1.860000E-3	0.000000E+0	1.299370E+5
1.880000E-3	0.000000E+0	1.297210E+5
1.900000E-3	0.000000E+0	1.303010E+5
1.920000E-3	0.000000E+0	1.297810E+5
1.940000E-3	0.000000E+0	1.305260E+5
1.960000E-3	0.000000E+0	1.299610E+5
1.980000E-3	0.000000E+0	1.304420E+5
2.000000E-3	0.000000E+0	1.300820E+5
2.020000E-3	0.000000E+0	1.300230E+5
2.040000E-3	0.000000E+0	1.301500E+5
2.060000E-3	0.000000E+0	1.306810E+5
2.080000E-3	0.000000E+0	1.301010E+5
2.100000E-3	0.000000E+0	1.297510E+5
2.120000E-3	0.000000E+0	1.303590E+5
2.140000E-3	0.000000E+0	1.298920E+5
2.160000E-3	0.000000E+0	1.299130E+5
2.180000E-3	0.000000E+0	1.296960E+5
2.200000E-3	0.000000E+0	1.301440E+5
2.220000E-3	0.000000E+0	1.299220E+5
2.240000E-3	0.000000E+0	1.300170E+5
2.260000E-3	0.000000E+0	1.301130E+5
2.280000E-3	0.000000E+0	1.304950E+5
2.300000E-3	0.000000E+0	1.298430E+5
2.320000E-3	0.000000E+0	1.302630E+5
2.340000E-3	0.000000E+0	1.306950E+5
2.360000E-3	0.000000E+0	1.299960E+5
2.380000E-3	0.000000E+0	1.300540E+5
2.400000E-3	0.000000E+0	1.299230E+5
2.420000E-3	0.000000E+0	1.295980E+5
2.440000E-3	0.000000E+0	1.300720E+5
2.460000E-3	0.000000E+0	1.304070E+5
2.480000E-3	0.000000E+0	1.301130E+5
2.500000E-3	0.000000E+0	1.294980E+5
2.520000E-3	0.000000E+0	1.304980E+5
2.540000E-3	0.000000E+0	1.297760E+5
2.560000E-3	0.000000E+0	1.301540E+5
2.580000E-3	0.000000E+0	1.300420E+5
2.600000E-3	0.000000E+0	1.306800E+5
2.620000E-3	0.000000E+0	1.297920E+5
2.640000E-3	0.000000E+0	1.298950E+5
2.660000E-3	0.000000E+0	1.296400E+5
2.680000E-3	0.000000E+0	1.296470E+5
2.700000E-3	0.000000E+0	1.300550E+5
2.720000E-3	0.000000E+0	1.298930E+5
2.740000E-3	0.000000E+0	1.301980E+5
2.760000E-3	0.000000E+0	1.302720E+5
2.780000E-3	0.000000E+0	1.300060E+5
2.800000E-3	0.000000E+0	1.297450E+5
2.820000E-3	0.000000E+0	1.298370E+5
2.840000E-3	0.000000E+0	1.297780E+5
2.860000E-3	0.000000E+0	1.298210E+5
2.880000E-3	0.000000E+0	1.299020E+5
2.900000E-3	0.000000E+0	1.296310E+5
2.920000E-3	0.000000E+0	1.303870E+5
2.940000E-3	0.000000E+0	1.299140E+5
2.960000E-3	0.000000E+0	1.299940E+5
2.980000E-3	0.000000E+0	1.298880E+5
3.000000E-3	0.000000E+0	1.307920E+5
3.020000E-3	0.000000E+0	1.299270E+5
3.040000E-3	0.000000E+0	1.294610E+5
3.060000E-3	0.000000E+0	1.299420E+5
3.080000E-3	0.000000E+0	1.298130E+5
3.100000E-3	0.000000E+0	1.302430E+5
3.120000E-3	0.000000E+0	1.298960E+5
3.140000E-3	0.000000E+0	1.300380E+5
3.160000E-3	0.000000E+0	1.297400E+5
3.180000E-3	0.000000E+0	1.296320E+5
3.200000E-3	0.000000E+0	1.294690E+5
3.220000E-3	0.000000E+0	1.290810E+5
3.240000E-3	0.000000E+0	1.301660E+5
3.260000E-3	0.000000E+0	1.301300E+5
3.280000E-3	0.000000E+0	1.297920E+5
3.300000E-3	0.000000E+0	1.299910E+5
3.320000E-3	0.000000E+0	1.296150E+5
3.340000E-3	0.000000E+0	1.297740E+5
3.360000E-3	0.000000E+0	1.298500E+5
3.380000E-3	0.000000E+0	1.294920E+5
3.400000E-3	0.000000E+0	1.293030E+5
3.420000E-3	0.000000E+0	1.291010E+5
3.440000E-3	0.000000E+0	1.282560E+5
3.460000E-3	0.000000E+0	1.278540E+5
3.480000E-3	0.000000E+0	1.279810E+5
3.500000E-3	0.000000E+0	1.285260E+5
3.520000E-3	0.000000E+0	1.279170E+5
3.540000E-3	0.000000E+0	1.278950E+5
3.560000E-3	0.000000E+0	1.271210E+5
3.580000E-3	0.000000E+0	1.272670E+5
3.600000E-3	0.000000E+0	1.262750E+5
3.620000E-3	0.000000E+0	1.267070E+5
3.640000E-3	0.000000E+0	1.273200E+5
3.660000E-3	0.000000E+0	1.281960E+5
3.680000E-3	0.000000E+0	1.286640E+5
3.700000E-3	0.000000E+0	1.285250E+5
3.720000E-3	0.000000E+0	1.281480E+5
3.740000E-3	0.000000E+0	1.290780E+5
3.760000E-3	0.000000E+0	1.287970E+5
3.780000E-3	0.000000E+0	1.282970E+5
3.800000E-3	0.000000E+0	1.293350E+5
3.820000E-3	0.000000E+0	1.295980E+5
3.840000E-3	0.000000E+0	1.299220E+5
3.860000E-3	0.000000E+0	1.298710E+5
3.880000E-3	0.000000E+0	1.299180E+5
3.900000E-3	0.000000E+0	1.304900E+5
3.920000E-3	0.000000E+0	1.307060E+5
3.940000E-3	0.000000E+0	1.303540E+5
3.960000E-3	0.000000E+0	1.298670E+5
3.980000E-3	0.000000E+0	1.303250E+5
4.000000E-3	0.000000E+0	1.291670E+5
4.020000E-3	0.000000E+0	1.296640E+5
4.040000E-3	0.000000E+0	1.305500E+5
4.060000E-3	0.000000E+0	1.295440E+5
4.080000E-3	0.000000E+0	1.294750E+5
4.100000E-3	0.000000E+0	1.298070E+5
4.120000E-3	0.000000E+0	1.301520E+5
4.140000E-3	0.000000E+0	1.292710E+5
4.160000E-3	0.000000E+0	1.294210E+5
4.180000E-3	0.000000E+0	1.290900E+5
4.200000E-3	0.000000E+0	1.291330E+5
4.220000E-3	0.000000E+0	1.292850E+5
4.240000E-3	0.000000E+0	1.291790E+5
4.260000E-3	0.000000E+0	1.293110E+5
4.280000E-3	0.000000E+0	1.287790E+5
4.300000E-3	0.000000E+0	1.281690E+5
4.320000E-3	0.000000E+0	1.271260E+5
4.340000E-3	0.000000E+0	1.282590E+5
4.360000E-3	0.000000E+0	1.282200E+5
4.380000E-3	0.000000E+0	1.279610E+5
4.400000E-3	0.000000E+0	1.288730E+5
4.420000E-3	0.000000E+0	1.288310E+5
4.440000E-3	0.000000E+0	1.290790E+5
4.460000E-3	0.000000E+0	1.291090E+5
4.480000E-3	0.000000E+0	1.288420E+5
4.500000E-3	0.000000E+0	1.289390E+5
4.520000E-3	0.000000E+0	1.290190E+5
4.540000E-3	0.000000E+0	1.299180E+5
4.560000E-3	0.000000E+0	1.302970E+5
4.580000E-3	0.000000E+0	1.291090E+5
4.600000E-3	0.000000E+0	1.296880E+5
4.620000E-3	0.000000E+0	1.297170E+5
4.640000E-3	0.000000E+0	1.303180E+5
4.660000E-3	0.000000E+0	1.299330E+5
4.680000E-3	0.000000E+0	1.301590E+5
4.700000E-3	0.000000E+0	1.302180E+5
4.720000E-3	0.000000E+0	1.301610E+5
4.740000E-3	0.000000E+0	1.297340E+5
4.760000E-3	0.000000E+0	1.299000E+5
4.780000E-3	0.000000E+0	1.297650E+5
4.800000E-3	0.000000E+0	1.295810E+5
4.820000E-3	0.000000E+0	1.296250E+5
4.840000E-3	0.000000E+0	1.294790E+5
4.860000E-3	0.000000E+0	1.290020E+5
4.880000E-3	0.000000E+0	1.293190E+5
4.900000E-3	0.000000E+0	1.294330E+5
4.920000E-3	0.000000E+0	1.295470E+5
4.940000E-3	0.000000E+0	1.289230E+5
4.960000E-3	0.000000E+0	1.292870E+5
4.980000E-3	0.000000E+0	1.290290E+5
5.000000E-3	0.000000E+0	1.287910E+5
5.020000E-3	0.000000E+0	1.289300E+5
5.040000E-3	0.000000E+0	1.289450E+5
5.060000E-3	0.000000E+0	1.290510E+5
5.080000E-3	0.000000E+0	1.291140E+5
5.100000E-3	0.000000E+0	1.292960E+5
5.120000E-3	0.000000E+0	1.296310E+5
5.140000E-3	0.000000E+0	1.302180E+5
5.160000E-3	0.000000E+0	1.291000E+5
5.180000E-3	0.000000E+0	1.301120E+5
5.200000E-3	0.000000E+0	1.302060E+5
5.220000E-3	0.000000E+0	1.298700E+5
5.240000E-3	0.000000E+0	1.293000E+5
5.260000E-3	0.000000E+0	1.304850E+5
5.280000E-3	0.000000E+0	1.301130E+5
5.300000E-3	0.000000E+0	1.298610E+5
5.320000E-3	0.000000E+0	1.297300E+5
5.340000E-3	0.000000E+0	1.293290E+5
5.360000E-3	0.000000E+0	1.301510E+5
5.380000E-3	0.000000E+0	1.288990E+5
5.400000E-3	0.000000E+0	1.295760E+5
5.420000E-3	0.000000E+0	1.293650E+5
5.440000E-3	0.000000E+0	1.290550E+5
5.460000E-3	0.000000E+0	1.285310E+5
5.480000E-3	0.000000E+0	1.289350E+5
5.500000E-3	0.000000E+0	1.290930E+5
5.520000E-3	0.000000E+0	1.294400E+5
5.540000E-3	0.000000E+0	1.294950E+5
5.560000E-3	0.000000E+0	1.295540E+5
5.580000E-3	0.000000E+0	1.298850E+5
5.600000E-3	0.000000E+0	1.290380E+5
5.620000E-3	0.000000E+0	1.294780E+5
5.640000E-3	0.000000E+0	1.301440E+5
5.660000E-3	0.000000E+0	1.299470E+5
5.680000E-3	0.000000E+0	1.300040E+5
5.700000E-3	0.000000E+0	1.293380E+5
5.720000E-3	0.000000E+0	1.301650E+5
5.740000E-3	0.000000E+0	1.301490E+5
5.760000E-3	0.000000E+0	1.297800E+5
5.780000E-3	0.000000E+0	1.292240E+5
5.800000E-3	0.000000E+0	1.302710E+5
5.820000E-3	0.000000E+0	1.291160E+5
5.840000E-3	0.000000E+0	1.304610E+5
5.860000E-3	0.000000E+0	1.296980E+5
5.880000E-3	0.000000E+0	1.294710E+5
5.900000E-3	0.000000E+0	1.303660E+5
5.920000E-3	0.000000E+0	1.302940E+5
5.940000E-3	0.000000E+0	1.291650E+5
5.960000E-3	0.000000E+0	1.289710E+5
5.980000E-3	0.000000E+0	1.290660E+5
6.000000E-3	0.000000E+0	1.288960E+5
6.020000E-3	0.000000E+0	1.285000E+5
6.040000E-3	0.000000E+0	1.285410E+5
6.060000E-3	0.000000E+0	1.285390E+5
6.080000E-3	0.000000E+0	1.287630E+5
6.100000E-3	0.000000E+0	1.277930E+5
6.120000E-3	0.000000E+0	1.280180E+5
6.140000E-3	0.000000E+0	1.275460E+5
6.160000E-3	0.000000E+0	1.274410E+5
6.180000E-3	0.000000E+0	1.277980E+5
6.200000E-3	0.000000E+0	1.287190E+5
6.220000E-3	0.000000E+0	1.291020E+5
6.240000E-3	0.000000E+0	1.286690E+5
6.260000E-3	0.000000E+0	1.296630E+5
6.280000E-3	0.000000E+0	1.293990E+5
6.300000E-3	0.000000E+0	1.294910E+5
6.320000E-3	0.000000E+0	1.297900E+5
6.340000E-3	0.000000E+0	1.300240E+5
6.360000E-3	0.000000E+0	1.292820E+5
6.380000E-3	0.000000E+0	1.295170E+5
6.400000E-3	0.000000E+0	1.297720E+5
6.420000E-3	0.000000E+0	1.299530E+5
6.440000E-3	0.000000E+0	1.299770E+5
6.460000E-3	0.000000E+0	1.292270E+5
6.480000E-3	0.000000E+0	1.303430E+5
6.500000E-3	0.000000E+0	1.301000E+5
6.520000E-3	0.000000E+0	1.301130E+5
6.540000E-3	0.000000E+0	1.293640E+5
6.560000E-3	0.000000E+0	1.299130E+5
6.580000E-3	0.000000E+0	1.295430E+5
6.600000E-3	0.000000E+0	1.292970E+5
6.620000E-3	0.000000E+0	1.295410E+5
6.640000E-3	0.000000E+0	1.285680E+5
6.660000E-3	0.000000E+0	1.276860E+5
6.680000E-3	0.000000E+0	1.284610E+5
6.700000E-3	0.000000E+0	1.283010E+5
6.720000E-3	0.000000E+0	1.285110E+5
6.740000E-3	0.000000E+0	1.277170E+5
6.760000E-3	0.000000E+0	1.275030E+5
6.780000E-3	0.000000E+0	1.267850E+5
6.800000E-3	0.000000E+0	1.266170E+5
6.820000E-3	0.000000E+0	1.264980E+5
6.840000E-3	0.000000E+0	1.273490E+5
6.860000E-3	0.000000E+0	1.286620E+5
6.880000E-3	0.000000E+0	1.272390E+5
6.900000E-3	0.000000E+0	1.280800E+5
6.920000E-3	0.000000E+0	1.287280E+5
6.940000E-3	0.000000E+0	1.289770E+5
6.960000E-3	0.000000E+0	1.297630E+5
6.980000E-3	0.000000E+0	1.291040E+5
7.000000E-3	0.000000E+0	1.290410E+5
7.020000E-3	0.000000E+0	1.298350E+5
7.040000E-3	0.000000E+0	1.297610E+5
7.060000E-3	0.000000E+0	1.306790E+5
7.080000E-3	0.000000E+0	1.301820E+5
7.100000E-3	0.000000E+0	1.305160E+5
7.120000E-3	0.000000E+0	1.295300E+5
7.140000E-3	0.000000E+0	1.296790E+5
7.160000E-3	0.000000E+0	1.301340E+5
7.180000E-3	0.000000E+0	1.293020E+5
7.200000E-3	0.000000E+0	1.298490E+5
7.220000E-3	0.000000E+0	1.301880E+5
7.240000E-3	0.000000E+0	1.294660E+5
7.260000E-3	0.000000E+0	1.300520E+5
7.280000E-3	0.000000E+0	1.293570E+5
7.300000E-3	0.000000E+0	1.304530E+5
7.320000E-3	0.000000E+0	1.299830E+5
7.340000E-3	0.000000E+0	1.302550E+5
7.360000E-3	0.000000E+0	1.294860E+5
7.380000E-3	0.000000E+0	1.297440E+5
7.400000E-3	0.000000E+0	1.299070E+5
7.420000E-3	0.000000E+0	1.300950E+5
7.440000E-3	0.000000E+0	1.303490E+5
7.460000E-3	0.000000E+0	1.305050E+5
7.480000E-3	0.000000E+0	1.303300E+5
7.500000E-3	0.000000E+0	1.307570E+5
7.520000E-3	0.000000E+0	1.304000E+5
7.540000E-3	0.000000E+0	1.297750E+5
7.560000E-3	0.000000E+0	1.296890E+5
7.580000E-3	0.000000E+0	1.294220E+5
7.600000E-3	0.000000E+0	1.305180E+5
7.620000E-3	0.000000E+0	1.298650E+5
7.640000E-3	0.000000E+0	1.300070E+5
7.660000E-3	0.000000E+0	1.300900E+5
7.680000E-3	0.000000E+0	1.299990E+5
7.700000E-3	0.000000E+0	1.300470E+5
7.720000E-3	0.000000E+0	1.300780E+5
7.740000E-3	0.000000E+0	1.309750E+5
7.760000E-3	0.000000E+0	1.305710E+5
7.780000E-3	0.000000E+0	1.303360E+5
7.800000E-3	0.000000E+0	1.298770E+5
7.820000E-3	0.000000E+0	1.303940E+5
7.840000E-3	0.000000E+0	1.305250E+5
7.860000E-3	0.000000E+0	1.300200E+5
7.880000E-3	0.000000E+0	1.294310E+5
7.900000E-3	0.000000E+0	1.299880E+5
7.920000E-3	0.000000E+0	1.303650E+5
7.940000E-3	0.000000E+0	1.294360E+5
7.960000E-3	0.000000E+0	1.299250E+5
7.980000E-3	0.000000E+0	1.296400E+5
8.000000E-3	0.000000E+0	1.298040E+5
8.020000E-3	0.000000E+0	1.298450E+5
8.040000E-3	0.000000E+0	1.296010E+5
8.060000E-3	0.000000E+0	1.299140E+5
8.080000E-3	0.000000E+0	1.305120E+5
8.100000E-3	0.000000E+0	1.297740E+5
8.120000E-3	0.000000E+0	1.298950E+5
8.140000E-3	0.000000E+0	1.302090E+5
8.160000E-3	0.000000E+0	1.305630E+5
8.180000E-3	0.000000E+0	1.303510E+5
8.200000E-3	0.000000E+0	1.304270E+5
8.220000E-3	0.000000E+0	1.303850E+5
8.240000E-3	0.000000E+0	1.297590E+5
8.260000E-3	0.000000E+0	1.295200E+5
8.280000E-3	0.000000E+0	1.293180E+5
8.300000E-3	0.000000E+0	1.293410E+5
8.320000E-3	0.000000E+0	1.298770E+5
8.340000E-3	0.000000E+0	1.308900E+5
8.360000E-3	0.000000E+0	1.302370E+5
8.380000E-3	0.000000E+0	1.294850E+5
8.400000E-3	0.000000E+0	1.304150E+5
8.420000E-3	0.000000E+0	1.301420E+5
8.440000E-3	0.000000E+0	1.305570E+5
8.460000E-3	0.000000E+0	1.303370E+5
8.480000E-3	0.000000E+0	1.299840E+5
8.500000E-3	0.000000E+0	1.303080E+5
8.520000E-3	0.000000E+0	1.296470E+5
8.540000E-3	0.000000E+0	1.295280E+5
8.560000E-3	0.000000E+0	1.298860E+5
8.580000E-3	0.000000E+0	1.300310E+5
8.600000E-3	0.000000E+0	1.297200E+5
8.620000E-3	0.000000E+0	1.299020E+5
8.640000E-3	0.000000E+0	1.298520E+5
8.660000E-3	0.000000E+0	1.303860E+5
8.680000E-3	0.000000E+0	1.302540E+5
8.700000E-3	0.000000E+0	1.297350E+5
8.720000E-3	0.000000E+0	1.300560E+5
8.740000E-3	0.000000E+0	1.298240E+5
8.760000E-3	0.000000E+0	1.299850E+5
8.780000E-3	0.000000E+0	1.302420E+5
8.800000E-3	0.000000E+0	1.299290E+5
8.820000E-3	0.000000E+0	1.301750E+5
8.840000E-3	0.000000E+0	1.303610E+5
8.860000E-3	0.000000E+0	1.303370E+5
8.880000E-3	0.000000E+0	1.300130E+5
8.900000E-3	0.000000E+0	1.305000E+5
8.920000E-3	0.000000E+0	1.300070E+5
8.940000E-3	0.000000E+0	1.301080E+5
8.960000E-3	0.000000E+0	1.303800E+5
8.980000E-3	0.000000E+0	1.305490E+5
9.000000E-3	0.000000E+0	1.304780E+5
9.020000E-3	0.000000E+0	1.302930E+5
9.040000E-3	0.000000E+0	1.300830E+5
9.060000E-3	0.000000E+0	1.304390E+5
9.080000E-3	0.000000E+0	1.298860E+5
9.100000E-3	0.000000E+0	1.297090E+5
9.120000E-3	0.000000E+0	1.304820E+5
9.140000E-3	0.000000E+0	1.300050E+5
9.160000E-3	0.000000E+0	1.304510E+5
9.180000E-3	0.000000E+0	1.299530E+5
9.200000E-3	0.000000E+0	1.301950E+5
9.220000E-3	0.000000E+0	1.302540E+5
9.240000E-3	0.000000E+0	1.304920E+5
9.260000E-3	0.000000E+0	1.296360E+5
9.280000E-3	0.000000E+0	1.304460E+5
9.300000E-3	0.000000E+0	1.304590E+5
9.320000E-3	0.000000E+0	1.305640E+5
9.340000E-3	0.000000E+0	1.303240E+5
9.360000E-3	0.000000E+0	1.298830E+5
9.380000E-3	0.000000E+0	1.301240E+5
9.400000E-3	0.000000E+0	1.298410E+5
9.420000E-3	0.000000E+0	1.299810E+5
9.440000E-3	0.000000E+0	1.299710E+5
9.460000E-3	0.000000E+0	1.295160E+5
9.480000E-3	0.000000E+0	1.297030E+5
9.500000E-3	0.000000E+0	1.297720E+5
9.520000E-3	0.000000E+0	1.299660E+5
9.540000E-3	0.000000E+0	1.301390E+5
9.560000E-3	0.000000E+0	1.300390E+5
9.580000E-3	0.000000E+0	1.289350E+5
9.600000E-3	0.000000E+0	1.305660E+5
9.620000E-3	0.000000E+0	1.292750E+5
9.640000E-3	0.000000E+0	1.300360E+5
9.660000E-3	0.000000E+0	1.301020E+5
9.680000E-3	0.000000E+0	1.302740E+5
9.700000E-3	0.000000E+0	1.298530E+5
9.720000E-3	0.000000E+0	1.299150E+5
9.740000E-3	0.000000E+0	1.298120E+5
9.760000E-3	0.000000E+0	1.306270E+5
9.780000E-3	0.000000E+0	1.298860E+5
9.800000E-3	0.000000E+0	1.300010E+5
9.820000E-3	0.000000E+0	1.301180E+5
9.840000E-3	0.000000E+0	1.298940E+5
9.860000E-3	0.000000E+0	1.305060E+5
9.880000E-3	0.000000E+0	1.305490E+5
9.900000E-3	0.000000E+0	1.299390E+5
9.920000E-3	0.000000E+0	1.294800E+5
9.940000E-3	0.000000E+0	1.302570E+5
9.960000E-3	0.000000E+0	1.305160E+5
9.980000E-3	0.000000E+0	1.306880E+5
1.000000E-2	0.000000E+0	1.298990E+5
1.002000E-2	0.000000E+0	1.307150E+5
1.004000E-2	0.000000E+0	1.297060E+5
1.006000E-2	0.000000E+0	1.305760E+5
1.008000E-2	0.000000E+0	1.302790E+5
1.010000E-2	0.000000E+0	1.300920E+5
1.012000E-2	0.000000E+0	1.303670E+5
1.014000E-2	0.000000E+0	1.301450E+5
1.016000E-2	0.000000E+0	1.298350E+5
1.018000E-2	0.000000E+0	1.305380E+5
1.020000E-2	0.000000E+0	1.301940E+5
1.022000E-2	0.000000E+0	1.299430E+5
1.024000E-2	0.000000E+0	1.305940E+5
1.026000E-2	0.000000E+0	1.301240E+5
1.028000E-2	0.000000E+0	1.302190E+5
1.030000E-2	0.000000E+0	1.304960E+5
1.032000E-2	0.000000E+0	1.299420E+5
1.034000E-2	0.000000E+0	1.301050E+5
1.036000E-2	0.000000E+0	1.305700E+5
1.038000E-2	0.000000E+0	1.298610E+5
1.040000E-2	0.000000E+0	1.298350E+5
1.042000E-2	0.000000E+0	1.302940E+5
1.044000E-2	0.000000E+0	1.299090E+5
1.046000E-2	0.000000E+0	1.304000E+5
1.048000E-2	0.000000E+0	1.300020E+5
1.050000E-2	0.000000E+0	1.302930E+5
1.052000E-2	0.000000E+0	1.301540E+5
1.054000E-2	0.000000E+0	1.301870E+5
1.056000E-2	0.000000E+0	1.308470E+5
1.058000E-2	0.000000E+0	1.300070E+5
1.060000E-2	0.000000E+0	1.301190E+5
1.062000E-2	0.000000E+0	1.297420E+5
1.064000E-2	0.000000E+0	1.298690E+5
1.066000E-2	0.000000E+0	1.303010E+5
1.068000E-2	0.000000E+0	1.301050E+5
1.070000E-2	0.000000E+0	1.301200E+5
1.072000E-2	0.000000E+0	1.299160E+5
1.074000E-2	0.000000E+0	1.303180E+5
1.076000E-2	0.000000E+0	1.309790E+5
1.078000E-2	0.000000E+0	1.301460E+5
1.080000E-2	0.000000E+0	1.304140E+5
1.082000E-2	0.000000E+0	1.303370E+5
1.084000E-2	0.000000E+0	1.297990E+5
1.086000E-2	0.000000E+0	1.298120E+5
1.088000E-2	0.000000E+0	1.304500E+5
1.090000E-2	0.000000E+0	1.298260E+5
1.092000E-2	0.000000E+0	1.297420E+5
1.094000E-2	0.000000E+0	1.302340E+5
1.096000E-2	0.000000E+0	1.305280E+5
1.098000E-2	0.000000E+0	1.302000E+5
1.100000E-2	0.000000E+0	1.299150E+5
1.102000E-2	0.000000E+0	1.302120E+5
1.104000E-2	0.000000E+0	1.299330E+5
1.106000E-2	0.000000E+0	1.299160E+5
1.108000E-2	0.000000E+0	1.304650E+5
1.110000E-2	0.000000E+0	1.297200E+5
1.112000E-2	0.000000E+0	1.308910E+5
1.114000E-2	0.000000E+0	1.298290E+5
1.116000E-2	0.000000E+0	1.297450E+5
1.118000E-2	0.000000E+0	1.304220E+5
1.120000E-2	0.000000E+0	1.303210E+5
1.122000E-2	0.000000E+0	1.302190E+5
1.124000E-2	0.000000E+0	1.299930E+5
1.126000E-2	0.000000E+0	1.305250E+5
1.128000E-2	0.000000E+0	1.302270E+5
1.130000E-2	0.000000E+0	1.297450E+5
1.132000E-2	0.000000E+0	1.299580E+5
1.134000E-2	0.000000E+0	1.305340E+5
1.136000E-2	0.000000E+0	1.299880E+5
1.138000E-2	0.000000E+0	1.298880E+5
1.140000E-2	0.000000E+0	1.300140E+5
1.142000E-2	0.000000E+0	1.303910E+5
1.144000E-2	0.000000E+0	1.300960E+5
1.146000E-2	0.000000E+0	1.311330E+5
1.148000E-2	0.000000E+0	1.297140E+5
1.150000E-2	0.000000E+0	1.299130E+5
1.152000E-2	0.000000E+0	1.309990E+5
1.154000E-2	0.000000E+0	1.296270E+5
1.156000E-2	0.000000E+0	1.307150E+5
1.158000E-2	0.000000E+0	1.301150E+5
1.160000E-2	0.000000E+0	1.307190E+5
1.162000E-2	0.000000E+0	1.299080E+5
1.164000E-2	0.000000E+0	1.298490E+5
1.166000E-2	0.000000E+0	1.303430E+5
1.168000E-2	0.000000E+0	1.295770E+5
1.170000E-2	0.000000E+0	1.308550E+5
1.172000E-2	0.000000E+0	1.303790E+5
1.174000E-2	0.000000E+0	1.300450E+5
1.176000E-2	0.000000E+0	1.303080E+5
1.178000E-2	0.000000E+0	1.301050E+5
1.180000E-2	0.000000E+0	1.303050E+5
1.182000E-2	0.000000E+0	1.300000E+5
1.184000E-2	0.000000E+0	1.297270E+5
1.186000E-2	0.000000E+0	1.310330E+5
1.188000E-2	0.000000E+0	1.300940E+5
1.190000E-2	0.000000E+0	1.300960E+5
1.192000E-2	0.000000E+0	1.302930E+5
1.194000E-2	0.000000E+0	1.294730E+5
1.196000E-2	0.000000E+0	1.302890E+5
1.198000E-2	0.000000E+0	1.308130E+5
1.200000E-2	0.000000E+0	1.302730E+5
1.202000E-2	0.000000E+0	1.304160E+5
1.204000E-2	0.000000E+0	1.299190E+5
1.206000E-2	0.000000E+0	1.293540E+5
1.208000E-2	0.000000E+0	1.298700E+5
1.210000E-2	0.000000E+0	1.299490E+5
1.212000E-2	0.000000E+0	1.300340E+5
1.214000E-2	0.000000E+0	1.303210E+5
1.216000E-2	0.000000E+0	1.298990E+5
1.218000E-2	0.000000E+0	1.298250E+5
1.220000E-2	0.000000E+0	1.301210E+5
1.222000E-2	0.000000E+0	1.303360E+5
1.224000E-2	0.000000E+0	1.300940E+5
1.226000E-2	0.000000E+0	1.306040E+5
1.228000E-2	0.000000E+0	1.301580E+5
1.230000E-2	0.000000E+0	1.303150E+5
1.232000E-2	0.000000E+0	1.303960E+5
1.234000E-2	0.000000E+0	1.295720E+5
1.236000E-2	0.000000E+0	1.301650E+5
1.238000E-2	0.000000E+0	1.301270E+5
1.240000E-2	0.000000E+0	1.301870E+5
1.242000E-2	0.000000E+0	1.308850E+5
1.244000E-2	0.000000E+0	1.305930E+5
1.246000E-2	0.000000E+0	1.302850E+5
1.248000E-2	0.000000E+0	1.301570E+5
1.250000E-2	0.000000E+0	1.304660E+5
1.252000E-2	0.000000E+0	1.298680E+5
1.254000E-2	0.000000E+0	1.301570E+5
1.256000E-2	0.000000E+0	1.302980E+5
1.258000E-2	0.000000E+0	1.296470E+5
1.260000E-2	0.000000E+0	1.300340E+5
1.262000E-2	0.000000E+0	1.297670E+5
1.264000E-2	0.000000E+0	1.297580E+5
1.266000E-2	0.000000E+0	1.302850E+5
1.268000E-2	0.000000E+0	1.299670E+5
1.270000E-2	0.000000E+0	1.308640E+5
1.272000E-2	0.000000E+0	1.296520E+5
1.274000E-2	0.000000E+0	1.299070E+5
1.276000E-2	0.000000E+0	1.295330E+5
1.278000E-2	0.000000E+0	1.303300E+5
1.280000E-2	0.000000E+0	1.297650E+5
1.282000E-2	0.000000E+0	1.301140E+5
1.284000E-2	0.000000E+0	1.297370E+5
1.286000E-2	0.000000E+0	1.306020E+5
1.288000E-2	0.000000E+0	1.303350E+5
1.290000E-2	0.000000E+0	1.303670E+5
1.292000E-2	0.000000E+0	1.301930E+5
1.294000E-2	0.000000E+0	1.293530E+5
1.296000E-2	0.000000E+0	1.304910E+5
1.298000E-2	0.000000E+0	1.298200E+5
1.300000E-2	0.000000E+0	1.302080E+5
1.302000E-2	0.000000E+0	1.302070E+5
1.304000E-2	0.000000E+0	1.303260E+5
1.306000E-2	0.000000E+0	1.302860E+5
1.308000E-2	0.000000E+0	1.303280E+5
1.310000E-2	0.000000E+0	1.300420E+5
1.312000E-2	0.000000E+0	1.302650E+5
1.314000E-2	0.000000E+0	1.303340E+5
1.316000E-2	0.000000E+0	1.295360E+5
1.318000E-2	0.000000E+0	1.304940E+5
1.320000E-2	0.000000E+0	1.306230E+5
1.322000E-2	0.000000E+0	1.301110E+5
1.324000E-2	0.000000E+0	1.301980E+5
1.326000E-2	0.000000E+0	1.299820E+5
1.328000E-2	0.000000E+0	1.305150E+5
1.330000E-2	0.000000E+0	1.299780E+5
1.332000E-2	0.000000E+0	1.301020E+5
1.334000E-2	0.000000E+0	1.299960E+5
1.336000E-2	0.000000E+0	1.303170E+5
1.338000E-2	0.000000E+0	1.304210E+5
1.340000E-2	0.000000E+0	1.297510E+5
1.342000E-2	0.000000E+0	1.305890E+5
1.344000E-2	0.000000E+0	1.295070E+5
1.346000E-2	0.000000E+0	1.302440E+5
1.348000E-2	0.000000E+0	1.298730E+5
1.350000E-2	0.000000E+0	1.298670E+5
1.352000E-2	0.000000E+0	1.299710E+5
1.354000E-2	0.000000E+0	1.298560E+5
1.356000E-2	0.000000E+0	1.304650E+5
1.358000E-2	0.000000E+0	1.302540E+5
1.360000E-2	0.000000E+0	1.302430E+5
1.362000E-2	0.000000E+0	1.300490E+5
1.364000E-2	0.000000E+0	1.296880E+5
1.366000E-2	0.000000E+0	1.305360E+5
1.368000E-2	0.000000E+0	1.300610E+5
1.370000E-2	0.000000E+0	1.300270E+5
1.372000E-2	0.000000E+0	1.301710E+5
1.374000E-2	0.000000E+0	1.300770E+5
1.376000E-2	0.000000E+0	1.300990E+5
1.378000E-2	0.000000E+0	1.299430E+5
1.380000E-2	0.000000E+0	1.297320E+5
1.382000E-2	0.000000E+0	1.306050E+5
1.384000E-2	0.000000E+0	1.290250E+5
1.386000E-2	0.000000E+0	1.291680E+5
1.388000E-2	0.000000E+0	1.289100E+5
1.390000E-2	0.000000E+0	1.284660E+5
1.392000E-2	0.000000E+0	1.282700E+5
1.394000E-2	0.000000E+0	1.287160E+5
1.396000E-2	0.000000E+0	1.282060E+5
1.398000E-2	0.000000E+0	1.283340E+5
1.400000E-2	0.000000E+0	1.267980E+5
1.402000E-2	0.000000E+0	1.266480E+5
1.404000E-2	0.000000E+0	1.273700E+5
1.406000E-2	0.000000E+0	1.277480E+5
1.408000E-2	0.000000E+0	1.279470E+5
1.410000E-2	0.000000E+0	1.283710E+5
1.412000E-2	0.000000E+0	1.279360E+5
1.414000E-2	0.000000E+0	1.289120E+5
1.416000E-2	0.000000E+0	1.291440E+5
1.418000E-2	0.000000E+0	1.281980E+5
1.420000E-2	0.000000E+0	1.296160E+5
1.422000E-2	0.000000E+0	1.291930E+5
1.424000E-2	0.000000E+0	1.302420E+5
1.426000E-2	0.000000E+0	1.299970E+5
1.428000E-2	0.000000E+0	1.302580E+5
1.430000E-2	0.000000E+0	1.302380E+5
1.432000E-2	0.000000E+0	1.300930E+5
1.434000E-2	0.000000E+0	1.300730E+5
1.436000E-2	0.000000E+0	1.307130E+5
1.438000E-2	0.000000E+0	1.302460E+5
1.440000E-2	0.000000E+0	1.301320E+5
1.442000E-2	0.000000E+0	1.293780E+5
1.444000E-2	0.000000E+0	1.294000E+5
1.446000E-2	0.000000E+0	1.300330E+5
1.448000E-2	0.000000E+0	1.295280E+5
1.450000E-2	0.000000E+0	1.288590E+5
1.452000E-2	0.000000E+0	1.291900E+5
1.454000E-2	0.000000E+0	1.292640E+5
1.456000E-2	0.000000E+0	1.286860E+5
1.458000E-2	0.000000E+0	1.293690E+5
1.460000E-2	0.000000E+0	1.292050E+5
1.462000E-2	0.000000E+0	1.286840E+5
1.464000E-2	0.000000E+0	1.287250E+5
1.466000E-2	0.000000E+0	1.278320E+5
1.468000E-2	0.000000E+0	1.274010E+5
1.470000E-2	0.000000E+0	1.285080E+5
1.472000E-2	0.000000E+0	1.291920E+5
1.474000E-2	0.000000E+0	1.286520E+5
1.476000E-2	0.000000E+0	1.284850E+5
1.478000E-2	0.000000E+0	1.287970E+5
1.480000E-2	0.000000E+0	1.290890E+5
1.482000E-2	0.000000E+0	1.292620E+5
1.484000E-2	0.000000E+0	1.287020E+5
1.486000E-2	0.000000E+0	1.296090E+5
1.488000E-2	0.000000E+0	1.293560E+5
1.490000E-2	0.000000E+0	1.294350E+5
1.492000E-2	0.000000E+0	1.302440E+5
1.494000E-2	0.000000E+0	1.305560E+5
1.496000E-2	0.000000E+0	1.297320E+5
1.498000E-2	0.000000E+0	1.296330E+5
1.500000E-2	0.000000E+0	1.306610E+5
1.502000E-2	0.000000E+0	1.294780E+5
1.504000E-2	0.000000E+0	1.303800E+5
1.506000E-2	0.000000E+0	1.301630E+5
1.508000E-2	0.000000E+0	1.305810E+5
1.510000E-2	0.000000E+0	1.299870E+5
1.512000E-2	0.000000E+0	1.297730E+5
1.514000E-2	0.000000E+0	1.304600E+5
1.516000E-2	0.000000E+0	1.302630E+5
1.518000E-2	0.000000E+0	1.306060E+5
1.520000E-2	0.000000E+0	1.296710E+5
1.522000E-2	0.000000E+0	1.302410E+5
1.524000E-2	0.000000E+0	1.294470E+5
1.526000E-2	0.000000E+0	1.304890E+5
1.528000E-2	0.000000E+0	1.299900E+5
1.530000E-2	0.000000E+0	1.297980E+5
1.532000E-2	0.000000E+0	1.298800E+5
1.534000E-2	0.000000E+0	1.294300E+5
1.536000E-2	0.000000E+0	1.295330E+5
1.538000E-2	0.000000E+0	1.295310E+5
1.540000E-2	0.000000E+0	1.296910E+5
1.542000E-2	0.000000E+0	1.291940E+5
1.544000E-2	0.000000E+0	1.291070E+5
1.546000E-2	0.000000E+0	1.300090E+5
1.548000E-2	0.000000E+0	1.299120E+5
1.550000E-2	0.000000E+0	1.298490E+5
1.552000E-2	0.000000E+0	1.299300E+5
1.554000E-2	0.000000E+0	1.296210E+5
1.556000E-2	0.000000E+0	1.310240E+5
1.558000E-2	0.000000E+0	1.301310E+5
1.560000E-2	0.000000E+0	1.301440E+5
1.562000E-2	0.000000E+0	1.297460E+5
1.564000E-2	0.000000E+0	1.295910E+5
1.566000E-2	0.000000E+0	1.295710E+5
1.568000E-2	0.000000E+0	1.289520E+5
1.570000E-2	0.000000E+0	1.300110E+5
1.572000E-2	0.000000E+0	1.295940E+5
1.574000E-2	0.000000E+0	1.300430E+5
1.576000E-2	0.000000E+0	1.299950E+5
1.578000E-2	0.000000E+0	1.297860E+5
1.580000E-2	0.000000E+0	1.291990E+5
1.582000E-2	0.000000E+0	1.291470E+5
1.584000E-2	0.000000E+0	1.286120E+5
1.586000E-2	0.000000E+0	1.295240E+5
1.588000E-2	0.000000E+0	1.297140E+5
1.590000E-2	0.000000E+0	1.290790E+5
1.592000E-2	0.000000E+0	1.295760E+5
1.594000E-2	0.000000E+0	1.297460E+5
1.596000E-2	0.000000E+0	1.303590E+5
1.598000E-2	0.000000E+0	1.300340E+5
1.600000E-2	0.000000E+0	1.304770E+5
1.602000E-2	0.000000E+0	1.302950E+5
1.604000E-2	0.000000E+0	1.304480E+5
1.606000E-2	0.000000E+0	1.297760E+5
1.608000E-2	0.000000E+0	1.303590E+5
1.610000E-2	0.000000E+0	1.299750E+5
1.612000E-2	0.000000E+0	1.300550E+5
1.614000E-2	0.000000E+0	1.298020E+5
1.616000E-2	0.000000E+0	1.303590E+5
1.618000E-2	0.000000E+0	1.306360E+5
1.620000E-2	0.000000E+0	1.306330E+5
1.622000E-2	0.000000E+0	1.299460E+5
1.624000E-2	0.000000E+0	1.306910E+5
1.626000E-2	0.000000E+0	1.298090E+5
1.628000E-2	0.000000E+0	1.301560E+5
1.630000E-2	0.000000E+0	1.286720E+5
1.632000E-2	0.000000E+0	1.294270E+5
1.634000E-2	0.000000E+0	1.289970E+5
1.636000E-2	0.000000E+0	1.289510E+5
1.638000E-2	0.000000E+0	1.288360E+5
1.640000E-2	0.000000E+0	1.285180E+5
1.642000E-2	0.000000E+0	1.287830E+5
1.644000E-2	0.000000E+0	1.288050E+5
1.646000E-2	0.000000E+0	1.282170E+5
1.648000E-2	0.000000E+0	1.282020E+5
1.650000E-2	0.000000E+0	1.284740E+5
1.652000E-2	0.000000E+0	1.290340E+5
1.654000E-2	0.000000E+0	1.287380E+5
1.656000E-2	0.000000E+0	1.290330E+5
1.658000E-2	0.000000E+0	1.290100E+5
1.660000E-2	0.000000E+0	1.292000E+5
1.662000E-2	0.000000E+0	1.304520E+5
1.664000E-2	0.000000E+0	1.291420E+5
1.666000E-2	0.000000E+0	1.295920E+5
1.668000E-2	0.000000E+0	1.304350E+5
1.670000E-2	0.000000E+0	1.295940E+5
1.672000E-2	0.000000E+0	1.301160E+5
1.674000E-2	0.000000E+0	1.304650E+5
1.676000E-2	0.000000E+0	1.297330E+5
1.678000E-2	0.000000E+0	1.303590E+5
1.680000E-2	0.000000E+0	1.302040E+5
1.682000E-2	0.000000E+0	1.309340E+5
1.684000E-2	0.000000E+0	1.305660E+5
1.686000E-2	0.000000E+0	1.296370E+5
1.688000E-2	0.000000E+0	1.300110E+5
1.690000E-2	0.000000E+0	1.302680E+5
1.692000E-2	0.000000E+0	1.292310E+5
1.694000E-2	0.000000E+0	1.296390E+5
1.696000E-2	0.000000E+0	1.302380E+5
1.698000E-2	0.000000E+0	1.300260E+5
1.700000E-2	0.000000E+0	1.299760E+5
1.702000E-2	0.000000E+0	1.298350E+5
1.704000E-2	0.000000E+0	1.296020E+5
1.706000E-2	0.000000E+0	1.292180E+5
1.708000E-2	0.000000E+0	1.287260E+5
1.710000E-2	0.000000E+0	1.280570E+5
1.712000E-2	0.000000E+0	1.281800E+5
1.714000E-2	0.000000E+0	1.285730E+5
1.716000E-2	0.000000E+0	1.279100E+5
1.718000E-2	0.000000E+0	1.277150E+5
1.720000E-2	0.000000E+0	1.277060E+5
1.722000E-2	0.000000E+0	1.273760E+5
1.724000E-2	0.000000E+0	1.271640E+5
1.726000E-2	0.000000E+0	1.278330E+5
1.728000E-2	0.000000E+0	1.286260E+5
1.730000E-2	0.000000E+0	1.281750E+5
1.732000E-2	0.000000E+0	1.286960E+5
1.734000E-2	0.000000E+0	1.288120E+5
1.736000E-2	0.000000E+0	1.295060E+5
1.738000E-2	0.000000E+0	1.292920E+5
1.740000E-2	0.000000E+0	1.295750E+5
1.742000E-2	0.000000E+0	1.296950E+5
1.744000E-2	0.000000E+0	1.295460E+5
1.746000E-2	0.000000E+0	1.299440E+5
1.748000E-2	0.000000E+0	1.296440E+5
1.750000E-2	0.000000E+0	1.303130E+5
1.752000E-2	0.000000E+0	1.298660E+5
1.754000E-2	0.000000E+0	1.304650E+5
1.756000E-2	0.000000E+0	1.301980E+5
1.758000E-2	0.000000E+0	1.305700E+5
1.760000E-2	0.000000E+0	1.303220E+5
1.762000E-2	0.000000E+0	1.301160E+5
1.764000E-2	0.000000E+0	1.296480E+5
1.766000E-2	0.000000E+0	1.305200E+5
1.768000E-2	0.000000E+0	1.307190E+5
1.770000E-2	0.000000E+0	1.306700E+5
1.772000E-2	0.000000E+0	1.302800E+5
1.774000E-2	0.000000E+0	1.299390E+5
1.776000E-2	0.000000E+0	1.304870E+5
1.778000E-2	0.000000E+0	1.301870E+5
1.780000E-2	0.000000E+0	1.299990E+5
1.782000E-2	0.000000E+0	1.304420E+5
1.784000E-2	0.000000E+0	1.302020E+5
1.786000E-2	0.000000E+0	1.307720E+5
1.788000E-2	0.000000E+0	1.302230E+5
1.790000E-2	0.000000E+0	1.296340E+5
1.792000E-2	0.000000E+0	1.298070E+5
1.794000E-2	0.000000E+0	1.305440E+5
1.796000E-2	0.000000E+0	1.304080E+5
1.798000E-2	0.000000E+0	1.303600E+5
1.800000E-2	0.000000E+0	1.306290E+5
1.802000E-2	0.000000E+0	1.308120E+5
1.804000E-2	0.000000E+0	1.300470E+5
1.806000E-2	0.000000E+0	1.301210E+5
1.808000E-2	0.000000E+0	1.301320E+5
1.810000E-2	0.000000E+0	1.305570E+5
1.812000E-2	0.000000E+0	1.304540E+5
1.814000E-2	0.000000E+0	1.302920E+5
1.816000E-2	0.000000E+0	1.300620E+5
1.818000E-2	0.000000E+0	1.295670E+5
1.820000E-2	0.000000E+0	1.302410E+5
1.822000E-2	0.000000E+0	1.302790E+5
1.824000E-2	0.000000E+0	1.301210E+5
1.826000E-2	0.000000E+0	1.303790E+5
1.828000E-2	0.000000E+0	1.294040E+5
1.830000E-2	0.000000E+0	1.301820E+5
1.832000E-2	0.000000E+0	1.303640E+5
1.834000E-2	0.000000E+0	1.303360E+5
1.836000E-2	0.000000E+0	1.296080E+5
1.838000E-2	0.000000E+0	1.301520E+5
1.840000E-2	0.000000E+0	1.305250E+5
1.842000E-2	0.000000E+0	1.303460E+5
1.844000E-2	0.000000E+0	1.302290E+5
1.846000E-2	0.000000E+0	1.301890E+5
1.848000E-2	0.000000E+0	1.297830E+5
1.850000E-2	0.000000E+0	1.301990E+5
1.852000E-2	0.000000E+0	1.303510E+5
1.854000E-2	0.000000E+0	1.298930E+5
1.856000E-2	0.000000E+0	1.299970E+5
1.858000E-2	0.000000E+0	1.302830E+5
1.860000E-2	0.000000E+0	1.299420E+5
1.862000E-2	0.000000E+0	1.295440E+5
1.864000E-2	0.000000E+0	1.304010E+5
1.866000E-2	0.000000E+0	1.294760E+5
1.868000E-2	0.000000E+0	1.297520E+5
1.870000E-2	0.000000E+0	1.300620E+5
1.872000E-2	0.000000E+0	1.304850E+5
1.874000E-2	0.000000E+0	1.310390E+5
1.876000E-2	0.000000E+0	1.305480E+5
1.878000E-2	0.000000E+0	1.307900E+5
1.880000E-2	0.000000E+0	1.297530E+5
1.882000E-2	0.000000E+0	1.303740E+5
1.884000E-2	0.000000E+0	1.297360E+5
1.886000E-2	0.000000E+0	1.304600E+5
1.888000E-2	0.000000E+0	1.303590E+5
1.890000E-2	0.000000E+0	1.299750E+5
1.892000E-2	0.000000E+0	1.298600E+5
1.894000E-2	0.000000E+0	1.297500E+5
1.896000E-2	0.000000E+0	1.300660E+5
1.898000E-2	0.000000E+0	1.298340E+5
1.900000E-2	0.000000E+0	1.305560E+5
1.902000E-2	0.000000E+0	1.306480E+5
1.904000E-2	0.000000E+0	1.300970E+5
1.906000E-2	0.000000E+0	1.304430E+5
1.908000E-2	0.000000E+0	1.305670E+5
1.910000E-2	0.000000E+0	1.297660E+5
1.912000E-2	0.000000E+0	1.308050E+5
1.914000E-2	0.000000E+0	1.297920E+5
1.916000E-2	0.000000E+0	1.302320E+5
1.918000E-2	0.000000E+0	1.305110E+5
1.920000E-2	0.000000E+0	1.299520E+5
1.922000E-2	0.000000E+0	1.298820E+5
1.924000E-2	0.000000E+0	1.294220E+5
1.926000E-2	0.000000E+0	1.300310E+5
1.928000E-2	0.000000E+0	1.302240E+5
1.930000E-2	0.000000E+0	1.298300E+5
1.932000E-2	0.000000E+0	1.302520E+5
1.934000E-2	0.000000E+0	1.305190E+5
1.936000E-2	0.000000E+0	1.297920E+5
1.938000E-2	0.000000E+0	1.299890E+5
1.940000E-2	0.000000E+0	1.300290E+5
1.942000E-2	0.000000E+0	1.300570E+5
1.944000E-2	0.000000E+0	1.301010E+5
1.946000E-2	0.000000E+0	1.301690E+5
1.948000E-2	0.000000E+0	1.299920E+5
1.950000E-2	0.000000E+0	1.299940E+5
1.952000E-2	0.000000E+0	1.300340E+5
1.954000E-2	0.000000E+0	1.301350E+5
1.956000E-2	0.000000E+0	1.303510E+5
1.958000E-2	0.000000E+0	1.298570E+5
1.960000E-2	0.000000E+0	1.299860E+5
1.962000E-2	0.000000E+0	1.303190E+5
1.964000E-2	0.000000E+0	1.300470E+5
1.966000E-2	0.000000E+0	1.304840E+5
1.968000E-2	0.000000E+0	1.298810E+5
1.970000E-2	0.000000E+0	1.307110E+5
1.972000E-2	0.000000E+0	1.300660E+5
1.974000E-2	0.000000E+0	1.302870E+5
1.976000E-2	0.000000E+0	1.299370E+5
1.978000E-2	0.000000E+0	1.298930E+5
1.980000E-2	0.000000E+0	1.306180E+5
1.982000E-2	0.000000E+0	1.301370E+5
1.984000E-2	0.000000E+0	1.305410E+5
1.986000E-2	0.000000E+0	1.302220E+5
1.988000E-2	0.000000E+0	1.302170E+5
1.990000E-2	0.000000E+0	1.303340E+5
1.992000E-2	0.000000E+0	1.299350E+5
1.994000E-2	0.000000E+0	1.302290E+5
1.996000E-2	0.000000E+0	1.305650E+5
1.998000E-2	0.000000E+0	1.295610E+5
