

live time:  42740.820000
real time:  57606.806000
sweeps:  2137041.000000
0.000000E+0	0.000000E+0	0.000000E+0
2.000000E-5	0.000000E+0	1.048640E+5
4.000000E-5	0.000000E+0	1.040280E+5
6.000000E-5	0.000000E+0	1.038130E+5
8.000000E-5	0.000000E+0	1.043850E+5
1.000000E-4	0.000000E+0	1.046390E+5
1.200000E-4	0.000000E+0	1.043760E+5
1.400000E-4	0.000000E+0	1.040950E+5
1.600000E-4	0.000000E+0	1.045490E+5
1.800000E-4	0.000000E+0	1.048960E+5
2.000000E-4	0.000000E+0	1.045710E+5
2.200000E-4	0.000000E+0	1.042600E+5
2.400000E-4	0.000000E+0	1.047540E+5
2.600000E-4	0.000000E+0	1.050860E+5
2.800000E-4	0.000000E+0	1.050220E+5
3.000000E-4	0.000000E+0	1.046420E+5
3.200000E-4	0.000000E+0	1.046460E+5
3.400000E-4	0.000000E+0	1.038570E+5
3.600000E-4	0.000000E+0	1.040990E+5
3.800000E-4	0.000000E+0	1.044770E+5
4.000000E-4	0.000000E+0	1.046560E+5
4.200000E-4	0.000000E+0	1.047670E+5
4.400000E-4	0.000000E+0	1.046490E+5
4.600000E-4	0.000000E+0	1.046970E+5
4.800000E-4	0.000000E+0	1.042330E+5
5.000000E-4	0.000000E+0	1.045440E+5
5.200000E-4	0.000000E+0	1.041620E+5
5.400000E-4	0.000000E+0	1.046800E+5
5.600000E-4	0.000000E+0	1.042820E+5
5.800000E-4	0.000000E+0	1.045160E+5
6.000000E-4	0.000000E+0	1.044110E+5
6.200000E-4	0.000000E+0	1.040500E+5
6.400000E-4	0.000000E+0	1.049560E+5
6.600000E-4	0.000000E+0	1.045530E+5
6.800000E-4	0.000000E+0	1.043940E+5
7.000000E-4	0.000000E+0	1.046780E+5
7.200000E-4	0.000000E+0	1.049570E+5
7.400000E-4	0.000000E+0	1.041180E+5
7.600000E-4	0.000000E+0	1.045210E+5
7.800000E-4	0.000000E+0	1.040570E+5
8.000000E-4	0.000000E+0	1.049820E+5
8.200000E-4	0.000000E+0	1.041640E+5
8.400000E-4	0.000000E+0	1.049920E+5
8.600000E-4	0.000000E+0	1.040800E+5
8.800000E-4	0.000000E+0	1.044430E+5
9.000000E-4	0.000000E+0	1.042200E+5
9.200000E-4	0.000000E+0	1.039590E+5
9.400000E-4	0.000000E+0	1.040950E+5
9.600000E-4	0.000000E+0	1.042120E+5
9.800000E-4	0.000000E+0	1.047200E+5
1.000000E-3	0.000000E+0	1.045030E+5
1.020000E-3	0.000000E+0	1.047680E+5
1.040000E-3	0.000000E+0	1.050180E+5
1.060000E-3	0.000000E+0	1.049280E+5
1.080000E-3	0.000000E+0	1.044300E+5
1.100000E-3	0.000000E+0	1.045850E+5
1.120000E-3	0.000000E+0	1.045220E+5
1.140000E-3	0.000000E+0	1.044680E+5
1.160000E-3	0.000000E+0	1.041910E+5
1.180000E-3	0.000000E+0	1.042850E+5
1.200000E-3	0.000000E+0	1.040670E+5
1.220000E-3	0.000000E+0	1.043910E+5
1.240000E-3	0.000000E+0	1.040250E+5
1.260000E-3	0.000000E+0	1.047770E+5
1.280000E-3	0.000000E+0	1.042020E+5
1.300000E-3	0.000000E+0	1.046350E+5
1.320000E-3	0.000000E+0	1.037830E+5
1.340000E-3	0.000000E+0	1.045780E+5
1.360000E-3	0.000000E+0	1.041400E+5
1.380000E-3	0.000000E+0	1.048600E+5
1.400000E-3	0.000000E+0	1.041400E+5
1.420000E-3	0.000000E+0	1.040580E+5
1.440000E-3	0.000000E+0	1.043450E+5
1.460000E-3	0.000000E+0	1.043790E+5
1.480000E-3	0.000000E+0	1.042760E+5
1.500000E-3	0.000000E+0	1.042030E+5
1.520000E-3	0.000000E+0	1.048550E+5
1.540000E-3	0.000000E+0	1.046800E+5
1.560000E-3	0.000000E+0	1.041670E+5
1.580000E-3	0.000000E+0	1.045310E+5
1.600000E-3	0.000000E+0	1.041750E+5
1.620000E-3	0.000000E+0	1.045570E+5
1.640000E-3	0.000000E+0	1.046880E+5
1.660000E-3	0.000000E+0	1.043540E+5
1.680000E-3	0.000000E+0	1.044560E+5
1.700000E-3	0.000000E+0	1.040520E+5
1.720000E-3	0.000000E+0	1.041970E+5
1.740000E-3	0.000000E+0	1.040090E+5
1.760000E-3	0.000000E+0	1.037370E+5
1.780000E-3	0.000000E+0	1.042110E+5
1.800000E-3	0.000000E+0	1.049650E+5
1.820000E-3	0.000000E+0	1.044410E+5
1.840000E-3	0.000000E+0	1.043710E+5
1.860000E-3	0.000000E+0	1.042260E+5
1.880000E-3	0.000000E+0	1.044040E+5
1.900000E-3	0.000000E+0	1.044970E+5
1.920000E-3	0.000000E+0	1.040740E+5
1.940000E-3	0.000000E+0	1.046560E+5
1.960000E-3	0.000000E+0	1.041430E+5
1.980000E-3	0.000000E+0	1.049140E+5
2.000000E-3	0.000000E+0	1.044430E+5
2.020000E-3	0.000000E+0	1.045060E+5
2.040000E-3	0.000000E+0	1.043110E+5
2.060000E-3	0.000000E+0	1.049360E+5
2.080000E-3	0.000000E+0	1.042310E+5
2.100000E-3	0.000000E+0	1.041370E+5
2.120000E-3	0.000000E+0	1.045780E+5
2.140000E-3	0.000000E+0	1.042880E+5
2.160000E-3	0.000000E+0	1.040960E+5
2.180000E-3	0.000000E+0	1.041470E+5
2.200000E-3	0.000000E+0	1.044900E+5
2.220000E-3	0.000000E+0	1.041230E+5
2.240000E-3	0.000000E+0	1.042700E+5
2.260000E-3	0.000000E+0	1.047650E+5
2.280000E-3	0.000000E+0	1.048270E+5
2.300000E-3	0.000000E+0	1.042780E+5
2.320000E-3	0.000000E+0	1.042570E+5
2.340000E-3	0.000000E+0	1.049510E+5
2.360000E-3	0.000000E+0	1.044090E+5
2.380000E-3	0.000000E+0	1.042080E+5
2.400000E-3	0.000000E+0	1.043080E+5
2.420000E-3	0.000000E+0	1.040190E+5
2.440000E-3	0.000000E+0	1.042160E+5
2.460000E-3	0.000000E+0	1.046150E+5
2.480000E-3	0.000000E+0	1.041860E+5
2.500000E-3	0.000000E+0	1.039290E+5
2.520000E-3	0.000000E+0	1.044730E+5
2.540000E-3	0.000000E+0	1.039140E+5
2.560000E-3	0.000000E+0	1.042560E+5
2.580000E-3	0.000000E+0	1.043860E+5
2.600000E-3	0.000000E+0	1.048300E+5
2.620000E-3	0.000000E+0	1.039930E+5
2.640000E-3	0.000000E+0	1.042040E+5
2.660000E-3	0.000000E+0	1.042840E+5
2.680000E-3	0.000000E+0	1.040990E+5
2.700000E-3	0.000000E+0	1.043570E+5
2.720000E-3	0.000000E+0	1.042380E+5
2.740000E-3	0.000000E+0	1.045330E+5
2.760000E-3	0.000000E+0	1.047550E+5
2.780000E-3	0.000000E+0	1.045300E+5
2.800000E-3	0.000000E+0	1.043720E+5
2.820000E-3	0.000000E+0	1.041070E+5
2.840000E-3	0.000000E+0	1.041180E+5
2.860000E-3	0.000000E+0	1.039650E+5
2.880000E-3	0.000000E+0	1.043700E+5
2.900000E-3	0.000000E+0	1.043720E+5
2.920000E-3	0.000000E+0	1.045290E+5
2.940000E-3	0.000000E+0	1.045640E+5
2.960000E-3	0.000000E+0	1.043660E+5
2.980000E-3	0.000000E+0	1.045400E+5
3.000000E-3	0.000000E+0	1.048930E+5
3.020000E-3	0.000000E+0	1.044260E+5
3.040000E-3	0.000000E+0	1.038600E+5
3.060000E-3	0.000000E+0	1.044450E+5
3.080000E-3	0.000000E+0	1.042930E+5
3.100000E-3	0.000000E+0	1.043040E+5
3.120000E-3	0.000000E+0	1.044210E+5
3.140000E-3	0.000000E+0	1.043530E+5
3.160000E-3	0.000000E+0	1.043290E+5
3.180000E-3	0.000000E+0	1.041390E+5
3.200000E-3	0.000000E+0	1.038080E+5
3.220000E-3	0.000000E+0	1.034640E+5
3.240000E-3	0.000000E+0	1.044580E+5
3.260000E-3	0.000000E+0	1.043380E+5
3.280000E-3	0.000000E+0	1.042170E+5
3.300000E-3	0.000000E+0	1.042700E+5
3.320000E-3	0.000000E+0	1.039310E+5
3.340000E-3	0.000000E+0	1.039460E+5
3.360000E-3	0.000000E+0	1.043350E+5
3.380000E-3	0.000000E+0	1.040830E+5
3.400000E-3	0.000000E+0	1.037990E+5
3.420000E-3	0.000000E+0	1.038470E+5
3.440000E-3	0.000000E+0	1.031950E+5
3.460000E-3	0.000000E+0	1.027030E+5
3.480000E-3	0.000000E+0	1.028470E+5
3.500000E-3	0.000000E+0	1.031530E+5
3.520000E-3	0.000000E+0	1.027000E+5
3.540000E-3	0.000000E+0	1.028010E+5
3.560000E-3	0.000000E+0	1.022660E+5
3.580000E-3	0.000000E+0	1.023690E+5
3.600000E-3	0.000000E+0	1.014300E+5
3.620000E-3	0.000000E+0	1.016400E+5
3.640000E-3	0.000000E+0	1.017760E+5
3.660000E-3	0.000000E+0	1.027050E+5
3.680000E-3	0.000000E+0	1.035320E+5
3.700000E-3	0.000000E+0	1.030320E+5
3.720000E-3	0.000000E+0	1.026180E+5
3.740000E-3	0.000000E+0	1.037040E+5
3.760000E-3	0.000000E+0	1.034850E+5
3.780000E-3	0.000000E+0	1.030110E+5
3.800000E-3	0.000000E+0	1.038120E+5
3.820000E-3	0.000000E+0	1.043490E+5
3.840000E-3	0.000000E+0	1.042750E+5
3.860000E-3	0.000000E+0	1.043340E+5
3.880000E-3	0.000000E+0	1.045100E+5
3.900000E-3	0.000000E+0	1.049780E+5
3.920000E-3	0.000000E+0	1.048960E+5
3.940000E-3	0.000000E+0	1.045470E+5
3.960000E-3	0.000000E+0	1.043880E+5
3.980000E-3	0.000000E+0	1.047840E+5
4.000000E-3	0.000000E+0	1.038010E+5
4.020000E-3	0.000000E+0	1.041700E+5
4.040000E-3	0.000000E+0	1.051140E+5
4.060000E-3	0.000000E+0	1.039980E+5
4.080000E-3	0.000000E+0	1.040510E+5
4.100000E-3	0.000000E+0	1.039190E+5
4.120000E-3	0.000000E+0	1.047150E+5
4.140000E-3	0.000000E+0	1.036030E+5
4.160000E-3	0.000000E+0	1.039520E+5
4.180000E-3	0.000000E+0	1.038600E+5
4.200000E-3	0.000000E+0	1.034690E+5
4.220000E-3	0.000000E+0	1.038720E+5
4.240000E-3	0.000000E+0	1.036010E+5
4.260000E-3	0.000000E+0	1.037630E+5
4.280000E-3	0.000000E+0	1.033670E+5
4.300000E-3	0.000000E+0	1.030360E+5
4.320000E-3	0.000000E+0	1.020680E+5
4.340000E-3	0.000000E+0	1.031800E+5
4.360000E-3	0.000000E+0	1.028130E+5
4.380000E-3	0.000000E+0	1.026930E+5
4.400000E-3	0.000000E+0	1.035530E+5
4.420000E-3	0.000000E+0	1.034480E+5
4.440000E-3	0.000000E+0	1.035230E+5
4.460000E-3	0.000000E+0	1.035660E+5
4.480000E-3	0.000000E+0	1.034940E+5
4.500000E-3	0.000000E+0	1.035700E+5
4.520000E-3	0.000000E+0	1.036040E+5
4.540000E-3	0.000000E+0	1.042560E+5
4.560000E-3	0.000000E+0	1.046750E+5
4.580000E-3	0.000000E+0	1.036950E+5
4.600000E-3	0.000000E+0	1.038940E+5
4.620000E-3	0.000000E+0	1.040250E+5
4.640000E-3	0.000000E+0	1.044880E+5
4.660000E-3	0.000000E+0	1.043220E+5
4.680000E-3	0.000000E+0	1.044140E+5
4.700000E-3	0.000000E+0	1.044380E+5
4.720000E-3	0.000000E+0	1.044370E+5
4.740000E-3	0.000000E+0	1.040010E+5
4.760000E-3	0.000000E+0	1.042630E+5
4.780000E-3	0.000000E+0	1.041670E+5
4.800000E-3	0.000000E+0	1.038530E+5
4.820000E-3	0.000000E+0	1.039340E+5
4.840000E-3	0.000000E+0	1.040790E+5
4.860000E-3	0.000000E+0	1.034250E+5
4.880000E-3	0.000000E+0	1.036040E+5
4.900000E-3	0.000000E+0	1.037490E+5
4.920000E-3	0.000000E+0	1.039080E+5
4.940000E-3	0.000000E+0	1.034310E+5
4.960000E-3	0.000000E+0	1.038190E+5
4.980000E-3	0.000000E+0	1.036280E+5
5.000000E-3	0.000000E+0	1.032780E+5
5.020000E-3	0.000000E+0	1.034440E+5
5.040000E-3	0.000000E+0	1.035290E+5
5.060000E-3	0.000000E+0	1.037020E+5
5.080000E-3	0.000000E+0	1.036430E+5
5.100000E-3	0.000000E+0	1.038500E+5
5.120000E-3	0.000000E+0	1.040130E+5
5.140000E-3	0.000000E+0	1.045210E+5
5.160000E-3	0.000000E+0	1.036370E+5
5.180000E-3	0.000000E+0	1.043860E+5
5.200000E-3	0.000000E+0	1.045730E+5
5.220000E-3	0.000000E+0	1.042030E+5
5.240000E-3	0.000000E+0	1.036990E+5
5.260000E-3	0.000000E+0	1.050330E+5
5.280000E-3	0.000000E+0	1.043750E+5
5.300000E-3	0.000000E+0	1.039980E+5
5.320000E-3	0.000000E+0	1.042740E+5
5.340000E-3	0.000000E+0	1.039440E+5
5.360000E-3	0.000000E+0	1.044270E+5
5.380000E-3	0.000000E+0	1.035630E+5
5.400000E-3	0.000000E+0	1.039750E+5
5.420000E-3	0.000000E+0	1.038660E+5
5.440000E-3	0.000000E+0	1.038000E+5
5.460000E-3	0.000000E+0	1.033070E+5
5.480000E-3	0.000000E+0	1.034480E+5
5.500000E-3	0.000000E+0	1.037900E+5
5.520000E-3	0.000000E+0	1.037830E+5
5.540000E-3	0.000000E+0	1.037480E+5
5.560000E-3	0.000000E+0	1.039740E+5
5.580000E-3	0.000000E+0	1.040040E+5
5.600000E-3	0.000000E+0	1.034990E+5
5.620000E-3	0.000000E+0	1.039850E+5
5.640000E-3	0.000000E+0	1.043000E+5
5.660000E-3	0.000000E+0	1.042400E+5
5.680000E-3	0.000000E+0	1.041980E+5
5.700000E-3	0.000000E+0	1.037670E+5
5.720000E-3	0.000000E+0	1.045250E+5
5.740000E-3	0.000000E+0	1.042870E+5
5.760000E-3	0.000000E+0	1.042040E+5
5.780000E-3	0.000000E+0	1.036840E+5
5.800000E-3	0.000000E+0	1.045940E+5
5.820000E-3	0.000000E+0	1.036740E+5
5.840000E-3	0.000000E+0	1.047330E+5
5.860000E-3	0.000000E+0	1.040400E+5
5.880000E-3	0.000000E+0	1.039660E+5
5.900000E-3	0.000000E+0	1.048870E+5
5.920000E-3	0.000000E+0	1.044840E+5
5.940000E-3	0.000000E+0	1.038420E+5
5.960000E-3	0.000000E+0	1.035110E+5
5.980000E-3	0.000000E+0	1.037140E+5
6.000000E-3	0.000000E+0	1.034410E+5
6.020000E-3	0.000000E+0	1.033100E+5
6.040000E-3	0.000000E+0	1.031210E+5
6.060000E-3	0.000000E+0	1.031360E+5
6.080000E-3	0.000000E+0	1.030420E+5
6.100000E-3	0.000000E+0	1.030270E+5
6.120000E-3	0.000000E+0	1.026030E+5
6.140000E-3	0.000000E+0	1.025360E+5
6.160000E-3	0.000000E+0	1.023140E+5
6.180000E-3	0.000000E+0	1.024950E+5
6.200000E-3	0.000000E+0	1.033560E+5
6.220000E-3	0.000000E+0	1.034650E+5
6.240000E-3	0.000000E+0	1.030380E+5
6.260000E-3	0.000000E+0	1.039380E+5
6.280000E-3	0.000000E+0	1.039450E+5
6.300000E-3	0.000000E+0	1.037630E+5
6.320000E-3	0.000000E+0	1.041980E+5
6.340000E-3	0.000000E+0	1.045580E+5
6.360000E-3	0.000000E+0	1.041150E+5
6.380000E-3	0.000000E+0	1.039730E+5
6.400000E-3	0.000000E+0	1.042190E+5
6.420000E-3	0.000000E+0	1.043930E+5
6.440000E-3	0.000000E+0	1.041220E+5
6.460000E-3	0.000000E+0	1.038400E+5
6.480000E-3	0.000000E+0	1.045100E+5
6.500000E-3	0.000000E+0	1.043840E+5
6.520000E-3	0.000000E+0	1.044120E+5
6.540000E-3	0.000000E+0	1.040430E+5
6.560000E-3	0.000000E+0	1.042990E+5
6.580000E-3	0.000000E+0	1.038450E+5
6.600000E-3	0.000000E+0	1.038260E+5
6.620000E-3	0.000000E+0	1.037170E+5
6.640000E-3	0.000000E+0	1.031140E+5
6.660000E-3	0.000000E+0	1.026810E+5
6.680000E-3	0.000000E+0	1.034510E+5
6.700000E-3	0.000000E+0	1.030770E+5
6.720000E-3	0.000000E+0	1.030660E+5
6.740000E-3	0.000000E+0	1.028390E+5
6.760000E-3	0.000000E+0	1.024170E+5
6.780000E-3	0.000000E+0	1.017160E+5
6.800000E-3	0.000000E+0	1.016220E+5
6.820000E-3	0.000000E+0	1.012950E+5
6.840000E-3	0.000000E+0	1.023150E+5
6.860000E-3	0.000000E+0	1.033760E+5
6.880000E-3	0.000000E+0	1.019460E+5
6.900000E-3	0.000000E+0	1.025360E+5
6.920000E-3	0.000000E+0	1.032550E+5
6.940000E-3	0.000000E+0	1.035020E+5
6.960000E-3	0.000000E+0	1.041090E+5
6.980000E-3	0.000000E+0	1.034480E+5
7.000000E-3	0.000000E+0	1.034960E+5
7.020000E-3	0.000000E+0	1.041880E+5
7.040000E-3	0.000000E+0	1.039820E+5
7.060000E-3	0.000000E+0	1.048480E+5
7.080000E-3	0.000000E+0	1.043350E+5
7.100000E-3	0.000000E+0	1.048250E+5
7.120000E-3	0.000000E+0	1.038980E+5
7.140000E-3	0.000000E+0	1.039070E+5
7.160000E-3	0.000000E+0	1.041640E+5
7.180000E-3	0.000000E+0	1.037560E+5
7.200000E-3	0.000000E+0	1.042870E+5
7.220000E-3	0.000000E+0	1.044700E+5
7.240000E-3	0.000000E+0	1.039610E+5
7.260000E-3	0.000000E+0	1.042220E+5
7.280000E-3	0.000000E+0	1.038180E+5
7.300000E-3	0.000000E+0	1.047880E+5
7.320000E-3	0.000000E+0	1.045730E+5
7.340000E-3	0.000000E+0	1.044350E+5
7.360000E-3	0.000000E+0	1.038840E+5
7.380000E-3	0.000000E+0	1.041930E+5
7.400000E-3	0.000000E+0	1.041970E+5
7.420000E-3	0.000000E+0	1.040650E+5
7.440000E-3	0.000000E+0	1.043270E+5
7.460000E-3	0.000000E+0	1.046530E+5
7.480000E-3	0.000000E+0	1.045690E+5
7.500000E-3	0.000000E+0	1.049010E+5
7.520000E-3	0.000000E+0	1.046870E+5
7.540000E-3	0.000000E+0	1.043220E+5
7.560000E-3	0.000000E+0	1.041050E+5
7.580000E-3	0.000000E+0	1.039230E+5
7.600000E-3	0.000000E+0	1.048400E+5
7.620000E-3	0.000000E+0	1.044560E+5
7.640000E-3	0.000000E+0	1.041230E+5
7.660000E-3	0.000000E+0	1.045290E+5
7.680000E-3	0.000000E+0	1.044400E+5
7.700000E-3	0.000000E+0	1.044370E+5
7.720000E-3	0.000000E+0	1.044320E+5
7.740000E-3	0.000000E+0	1.053310E+5
7.760000E-3	0.000000E+0	1.047480E+5
7.780000E-3	0.000000E+0	1.046250E+5
7.800000E-3	0.000000E+0	1.043530E+5
7.820000E-3	0.000000E+0	1.045820E+5
7.840000E-3	0.000000E+0	1.045450E+5
7.860000E-3	0.000000E+0	1.043520E+5
7.880000E-3	0.000000E+0	1.040570E+5
7.900000E-3	0.000000E+0	1.043730E+5
7.920000E-3	0.000000E+0	1.046680E+5
7.940000E-3	0.000000E+0	1.040320E+5
7.960000E-3	0.000000E+0	1.041880E+5
7.980000E-3	0.000000E+0	1.040830E+5
8.000000E-3	0.000000E+0	1.039550E+5
8.020000E-3	0.000000E+0	1.042780E+5
8.040000E-3	0.000000E+0	1.039580E+5
8.060000E-3	0.000000E+0	1.043200E+5
8.080000E-3	0.000000E+0	1.048860E+5
8.100000E-3	0.000000E+0	1.042890E+5
8.120000E-3	0.000000E+0	1.041920E+5
8.140000E-3	0.000000E+0	1.047040E+5
8.160000E-3	0.000000E+0	1.048220E+5
8.180000E-3	0.000000E+0	1.047720E+5
8.200000E-3	0.000000E+0	1.047640E+5
8.220000E-3	0.000000E+0	1.047050E+5
8.240000E-3	0.000000E+0	1.040920E+5
8.260000E-3	0.000000E+0	1.038740E+5
8.280000E-3	0.000000E+0	1.035920E+5
8.300000E-3	0.000000E+0	1.039350E+5
8.320000E-3	0.000000E+0	1.042140E+5
8.340000E-3	0.000000E+0	1.050410E+5
8.360000E-3	0.000000E+0	1.045710E+5
8.380000E-3	0.000000E+0	1.039350E+5
8.400000E-3	0.000000E+0	1.047120E+5
8.420000E-3	0.000000E+0	1.044360E+5
8.440000E-3	0.000000E+0	1.046400E+5
8.460000E-3	0.000000E+0	1.045720E+5
8.480000E-3	0.000000E+0	1.042900E+5
8.500000E-3	0.000000E+0	1.045650E+5
8.520000E-3	0.000000E+0	1.039400E+5
8.540000E-3	0.000000E+0	1.038530E+5
8.560000E-3	0.000000E+0	1.042830E+5
8.580000E-3	0.000000E+0	1.042730E+5
8.600000E-3	0.000000E+0	1.042150E+5
8.620000E-3	0.000000E+0	1.045310E+5
8.640000E-3	0.000000E+0	1.044280E+5
8.660000E-3	0.000000E+0	1.047530E+5
8.680000E-3	0.000000E+0	1.045760E+5
8.700000E-3	0.000000E+0	1.039300E+5
8.720000E-3	0.000000E+0	1.042550E+5
8.740000E-3	0.000000E+0	1.040710E+5
8.760000E-3	0.000000E+0	1.044080E+5
8.780000E-3	0.000000E+0	1.045340E+5
8.800000E-3	0.000000E+0	1.043630E+5
8.820000E-3	0.000000E+0	1.046260E+5
8.840000E-3	0.000000E+0	1.048860E+5
8.860000E-3	0.000000E+0	1.046990E+5
8.880000E-3	0.000000E+0	1.046680E+5
8.900000E-3	0.000000E+0	1.046930E+5
8.920000E-3	0.000000E+0	1.043650E+5
8.940000E-3	0.000000E+0	1.044800E+5
8.960000E-3	0.000000E+0	1.047130E+5
8.980000E-3	0.000000E+0	1.046540E+5
9.000000E-3	0.000000E+0	1.046220E+5
9.020000E-3	0.000000E+0	1.046640E+5
9.040000E-3	0.000000E+0	1.042740E+5
9.060000E-3	0.000000E+0	1.046750E+5
9.080000E-3	0.000000E+0	1.043030E+5
9.100000E-3	0.000000E+0	1.039700E+5
9.120000E-3	0.000000E+0	1.045970E+5
9.140000E-3	0.000000E+0	1.039900E+5
9.160000E-3	0.000000E+0	1.048860E+5
9.180000E-3	0.000000E+0	1.042840E+5
9.200000E-3	0.000000E+0	1.044250E+5
9.220000E-3	0.000000E+0	1.044470E+5
9.240000E-3	0.000000E+0	1.047470E+5
9.260000E-3	0.000000E+0	1.041550E+5
9.280000E-3	0.000000E+0	1.047000E+5
9.300000E-3	0.000000E+0	1.046810E+5
9.320000E-3	0.000000E+0	1.049170E+5
9.340000E-3	0.000000E+0	1.046330E+5
9.360000E-3	0.000000E+0	1.040110E+5
9.380000E-3	0.000000E+0	1.043750E+5
9.400000E-3	0.000000E+0	1.044850E+5
9.420000E-3	0.000000E+0	1.046540E+5
9.440000E-3	0.000000E+0	1.042280E+5
9.460000E-3	0.000000E+0	1.038290E+5
9.480000E-3	0.000000E+0	1.040090E+5
9.500000E-3	0.000000E+0	1.041030E+5
9.520000E-3	0.000000E+0	1.041270E+5
9.540000E-3	0.000000E+0	1.043320E+5
9.560000E-3	0.000000E+0	1.043810E+5
9.580000E-3	0.000000E+0	1.033950E+5
9.600000E-3	0.000000E+0	1.050170E+5
9.620000E-3	0.000000E+0	1.039640E+5
9.640000E-3	0.000000E+0	1.043580E+5
9.660000E-3	0.000000E+0	1.046530E+5
9.680000E-3	0.000000E+0	1.045380E+5
9.700000E-3	0.000000E+0	1.043660E+5
9.720000E-3	0.000000E+0	1.042730E+5
9.740000E-3	0.000000E+0	1.042060E+5
9.760000E-3	0.000000E+0	1.046930E+5
9.780000E-3	0.000000E+0	1.040360E+5
9.800000E-3	0.000000E+0	1.043030E+5
9.820000E-3	0.000000E+0	1.044410E+5
9.840000E-3	0.000000E+0	1.041230E+5
9.860000E-3	0.000000E+0	1.045870E+5
9.880000E-3	0.000000E+0	1.044740E+5
9.900000E-3	0.000000E+0	1.043570E+5
9.920000E-3	0.000000E+0	1.037220E+5
9.940000E-3	0.000000E+0	1.046310E+5
9.960000E-3	0.000000E+0	1.049940E+5
9.980000E-3	0.000000E+0	1.048890E+5
1.000000E-2	0.000000E+0	1.042130E+5
1.002000E-2	0.000000E+0	1.050770E+5
1.004000E-2	0.000000E+0	1.039980E+5
1.006000E-2	0.000000E+0	1.049400E+5
1.008000E-2	0.000000E+0	1.046430E+5
1.010000E-2	0.000000E+0	1.042640E+5
1.012000E-2	0.000000E+0	1.046390E+5
1.014000E-2	0.000000E+0	1.044520E+5
1.016000E-2	0.000000E+0	1.044090E+5
1.018000E-2	0.000000E+0	1.047120E+5
1.020000E-2	0.000000E+0	1.047330E+5
1.022000E-2	0.000000E+0	1.043330E+5
1.024000E-2	0.000000E+0	1.051290E+5
1.026000E-2	0.000000E+0	1.045420E+5
1.028000E-2	0.000000E+0	1.047190E+5
1.030000E-2	0.000000E+0	1.047900E+5
1.032000E-2	0.000000E+0	1.042930E+5
1.034000E-2	0.000000E+0	1.044050E+5
1.036000E-2	0.000000E+0	1.046870E+5
1.038000E-2	0.000000E+0	1.042460E+5
1.040000E-2	0.000000E+0	1.044610E+5
1.042000E-2	0.000000E+0	1.045160E+5
1.044000E-2	0.000000E+0	1.042380E+5
1.046000E-2	0.000000E+0	1.049130E+5
1.048000E-2	0.000000E+0	1.043890E+5
1.050000E-2	0.000000E+0	1.047080E+5
1.052000E-2	0.000000E+0	1.043160E+5
1.054000E-2	0.000000E+0	1.045010E+5
1.056000E-2	0.000000E+0	1.050110E+5
1.058000E-2	0.000000E+0	1.042140E+5
1.060000E-2	0.000000E+0	1.045070E+5
1.062000E-2	0.000000E+0	1.043780E+5
1.064000E-2	0.000000E+0	1.039700E+5
1.066000E-2	0.000000E+0	1.047600E+5
1.068000E-2	0.000000E+0	1.045660E+5
1.070000E-2	0.000000E+0	1.044700E+5
1.072000E-2	0.000000E+0	1.042620E+5
1.074000E-2	0.000000E+0	1.047690E+5
1.076000E-2	0.000000E+0	1.049340E+5
1.078000E-2	0.000000E+0	1.043810E+5
1.080000E-2	0.000000E+0	1.045360E+5
1.082000E-2	0.000000E+0	1.046010E+5
1.084000E-2	0.000000E+0	1.040450E+5
1.086000E-2	0.000000E+0	1.044050E+5
1.088000E-2	0.000000E+0	1.048760E+5
1.090000E-2	0.000000E+0	1.044980E+5
1.092000E-2	0.000000E+0	1.041550E+5
1.094000E-2	0.000000E+0	1.045050E+5
1.096000E-2	0.000000E+0	1.049490E+5
1.098000E-2	0.000000E+0	1.042880E+5
1.100000E-2	0.000000E+0	1.041000E+5
1.102000E-2	0.000000E+0	1.045340E+5
1.104000E-2	0.000000E+0	1.043210E+5
1.106000E-2	0.000000E+0	1.042710E+5
1.108000E-2	0.000000E+0	1.048280E+5
1.110000E-2	0.000000E+0	1.042170E+5
1.112000E-2	0.000000E+0	1.052300E+5
1.114000E-2	0.000000E+0	1.041620E+5
1.116000E-2	0.000000E+0	1.041430E+5
1.118000E-2	0.000000E+0	1.046330E+5
1.120000E-2	0.000000E+0	1.044950E+5
1.122000E-2	0.000000E+0	1.043920E+5
1.124000E-2	0.000000E+0	1.041370E+5
1.126000E-2	0.000000E+0	1.047780E+5
1.128000E-2	0.000000E+0	1.046430E+5
1.130000E-2	0.000000E+0	1.041760E+5
1.132000E-2	0.000000E+0	1.042550E+5
1.134000E-2	0.000000E+0	1.049590E+5
1.136000E-2	0.000000E+0	1.043120E+5
1.138000E-2	0.000000E+0	1.044290E+5
1.140000E-2	0.000000E+0	1.041580E+5
1.142000E-2	0.000000E+0	1.046350E+5
1.144000E-2	0.000000E+0	1.043100E+5
1.146000E-2	0.000000E+0	1.052010E+5
1.148000E-2	0.000000E+0	1.042360E+5
1.150000E-2	0.000000E+0	1.041570E+5
1.152000E-2	0.000000E+0	1.052810E+5
1.154000E-2	0.000000E+0	1.042770E+5
1.156000E-2	0.000000E+0	1.049660E+5
1.158000E-2	0.000000E+0	1.045900E+5
1.160000E-2	0.000000E+0	1.049100E+5
1.162000E-2	0.000000E+0	1.040140E+5
1.164000E-2	0.000000E+0	1.044770E+5
1.166000E-2	0.000000E+0	1.045110E+5
1.168000E-2	0.000000E+0	1.039540E+5
1.170000E-2	0.000000E+0	1.052850E+5
1.172000E-2	0.000000E+0	1.048470E+5
1.174000E-2	0.000000E+0	1.042820E+5
1.176000E-2	0.000000E+0	1.049530E+5
1.178000E-2	0.000000E+0	1.045280E+5
1.180000E-2	0.000000E+0	1.044380E+5
1.182000E-2	0.000000E+0	1.043130E+5
1.184000E-2	0.000000E+0	1.043380E+5
1.186000E-2	0.000000E+0	1.053330E+5
1.188000E-2	0.000000E+0	1.043840E+5
1.190000E-2	0.000000E+0	1.044090E+5
1.192000E-2	0.000000E+0	1.045120E+5
1.194000E-2	0.000000E+0	1.038650E+5
1.196000E-2	0.000000E+0	1.043530E+5
1.198000E-2	0.000000E+0	1.048240E+5
1.200000E-2	0.000000E+0	1.046550E+5
1.202000E-2	0.000000E+0	1.047820E+5
1.204000E-2	0.000000E+0	1.042770E+5
1.206000E-2	0.000000E+0	1.037170E+5
1.208000E-2	0.000000E+0	1.043390E+5
1.210000E-2	0.000000E+0	1.042080E+5
1.212000E-2	0.000000E+0	1.041870E+5
1.214000E-2	0.000000E+0	1.048050E+5
1.216000E-2	0.000000E+0	1.043490E+5
1.218000E-2	0.000000E+0	1.042730E+5
1.220000E-2	0.000000E+0	1.046160E+5
1.222000E-2	0.000000E+0	1.045720E+5
1.224000E-2	0.000000E+0	1.041830E+5
1.226000E-2	0.000000E+0	1.047970E+5
1.228000E-2	0.000000E+0	1.045910E+5
1.230000E-2	0.000000E+0	1.047410E+5
1.232000E-2	0.000000E+0	1.047790E+5
1.234000E-2	0.000000E+0	1.041580E+5
1.236000E-2	0.000000E+0	1.044790E+5
1.238000E-2	0.000000E+0	1.044680E+5
1.240000E-2	0.000000E+0	1.043890E+5
1.242000E-2	0.000000E+0	1.051630E+5
1.244000E-2	0.000000E+0	1.049490E+5
1.246000E-2	0.000000E+0	1.047520E+5
1.248000E-2	0.000000E+0	1.046050E+5
1.250000E-2	0.000000E+0	1.046010E+5
1.252000E-2	0.000000E+0	1.042010E+5
1.254000E-2	0.000000E+0	1.044280E+5
1.256000E-2	0.000000E+0	1.047220E+5
1.258000E-2	0.000000E+0	1.039110E+5
1.260000E-2	0.000000E+0	1.043320E+5
1.262000E-2	0.000000E+0	1.039360E+5
1.264000E-2	0.000000E+0	1.045700E+5
1.266000E-2	0.000000E+0	1.043530E+5
1.268000E-2	0.000000E+0	1.040960E+5
1.270000E-2	0.000000E+0	1.050470E+5
1.272000E-2	0.000000E+0	1.040800E+5
1.274000E-2	0.000000E+0	1.045290E+5
1.276000E-2	0.000000E+0	1.042590E+5
1.278000E-2	0.000000E+0	1.048340E+5
1.280000E-2	0.000000E+0	1.041840E+5
1.282000E-2	0.000000E+0	1.044900E+5
1.284000E-2	0.000000E+0	1.039270E+5
1.286000E-2	0.000000E+0	1.047450E+5
1.288000E-2	0.000000E+0	1.047030E+5
1.290000E-2	0.000000E+0	1.044280E+5
1.292000E-2	0.000000E+0	1.044390E+5
1.294000E-2	0.000000E+0	1.039160E+5
1.296000E-2	0.000000E+0	1.045900E+5
1.298000E-2	0.000000E+0	1.041140E+5
1.300000E-2	0.000000E+0	1.043570E+5
1.302000E-2	0.000000E+0	1.045070E+5
1.304000E-2	0.000000E+0	1.045910E+5
1.306000E-2	0.000000E+0	1.044870E+5
1.308000E-2	0.000000E+0	1.043960E+5
1.310000E-2	0.000000E+0	1.046970E+5
1.312000E-2	0.000000E+0	1.045390E+5
1.314000E-2	0.000000E+0	1.047070E+5
1.316000E-2	0.000000E+0	1.041330E+5
1.318000E-2	0.000000E+0	1.048450E+5
1.320000E-2	0.000000E+0	1.048860E+5
1.322000E-2	0.000000E+0	1.043040E+5
1.324000E-2	0.000000E+0	1.044010E+5
1.326000E-2	0.000000E+0	1.041910E+5
1.328000E-2	0.000000E+0	1.048820E+5
1.330000E-2	0.000000E+0	1.045310E+5
1.332000E-2	0.000000E+0	1.043400E+5
1.334000E-2	0.000000E+0	1.045070E+5
1.336000E-2	0.000000E+0	1.045090E+5
1.338000E-2	0.000000E+0	1.047360E+5
1.340000E-2	0.000000E+0	1.040040E+5
1.342000E-2	0.000000E+0	1.049310E+5
1.344000E-2	0.000000E+0	1.040310E+5
1.346000E-2	0.000000E+0	1.044520E+5
1.348000E-2	0.000000E+0	1.043030E+5
1.350000E-2	0.000000E+0	1.042160E+5
1.352000E-2	0.000000E+0	1.042480E+5
1.354000E-2	0.000000E+0	1.041090E+5
1.356000E-2	0.000000E+0	1.048870E+5
1.358000E-2	0.000000E+0	1.044770E+5
1.360000E-2	0.000000E+0	1.043940E+5
1.362000E-2	0.000000E+0	1.044150E+5
1.364000E-2	0.000000E+0	1.042460E+5
1.366000E-2	0.000000E+0	1.048680E+5
1.368000E-2	0.000000E+0	1.047820E+5
1.370000E-2	0.000000E+0	1.044250E+5
1.372000E-2	0.000000E+0	1.045020E+5
1.374000E-2	0.000000E+0	1.042650E+5
1.376000E-2	0.000000E+0	1.043570E+5
1.378000E-2	0.000000E+0	1.042380E+5
1.380000E-2	0.000000E+0	1.041050E+5
1.382000E-2	0.000000E+0	1.047180E+5
1.384000E-2	0.000000E+0	1.036040E+5
1.386000E-2	0.000000E+0	1.036850E+5
1.388000E-2	0.000000E+0	1.038910E+5
1.390000E-2	0.000000E+0	1.031250E+5
1.392000E-2	0.000000E+0	1.032150E+5
1.394000E-2	0.000000E+0	1.033210E+5
1.396000E-2	0.000000E+0	1.030740E+5
1.398000E-2	0.000000E+0	1.033090E+5
1.400000E-2	0.000000E+0	1.021820E+5
1.402000E-2	0.000000E+0	1.016180E+5
1.404000E-2	0.000000E+0	1.021670E+5
1.406000E-2	0.000000E+0	1.025190E+5
1.408000E-2	0.000000E+0	1.025510E+5
1.410000E-2	0.000000E+0	1.032100E+5
1.412000E-2	0.000000E+0	1.026510E+5
1.414000E-2	0.000000E+0	1.032410E+5
1.416000E-2	0.000000E+0	1.038330E+5
1.418000E-2	0.000000E+0	1.029310E+5
1.420000E-2	0.000000E+0	1.038060E+5
1.422000E-2	0.000000E+0	1.035270E+5
1.424000E-2	0.000000E+0	1.044470E+5
1.426000E-2	0.000000E+0	1.042320E+5
1.428000E-2	0.000000E+0	1.046470E+5
1.430000E-2	0.000000E+0	1.046770E+5
1.432000E-2	0.000000E+0	1.042880E+5
1.434000E-2	0.000000E+0	1.041030E+5
1.436000E-2	0.000000E+0	1.050650E+5
1.438000E-2	0.000000E+0	1.046790E+5
1.440000E-2	0.000000E+0	1.043460E+5
1.442000E-2	0.000000E+0	1.039690E+5
1.444000E-2	0.000000E+0	1.036990E+5
1.446000E-2	0.000000E+0	1.043630E+5
1.448000E-2	0.000000E+0	1.041210E+5
1.450000E-2	0.000000E+0	1.035260E+5
1.452000E-2	0.000000E+0	1.037940E+5
1.454000E-2	0.000000E+0	1.037750E+5
1.456000E-2	0.000000E+0	1.033790E+5
1.458000E-2	0.000000E+0	1.039830E+5
1.460000E-2	0.000000E+0	1.036980E+5
1.462000E-2	0.000000E+0	1.035460E+5
1.464000E-2	0.000000E+0	1.032870E+5
1.466000E-2	0.000000E+0	1.026610E+5
1.468000E-2	0.000000E+0	1.022900E+5
1.470000E-2	0.000000E+0	1.031440E+5
1.472000E-2	0.000000E+0	1.038900E+5
1.474000E-2	0.000000E+0	1.033760E+5
1.476000E-2	0.000000E+0	1.031080E+5
1.478000E-2	0.000000E+0	1.032550E+5
1.480000E-2	0.000000E+0	1.032500E+5
1.482000E-2	0.000000E+0	1.039080E+5
1.484000E-2	0.000000E+0	1.029250E+5
1.486000E-2	0.000000E+0	1.040460E+5
1.488000E-2	0.000000E+0	1.038300E+5
1.490000E-2	0.000000E+0	1.036350E+5
1.492000E-2	0.000000E+0	1.043670E+5
1.494000E-2	0.000000E+0	1.048000E+5
1.496000E-2	0.000000E+0	1.041850E+5
1.498000E-2	0.000000E+0	1.042050E+5
1.500000E-2	0.000000E+0	1.048790E+5
1.502000E-2	0.000000E+0	1.036660E+5
1.504000E-2	0.000000E+0	1.045230E+5
1.506000E-2	0.000000E+0	1.045680E+5
1.508000E-2	0.000000E+0	1.047470E+5
1.510000E-2	0.000000E+0	1.044100E+5
1.512000E-2	0.000000E+0	1.039960E+5
1.514000E-2	0.000000E+0	1.046820E+5
1.516000E-2	0.000000E+0	1.045370E+5
1.518000E-2	0.000000E+0	1.048980E+5
1.520000E-2	0.000000E+0	1.038870E+5
1.522000E-2	0.000000E+0	1.046530E+5
1.524000E-2	0.000000E+0	1.037750E+5
1.526000E-2	0.000000E+0	1.049210E+5
1.528000E-2	0.000000E+0	1.044620E+5
1.530000E-2	0.000000E+0	1.042240E+5
1.532000E-2	0.000000E+0	1.040900E+5
1.534000E-2	0.000000E+0	1.040260E+5
1.536000E-2	0.000000E+0	1.038800E+5
1.538000E-2	0.000000E+0	1.040170E+5
1.540000E-2	0.000000E+0	1.041170E+5
1.542000E-2	0.000000E+0	1.037610E+5
1.544000E-2	0.000000E+0	1.034850E+5
1.546000E-2	0.000000E+0	1.041500E+5
1.548000E-2	0.000000E+0	1.042580E+5
1.550000E-2	0.000000E+0	1.043460E+5
1.552000E-2	0.000000E+0	1.043900E+5
1.554000E-2	0.000000E+0	1.038640E+5
1.556000E-2	0.000000E+0	1.051230E+5
1.558000E-2	0.000000E+0	1.044200E+5
1.560000E-2	0.000000E+0	1.046890E+5
1.562000E-2	0.000000E+0	1.041980E+5
1.564000E-2	0.000000E+0	1.042580E+5
1.566000E-2	0.000000E+0	1.039510E+5
1.568000E-2	0.000000E+0	1.035710E+5
1.570000E-2	0.000000E+0	1.042120E+5
1.572000E-2	0.000000E+0	1.040600E+5
1.574000E-2	0.000000E+0	1.043330E+5
1.576000E-2	0.000000E+0	1.044710E+5
1.578000E-2	0.000000E+0	1.042390E+5
1.580000E-2	0.000000E+0	1.039500E+5
1.582000E-2	0.000000E+0	1.037560E+5
1.584000E-2	0.000000E+0	1.030750E+5
1.586000E-2	0.000000E+0	1.043720E+5
1.588000E-2	0.000000E+0	1.042040E+5
1.590000E-2	0.000000E+0	1.038800E+5
1.592000E-2	0.000000E+0	1.039460E+5
1.594000E-2	0.000000E+0	1.044400E+5
1.596000E-2	0.000000E+0	1.044690E+5
1.598000E-2	0.000000E+0	1.047480E+5
1.600000E-2	0.000000E+0	1.047260E+5
1.602000E-2	0.000000E+0	1.046690E+5
1.604000E-2	0.000000E+0	1.044670E+5
1.606000E-2	0.000000E+0	1.042390E+5
1.608000E-2	0.000000E+0	1.042920E+5
1.610000E-2	0.000000E+0	1.044420E+5
1.612000E-2	0.000000E+0	1.046220E+5
1.614000E-2	0.000000E+0	1.041090E+5
1.616000E-2	0.000000E+0	1.046350E+5
1.618000E-2	0.000000E+0	1.048290E+5
1.620000E-2	0.000000E+0	1.047600E+5
1.622000E-2	0.000000E+0	1.044780E+5
1.624000E-2	0.000000E+0	1.047720E+5
1.626000E-2	0.000000E+0	1.042280E+5
1.628000E-2	0.000000E+0	1.043360E+5
1.630000E-2	0.000000E+0	1.033540E+5
1.632000E-2	0.000000E+0	1.039860E+5
1.634000E-2	0.000000E+0	1.035880E+5
1.636000E-2	0.000000E+0	1.034470E+5
1.638000E-2	0.000000E+0	1.034500E+5
1.640000E-2	0.000000E+0	1.030720E+5
1.642000E-2	0.000000E+0	1.033420E+5
1.644000E-2	0.000000E+0	1.032390E+5
1.646000E-2	0.000000E+0	1.030400E+5
1.648000E-2	0.000000E+0	1.028900E+5
1.650000E-2	0.000000E+0	1.032990E+5
1.652000E-2	0.000000E+0	1.036400E+5
1.654000E-2	0.000000E+0	1.037110E+5
1.656000E-2	0.000000E+0	1.037630E+5
1.658000E-2	0.000000E+0	1.035520E+5
1.660000E-2	0.000000E+0	1.038350E+5
1.662000E-2	0.000000E+0	1.045650E+5
1.664000E-2	0.000000E+0	1.037500E+5
1.666000E-2	0.000000E+0	1.038050E+5
1.668000E-2	0.000000E+0	1.047890E+5
1.670000E-2	0.000000E+0	1.038250E+5
1.672000E-2	0.000000E+0	1.044700E+5
1.674000E-2	0.000000E+0	1.047150E+5
1.676000E-2	0.000000E+0	1.042770E+5
1.678000E-2	0.000000E+0	1.047390E+5
1.680000E-2	0.000000E+0	1.044910E+5
1.682000E-2	0.000000E+0	1.051070E+5
1.684000E-2	0.000000E+0	1.049030E+5
1.686000E-2	0.000000E+0	1.042120E+5
1.688000E-2	0.000000E+0	1.040610E+5
1.690000E-2	0.000000E+0	1.045160E+5
1.692000E-2	0.000000E+0	1.037430E+5
1.694000E-2	0.000000E+0	1.039590E+5
1.696000E-2	0.000000E+0	1.044360E+5
1.698000E-2	0.000000E+0	1.042370E+5
1.700000E-2	0.000000E+0	1.042630E+5
1.702000E-2	0.000000E+0	1.043620E+5
1.704000E-2	0.000000E+0	1.036920E+5
1.706000E-2	0.000000E+0	1.035850E+5
1.708000E-2	0.000000E+0	1.034930E+5
1.710000E-2	0.000000E+0	1.026580E+5
1.712000E-2	0.000000E+0	1.030240E+5
1.714000E-2	0.000000E+0	1.031240E+5
1.716000E-2	0.000000E+0	1.028910E+5
1.718000E-2	0.000000E+0	1.028070E+5
1.720000E-2	0.000000E+0	1.022310E+5
1.722000E-2	0.000000E+0	1.021950E+5
1.724000E-2	0.000000E+0	1.019180E+5
1.726000E-2	0.000000E+0	1.024890E+5
1.728000E-2	0.000000E+0	1.031980E+5
1.730000E-2	0.000000E+0	1.030510E+5
1.732000E-2	0.000000E+0	1.032260E+5
1.734000E-2	0.000000E+0	1.035400E+5
1.736000E-2	0.000000E+0	1.039140E+5
1.738000E-2	0.000000E+0	1.038460E+5
1.740000E-2	0.000000E+0	1.042250E+5
1.742000E-2	0.000000E+0	1.041670E+5
1.744000E-2	0.000000E+0	1.039780E+5
1.746000E-2	0.000000E+0	1.044370E+5
1.748000E-2	0.000000E+0	1.040990E+5
1.750000E-2	0.000000E+0	1.047800E+5
1.752000E-2	0.000000E+0	1.042560E+5
1.754000E-2	0.000000E+0	1.048360E+5
1.756000E-2	0.000000E+0	1.044550E+5
1.758000E-2	0.000000E+0	1.048230E+5
1.760000E-2	0.000000E+0	1.046660E+5
1.762000E-2	0.000000E+0	1.043330E+5
1.764000E-2	0.000000E+0	1.040610E+5
1.766000E-2	0.000000E+0	1.045600E+5
1.768000E-2	0.000000E+0	1.049340E+5
1.770000E-2	0.000000E+0	1.048550E+5
1.772000E-2	0.000000E+0	1.045870E+5
1.774000E-2	0.000000E+0	1.043930E+5
1.776000E-2	0.000000E+0	1.048950E+5
1.778000E-2	0.000000E+0	1.045600E+5
1.780000E-2	0.000000E+0	1.043870E+5
1.782000E-2	0.000000E+0	1.046910E+5
1.784000E-2	0.000000E+0	1.046140E+5
1.786000E-2	0.000000E+0	1.046290E+5
1.788000E-2	0.000000E+0	1.045120E+5
1.790000E-2	0.000000E+0	1.040200E+5
1.792000E-2	0.000000E+0	1.044160E+5
1.794000E-2	0.000000E+0	1.049650E+5
1.796000E-2	0.000000E+0	1.047800E+5
1.798000E-2	0.000000E+0	1.044930E+5
1.800000E-2	0.000000E+0	1.049480E+5
1.802000E-2	0.000000E+0	1.048980E+5
1.804000E-2	0.000000E+0	1.041970E+5
1.806000E-2	0.000000E+0	1.043700E+5
1.808000E-2	0.000000E+0	1.043390E+5
1.810000E-2	0.000000E+0	1.047070E+5
1.812000E-2	0.000000E+0	1.045430E+5
1.814000E-2	0.000000E+0	1.045480E+5
1.816000E-2	0.000000E+0	1.044290E+5
1.818000E-2	0.000000E+0	1.039980E+5
1.820000E-2	0.000000E+0	1.047780E+5
1.822000E-2	0.000000E+0	1.046350E+5
1.824000E-2	0.000000E+0	1.042580E+5
1.826000E-2	0.000000E+0	1.045960E+5
1.828000E-2	0.000000E+0	1.038110E+5
1.830000E-2	0.000000E+0	1.043730E+5
1.832000E-2	0.000000E+0	1.047340E+5
1.834000E-2	0.000000E+0	1.047960E+5
1.836000E-2	0.000000E+0	1.038860E+5
1.838000E-2	0.000000E+0	1.042650E+5
1.840000E-2	0.000000E+0	1.047990E+5
1.842000E-2	0.000000E+0	1.045900E+5
1.844000E-2	0.000000E+0	1.045510E+5
1.846000E-2	0.000000E+0	1.041720E+5
1.848000E-2	0.000000E+0	1.039280E+5
1.850000E-2	0.000000E+0	1.044260E+5
1.852000E-2	0.000000E+0	1.048430E+5
1.854000E-2	0.000000E+0	1.044280E+5
1.856000E-2	0.000000E+0	1.043330E+5
1.858000E-2	0.000000E+0	1.044070E+5
1.860000E-2	0.000000E+0	1.042800E+5
1.862000E-2	0.000000E+0	1.041540E+5
1.864000E-2	0.000000E+0	1.048650E+5
1.866000E-2	0.000000E+0	1.039780E+5
1.868000E-2	0.000000E+0	1.042340E+5
1.870000E-2	0.000000E+0	1.043070E+5
1.872000E-2	0.000000E+0	1.048780E+5
1.874000E-2	0.000000E+0	1.049680E+5
1.876000E-2	0.000000E+0	1.049320E+5
1.878000E-2	0.000000E+0	1.047550E+5
1.880000E-2	0.000000E+0	1.041190E+5
1.882000E-2	0.000000E+0	1.047310E+5
1.884000E-2	0.000000E+0	1.041370E+5
1.886000E-2	0.000000E+0	1.048290E+5
1.888000E-2	0.000000E+0	1.042940E+5
1.890000E-2	0.000000E+0	1.041920E+5
1.892000E-2	0.000000E+0	1.043030E+5
1.894000E-2	0.000000E+0	1.040210E+5
1.896000E-2	0.000000E+0	1.039140E+5
1.898000E-2	0.000000E+0	1.040440E+5
1.900000E-2	0.000000E+0	1.050020E+5
1.902000E-2	0.000000E+0	1.049130E+5
1.904000E-2	0.000000E+0	1.047450E+5
1.906000E-2	0.000000E+0	1.049720E+5
1.908000E-2	0.000000E+0	1.047730E+5
1.910000E-2	0.000000E+0	1.043440E+5
1.912000E-2	0.000000E+0	1.051260E+5
1.914000E-2	0.000000E+0	1.040050E+5
1.916000E-2	0.000000E+0	1.043810E+5
1.918000E-2	0.000000E+0	1.045780E+5
1.920000E-2	0.000000E+0	1.045600E+5
1.922000E-2	0.000000E+0	1.044680E+5
1.924000E-2	0.000000E+0	1.036620E+5
1.926000E-2	0.000000E+0	1.045910E+5
1.928000E-2	0.000000E+0	1.045290E+5
1.930000E-2	0.000000E+0	1.042930E+5
1.932000E-2	0.000000E+0	1.044340E+5
1.934000E-2	0.000000E+0	1.046100E+5
1.936000E-2	0.000000E+0	1.043310E+5
1.938000E-2	0.000000E+0	1.044090E+5
1.940000E-2	0.000000E+0	1.046150E+5
1.942000E-2	0.000000E+0	1.044860E+5
1.944000E-2	0.000000E+0	1.044940E+5
1.946000E-2	0.000000E+0	1.043600E+5
1.948000E-2	0.000000E+0	1.043640E+5
1.950000E-2	0.000000E+0	1.045650E+5
1.952000E-2	0.000000E+0	1.042610E+5
1.954000E-2	0.000000E+0	1.043690E+5
1.956000E-2	0.000000E+0	1.048280E+5
1.958000E-2	0.000000E+0	1.040980E+5
1.960000E-2	0.000000E+0	1.043240E+5
1.962000E-2	0.000000E+0	1.048150E+5
1.964000E-2	0.000000E+0	1.044700E+5
1.966000E-2	0.000000E+0	1.045190E+5
1.968000E-2	0.000000E+0	1.041860E+5
1.970000E-2	0.000000E+0	1.049850E+5
1.972000E-2	0.000000E+0	1.043100E+5
1.974000E-2	0.000000E+0	1.046500E+5
1.976000E-2	0.000000E+0	1.043180E+5
1.978000E-2	0.000000E+0	1.042800E+5
1.980000E-2	0.000000E+0	1.047610E+5
1.982000E-2	0.000000E+0	1.045060E+5
1.984000E-2	0.000000E+0	1.045790E+5
1.986000E-2	0.000000E+0	1.043370E+5
1.988000E-2	0.000000E+0	1.047120E+5
1.990000E-2	0.000000E+0	1.046420E+5
1.992000E-2	0.000000E+0	1.044650E+5
1.994000E-2	0.000000E+0	1.044060E+5
1.996000E-2	0.000000E+0	1.049270E+5
1.998000E-2	0.000000E+0	1.038930E+5
