

live time:  61146.060000
real time:  82808.096000
sweeps:  3057303.000000
0.000000E+0	0.000000E+0	0.000000E+0
2.000000E-5	0.000000E+0	1.499200E+5
4.000000E-5	0.000000E+0	1.490120E+5
6.000000E-5	0.000000E+0	1.485340E+5
8.000000E-5	0.000000E+0	1.492730E+5
1.000000E-4	0.000000E+0	1.499840E+5
1.200000E-4	0.000000E+0	1.491060E+5
1.400000E-4	0.000000E+0	1.487190E+5
1.600000E-4	0.000000E+0	1.494210E+5
1.800000E-4	0.000000E+0	1.498580E+5
2.000000E-4	0.000000E+0	1.494210E+5
2.200000E-4	0.000000E+0	1.494110E+5
2.400000E-4	0.000000E+0	1.496400E+5
2.600000E-4	0.000000E+0	1.496650E+5
2.800000E-4	0.000000E+0	1.499740E+5
3.000000E-4	0.000000E+0	1.496360E+5
3.200000E-4	0.000000E+0	1.493990E+5
3.400000E-4	0.000000E+0	1.486950E+5
3.600000E-4	0.000000E+0	1.487810E+5
3.800000E-4	0.000000E+0	1.493120E+5
4.000000E-4	0.000000E+0	1.496340E+5
4.200000E-4	0.000000E+0	1.498590E+5
4.400000E-4	0.000000E+0	1.496190E+5
4.600000E-4	0.000000E+0	1.498160E+5
4.800000E-4	0.000000E+0	1.492310E+5
5.000000E-4	0.000000E+0	1.494290E+5
5.200000E-4	0.000000E+0	1.492220E+5
5.400000E-4	0.000000E+0	1.496010E+5
5.600000E-4	0.000000E+0	1.492890E+5
5.800000E-4	0.000000E+0	1.494120E+5
6.000000E-4	0.000000E+0	1.493460E+5
6.200000E-4	0.000000E+0	1.491830E+5
6.400000E-4	0.000000E+0	1.499110E+5
6.600000E-4	0.000000E+0	1.494020E+5
6.800000E-4	0.000000E+0	1.493900E+5
7.000000E-4	0.000000E+0	1.493370E+5
7.200000E-4	0.000000E+0	1.501770E+5
7.400000E-4	0.000000E+0	1.492810E+5
7.600000E-4	0.000000E+0	1.496910E+5
7.800000E-4	0.000000E+0	1.491700E+5
8.000000E-4	0.000000E+0	1.500770E+5
8.200000E-4	0.000000E+0	1.486290E+5
8.400000E-4	0.000000E+0	1.501800E+5
8.600000E-4	0.000000E+0	1.485730E+5
8.800000E-4	0.000000E+0	1.493550E+5
9.000000E-4	0.000000E+0	1.486770E+5
9.200000E-4	0.000000E+0	1.489480E+5
9.400000E-4	0.000000E+0	1.491300E+5
9.600000E-4	0.000000E+0	1.487910E+5
9.800000E-4	0.000000E+0	1.494270E+5
1.000000E-3	0.000000E+0	1.494420E+5
1.020000E-3	0.000000E+0	1.496340E+5
1.040000E-3	0.000000E+0	1.501200E+5
1.060000E-3	0.000000E+0	1.495720E+5
1.080000E-3	0.000000E+0	1.492740E+5
1.100000E-3	0.000000E+0	1.489420E+5
1.120000E-3	0.000000E+0	1.496300E+5
1.140000E-3	0.000000E+0	1.491320E+5
1.160000E-3	0.000000E+0	1.490730E+5
1.180000E-3	0.000000E+0	1.492360E+5
1.200000E-3	0.000000E+0	1.487520E+5
1.220000E-3	0.000000E+0	1.492710E+5
1.240000E-3	0.000000E+0	1.492770E+5
1.260000E-3	0.000000E+0	1.497500E+5
1.280000E-3	0.000000E+0	1.490210E+5
1.300000E-3	0.000000E+0	1.494090E+5
1.320000E-3	0.000000E+0	1.488350E+5
1.340000E-3	0.000000E+0	1.496760E+5
1.360000E-3	0.000000E+0	1.491650E+5
1.380000E-3	0.000000E+0	1.493700E+5
1.400000E-3	0.000000E+0	1.489850E+5
1.420000E-3	0.000000E+0	1.486790E+5
1.440000E-3	0.000000E+0	1.489470E+5
1.460000E-3	0.000000E+0	1.491180E+5
1.480000E-3	0.000000E+0	1.490680E+5
1.500000E-3	0.000000E+0	1.491720E+5
1.520000E-3	0.000000E+0	1.495490E+5
1.540000E-3	0.000000E+0	1.498160E+5
1.560000E-3	0.000000E+0	1.489840E+5
1.580000E-3	0.000000E+0	1.495120E+5
1.600000E-3	0.000000E+0	1.488090E+5
1.620000E-3	0.000000E+0	1.491310E+5
1.640000E-3	0.000000E+0	1.497680E+5
1.660000E-3	0.000000E+0	1.491470E+5
1.680000E-3	0.000000E+0	1.495380E+5
1.700000E-3	0.000000E+0	1.489440E+5
1.720000E-3	0.000000E+0	1.490920E+5
1.740000E-3	0.000000E+0	1.488640E+5
1.760000E-3	0.000000E+0	1.488470E+5
1.780000E-3	0.000000E+0	1.490220E+5
1.800000E-3	0.000000E+0	1.497530E+5
1.820000E-3	0.000000E+0	1.490960E+5
1.840000E-3	0.000000E+0	1.491790E+5
1.860000E-3	0.000000E+0	1.492020E+5
1.880000E-3	0.000000E+0	1.490480E+5
1.900000E-3	0.000000E+0	1.496150E+5
1.920000E-3	0.000000E+0	1.491270E+5
1.940000E-3	0.000000E+0	1.497760E+5
1.960000E-3	0.000000E+0	1.491700E+5
1.980000E-3	0.000000E+0	1.494790E+5
2.000000E-3	0.000000E+0	1.492360E+5
2.020000E-3	0.000000E+0	1.491570E+5
2.040000E-3	0.000000E+0	1.495930E+5
2.060000E-3	0.000000E+0	1.499480E+5
2.080000E-3	0.000000E+0	1.493290E+5
2.100000E-3	0.000000E+0	1.489170E+5
2.120000E-3	0.000000E+0	1.495970E+5
2.140000E-3	0.000000E+0	1.490820E+5
2.160000E-3	0.000000E+0	1.492350E+5
2.180000E-3	0.000000E+0	1.490230E+5
2.200000E-3	0.000000E+0	1.494370E+5
2.220000E-3	0.000000E+0	1.491230E+5
2.240000E-3	0.000000E+0	1.492970E+5
2.260000E-3	0.000000E+0	1.491310E+5
2.280000E-3	0.000000E+0	1.496410E+5
2.300000E-3	0.000000E+0	1.488680E+5
2.320000E-3	0.000000E+0	1.495240E+5
2.340000E-3	0.000000E+0	1.500030E+5
2.360000E-3	0.000000E+0	1.492040E+5
2.380000E-3	0.000000E+0	1.493630E+5
2.400000E-3	0.000000E+0	1.491570E+5
2.420000E-3	0.000000E+0	1.488800E+5
2.440000E-3	0.000000E+0	1.491840E+5
2.460000E-3	0.000000E+0	1.497660E+5
2.480000E-3	0.000000E+0	1.495820E+5
2.500000E-3	0.000000E+0	1.486700E+5
2.520000E-3	0.000000E+0	1.498120E+5
2.540000E-3	0.000000E+0	1.492530E+5
2.560000E-3	0.000000E+0	1.494820E+5
2.580000E-3	0.000000E+0	1.490890E+5
2.600000E-3	0.000000E+0	1.499680E+5
2.620000E-3	0.000000E+0	1.491960E+5
2.640000E-3	0.000000E+0	1.491770E+5
2.660000E-3	0.000000E+0	1.489190E+5
2.680000E-3	0.000000E+0	1.487250E+5
2.700000E-3	0.000000E+0	1.492010E+5
2.720000E-3	0.000000E+0	1.491830E+5
2.740000E-3	0.000000E+0	1.492070E+5
2.760000E-3	0.000000E+0	1.493270E+5
2.780000E-3	0.000000E+0	1.493250E+5
2.800000E-3	0.000000E+0	1.490420E+5
2.820000E-3	0.000000E+0	1.490200E+5
2.840000E-3	0.000000E+0	1.491200E+5
2.860000E-3	0.000000E+0	1.488660E+5
2.880000E-3	0.000000E+0	1.491370E+5
2.900000E-3	0.000000E+0	1.487750E+5
2.920000E-3	0.000000E+0	1.496480E+5
2.940000E-3	0.000000E+0	1.492870E+5
2.960000E-3	0.000000E+0	1.495290E+5
2.980000E-3	0.000000E+0	1.490350E+5
3.000000E-3	0.000000E+0	1.502240E+5
3.020000E-3	0.000000E+0	1.492150E+5
3.040000E-3	0.000000E+0	1.488400E+5
3.060000E-3	0.000000E+0	1.490410E+5
3.080000E-3	0.000000E+0	1.491570E+5
3.100000E-3	0.000000E+0	1.494630E+5
3.120000E-3	0.000000E+0	1.491430E+5
3.140000E-3	0.000000E+0	1.493640E+5
3.160000E-3	0.000000E+0	1.491240E+5
3.180000E-3	0.000000E+0	1.484930E+5
3.200000E-3	0.000000E+0	1.488290E+5
3.220000E-3	0.000000E+0	1.482290E+5
3.240000E-3	0.000000E+0	1.493920E+5
3.260000E-3	0.000000E+0	1.493690E+5
3.280000E-3	0.000000E+0	1.487770E+5
3.300000E-3	0.000000E+0	1.492150E+5
3.320000E-3	0.000000E+0	1.487190E+5
3.340000E-3	0.000000E+0	1.489410E+5
3.360000E-3	0.000000E+0	1.489400E+5
3.380000E-3	0.000000E+0	1.485510E+5
3.400000E-3	0.000000E+0	1.483320E+5
3.420000E-3	0.000000E+0	1.480720E+5
3.440000E-3	0.000000E+0	1.470260E+5
3.460000E-3	0.000000E+0	1.467110E+5
3.480000E-3	0.000000E+0	1.467860E+5
3.500000E-3	0.000000E+0	1.475500E+5
3.520000E-3	0.000000E+0	1.467270E+5
3.540000E-3	0.000000E+0	1.468780E+5
3.560000E-3	0.000000E+0	1.458370E+5
3.580000E-3	0.000000E+0	1.459820E+5
3.600000E-3	0.000000E+0	1.452310E+5
3.620000E-3	0.000000E+0	1.456000E+5
3.640000E-3	0.000000E+0	1.463070E+5
3.660000E-3	0.000000E+0	1.471000E+5
3.680000E-3	0.000000E+0	1.477060E+5
3.700000E-3	0.000000E+0	1.475770E+5
3.720000E-3	0.000000E+0	1.473700E+5
3.740000E-3	0.000000E+0	1.480360E+5
3.760000E-3	0.000000E+0	1.479900E+5
3.780000E-3	0.000000E+0	1.473190E+5
3.800000E-3	0.000000E+0	1.484920E+5
3.820000E-3	0.000000E+0	1.485860E+5
3.840000E-3	0.000000E+0	1.492400E+5
3.860000E-3	0.000000E+0	1.492360E+5
3.880000E-3	0.000000E+0	1.492670E+5
3.900000E-3	0.000000E+0	1.494920E+5
3.920000E-3	0.000000E+0	1.502520E+5
3.940000E-3	0.000000E+0	1.496170E+5
3.960000E-3	0.000000E+0	1.492140E+5
3.980000E-3	0.000000E+0	1.495090E+5
4.000000E-3	0.000000E+0	1.484420E+5
4.020000E-3	0.000000E+0	1.491610E+5
4.040000E-3	0.000000E+0	1.496950E+5
4.060000E-3	0.000000E+0	1.484830E+5
4.080000E-3	0.000000E+0	1.487020E+5
4.100000E-3	0.000000E+0	1.489570E+5
4.120000E-3	0.000000E+0	1.492830E+5
4.140000E-3	0.000000E+0	1.484250E+5
4.160000E-3	0.000000E+0	1.483790E+5
4.180000E-3	0.000000E+0	1.479960E+5
4.200000E-3	0.000000E+0	1.481210E+5
4.220000E-3	0.000000E+0	1.485380E+5
4.240000E-3	0.000000E+0	1.482370E+5
4.260000E-3	0.000000E+0	1.486830E+5
4.280000E-3	0.000000E+0	1.479230E+5
4.300000E-3	0.000000E+0	1.471130E+5
4.320000E-3	0.000000E+0	1.458230E+5
4.340000E-3	0.000000E+0	1.472500E+5
4.360000E-3	0.000000E+0	1.472040E+5
4.380000E-3	0.000000E+0	1.467070E+5
4.400000E-3	0.000000E+0	1.477850E+5
4.420000E-3	0.000000E+0	1.477480E+5
4.440000E-3	0.000000E+0	1.481410E+5
4.460000E-3	0.000000E+0	1.480270E+5
4.480000E-3	0.000000E+0	1.479930E+5
4.500000E-3	0.000000E+0	1.480400E+5
4.520000E-3	0.000000E+0	1.479870E+5
4.540000E-3	0.000000E+0	1.491530E+5
4.560000E-3	0.000000E+0	1.493940E+5
4.580000E-3	0.000000E+0	1.483620E+5
4.600000E-3	0.000000E+0	1.490390E+5
4.620000E-3	0.000000E+0	1.489250E+5
4.640000E-3	0.000000E+0	1.495090E+5
4.660000E-3	0.000000E+0	1.491180E+5
4.680000E-3	0.000000E+0	1.492380E+5
4.700000E-3	0.000000E+0	1.493960E+5
4.720000E-3	0.000000E+0	1.494820E+5
4.740000E-3	0.000000E+0	1.488160E+5
4.760000E-3	0.000000E+0	1.490850E+5
4.780000E-3	0.000000E+0	1.491870E+5
4.800000E-3	0.000000E+0	1.485840E+5
4.820000E-3	0.000000E+0	1.486530E+5
4.840000E-3	0.000000E+0	1.486360E+5
4.860000E-3	0.000000E+0	1.481440E+5
4.880000E-3	0.000000E+0	1.485480E+5
4.900000E-3	0.000000E+0	1.484480E+5
4.920000E-3	0.000000E+0	1.487520E+5
4.940000E-3	0.000000E+0	1.479810E+5
4.960000E-3	0.000000E+0	1.485500E+5
4.980000E-3	0.000000E+0	1.479510E+5
5.000000E-3	0.000000E+0	1.479130E+5
5.020000E-3	0.000000E+0	1.480170E+5
5.040000E-3	0.000000E+0	1.479670E+5
5.060000E-3	0.000000E+0	1.482800E+5
5.080000E-3	0.000000E+0	1.481910E+5
5.100000E-3	0.000000E+0	1.486940E+5
5.120000E-3	0.000000E+0	1.487190E+5
5.140000E-3	0.000000E+0	1.494350E+5
5.160000E-3	0.000000E+0	1.483740E+5
5.180000E-3	0.000000E+0	1.493890E+5
5.200000E-3	0.000000E+0	1.494820E+5
5.220000E-3	0.000000E+0	1.489450E+5
5.240000E-3	0.000000E+0	1.484100E+5
5.260000E-3	0.000000E+0	1.496090E+5
5.280000E-3	0.000000E+0	1.490540E+5
5.300000E-3	0.000000E+0	1.490860E+5
5.320000E-3	0.000000E+0	1.489050E+5
5.340000E-3	0.000000E+0	1.486600E+5
5.360000E-3	0.000000E+0	1.493020E+5
5.380000E-3	0.000000E+0	1.482690E+5
5.400000E-3	0.000000E+0	1.486900E+5
5.420000E-3	0.000000E+0	1.487620E+5
5.440000E-3	0.000000E+0	1.481180E+5
5.460000E-3	0.000000E+0	1.473720E+5
5.480000E-3	0.000000E+0	1.479350E+5
5.500000E-3	0.000000E+0	1.484370E+5
5.520000E-3	0.000000E+0	1.486910E+5
5.540000E-3	0.000000E+0	1.487400E+5
5.560000E-3	0.000000E+0	1.488080E+5
5.580000E-3	0.000000E+0	1.491700E+5
5.600000E-3	0.000000E+0	1.480380E+5
5.620000E-3	0.000000E+0	1.488310E+5
5.640000E-3	0.000000E+0	1.492830E+5
5.660000E-3	0.000000E+0	1.488780E+5
5.680000E-3	0.000000E+0	1.490640E+5
5.700000E-3	0.000000E+0	1.484680E+5
5.720000E-3	0.000000E+0	1.495500E+5
5.740000E-3	0.000000E+0	1.492860E+5
5.760000E-3	0.000000E+0	1.491480E+5
5.780000E-3	0.000000E+0	1.484310E+5
5.800000E-3	0.000000E+0	1.494730E+5
5.820000E-3	0.000000E+0	1.481950E+5
5.840000E-3	0.000000E+0	1.496300E+5
5.860000E-3	0.000000E+0	1.488300E+5
5.880000E-3	0.000000E+0	1.486550E+5
5.900000E-3	0.000000E+0	1.497290E+5
5.920000E-3	0.000000E+0	1.496540E+5
5.940000E-3	0.000000E+0	1.484480E+5
5.960000E-3	0.000000E+0	1.478490E+5
5.980000E-3	0.000000E+0	1.479790E+5
6.000000E-3	0.000000E+0	1.477130E+5
6.020000E-3	0.000000E+0	1.474990E+5
6.040000E-3	0.000000E+0	1.475570E+5
6.060000E-3	0.000000E+0	1.475220E+5
6.080000E-3	0.000000E+0	1.478510E+5
6.100000E-3	0.000000E+0	1.468930E+5
6.120000E-3	0.000000E+0	1.470750E+5
6.140000E-3	0.000000E+0	1.466880E+5
6.160000E-3	0.000000E+0	1.464170E+5
6.180000E-3	0.000000E+0	1.466980E+5
6.200000E-3	0.000000E+0	1.474250E+5
6.220000E-3	0.000000E+0	1.482740E+5
6.240000E-3	0.000000E+0	1.478410E+5
6.260000E-3	0.000000E+0	1.488940E+5
6.280000E-3	0.000000E+0	1.484970E+5
6.300000E-3	0.000000E+0	1.488200E+5
6.320000E-3	0.000000E+0	1.488700E+5
6.340000E-3	0.000000E+0	1.493920E+5
6.360000E-3	0.000000E+0	1.483810E+5
6.380000E-3	0.000000E+0	1.488050E+5
6.400000E-3	0.000000E+0	1.491880E+5
6.420000E-3	0.000000E+0	1.491030E+5
6.440000E-3	0.000000E+0	1.492260E+5
6.460000E-3	0.000000E+0	1.484670E+5
6.480000E-3	0.000000E+0	1.495610E+5
6.500000E-3	0.000000E+0	1.493010E+5
6.520000E-3	0.000000E+0	1.494130E+5
6.540000E-3	0.000000E+0	1.484860E+5
6.560000E-3	0.000000E+0	1.490090E+5
6.580000E-3	0.000000E+0	1.484200E+5
6.600000E-3	0.000000E+0	1.482720E+5
6.620000E-3	0.000000E+0	1.485930E+5
6.640000E-3	0.000000E+0	1.474120E+5
6.660000E-3	0.000000E+0	1.468740E+5
6.680000E-3	0.000000E+0	1.474160E+5
6.700000E-3	0.000000E+0	1.472480E+5
6.720000E-3	0.000000E+0	1.475940E+5
6.740000E-3	0.000000E+0	1.463500E+5
6.760000E-3	0.000000E+0	1.465270E+5
6.780000E-3	0.000000E+0	1.454970E+5
6.800000E-3	0.000000E+0	1.453320E+5
6.820000E-3	0.000000E+0	1.452220E+5
6.840000E-3	0.000000E+0	1.459720E+5
6.860000E-3	0.000000E+0	1.474360E+5
6.880000E-3	0.000000E+0	1.460620E+5
6.900000E-3	0.000000E+0	1.470800E+5
6.920000E-3	0.000000E+0	1.478120E+5
6.940000E-3	0.000000E+0	1.478490E+5
6.960000E-3	0.000000E+0	1.488700E+5
6.980000E-3	0.000000E+0	1.481450E+5
7.000000E-3	0.000000E+0	1.482890E+5
7.020000E-3	0.000000E+0	1.490490E+5
7.040000E-3	0.000000E+0	1.488010E+5
7.060000E-3	0.000000E+0	1.498190E+5
7.080000E-3	0.000000E+0	1.495540E+5
7.100000E-3	0.000000E+0	1.495000E+5
7.120000E-3	0.000000E+0	1.489600E+5
7.140000E-3	0.000000E+0	1.489010E+5
7.160000E-3	0.000000E+0	1.493700E+5
7.180000E-3	0.000000E+0	1.486900E+5
7.200000E-3	0.000000E+0	1.490550E+5
7.220000E-3	0.000000E+0	1.494020E+5
7.240000E-3	0.000000E+0	1.486880E+5
7.260000E-3	0.000000E+0	1.494230E+5
7.280000E-3	0.000000E+0	1.487640E+5
7.300000E-3	0.000000E+0	1.497520E+5
7.320000E-3	0.000000E+0	1.489800E+5
7.340000E-3	0.000000E+0	1.496290E+5
7.360000E-3	0.000000E+0	1.486620E+5
7.380000E-3	0.000000E+0	1.488250E+5
7.400000E-3	0.000000E+0	1.489930E+5
7.420000E-3	0.000000E+0	1.494290E+5
7.440000E-3	0.000000E+0	1.496560E+5
7.460000E-3	0.000000E+0	1.495570E+5
7.480000E-3	0.000000E+0	1.494540E+5
7.500000E-3	0.000000E+0	1.500010E+5
7.520000E-3	0.000000E+0	1.498310E+5
7.540000E-3	0.000000E+0	1.489390E+5
7.560000E-3	0.000000E+0	1.490340E+5
7.580000E-3	0.000000E+0	1.485520E+5
7.600000E-3	0.000000E+0	1.498120E+5
7.620000E-3	0.000000E+0	1.491840E+5
7.640000E-3	0.000000E+0	1.493090E+5
7.660000E-3	0.000000E+0	1.492740E+5
7.680000E-3	0.000000E+0	1.490680E+5
7.700000E-3	0.000000E+0	1.493050E+5
7.720000E-3	0.000000E+0	1.490160E+5
7.740000E-3	0.000000E+0	1.501340E+5
7.760000E-3	0.000000E+0	1.496190E+5
7.780000E-3	0.000000E+0	1.493830E+5
7.800000E-3	0.000000E+0	1.493920E+5
7.820000E-3	0.000000E+0	1.494900E+5
7.840000E-3	0.000000E+0	1.498770E+5
7.860000E-3	0.000000E+0	1.492520E+5
7.880000E-3	0.000000E+0	1.486090E+5
7.900000E-3	0.000000E+0	1.491780E+5
7.920000E-3	0.000000E+0	1.497050E+5
7.940000E-3	0.000000E+0	1.485140E+5
7.960000E-3	0.000000E+0	1.491460E+5
7.980000E-3	0.000000E+0	1.488750E+5
8.000000E-3	0.000000E+0	1.490450E+5
8.020000E-3	0.000000E+0	1.491790E+5
8.040000E-3	0.000000E+0	1.486760E+5
8.060000E-3	0.000000E+0	1.491550E+5
8.080000E-3	0.000000E+0	1.498610E+5
8.100000E-3	0.000000E+0	1.487290E+5
8.120000E-3	0.000000E+0	1.489640E+5
8.140000E-3	0.000000E+0	1.496180E+5
8.160000E-3	0.000000E+0	1.496020E+5
8.180000E-3	0.000000E+0	1.496110E+5
8.200000E-3	0.000000E+0	1.497470E+5
8.220000E-3	0.000000E+0	1.497450E+5
8.240000E-3	0.000000E+0	1.491000E+5
8.260000E-3	0.000000E+0	1.485010E+5
8.280000E-3	0.000000E+0	1.484070E+5
8.300000E-3	0.000000E+0	1.487870E+5
8.320000E-3	0.000000E+0	1.491910E+5
8.340000E-3	0.000000E+0	1.500320E+5
8.360000E-3	0.000000E+0	1.492470E+5
8.380000E-3	0.000000E+0	1.485800E+5
8.400000E-3	0.000000E+0	1.494790E+5
8.420000E-3	0.000000E+0	1.493500E+5
8.440000E-3	0.000000E+0	1.499280E+5
8.460000E-3	0.000000E+0	1.497540E+5
8.480000E-3	0.000000E+0	1.494190E+5
8.500000E-3	0.000000E+0	1.495150E+5
8.520000E-3	0.000000E+0	1.488350E+5
8.540000E-3	0.000000E+0	1.487760E+5
8.560000E-3	0.000000E+0	1.491590E+5
8.580000E-3	0.000000E+0	1.492500E+5
8.600000E-3	0.000000E+0	1.490830E+5
8.620000E-3	0.000000E+0	1.490790E+5
8.640000E-3	0.000000E+0	1.489700E+5
8.660000E-3	0.000000E+0	1.495240E+5
8.680000E-3	0.000000E+0	1.496280E+5
8.700000E-3	0.000000E+0	1.489300E+5
8.720000E-3	0.000000E+0	1.493280E+5
8.740000E-3	0.000000E+0	1.490770E+5
8.760000E-3	0.000000E+0	1.490690E+5
8.780000E-3	0.000000E+0	1.493460E+5
8.800000E-3	0.000000E+0	1.489690E+5
8.820000E-3	0.000000E+0	1.492280E+5
8.840000E-3	0.000000E+0	1.495190E+5
8.860000E-3	0.000000E+0	1.495610E+5
8.880000E-3	0.000000E+0	1.490930E+5
8.900000E-3	0.000000E+0	1.498360E+5
8.920000E-3	0.000000E+0	1.492550E+5
8.940000E-3	0.000000E+0	1.494030E+5
8.960000E-3	0.000000E+0	1.497420E+5
8.980000E-3	0.000000E+0	1.498700E+5
9.000000E-3	0.000000E+0	1.496540E+5
9.020000E-3	0.000000E+0	1.497430E+5
9.040000E-3	0.000000E+0	1.491770E+5
9.060000E-3	0.000000E+0	1.496830E+5
9.080000E-3	0.000000E+0	1.489220E+5
9.100000E-3	0.000000E+0	1.489700E+5
9.120000E-3	0.000000E+0	1.496440E+5
9.140000E-3	0.000000E+0	1.491370E+5
9.160000E-3	0.000000E+0	1.499300E+5
9.180000E-3	0.000000E+0	1.492630E+5
9.200000E-3	0.000000E+0	1.492310E+5
9.220000E-3	0.000000E+0	1.493860E+5
9.240000E-3	0.000000E+0	1.496040E+5
9.260000E-3	0.000000E+0	1.489410E+5
9.280000E-3	0.000000E+0	1.499550E+5
9.300000E-3	0.000000E+0	1.499160E+5
9.320000E-3	0.000000E+0	1.498420E+5
9.340000E-3	0.000000E+0	1.495070E+5
9.360000E-3	0.000000E+0	1.490450E+5
9.380000E-3	0.000000E+0	1.492850E+5
9.400000E-3	0.000000E+0	1.490100E+5
9.420000E-3	0.000000E+0	1.492970E+5
9.440000E-3	0.000000E+0	1.491790E+5
9.460000E-3	0.000000E+0	1.486770E+5
9.480000E-3	0.000000E+0	1.487610E+5
9.500000E-3	0.000000E+0	1.488820E+5
9.520000E-3	0.000000E+0	1.492820E+5
9.540000E-3	0.000000E+0	1.492580E+5
9.560000E-3	0.000000E+0	1.491470E+5
9.580000E-3	0.000000E+0	1.480900E+5
9.600000E-3	0.000000E+0	1.500120E+5
9.620000E-3	0.000000E+0	1.485770E+5
9.640000E-3	0.000000E+0	1.495270E+5
9.660000E-3	0.000000E+0	1.494030E+5
9.680000E-3	0.000000E+0	1.495300E+5
9.700000E-3	0.000000E+0	1.490130E+5
9.720000E-3	0.000000E+0	1.492990E+5
9.740000E-3	0.000000E+0	1.492400E+5
9.760000E-3	0.000000E+0	1.497310E+5
9.780000E-3	0.000000E+0	1.492300E+5
9.800000E-3	0.000000E+0	1.491630E+5
9.820000E-3	0.000000E+0	1.491470E+5
9.840000E-3	0.000000E+0	1.490240E+5
9.860000E-3	0.000000E+0	1.496240E+5
9.880000E-3	0.000000E+0	1.498080E+5
9.900000E-3	0.000000E+0	1.491430E+5
9.920000E-3	0.000000E+0	1.486770E+5
9.940000E-3	0.000000E+0	1.499140E+5
9.960000E-3	0.000000E+0	1.496600E+5
9.980000E-3	0.000000E+0	1.496740E+5
1.000000E-2	0.000000E+0	1.491180E+5
1.002000E-2	0.000000E+0	1.498720E+5
1.004000E-2	0.000000E+0	1.487310E+5
1.006000E-2	0.000000E+0	1.495440E+5
1.008000E-2	0.000000E+0	1.497270E+5
1.010000E-2	0.000000E+0	1.493510E+5
1.012000E-2	0.000000E+0	1.496810E+5
1.014000E-2	0.000000E+0	1.495140E+5
1.016000E-2	0.000000E+0	1.490530E+5
1.018000E-2	0.000000E+0	1.500240E+5
1.020000E-2	0.000000E+0	1.495310E+5
1.022000E-2	0.000000E+0	1.490420E+5
1.024000E-2	0.000000E+0	1.497220E+5
1.026000E-2	0.000000E+0	1.493290E+5
1.028000E-2	0.000000E+0	1.496320E+5
1.030000E-2	0.000000E+0	1.496470E+5
1.032000E-2	0.000000E+0	1.492390E+5
1.034000E-2	0.000000E+0	1.493110E+5
1.036000E-2	0.000000E+0	1.497690E+5
1.038000E-2	0.000000E+0	1.490230E+5
1.040000E-2	0.000000E+0	1.490480E+5
1.042000E-2	0.000000E+0	1.492970E+5
1.044000E-2	0.000000E+0	1.491650E+5
1.046000E-2	0.000000E+0	1.495700E+5
1.048000E-2	0.000000E+0	1.491830E+5
1.050000E-2	0.000000E+0	1.494970E+5
1.052000E-2	0.000000E+0	1.492400E+5
1.054000E-2	0.000000E+0	1.494310E+5
1.056000E-2	0.000000E+0	1.498590E+5
1.058000E-2	0.000000E+0	1.491390E+5
1.060000E-2	0.000000E+0	1.494110E+5
1.062000E-2	0.000000E+0	1.491890E+5
1.064000E-2	0.000000E+0	1.493130E+5
1.066000E-2	0.000000E+0	1.498780E+5
1.068000E-2	0.000000E+0	1.492880E+5
1.070000E-2	0.000000E+0	1.494470E+5
1.072000E-2	0.000000E+0	1.492480E+5
1.074000E-2	0.000000E+0	1.495470E+5
1.076000E-2	0.000000E+0	1.499690E+5
1.078000E-2	0.000000E+0	1.493220E+5
1.080000E-2	0.000000E+0	1.496650E+5
1.082000E-2	0.000000E+0	1.495320E+5
1.084000E-2	0.000000E+0	1.488740E+5
1.086000E-2	0.000000E+0	1.490950E+5
1.088000E-2	0.000000E+0	1.496430E+5
1.090000E-2	0.000000E+0	1.488320E+5
1.092000E-2	0.000000E+0	1.492760E+5
1.094000E-2	0.000000E+0	1.495480E+5
1.096000E-2	0.000000E+0	1.499480E+5
1.098000E-2	0.000000E+0	1.494380E+5
1.100000E-2	0.000000E+0	1.489580E+5
1.102000E-2	0.000000E+0	1.492900E+5
1.104000E-2	0.000000E+0	1.490320E+5
1.106000E-2	0.000000E+0	1.490770E+5
1.108000E-2	0.000000E+0	1.495770E+5
1.110000E-2	0.000000E+0	1.488830E+5
1.112000E-2	0.000000E+0	1.501000E+5
1.114000E-2	0.000000E+0	1.492260E+5
1.116000E-2	0.000000E+0	1.490910E+5
1.118000E-2	0.000000E+0	1.497980E+5
1.120000E-2	0.000000E+0	1.491990E+5
1.122000E-2	0.000000E+0	1.495450E+5
1.124000E-2	0.000000E+0	1.490650E+5
1.126000E-2	0.000000E+0	1.499230E+5
1.128000E-2	0.000000E+0	1.495040E+5
1.130000E-2	0.000000E+0	1.490810E+5
1.132000E-2	0.000000E+0	1.491810E+5
1.134000E-2	0.000000E+0	1.495840E+5
1.136000E-2	0.000000E+0	1.491990E+5
1.138000E-2	0.000000E+0	1.492350E+5
1.140000E-2	0.000000E+0	1.492280E+5
1.142000E-2	0.000000E+0	1.494730E+5
1.144000E-2	0.000000E+0	1.491820E+5
1.146000E-2	0.000000E+0	1.504300E+5
1.148000E-2	0.000000E+0	1.492780E+5
1.150000E-2	0.000000E+0	1.488720E+5
1.152000E-2	0.000000E+0	1.498070E+5
1.154000E-2	0.000000E+0	1.487610E+5
1.156000E-2	0.000000E+0	1.498740E+5
1.158000E-2	0.000000E+0	1.493420E+5
1.160000E-2	0.000000E+0	1.498940E+5
1.162000E-2	0.000000E+0	1.487120E+5
1.164000E-2	0.000000E+0	1.490420E+5
1.166000E-2	0.000000E+0	1.494930E+5
1.168000E-2	0.000000E+0	1.489990E+5
1.170000E-2	0.000000E+0	1.500530E+5
1.172000E-2	0.000000E+0	1.496700E+5
1.174000E-2	0.000000E+0	1.494450E+5
1.176000E-2	0.000000E+0	1.496680E+5
1.178000E-2	0.000000E+0	1.493610E+5
1.180000E-2	0.000000E+0	1.497680E+5
1.182000E-2	0.000000E+0	1.491320E+5
1.184000E-2	0.000000E+0	1.489020E+5
1.186000E-2	0.000000E+0	1.504070E+5
1.188000E-2	0.000000E+0	1.494580E+5
1.190000E-2	0.000000E+0	1.493700E+5
1.192000E-2	0.000000E+0	1.496460E+5
1.194000E-2	0.000000E+0	1.488490E+5
1.196000E-2	0.000000E+0	1.495000E+5
1.198000E-2	0.000000E+0	1.500010E+5
1.200000E-2	0.000000E+0	1.495340E+5
1.202000E-2	0.000000E+0	1.497070E+5
1.204000E-2	0.000000E+0	1.490410E+5
1.206000E-2	0.000000E+0	1.484790E+5
1.208000E-2	0.000000E+0	1.490230E+5
1.210000E-2	0.000000E+0	1.492270E+5
1.212000E-2	0.000000E+0	1.493000E+5
1.214000E-2	0.000000E+0	1.496450E+5
1.216000E-2	0.000000E+0	1.489130E+5
1.218000E-2	0.000000E+0	1.491130E+5
1.220000E-2	0.000000E+0	1.495540E+5
1.222000E-2	0.000000E+0	1.496920E+5
1.224000E-2	0.000000E+0	1.494930E+5
1.226000E-2	0.000000E+0	1.497860E+5
1.228000E-2	0.000000E+0	1.495130E+5
1.230000E-2	0.000000E+0	1.497350E+5
1.232000E-2	0.000000E+0	1.496450E+5
1.234000E-2	0.000000E+0	1.489140E+5
1.236000E-2	0.000000E+0	1.495370E+5
1.238000E-2	0.000000E+0	1.493030E+5
1.240000E-2	0.000000E+0	1.493510E+5
1.242000E-2	0.000000E+0	1.502660E+5
1.244000E-2	0.000000E+0	1.498370E+5
1.246000E-2	0.000000E+0	1.494530E+5
1.248000E-2	0.000000E+0	1.492120E+5
1.250000E-2	0.000000E+0	1.496040E+5
1.252000E-2	0.000000E+0	1.491190E+5
1.254000E-2	0.000000E+0	1.492650E+5
1.256000E-2	0.000000E+0	1.495890E+5
1.258000E-2	0.000000E+0	1.489830E+5
1.260000E-2	0.000000E+0	1.492700E+5
1.262000E-2	0.000000E+0	1.489000E+5
1.264000E-2	0.000000E+0	1.489910E+5
1.266000E-2	0.000000E+0	1.495310E+5
1.268000E-2	0.000000E+0	1.494030E+5
1.270000E-2	0.000000E+0	1.500180E+5
1.272000E-2	0.000000E+0	1.487470E+5
1.274000E-2	0.000000E+0	1.494420E+5
1.276000E-2	0.000000E+0	1.485010E+5
1.278000E-2	0.000000E+0	1.495520E+5
1.280000E-2	0.000000E+0	1.490000E+5
1.282000E-2	0.000000E+0	1.494020E+5
1.284000E-2	0.000000E+0	1.490300E+5
1.286000E-2	0.000000E+0	1.499000E+5
1.288000E-2	0.000000E+0	1.497090E+5
1.290000E-2	0.000000E+0	1.495360E+5
1.292000E-2	0.000000E+0	1.496810E+5
1.294000E-2	0.000000E+0	1.486450E+5
1.296000E-2	0.000000E+0	1.497820E+5
1.298000E-2	0.000000E+0	1.490150E+5
1.300000E-2	0.000000E+0	1.494830E+5
1.302000E-2	0.000000E+0	1.494710E+5
1.304000E-2	0.000000E+0	1.497210E+5
1.306000E-2	0.000000E+0	1.492920E+5
1.308000E-2	0.000000E+0	1.496390E+5
1.310000E-2	0.000000E+0	1.493510E+5
1.312000E-2	0.000000E+0	1.494100E+5
1.314000E-2	0.000000E+0	1.496510E+5
1.316000E-2	0.000000E+0	1.488350E+5
1.318000E-2	0.000000E+0	1.496200E+5
1.320000E-2	0.000000E+0	1.498250E+5
1.322000E-2	0.000000E+0	1.495990E+5
1.324000E-2	0.000000E+0	1.496530E+5
1.326000E-2	0.000000E+0	1.493520E+5
1.328000E-2	0.000000E+0	1.499920E+5
1.330000E-2	0.000000E+0	1.492510E+5
1.332000E-2	0.000000E+0	1.492160E+5
1.334000E-2	0.000000E+0	1.492940E+5
1.336000E-2	0.000000E+0	1.496580E+5
1.338000E-2	0.000000E+0	1.498870E+5
1.340000E-2	0.000000E+0	1.490640E+5
1.342000E-2	0.000000E+0	1.496240E+5
1.344000E-2	0.000000E+0	1.485540E+5
1.346000E-2	0.000000E+0	1.496080E+5
1.348000E-2	0.000000E+0	1.491520E+5
1.350000E-2	0.000000E+0	1.490520E+5
1.352000E-2	0.000000E+0	1.492610E+5
1.354000E-2	0.000000E+0	1.492120E+5
1.356000E-2	0.000000E+0	1.496700E+5
1.358000E-2	0.000000E+0	1.493880E+5
1.360000E-2	0.000000E+0	1.491410E+5
1.362000E-2	0.000000E+0	1.493890E+5
1.364000E-2	0.000000E+0	1.490140E+5
1.366000E-2	0.000000E+0	1.496360E+5
1.368000E-2	0.000000E+0	1.492460E+5
1.370000E-2	0.000000E+0	1.493530E+5
1.372000E-2	0.000000E+0	1.496030E+5
1.374000E-2	0.000000E+0	1.495770E+5
1.376000E-2	0.000000E+0	1.490470E+5
1.378000E-2	0.000000E+0	1.493320E+5
1.380000E-2	0.000000E+0	1.491660E+5
1.382000E-2	0.000000E+0	1.497040E+5
1.384000E-2	0.000000E+0	1.482390E+5
1.386000E-2	0.000000E+0	1.481770E+5
1.388000E-2	0.000000E+0	1.479370E+5
1.390000E-2	0.000000E+0	1.473520E+5
1.392000E-2	0.000000E+0	1.473990E+5
1.394000E-2	0.000000E+0	1.477810E+5
1.396000E-2	0.000000E+0	1.470720E+5
1.398000E-2	0.000000E+0	1.473600E+5
1.400000E-2	0.000000E+0	1.455290E+5
1.402000E-2	0.000000E+0	1.452700E+5
1.404000E-2	0.000000E+0	1.463150E+5
1.406000E-2	0.000000E+0	1.467980E+5
1.408000E-2	0.000000E+0	1.468670E+5
1.410000E-2	0.000000E+0	1.471580E+5
1.412000E-2	0.000000E+0	1.468710E+5
1.414000E-2	0.000000E+0	1.477990E+5
1.416000E-2	0.000000E+0	1.485940E+5
1.418000E-2	0.000000E+0	1.475260E+5
1.420000E-2	0.000000E+0	1.488410E+5
1.422000E-2	0.000000E+0	1.483980E+5
1.424000E-2	0.000000E+0	1.495660E+5
1.426000E-2	0.000000E+0	1.491570E+5
1.428000E-2	0.000000E+0	1.496200E+5
1.430000E-2	0.000000E+0	1.493860E+5
1.432000E-2	0.000000E+0	1.493180E+5
1.434000E-2	0.000000E+0	1.493490E+5
1.436000E-2	0.000000E+0	1.497770E+5
1.438000E-2	0.000000E+0	1.494960E+5
1.440000E-2	0.000000E+0	1.493600E+5
1.442000E-2	0.000000E+0	1.485060E+5
1.444000E-2	0.000000E+0	1.487630E+5
1.446000E-2	0.000000E+0	1.492810E+5
1.448000E-2	0.000000E+0	1.487680E+5
1.450000E-2	0.000000E+0	1.481090E+5
1.452000E-2	0.000000E+0	1.482650E+5
1.454000E-2	0.000000E+0	1.482160E+5
1.456000E-2	0.000000E+0	1.479050E+5
1.458000E-2	0.000000E+0	1.486030E+5
1.460000E-2	0.000000E+0	1.484870E+5
1.462000E-2	0.000000E+0	1.479670E+5
1.464000E-2	0.000000E+0	1.476540E+5
1.466000E-2	0.000000E+0	1.467930E+5
1.468000E-2	0.000000E+0	1.462660E+5
1.470000E-2	0.000000E+0	1.476410E+5
1.472000E-2	0.000000E+0	1.482450E+5
1.474000E-2	0.000000E+0	1.476380E+5
1.476000E-2	0.000000E+0	1.476280E+5
1.478000E-2	0.000000E+0	1.477140E+5
1.480000E-2	0.000000E+0	1.480520E+5
1.482000E-2	0.000000E+0	1.487140E+5
1.484000E-2	0.000000E+0	1.480710E+5
1.486000E-2	0.000000E+0	1.488400E+5
1.488000E-2	0.000000E+0	1.486650E+5
1.490000E-2	0.000000E+0	1.489170E+5
1.492000E-2	0.000000E+0	1.492550E+5
1.494000E-2	0.000000E+0	1.497390E+5
1.496000E-2	0.000000E+0	1.489220E+5
1.498000E-2	0.000000E+0	1.490130E+5
1.500000E-2	0.000000E+0	1.499810E+5
1.502000E-2	0.000000E+0	1.487320E+5
1.504000E-2	0.000000E+0	1.496980E+5
1.506000E-2	0.000000E+0	1.492930E+5
1.508000E-2	0.000000E+0	1.496830E+5
1.510000E-2	0.000000E+0	1.490270E+5
1.512000E-2	0.000000E+0	1.488700E+5
1.514000E-2	0.000000E+0	1.496320E+5
1.516000E-2	0.000000E+0	1.494460E+5
1.518000E-2	0.000000E+0	1.495940E+5
1.520000E-2	0.000000E+0	1.490340E+5
1.522000E-2	0.000000E+0	1.495700E+5
1.524000E-2	0.000000E+0	1.487080E+5
1.526000E-2	0.000000E+0	1.493420E+5
1.528000E-2	0.000000E+0	1.490320E+5
1.530000E-2	0.000000E+0	1.487350E+5
1.532000E-2	0.000000E+0	1.489250E+5
1.534000E-2	0.000000E+0	1.485830E+5
1.536000E-2	0.000000E+0	1.487230E+5
1.538000E-2	0.000000E+0	1.490070E+5
1.540000E-2	0.000000E+0	1.489460E+5
1.542000E-2	0.000000E+0	1.482350E+5
1.544000E-2	0.000000E+0	1.481810E+5
1.546000E-2	0.000000E+0	1.493050E+5
1.548000E-2	0.000000E+0	1.490480E+5
1.550000E-2	0.000000E+0	1.490380E+5
1.552000E-2	0.000000E+0	1.491210E+5
1.554000E-2	0.000000E+0	1.488010E+5
1.556000E-2	0.000000E+0	1.502790E+5
1.558000E-2	0.000000E+0	1.492740E+5
1.560000E-2	0.000000E+0	1.496510E+5
1.562000E-2	0.000000E+0	1.489220E+5
1.564000E-2	0.000000E+0	1.486250E+5
1.566000E-2	0.000000E+0	1.488200E+5
1.568000E-2	0.000000E+0	1.480770E+5
1.570000E-2	0.000000E+0	1.493220E+5
1.572000E-2	0.000000E+0	1.488320E+5
1.574000E-2	0.000000E+0	1.492640E+5
1.576000E-2	0.000000E+0	1.490390E+5
1.578000E-2	0.000000E+0	1.489700E+5
1.580000E-2	0.000000E+0	1.480490E+5
1.582000E-2	0.000000E+0	1.483490E+5
1.584000E-2	0.000000E+0	1.476290E+5
1.586000E-2	0.000000E+0	1.487940E+5
1.588000E-2	0.000000E+0	1.485790E+5
1.590000E-2	0.000000E+0	1.479180E+5
1.592000E-2	0.000000E+0	1.488050E+5
1.594000E-2	0.000000E+0	1.490850E+5
1.596000E-2	0.000000E+0	1.494460E+5
1.598000E-2	0.000000E+0	1.490970E+5
1.600000E-2	0.000000E+0	1.495960E+5
1.602000E-2	0.000000E+0	1.494790E+5
1.604000E-2	0.000000E+0	1.495430E+5
1.606000E-2	0.000000E+0	1.489920E+5
1.608000E-2	0.000000E+0	1.495700E+5
1.610000E-2	0.000000E+0	1.492420E+5
1.612000E-2	0.000000E+0	1.491550E+5
1.614000E-2	0.000000E+0	1.492860E+5
1.616000E-2	0.000000E+0	1.495710E+5
1.618000E-2	0.000000E+0	1.500540E+5
1.620000E-2	0.000000E+0	1.498470E+5
1.622000E-2	0.000000E+0	1.492230E+5
1.624000E-2	0.000000E+0	1.501190E+5
1.626000E-2	0.000000E+0	1.491190E+5
1.628000E-2	0.000000E+0	1.493400E+5
1.630000E-2	0.000000E+0	1.475940E+5
1.632000E-2	0.000000E+0	1.485920E+5
1.634000E-2	0.000000E+0	1.479080E+5
1.636000E-2	0.000000E+0	1.479960E+5
1.638000E-2	0.000000E+0	1.479000E+5
1.640000E-2	0.000000E+0	1.475260E+5
1.642000E-2	0.000000E+0	1.479600E+5
1.644000E-2	0.000000E+0	1.474010E+5
1.646000E-2	0.000000E+0	1.472510E+5
1.648000E-2	0.000000E+0	1.472010E+5
1.650000E-2	0.000000E+0	1.474910E+5
1.652000E-2	0.000000E+0	1.479500E+5
1.654000E-2	0.000000E+0	1.478070E+5
1.656000E-2	0.000000E+0	1.482900E+5
1.658000E-2	0.000000E+0	1.480610E+5
1.660000E-2	0.000000E+0	1.484020E+5
1.662000E-2	0.000000E+0	1.495660E+5
1.664000E-2	0.000000E+0	1.482790E+5
1.666000E-2	0.000000E+0	1.486050E+5
1.668000E-2	0.000000E+0	1.496310E+5
1.670000E-2	0.000000E+0	1.488310E+5
1.672000E-2	0.000000E+0	1.493970E+5
1.674000E-2	0.000000E+0	1.497340E+5
1.676000E-2	0.000000E+0	1.488250E+5
1.678000E-2	0.000000E+0	1.497130E+5
1.680000E-2	0.000000E+0	1.493030E+5
1.682000E-2	0.000000E+0	1.502770E+5
1.684000E-2	0.000000E+0	1.499620E+5
1.686000E-2	0.000000E+0	1.489290E+5
1.688000E-2	0.000000E+0	1.494030E+5
1.690000E-2	0.000000E+0	1.493570E+5
1.692000E-2	0.000000E+0	1.486410E+5
1.694000E-2	0.000000E+0	1.488350E+5
1.696000E-2	0.000000E+0	1.495850E+5
1.698000E-2	0.000000E+0	1.490240E+5
1.700000E-2	0.000000E+0	1.490130E+5
1.702000E-2	0.000000E+0	1.491250E+5
1.704000E-2	0.000000E+0	1.487550E+5
1.706000E-2	0.000000E+0	1.482820E+5
1.708000E-2	0.000000E+0	1.479990E+5
1.710000E-2	0.000000E+0	1.470570E+5
1.712000E-2	0.000000E+0	1.472300E+5
1.714000E-2	0.000000E+0	1.475630E+5
1.716000E-2	0.000000E+0	1.467010E+5
1.718000E-2	0.000000E+0	1.466060E+5
1.720000E-2	0.000000E+0	1.464390E+5
1.722000E-2	0.000000E+0	1.464050E+5
1.724000E-2	0.000000E+0	1.460530E+5
1.726000E-2	0.000000E+0	1.470130E+5
1.728000E-2	0.000000E+0	1.474250E+5
1.730000E-2	0.000000E+0	1.473080E+5
1.732000E-2	0.000000E+0	1.478980E+5
1.734000E-2	0.000000E+0	1.478560E+5
1.736000E-2	0.000000E+0	1.487080E+5
1.738000E-2	0.000000E+0	1.483930E+5
1.740000E-2	0.000000E+0	1.487150E+5
1.742000E-2	0.000000E+0	1.491600E+5
1.744000E-2	0.000000E+0	1.487740E+5
1.746000E-2	0.000000E+0	1.493050E+5
1.748000E-2	0.000000E+0	1.489620E+5
1.750000E-2	0.000000E+0	1.493580E+5
1.752000E-2	0.000000E+0	1.492480E+5
1.754000E-2	0.000000E+0	1.497320E+5
1.756000E-2	0.000000E+0	1.493900E+5
1.758000E-2	0.000000E+0	1.498350E+5
1.760000E-2	0.000000E+0	1.495280E+5
1.762000E-2	0.000000E+0	1.493890E+5
1.764000E-2	0.000000E+0	1.488330E+5
1.766000E-2	0.000000E+0	1.495860E+5
1.768000E-2	0.000000E+0	1.499780E+5
1.770000E-2	0.000000E+0	1.499150E+5
1.772000E-2	0.000000E+0	1.497650E+5
1.774000E-2	0.000000E+0	1.492300E+5
1.776000E-2	0.000000E+0	1.498980E+5
1.778000E-2	0.000000E+0	1.493730E+5
1.780000E-2	0.000000E+0	1.491260E+5
1.782000E-2	0.000000E+0	1.496570E+5
1.784000E-2	0.000000E+0	1.493270E+5
1.786000E-2	0.000000E+0	1.500180E+5
1.788000E-2	0.000000E+0	1.492360E+5
1.790000E-2	0.000000E+0	1.486260E+5
1.792000E-2	0.000000E+0	1.489270E+5
1.794000E-2	0.000000E+0	1.498630E+5
1.796000E-2	0.000000E+0	1.496810E+5
1.798000E-2	0.000000E+0	1.495860E+5
1.800000E-2	0.000000E+0	1.496150E+5
1.802000E-2	0.000000E+0	1.498100E+5
1.804000E-2	0.000000E+0	1.493970E+5
1.806000E-2	0.000000E+0	1.494460E+5
1.808000E-2	0.000000E+0	1.496720E+5
1.810000E-2	0.000000E+0	1.499430E+5
1.812000E-2	0.000000E+0	1.498800E+5
1.814000E-2	0.000000E+0	1.494810E+5
1.816000E-2	0.000000E+0	1.492660E+5
1.818000E-2	0.000000E+0	1.487310E+5
1.820000E-2	0.000000E+0	1.495460E+5
1.822000E-2	0.000000E+0	1.494280E+5
1.824000E-2	0.000000E+0	1.493520E+5
1.826000E-2	0.000000E+0	1.494740E+5
1.828000E-2	0.000000E+0	1.485570E+5
1.830000E-2	0.000000E+0	1.494250E+5
1.832000E-2	0.000000E+0	1.498040E+5
1.834000E-2	0.000000E+0	1.498580E+5
1.836000E-2	0.000000E+0	1.489840E+5
1.838000E-2	0.000000E+0	1.495390E+5
1.840000E-2	0.000000E+0	1.498400E+5
1.842000E-2	0.000000E+0	1.494960E+5
1.844000E-2	0.000000E+0	1.494690E+5
1.846000E-2	0.000000E+0	1.492340E+5
1.848000E-2	0.000000E+0	1.489440E+5
1.850000E-2	0.000000E+0	1.492250E+5
1.852000E-2	0.000000E+0	1.497590E+5
1.854000E-2	0.000000E+0	1.491140E+5
1.856000E-2	0.000000E+0	1.492010E+5
1.858000E-2	0.000000E+0	1.493270E+5
1.860000E-2	0.000000E+0	1.491560E+5
1.862000E-2	0.000000E+0	1.489820E+5
1.864000E-2	0.000000E+0	1.494430E+5
1.866000E-2	0.000000E+0	1.486050E+5
1.868000E-2	0.000000E+0	1.489030E+5
1.870000E-2	0.000000E+0	1.493360E+5
1.872000E-2	0.000000E+0	1.495890E+5
1.874000E-2	0.000000E+0	1.501430E+5
1.876000E-2	0.000000E+0	1.496840E+5
1.878000E-2	0.000000E+0	1.500050E+5
1.880000E-2	0.000000E+0	1.491380E+5
1.882000E-2	0.000000E+0	1.498450E+5
1.884000E-2	0.000000E+0	1.489450E+5
1.886000E-2	0.000000E+0	1.495720E+5
1.888000E-2	0.000000E+0	1.496700E+5
1.890000E-2	0.000000E+0	1.492640E+5
1.892000E-2	0.000000E+0	1.490330E+5
1.894000E-2	0.000000E+0	1.491510E+5
1.896000E-2	0.000000E+0	1.494680E+5
1.898000E-2	0.000000E+0	1.491860E+5
1.900000E-2	0.000000E+0	1.498920E+5
1.902000E-2	0.000000E+0	1.499110E+5
1.904000E-2	0.000000E+0	1.494850E+5
1.906000E-2	0.000000E+0	1.496580E+5
1.908000E-2	0.000000E+0	1.498880E+5
1.910000E-2	0.000000E+0	1.490080E+5
1.912000E-2	0.000000E+0	1.500490E+5
1.914000E-2	0.000000E+0	1.491550E+5
1.916000E-2	0.000000E+0	1.494660E+5
1.918000E-2	0.000000E+0	1.498670E+5
1.920000E-2	0.000000E+0	1.490910E+5
1.922000E-2	0.000000E+0	1.491410E+5
1.924000E-2	0.000000E+0	1.489030E+5
1.926000E-2	0.000000E+0	1.492530E+5
1.928000E-2	0.000000E+0	1.496100E+5
1.930000E-2	0.000000E+0	1.490790E+5
1.932000E-2	0.000000E+0	1.494970E+5
1.934000E-2	0.000000E+0	1.496900E+5
1.936000E-2	0.000000E+0	1.493160E+5
1.938000E-2	0.000000E+0	1.494650E+5
1.940000E-2	0.000000E+0	1.492230E+5
1.942000E-2	0.000000E+0	1.490690E+5
1.944000E-2	0.000000E+0	1.493390E+5
1.946000E-2	0.000000E+0	1.494240E+5
1.948000E-2	0.000000E+0	1.492300E+5
1.950000E-2	0.000000E+0	1.491870E+5
1.952000E-2	0.000000E+0	1.494010E+5
1.954000E-2	0.000000E+0	1.491260E+5
1.956000E-2	0.000000E+0	1.494940E+5
1.958000E-2	0.000000E+0	1.491020E+5
1.960000E-2	0.000000E+0	1.494050E+5
1.962000E-2	0.000000E+0	1.494310E+5
1.964000E-2	0.000000E+0	1.495380E+5
1.966000E-2	0.000000E+0	1.495790E+5
1.968000E-2	0.000000E+0	1.494170E+5
1.970000E-2	0.000000E+0	1.500140E+5
1.972000E-2	0.000000E+0	1.492770E+5
1.974000E-2	0.000000E+0	1.494920E+5
1.976000E-2	0.000000E+0	1.488210E+5
1.978000E-2	0.000000E+0	1.492170E+5
1.980000E-2	0.000000E+0	1.500870E+5
1.982000E-2	0.000000E+0	1.494620E+5
1.984000E-2	0.000000E+0	1.498580E+5
1.986000E-2	0.000000E+0	1.495060E+5
1.988000E-2	0.000000E+0	1.494380E+5
1.990000E-2	0.000000E+0	1.494540E+5
1.992000E-2	0.000000E+0	1.490310E+5
1.994000E-2	0.000000E+0	1.494430E+5
1.996000E-2	0.000000E+0	1.498310E+5
1.998000E-2	0.000000E+0	1.489350E+5
