

live time:  34794.260000
real time:  46809.261000
sweeps:  1739713.000000
0.000000E+0	0.000000E+0	0.000000E+0
2.000000E-5	0.000000E+0	8.537600E+4
4.000000E-5	0.000000E+0	8.468000E+4
6.000000E-5	0.000000E+0	8.437100E+4
8.000000E-5	0.000000E+0	8.494300E+4
1.000000E-4	0.000000E+0	8.530400E+4
1.200000E-4	0.000000E+0	8.500300E+4
1.400000E-4	0.000000E+0	8.472600E+4
1.600000E-4	0.000000E+0	8.506300E+4
1.800000E-4	0.000000E+0	8.540300E+4
2.000000E-4	0.000000E+0	8.496600E+4
2.200000E-4	0.000000E+0	8.500400E+4
2.400000E-4	0.000000E+0	8.512600E+4
2.600000E-4	0.000000E+0	8.559000E+4
2.800000E-4	0.000000E+0	8.562600E+4
3.000000E-4	0.000000E+0	8.523300E+4
3.200000E-4	0.000000E+0	8.527000E+4
3.400000E-4	0.000000E+0	8.462000E+4
3.600000E-4	0.000000E+0	8.469500E+4
3.800000E-4	0.000000E+0	8.500200E+4
4.000000E-4	0.000000E+0	8.522100E+4
4.200000E-4	0.000000E+0	8.541100E+4
4.400000E-4	0.000000E+0	8.525700E+4
4.600000E-4	0.000000E+0	8.514100E+4
4.800000E-4	0.000000E+0	8.470600E+4
5.000000E-4	0.000000E+0	8.494500E+4
5.200000E-4	0.000000E+0	8.480000E+4
5.400000E-4	0.000000E+0	8.516200E+4
5.600000E-4	0.000000E+0	8.473400E+4
5.800000E-4	0.000000E+0	8.505400E+4
6.000000E-4	0.000000E+0	8.493300E+4
6.200000E-4	0.000000E+0	8.471600E+4
6.400000E-4	0.000000E+0	8.540600E+4
6.600000E-4	0.000000E+0	8.499100E+4
6.800000E-4	0.000000E+0	8.494300E+4
7.000000E-4	0.000000E+0	8.511200E+4
7.200000E-4	0.000000E+0	8.547400E+4
7.400000E-4	0.000000E+0	8.492500E+4
7.600000E-4	0.000000E+0	8.517900E+4
7.800000E-4	0.000000E+0	8.467000E+4
8.000000E-4	0.000000E+0	8.558600E+4
8.200000E-4	0.000000E+0	8.475500E+4
8.400000E-4	0.000000E+0	8.542100E+4
8.600000E-4	0.000000E+0	8.448600E+4
8.800000E-4	0.000000E+0	8.515500E+4
9.000000E-4	0.000000E+0	8.484300E+4
9.200000E-4	0.000000E+0	8.463200E+4
9.400000E-4	0.000000E+0	8.481000E+4
9.600000E-4	0.000000E+0	8.493700E+4
9.800000E-4	0.000000E+0	8.527200E+4
1.000000E-3	0.000000E+0	8.510200E+4
1.020000E-3	0.000000E+0	8.539800E+4
1.040000E-3	0.000000E+0	8.532300E+4
1.060000E-3	0.000000E+0	8.523700E+4
1.080000E-3	0.000000E+0	8.515600E+4
1.100000E-3	0.000000E+0	8.510300E+4
1.120000E-3	0.000000E+0	8.520200E+4
1.140000E-3	0.000000E+0	8.489100E+4
1.160000E-3	0.000000E+0	8.491400E+4
1.180000E-3	0.000000E+0	8.516500E+4
1.200000E-3	0.000000E+0	8.468400E+4
1.220000E-3	0.000000E+0	8.485100E+4
1.240000E-3	0.000000E+0	8.475400E+4
1.260000E-3	0.000000E+0	8.530000E+4
1.280000E-3	0.000000E+0	8.495900E+4
1.300000E-3	0.000000E+0	8.527000E+4
1.320000E-3	0.000000E+0	8.462700E+4
1.340000E-3	0.000000E+0	8.518400E+4
1.360000E-3	0.000000E+0	8.479500E+4
1.380000E-3	0.000000E+0	8.547500E+4
1.400000E-3	0.000000E+0	8.482300E+4
1.420000E-3	0.000000E+0	8.497800E+4
1.440000E-3	0.000000E+0	8.488000E+4
1.460000E-3	0.000000E+0	8.482100E+4
1.480000E-3	0.000000E+0	8.494800E+4
1.500000E-3	0.000000E+0	8.478200E+4
1.520000E-3	0.000000E+0	8.551200E+4
1.540000E-3	0.000000E+0	8.526600E+4
1.560000E-3	0.000000E+0	8.483900E+4
1.580000E-3	0.000000E+0	8.482300E+4
1.600000E-3	0.000000E+0	8.497200E+4
1.620000E-3	0.000000E+0	8.513700E+4
1.640000E-3	0.000000E+0	8.529800E+4
1.660000E-3	0.000000E+0	8.514800E+4
1.680000E-3	0.000000E+0	8.505800E+4
1.700000E-3	0.000000E+0	8.477600E+4
1.720000E-3	0.000000E+0	8.485500E+4
1.740000E-3	0.000000E+0	8.459500E+4
1.760000E-3	0.000000E+0	8.445800E+4
1.780000E-3	0.000000E+0	8.493400E+4
1.800000E-3	0.000000E+0	8.539400E+4
1.820000E-3	0.000000E+0	8.513600E+4
1.840000E-3	0.000000E+0	8.496700E+4
1.860000E-3	0.000000E+0	8.483200E+4
1.880000E-3	0.000000E+0	8.486700E+4
1.900000E-3	0.000000E+0	8.493400E+4
1.920000E-3	0.000000E+0	8.474600E+4
1.940000E-3	0.000000E+0	8.517200E+4
1.960000E-3	0.000000E+0	8.482400E+4
1.980000E-3	0.000000E+0	8.531500E+4
2.000000E-3	0.000000E+0	8.495100E+4
2.020000E-3	0.000000E+0	8.501500E+4
2.040000E-3	0.000000E+0	8.484900E+4
2.060000E-3	0.000000E+0	8.555000E+4
2.080000E-3	0.000000E+0	8.491200E+4
2.100000E-3	0.000000E+0	8.468100E+4
2.120000E-3	0.000000E+0	8.503800E+4
2.140000E-3	0.000000E+0	8.502600E+4
2.160000E-3	0.000000E+0	8.488300E+4
2.180000E-3	0.000000E+0	8.496700E+4
2.200000E-3	0.000000E+0	8.512100E+4
2.220000E-3	0.000000E+0	8.454600E+4
2.240000E-3	0.000000E+0	8.498500E+4
2.260000E-3	0.000000E+0	8.520200E+4
2.280000E-3	0.000000E+0	8.530100E+4
2.300000E-3	0.000000E+0	8.480900E+4
2.320000E-3	0.000000E+0	8.460600E+4
2.340000E-3	0.000000E+0	8.561200E+4
2.360000E-3	0.000000E+0	8.505800E+4
2.380000E-3	0.000000E+0	8.491800E+4
2.400000E-3	0.000000E+0	8.483100E+4
2.420000E-3	0.000000E+0	8.465500E+4
2.440000E-3	0.000000E+0	8.479800E+4
2.460000E-3	0.000000E+0	8.521200E+4
2.480000E-3	0.000000E+0	8.488900E+4
2.500000E-3	0.000000E+0	8.465100E+4
2.520000E-3	0.000000E+0	8.527300E+4
2.540000E-3	0.000000E+0	8.462700E+4
2.560000E-3	0.000000E+0	8.488300E+4
2.580000E-3	0.000000E+0	8.504200E+4
2.600000E-3	0.000000E+0	8.547000E+4
2.620000E-3	0.000000E+0	8.457100E+4
2.640000E-3	0.000000E+0	8.488400E+4
2.660000E-3	0.000000E+0	8.480200E+4
2.680000E-3	0.000000E+0	8.463800E+4
2.700000E-3	0.000000E+0	8.480000E+4
2.720000E-3	0.000000E+0	8.479300E+4
2.740000E-3	0.000000E+0	8.513100E+4
2.760000E-3	0.000000E+0	8.520600E+4
2.780000E-3	0.000000E+0	8.523900E+4
2.800000E-3	0.000000E+0	8.485300E+4
2.820000E-3	0.000000E+0	8.442500E+4
2.840000E-3	0.000000E+0	8.493700E+4
2.860000E-3	0.000000E+0	8.459300E+4
2.880000E-3	0.000000E+0	8.477800E+4
2.900000E-3	0.000000E+0	8.499200E+4
2.920000E-3	0.000000E+0	8.517400E+4
2.940000E-3	0.000000E+0	8.545800E+4
2.960000E-3	0.000000E+0	8.496400E+4
2.980000E-3	0.000000E+0	8.507500E+4
3.000000E-3	0.000000E+0	8.529000E+4
3.020000E-3	0.000000E+0	8.518500E+4
3.040000E-3	0.000000E+0	8.444700E+4
3.060000E-3	0.000000E+0	8.515600E+4
3.080000E-3	0.000000E+0	8.498100E+4
3.100000E-3	0.000000E+0	8.498200E+4
3.120000E-3	0.000000E+0	8.499700E+4
3.140000E-3	0.000000E+0	8.506000E+4
3.160000E-3	0.000000E+0	8.487200E+4
3.180000E-3	0.000000E+0	8.473300E+4
3.200000E-3	0.000000E+0	8.450200E+4
3.220000E-3	0.000000E+0	8.427200E+4
3.240000E-3	0.000000E+0	8.518200E+4
3.260000E-3	0.000000E+0	8.506400E+4
3.280000E-3	0.000000E+0	8.489800E+4
3.300000E-3	0.000000E+0	8.480900E+4
3.320000E-3	0.000000E+0	8.447300E+4
3.340000E-3	0.000000E+0	8.473300E+4
3.360000E-3	0.000000E+0	8.503200E+4
3.380000E-3	0.000000E+0	8.472800E+4
3.400000E-3	0.000000E+0	8.468500E+4
3.420000E-3	0.000000E+0	8.447800E+4
3.440000E-3	0.000000E+0	8.426100E+4
3.460000E-3	0.000000E+0	8.341300E+4
3.480000E-3	0.000000E+0	8.378000E+4
3.500000E-3	0.000000E+0	8.405300E+4
3.520000E-3	0.000000E+0	8.369700E+4
3.540000E-3	0.000000E+0	8.368500E+4
3.560000E-3	0.000000E+0	8.322000E+4
3.580000E-3	0.000000E+0	8.335500E+4
3.600000E-3	0.000000E+0	8.265300E+4
3.620000E-3	0.000000E+0	8.265200E+4
3.640000E-3	0.000000E+0	8.274900E+4
3.660000E-3	0.000000E+0	8.353400E+4
3.680000E-3	0.000000E+0	8.419300E+4
3.700000E-3	0.000000E+0	8.359700E+4
3.720000E-3	0.000000E+0	8.342100E+4
3.740000E-3	0.000000E+0	8.453200E+4
3.760000E-3	0.000000E+0	8.438700E+4
3.780000E-3	0.000000E+0	8.383600E+4
3.800000E-3	0.000000E+0	8.461200E+4
3.820000E-3	0.000000E+0	8.470400E+4
3.840000E-3	0.000000E+0	8.491000E+4
3.860000E-3	0.000000E+0	8.493500E+4
3.880000E-3	0.000000E+0	8.496100E+4
3.900000E-3	0.000000E+0	8.550000E+4
3.920000E-3	0.000000E+0	8.545000E+4
3.940000E-3	0.000000E+0	8.511100E+4
3.960000E-3	0.000000E+0	8.510900E+4
3.980000E-3	0.000000E+0	8.526700E+4
4.000000E-3	0.000000E+0	8.441700E+4
4.020000E-3	0.000000E+0	8.502700E+4
4.040000E-3	0.000000E+0	8.571300E+4
4.060000E-3	0.000000E+0	8.481900E+4
4.080000E-3	0.000000E+0	8.462700E+4
4.100000E-3	0.000000E+0	8.468300E+4
4.120000E-3	0.000000E+0	8.531700E+4
4.140000E-3	0.000000E+0	8.433600E+4
4.160000E-3	0.000000E+0	8.451600E+4
4.180000E-3	0.000000E+0	8.460700E+4
4.200000E-3	0.000000E+0	8.427200E+4
4.220000E-3	0.000000E+0	8.468600E+4
4.240000E-3	0.000000E+0	8.438200E+4
4.260000E-3	0.000000E+0	8.442100E+4
4.280000E-3	0.000000E+0	8.409800E+4
4.300000E-3	0.000000E+0	8.374500E+4
4.320000E-3	0.000000E+0	8.305000E+4
4.340000E-3	0.000000E+0	8.383600E+4
4.360000E-3	0.000000E+0	8.369600E+4
4.380000E-3	0.000000E+0	8.356800E+4
4.400000E-3	0.000000E+0	8.444100E+4
4.420000E-3	0.000000E+0	8.403100E+4
4.440000E-3	0.000000E+0	8.421400E+4
4.460000E-3	0.000000E+0	8.414300E+4
4.480000E-3	0.000000E+0	8.454400E+4
4.500000E-3	0.000000E+0	8.433400E+4
4.520000E-3	0.000000E+0	8.439800E+4
4.540000E-3	0.000000E+0	8.486900E+4
4.560000E-3	0.000000E+0	8.497200E+4
4.580000E-3	0.000000E+0	8.398000E+4
4.600000E-3	0.000000E+0	8.466700E+4
4.620000E-3	0.000000E+0	8.483700E+4
4.640000E-3	0.000000E+0	8.519400E+4
4.660000E-3	0.000000E+0	8.460900E+4
4.680000E-3	0.000000E+0	8.500300E+4
4.700000E-3	0.000000E+0	8.505900E+4
4.720000E-3	0.000000E+0	8.500600E+4
4.740000E-3	0.000000E+0	8.479400E+4
4.760000E-3	0.000000E+0	8.481800E+4
4.780000E-3	0.000000E+0	8.493000E+4
4.800000E-3	0.000000E+0	8.461900E+4
4.820000E-3	0.000000E+0	8.461000E+4
4.840000E-3	0.000000E+0	8.482900E+4
4.860000E-3	0.000000E+0	8.418300E+4
4.880000E-3	0.000000E+0	8.425600E+4
4.900000E-3	0.000000E+0	8.443100E+4
4.920000E-3	0.000000E+0	8.472400E+4
4.940000E-3	0.000000E+0	8.413000E+4
4.960000E-3	0.000000E+0	8.439900E+4
4.980000E-3	0.000000E+0	8.434300E+4
5.000000E-3	0.000000E+0	8.422200E+4
5.020000E-3	0.000000E+0	8.437400E+4
5.040000E-3	0.000000E+0	8.435300E+4
5.060000E-3	0.000000E+0	8.445500E+4
5.080000E-3	0.000000E+0	8.443500E+4
5.100000E-3	0.000000E+0	8.445700E+4
5.120000E-3	0.000000E+0	8.451100E+4
5.140000E-3	0.000000E+0	8.511500E+4
5.160000E-3	0.000000E+0	8.427900E+4
5.180000E-3	0.000000E+0	8.477200E+4
5.200000E-3	0.000000E+0	8.496500E+4
5.220000E-3	0.000000E+0	8.495600E+4
5.240000E-3	0.000000E+0	8.439900E+4
5.260000E-3	0.000000E+0	8.572300E+4
5.280000E-3	0.000000E+0	8.497600E+4
5.300000E-3	0.000000E+0	8.496100E+4
5.320000E-3	0.000000E+0	8.499300E+4
5.340000E-3	0.000000E+0	8.490700E+4
5.360000E-3	0.000000E+0	8.509000E+4
5.380000E-3	0.000000E+0	8.420600E+4
5.400000E-3	0.000000E+0	8.465700E+4
5.420000E-3	0.000000E+0	8.438000E+4
5.440000E-3	0.000000E+0	8.458800E+4
5.460000E-3	0.000000E+0	8.418300E+4
5.480000E-3	0.000000E+0	8.416700E+4
5.500000E-3	0.000000E+0	8.446800E+4
5.520000E-3	0.000000E+0	8.452500E+4
5.540000E-3	0.000000E+0	8.451000E+4
5.560000E-3	0.000000E+0	8.489000E+4
5.580000E-3	0.000000E+0	8.450400E+4
5.600000E-3	0.000000E+0	8.421600E+4
5.620000E-3	0.000000E+0	8.456400E+4
5.640000E-3	0.000000E+0	8.503600E+4
5.660000E-3	0.000000E+0	8.503700E+4
5.680000E-3	0.000000E+0	8.463500E+4
5.700000E-3	0.000000E+0	8.463800E+4
5.720000E-3	0.000000E+0	8.498500E+4
5.740000E-3	0.000000E+0	8.491200E+4
5.760000E-3	0.000000E+0	8.475300E+4
5.780000E-3	0.000000E+0	8.449200E+4
5.800000E-3	0.000000E+0	8.501500E+4
5.820000E-3	0.000000E+0	8.453200E+4
5.840000E-3	0.000000E+0	8.508800E+4
5.860000E-3	0.000000E+0	8.472500E+4
5.880000E-3	0.000000E+0	8.471700E+4
5.900000E-3	0.000000E+0	8.537200E+4
5.920000E-3	0.000000E+0	8.508600E+4
5.940000E-3	0.000000E+0	8.457800E+4
5.960000E-3	0.000000E+0	8.423900E+4
5.980000E-3	0.000000E+0	8.438400E+4
6.000000E-3	0.000000E+0	8.430500E+4
6.020000E-3	0.000000E+0	8.402500E+4
6.040000E-3	0.000000E+0	8.405400E+4
6.060000E-3	0.000000E+0	8.388400E+4
6.080000E-3	0.000000E+0	8.371100E+4
6.100000E-3	0.000000E+0	8.395200E+4
6.120000E-3	0.000000E+0	8.346000E+4
6.140000E-3	0.000000E+0	8.352800E+4
6.160000E-3	0.000000E+0	8.348800E+4
6.180000E-3	0.000000E+0	8.320000E+4
6.200000E-3	0.000000E+0	8.410200E+4
6.220000E-3	0.000000E+0	8.449800E+4
6.240000E-3	0.000000E+0	8.398500E+4
6.260000E-3	0.000000E+0	8.456700E+4
6.280000E-3	0.000000E+0	8.455800E+4
6.300000E-3	0.000000E+0	8.443400E+4
6.320000E-3	0.000000E+0	8.499000E+4
6.340000E-3	0.000000E+0	8.494000E+4
6.360000E-3	0.000000E+0	8.479200E+4
6.380000E-3	0.000000E+0	8.474600E+4
6.400000E-3	0.000000E+0	8.468900E+4
6.420000E-3	0.000000E+0	8.492500E+4
6.440000E-3	0.000000E+0	8.472700E+4
6.460000E-3	0.000000E+0	8.453300E+4
6.480000E-3	0.000000E+0	8.511200E+4
6.500000E-3	0.000000E+0	8.497200E+4
6.520000E-3	0.000000E+0	8.511800E+4
6.540000E-3	0.000000E+0	8.468400E+4
6.560000E-3	0.000000E+0	8.492800E+4
6.580000E-3	0.000000E+0	8.461400E+4
6.600000E-3	0.000000E+0	8.456100E+4
6.620000E-3	0.000000E+0	8.422000E+4
6.640000E-3	0.000000E+0	8.404200E+4
6.660000E-3	0.000000E+0	8.365900E+4
6.680000E-3	0.000000E+0	8.425800E+4
6.700000E-3	0.000000E+0	8.381700E+4
6.720000E-3	0.000000E+0	8.400300E+4
6.740000E-3	0.000000E+0	8.365500E+4
6.760000E-3	0.000000E+0	8.345400E+4
6.780000E-3	0.000000E+0	8.286300E+4
6.800000E-3	0.000000E+0	8.273600E+4
6.820000E-3	0.000000E+0	8.245500E+4
6.840000E-3	0.000000E+0	8.326800E+4
6.860000E-3	0.000000E+0	8.412600E+4
6.880000E-3	0.000000E+0	8.307800E+4
6.900000E-3	0.000000E+0	8.342700E+4
6.920000E-3	0.000000E+0	8.420400E+4
6.940000E-3	0.000000E+0	8.401200E+4
6.960000E-3	0.000000E+0	8.463200E+4
6.980000E-3	0.000000E+0	8.424600E+4
7.000000E-3	0.000000E+0	8.431800E+4
7.020000E-3	0.000000E+0	8.486000E+4
7.040000E-3	0.000000E+0	8.473200E+4
7.060000E-3	0.000000E+0	8.547900E+4
7.080000E-3	0.000000E+0	8.465900E+4
7.100000E-3	0.000000E+0	8.557300E+4
7.120000E-3	0.000000E+0	8.451900E+4
7.140000E-3	0.000000E+0	8.438800E+4
7.160000E-3	0.000000E+0	8.447300E+4
7.180000E-3	0.000000E+0	8.426800E+4
7.200000E-3	0.000000E+0	8.462600E+4
7.220000E-3	0.000000E+0	8.514600E+4
7.240000E-3	0.000000E+0	8.456300E+4
7.260000E-3	0.000000E+0	8.477100E+4
7.280000E-3	0.000000E+0	8.446900E+4
7.300000E-3	0.000000E+0	8.516600E+4
7.320000E-3	0.000000E+0	8.527100E+4
7.340000E-3	0.000000E+0	8.511000E+4
7.360000E-3	0.000000E+0	8.437200E+4
7.380000E-3	0.000000E+0	8.474800E+4
7.400000E-3	0.000000E+0	8.488900E+4
7.420000E-3	0.000000E+0	8.459800E+4
7.440000E-3	0.000000E+0	8.477500E+4
7.460000E-3	0.000000E+0	8.536100E+4
7.480000E-3	0.000000E+0	8.550900E+4
7.500000E-3	0.000000E+0	8.539100E+4
7.520000E-3	0.000000E+0	8.543900E+4
7.540000E-3	0.000000E+0	8.487100E+4
7.560000E-3	0.000000E+0	8.482300E+4
7.580000E-3	0.000000E+0	8.457500E+4
7.600000E-3	0.000000E+0	8.541000E+4
7.620000E-3	0.000000E+0	8.482800E+4
7.640000E-3	0.000000E+0	8.464900E+4
7.660000E-3	0.000000E+0	8.499500E+4
7.680000E-3	0.000000E+0	8.487500E+4
7.700000E-3	0.000000E+0	8.520200E+4
7.720000E-3	0.000000E+0	8.494400E+4
7.740000E-3	0.000000E+0	8.560900E+4
7.760000E-3	0.000000E+0	8.510600E+4
7.780000E-3	0.000000E+0	8.515400E+4
7.800000E-3	0.000000E+0	8.478600E+4
7.820000E-3	0.000000E+0	8.521700E+4
7.840000E-3	0.000000E+0	8.528200E+4
7.860000E-3	0.000000E+0	8.503100E+4
7.880000E-3	0.000000E+0	8.497400E+4
7.900000E-3	0.000000E+0	8.505400E+4
7.920000E-3	0.000000E+0	8.527800E+4
7.940000E-3	0.000000E+0	8.469800E+4
7.960000E-3	0.000000E+0	8.480000E+4
7.980000E-3	0.000000E+0	8.469300E+4
8.000000E-3	0.000000E+0	8.476200E+4
8.020000E-3	0.000000E+0	8.497700E+4
8.040000E-3	0.000000E+0	8.455500E+4
8.060000E-3	0.000000E+0	8.484500E+4
8.080000E-3	0.000000E+0	8.518800E+4
8.100000E-3	0.000000E+0	8.480900E+4
8.120000E-3	0.000000E+0	8.471200E+4
8.140000E-3	0.000000E+0	8.508200E+4
8.160000E-3	0.000000E+0	8.521500E+4
8.180000E-3	0.000000E+0	8.526600E+4
8.200000E-3	0.000000E+0	8.536100E+4
8.220000E-3	0.000000E+0	8.519400E+4
8.240000E-3	0.000000E+0	8.464500E+4
8.260000E-3	0.000000E+0	8.457000E+4
8.280000E-3	0.000000E+0	8.439400E+4
8.300000E-3	0.000000E+0	8.468700E+4
8.320000E-3	0.000000E+0	8.483400E+4
8.340000E-3	0.000000E+0	8.560800E+4
8.360000E-3	0.000000E+0	8.507500E+4
8.380000E-3	0.000000E+0	8.459400E+4
8.400000E-3	0.000000E+0	8.523200E+4
8.420000E-3	0.000000E+0	8.515700E+4
8.440000E-3	0.000000E+0	8.522800E+4
8.460000E-3	0.000000E+0	8.510500E+4
8.480000E-3	0.000000E+0	8.486200E+4
8.500000E-3	0.000000E+0	8.543600E+4
8.520000E-3	0.000000E+0	8.479500E+4
8.540000E-3	0.000000E+0	8.450400E+4
8.560000E-3	0.000000E+0	8.489300E+4
8.580000E-3	0.000000E+0	8.503500E+4
8.600000E-3	0.000000E+0	8.480800E+4
8.620000E-3	0.000000E+0	8.494500E+4
8.640000E-3	0.000000E+0	8.508900E+4
8.660000E-3	0.000000E+0	8.522700E+4
8.680000E-3	0.000000E+0	8.511100E+4
8.700000E-3	0.000000E+0	8.452800E+4
8.720000E-3	0.000000E+0	8.496300E+4
8.740000E-3	0.000000E+0	8.483600E+4
8.760000E-3	0.000000E+0	8.482800E+4
8.780000E-3	0.000000E+0	8.509600E+4
8.800000E-3	0.000000E+0	8.488100E+4
8.820000E-3	0.000000E+0	8.513100E+4
8.840000E-3	0.000000E+0	8.546700E+4
8.860000E-3	0.000000E+0	8.517300E+4
8.880000E-3	0.000000E+0	8.514800E+4
8.900000E-3	0.000000E+0	8.524500E+4
8.920000E-3	0.000000E+0	8.513000E+4
8.940000E-3	0.000000E+0	8.507300E+4
8.960000E-3	0.000000E+0	8.522900E+4
8.980000E-3	0.000000E+0	8.549800E+4
9.000000E-3	0.000000E+0	8.528500E+4
9.020000E-3	0.000000E+0	8.538300E+4
9.040000E-3	0.000000E+0	8.481200E+4
9.060000E-3	0.000000E+0	8.532700E+4
9.080000E-3	0.000000E+0	8.488000E+4
9.100000E-3	0.000000E+0	8.468200E+4
9.120000E-3	0.000000E+0	8.513300E+4
9.140000E-3	0.000000E+0	8.474400E+4
9.160000E-3	0.000000E+0	8.527900E+4
9.180000E-3	0.000000E+0	8.502700E+4
9.200000E-3	0.000000E+0	8.508600E+4
9.220000E-3	0.000000E+0	8.491300E+4
9.240000E-3	0.000000E+0	8.528000E+4
9.260000E-3	0.000000E+0	8.487300E+4
9.280000E-3	0.000000E+0	8.516000E+4
9.300000E-3	0.000000E+0	8.512900E+4
9.320000E-3	0.000000E+0	8.511200E+4
9.340000E-3	0.000000E+0	8.521300E+4
9.360000E-3	0.000000E+0	8.482600E+4
9.380000E-3	0.000000E+0	8.522000E+4
9.400000E-3	0.000000E+0	8.482200E+4
9.420000E-3	0.000000E+0	8.500000E+4
9.440000E-3	0.000000E+0	8.497500E+4
9.460000E-3	0.000000E+0	8.453300E+4
9.480000E-3	0.000000E+0	8.480100E+4
9.500000E-3	0.000000E+0	8.458900E+4
9.520000E-3	0.000000E+0	8.465400E+4
9.540000E-3	0.000000E+0	8.470000E+4
9.560000E-3	0.000000E+0	8.488400E+4
9.580000E-3	0.000000E+0	8.413500E+4
9.600000E-3	0.000000E+0	8.563400E+4
9.620000E-3	0.000000E+0	8.445000E+4
9.640000E-3	0.000000E+0	8.501900E+4
9.660000E-3	0.000000E+0	8.520900E+4
9.680000E-3	0.000000E+0	8.474500E+4
9.700000E-3	0.000000E+0	8.503800E+4
9.720000E-3	0.000000E+0	8.478300E+4
9.740000E-3	0.000000E+0	8.489600E+4
9.760000E-3	0.000000E+0	8.523400E+4
9.780000E-3	0.000000E+0	8.454600E+4
9.800000E-3	0.000000E+0	8.464300E+4
9.820000E-3	0.000000E+0	8.515000E+4
9.840000E-3	0.000000E+0	8.464500E+4
9.860000E-3	0.000000E+0	8.506600E+4
9.880000E-3	0.000000E+0	8.502300E+4
9.900000E-3	0.000000E+0	8.499900E+4
9.920000E-3	0.000000E+0	8.447100E+4
9.940000E-3	0.000000E+0	8.527900E+4
9.960000E-3	0.000000E+0	8.565200E+4
9.980000E-3	0.000000E+0	8.560300E+4
1.000000E-2	0.000000E+0	8.471200E+4
1.002000E-2	0.000000E+0	8.548700E+4
1.004000E-2	0.000000E+0	8.439100E+4
1.006000E-2	0.000000E+0	8.555000E+4
1.008000E-2	0.000000E+0	8.527200E+4
1.010000E-2	0.000000E+0	8.466200E+4
1.012000E-2	0.000000E+0	8.538300E+4
1.014000E-2	0.000000E+0	8.510700E+4
1.016000E-2	0.000000E+0	8.510800E+4
1.018000E-2	0.000000E+0	8.528100E+4
1.020000E-2	0.000000E+0	8.537000E+4
1.022000E-2	0.000000E+0	8.493900E+4
1.024000E-2	0.000000E+0	8.562200E+4
1.026000E-2	0.000000E+0	8.524200E+4
1.028000E-2	0.000000E+0	8.524600E+4
1.030000E-2	0.000000E+0	8.529700E+4
1.032000E-2	0.000000E+0	8.471600E+4
1.034000E-2	0.000000E+0	8.481200E+4
1.036000E-2	0.000000E+0	8.523100E+4
1.038000E-2	0.000000E+0	8.493700E+4
1.040000E-2	0.000000E+0	8.530900E+4
1.042000E-2	0.000000E+0	8.497800E+4
1.044000E-2	0.000000E+0	8.478400E+4
1.046000E-2	0.000000E+0	8.547800E+4
1.048000E-2	0.000000E+0	8.502400E+4
1.050000E-2	0.000000E+0	8.514400E+4
1.052000E-2	0.000000E+0	8.497100E+4
1.054000E-2	0.000000E+0	8.502500E+4
1.056000E-2	0.000000E+0	8.562900E+4
1.058000E-2	0.000000E+0	8.500800E+4
1.060000E-2	0.000000E+0	8.499200E+4
1.062000E-2	0.000000E+0	8.518700E+4
1.064000E-2	0.000000E+0	8.455400E+4
1.066000E-2	0.000000E+0	8.543700E+4
1.068000E-2	0.000000E+0	8.483000E+4
1.070000E-2	0.000000E+0	8.493300E+4
1.072000E-2	0.000000E+0	8.490700E+4
1.074000E-2	0.000000E+0	8.525600E+4
1.076000E-2	0.000000E+0	8.530000E+4
1.078000E-2	0.000000E+0	8.498700E+4
1.080000E-2	0.000000E+0	8.500600E+4
1.082000E-2	0.000000E+0	8.502200E+4
1.084000E-2	0.000000E+0	8.464400E+4
1.086000E-2	0.000000E+0	8.502400E+4
1.088000E-2	0.000000E+0	8.541000E+4
1.090000E-2	0.000000E+0	8.491600E+4
1.092000E-2	0.000000E+0	8.476300E+4
1.094000E-2	0.000000E+0	8.495600E+4
1.096000E-2	0.000000E+0	8.542700E+4
1.098000E-2	0.000000E+0	8.493300E+4
1.100000E-2	0.000000E+0	8.479800E+4
1.102000E-2	0.000000E+0	8.514600E+4
1.104000E-2	0.000000E+0	8.485200E+4
1.106000E-2	0.000000E+0	8.472200E+4
1.108000E-2	0.000000E+0	8.514100E+4
1.110000E-2	0.000000E+0	8.482300E+4
1.112000E-2	0.000000E+0	8.570800E+4
1.114000E-2	0.000000E+0	8.485200E+4
1.116000E-2	0.000000E+0	8.480400E+4
1.118000E-2	0.000000E+0	8.498800E+4
1.120000E-2	0.000000E+0	8.484200E+4
1.122000E-2	0.000000E+0	8.487700E+4
1.124000E-2	0.000000E+0	8.492100E+4
1.126000E-2	0.000000E+0	8.519200E+4
1.128000E-2	0.000000E+0	8.506400E+4
1.130000E-2	0.000000E+0	8.503600E+4
1.132000E-2	0.000000E+0	8.488000E+4
1.134000E-2	0.000000E+0	8.545400E+4
1.136000E-2	0.000000E+0	8.486700E+4
1.138000E-2	0.000000E+0	8.501100E+4
1.140000E-2	0.000000E+0	8.481500E+4
1.142000E-2	0.000000E+0	8.536100E+4
1.144000E-2	0.000000E+0	8.479700E+4
1.146000E-2	0.000000E+0	8.558700E+4
1.148000E-2	0.000000E+0	8.464700E+4
1.150000E-2	0.000000E+0	8.465200E+4
1.152000E-2	0.000000E+0	8.549600E+4
1.154000E-2	0.000000E+0	8.493900E+4
1.156000E-2	0.000000E+0	8.543000E+4
1.158000E-2	0.000000E+0	8.512900E+4
1.160000E-2	0.000000E+0	8.527500E+4
1.162000E-2	0.000000E+0	8.472400E+4
1.164000E-2	0.000000E+0	8.506900E+4
1.166000E-2	0.000000E+0	8.512800E+4
1.168000E-2	0.000000E+0	8.461800E+4
1.170000E-2	0.000000E+0	8.573200E+4
1.172000E-2	0.000000E+0	8.542400E+4
1.174000E-2	0.000000E+0	8.490800E+4
1.176000E-2	0.000000E+0	8.532200E+4
1.178000E-2	0.000000E+0	8.501900E+4
1.180000E-2	0.000000E+0	8.506900E+4
1.182000E-2	0.000000E+0	8.494200E+4
1.184000E-2	0.000000E+0	8.503200E+4
1.186000E-2	0.000000E+0	8.571400E+4
1.188000E-2	0.000000E+0	8.513200E+4
1.190000E-2	0.000000E+0	8.482400E+4
1.192000E-2	0.000000E+0	8.527200E+4
1.194000E-2	0.000000E+0	8.462700E+4
1.196000E-2	0.000000E+0	8.509000E+4
1.198000E-2	0.000000E+0	8.519900E+4
1.200000E-2	0.000000E+0	8.527000E+4
1.202000E-2	0.000000E+0	8.535200E+4
1.204000E-2	0.000000E+0	8.487700E+4
1.206000E-2	0.000000E+0	8.439100E+4
1.208000E-2	0.000000E+0	8.479400E+4
1.210000E-2	0.000000E+0	8.493900E+4
1.212000E-2	0.000000E+0	8.486800E+4
1.214000E-2	0.000000E+0	8.543300E+4
1.216000E-2	0.000000E+0	8.489900E+4
1.218000E-2	0.000000E+0	8.486300E+4
1.220000E-2	0.000000E+0	8.533800E+4
1.222000E-2	0.000000E+0	8.508300E+4
1.224000E-2	0.000000E+0	8.478400E+4
1.226000E-2	0.000000E+0	8.540900E+4
1.228000E-2	0.000000E+0	8.491600E+4
1.230000E-2	0.000000E+0	8.545500E+4
1.232000E-2	0.000000E+0	8.525100E+4
1.234000E-2	0.000000E+0	8.472800E+4
1.236000E-2	0.000000E+0	8.509200E+4
1.238000E-2	0.000000E+0	8.497400E+4
1.240000E-2	0.000000E+0	8.497500E+4
1.242000E-2	0.000000E+0	8.582100E+4
1.244000E-2	0.000000E+0	8.554200E+4
1.246000E-2	0.000000E+0	8.554700E+4
1.248000E-2	0.000000E+0	8.509200E+4
1.250000E-2	0.000000E+0	8.526400E+4
1.252000E-2	0.000000E+0	8.500700E+4
1.254000E-2	0.000000E+0	8.514000E+4
1.256000E-2	0.000000E+0	8.521200E+4
1.258000E-2	0.000000E+0	8.462200E+4
1.260000E-2	0.000000E+0	8.513400E+4
1.262000E-2	0.000000E+0	8.464100E+4
1.264000E-2	0.000000E+0	8.513000E+4
1.266000E-2	0.000000E+0	8.477800E+4
1.268000E-2	0.000000E+0	8.453800E+4
1.270000E-2	0.000000E+0	8.541800E+4
1.272000E-2	0.000000E+0	8.484300E+4
1.274000E-2	0.000000E+0	8.512400E+4
1.276000E-2	0.000000E+0	8.527500E+4
1.278000E-2	0.000000E+0	8.520100E+4
1.280000E-2	0.000000E+0	8.467200E+4
1.282000E-2	0.000000E+0	8.511600E+4
1.284000E-2	0.000000E+0	8.486900E+4
1.286000E-2	0.000000E+0	8.537100E+4
1.288000E-2	0.000000E+0	8.499700E+4
1.290000E-2	0.000000E+0	8.496700E+4
1.292000E-2	0.000000E+0	8.484600E+4
1.294000E-2	0.000000E+0	8.449400E+4
1.296000E-2	0.000000E+0	8.555700E+4
1.298000E-2	0.000000E+0	8.471200E+4
1.300000E-2	0.000000E+0	8.506500E+4
1.302000E-2	0.000000E+0	8.516900E+4
1.304000E-2	0.000000E+0	8.539200E+4
1.306000E-2	0.000000E+0	8.494000E+4
1.308000E-2	0.000000E+0	8.506200E+4
1.310000E-2	0.000000E+0	8.533900E+4
1.312000E-2	0.000000E+0	8.507000E+4
1.314000E-2	0.000000E+0	8.522000E+4
1.316000E-2	0.000000E+0	8.485800E+4
1.318000E-2	0.000000E+0	8.531900E+4
1.320000E-2	0.000000E+0	8.548300E+4
1.322000E-2	0.000000E+0	8.476100E+4
1.324000E-2	0.000000E+0	8.500400E+4
1.326000E-2	0.000000E+0	8.475300E+4
1.328000E-2	0.000000E+0	8.541800E+4
1.330000E-2	0.000000E+0	8.507700E+4
1.332000E-2	0.000000E+0	8.493900E+4
1.334000E-2	0.000000E+0	8.491700E+4
1.336000E-2	0.000000E+0	8.495200E+4
1.338000E-2	0.000000E+0	8.521700E+4
1.340000E-2	0.000000E+0	8.460300E+4
1.342000E-2	0.000000E+0	8.541000E+4
1.344000E-2	0.000000E+0	8.475600E+4
1.346000E-2	0.000000E+0	8.501700E+4
1.348000E-2	0.000000E+0	8.484200E+4
1.350000E-2	0.000000E+0	8.483500E+4
1.352000E-2	0.000000E+0	8.493700E+4
1.354000E-2	0.000000E+0	8.466200E+4
1.356000E-2	0.000000E+0	8.534400E+4
1.358000E-2	0.000000E+0	8.515500E+4
1.360000E-2	0.000000E+0	8.495100E+4
1.362000E-2	0.000000E+0	8.488500E+4
1.364000E-2	0.000000E+0	8.517100E+4
1.366000E-2	0.000000E+0	8.528100E+4
1.368000E-2	0.000000E+0	8.539400E+4
1.370000E-2	0.000000E+0	8.506600E+4
1.372000E-2	0.000000E+0	8.500100E+4
1.374000E-2	0.000000E+0	8.507200E+4
1.376000E-2	0.000000E+0	8.523300E+4
1.378000E-2	0.000000E+0	8.473700E+4
1.380000E-2	0.000000E+0	8.465000E+4
1.382000E-2	0.000000E+0	8.499400E+4
1.384000E-2	0.000000E+0	8.432600E+4
1.386000E-2	0.000000E+0	8.442900E+4
1.388000E-2	0.000000E+0	8.450000E+4
1.390000E-2	0.000000E+0	8.383500E+4
1.392000E-2	0.000000E+0	8.391200E+4
1.394000E-2	0.000000E+0	8.422300E+4
1.396000E-2	0.000000E+0	8.372100E+4
1.398000E-2	0.000000E+0	8.430900E+4
1.400000E-2	0.000000E+0	8.324100E+4
1.402000E-2	0.000000E+0	8.262600E+4
1.404000E-2	0.000000E+0	8.327600E+4
1.406000E-2	0.000000E+0	8.362500E+4
1.408000E-2	0.000000E+0	8.354600E+4
1.410000E-2	0.000000E+0	8.384200E+4
1.412000E-2	0.000000E+0	8.341400E+4
1.414000E-2	0.000000E+0	8.399400E+4
1.416000E-2	0.000000E+0	8.429400E+4
1.418000E-2	0.000000E+0	8.400800E+4
1.420000E-2	0.000000E+0	8.461800E+4
1.422000E-2	0.000000E+0	8.438100E+4
1.424000E-2	0.000000E+0	8.493400E+4
1.426000E-2	0.000000E+0	8.488700E+4
1.428000E-2	0.000000E+0	8.529100E+4
1.430000E-2	0.000000E+0	8.529900E+4
1.432000E-2	0.000000E+0	8.495300E+4
1.434000E-2	0.000000E+0	8.483600E+4
1.436000E-2	0.000000E+0	8.538800E+4
1.438000E-2	0.000000E+0	8.524600E+4
1.440000E-2	0.000000E+0	8.493100E+4
1.442000E-2	0.000000E+0	8.469700E+4
1.444000E-2	0.000000E+0	8.418100E+4
1.446000E-2	0.000000E+0	8.495600E+4
1.448000E-2	0.000000E+0	8.482700E+4
1.450000E-2	0.000000E+0	8.431900E+4
1.452000E-2	0.000000E+0	8.441900E+4
1.454000E-2	0.000000E+0	8.456900E+4
1.456000E-2	0.000000E+0	8.423900E+4
1.458000E-2	0.000000E+0	8.466100E+4
1.460000E-2	0.000000E+0	8.441900E+4
1.462000E-2	0.000000E+0	8.453200E+4
1.464000E-2	0.000000E+0	8.388000E+4
1.466000E-2	0.000000E+0	8.358000E+4
1.468000E-2	0.000000E+0	8.345600E+4
1.470000E-2	0.000000E+0	8.393700E+4
1.472000E-2	0.000000E+0	8.463200E+4
1.474000E-2	0.000000E+0	8.437300E+4
1.476000E-2	0.000000E+0	8.393500E+4
1.478000E-2	0.000000E+0	8.415800E+4
1.480000E-2	0.000000E+0	8.406100E+4
1.482000E-2	0.000000E+0	8.453400E+4
1.484000E-2	0.000000E+0	8.377200E+4
1.486000E-2	0.000000E+0	8.477700E+4
1.488000E-2	0.000000E+0	8.445800E+4
1.490000E-2	0.000000E+0	8.446000E+4
1.492000E-2	0.000000E+0	8.496200E+4
1.494000E-2	0.000000E+0	8.536000E+4
1.496000E-2	0.000000E+0	8.475500E+4
1.498000E-2	0.000000E+0	8.480500E+4
1.500000E-2	0.000000E+0	8.533400E+4
1.502000E-2	0.000000E+0	8.430000E+4
1.504000E-2	0.000000E+0	8.524100E+4
1.506000E-2	0.000000E+0	8.535900E+4
1.508000E-2	0.000000E+0	8.538300E+4
1.510000E-2	0.000000E+0	8.488900E+4
1.512000E-2	0.000000E+0	8.476400E+4
1.514000E-2	0.000000E+0	8.553800E+4
1.516000E-2	0.000000E+0	8.526400E+4
1.518000E-2	0.000000E+0	8.547900E+4
1.520000E-2	0.000000E+0	8.435800E+4
1.522000E-2	0.000000E+0	8.540300E+4
1.524000E-2	0.000000E+0	8.427800E+4
1.526000E-2	0.000000E+0	8.546600E+4
1.528000E-2	0.000000E+0	8.505600E+4
1.530000E-2	0.000000E+0	8.478000E+4
1.532000E-2	0.000000E+0	8.470500E+4
1.534000E-2	0.000000E+0	8.484200E+4
1.536000E-2	0.000000E+0	8.464200E+4
1.538000E-2	0.000000E+0	8.465200E+4
1.540000E-2	0.000000E+0	8.486800E+4
1.542000E-2	0.000000E+0	8.445500E+4
1.544000E-2	0.000000E+0	8.427400E+4
1.546000E-2	0.000000E+0	8.467000E+4
1.548000E-2	0.000000E+0	8.497200E+4
1.550000E-2	0.000000E+0	8.485600E+4
1.552000E-2	0.000000E+0	8.487000E+4
1.554000E-2	0.000000E+0	8.423600E+4
1.556000E-2	0.000000E+0	8.543000E+4
1.558000E-2	0.000000E+0	8.495400E+4
1.560000E-2	0.000000E+0	8.541100E+4
1.562000E-2	0.000000E+0	8.492400E+4
1.564000E-2	0.000000E+0	8.487600E+4
1.566000E-2	0.000000E+0	8.459200E+4
1.568000E-2	0.000000E+0	8.422700E+4
1.570000E-2	0.000000E+0	8.469400E+4
1.572000E-2	0.000000E+0	8.472500E+4
1.574000E-2	0.000000E+0	8.489700E+4
1.576000E-2	0.000000E+0	8.481300E+4
1.578000E-2	0.000000E+0	8.509700E+4
1.580000E-2	0.000000E+0	8.447100E+4
1.582000E-2	0.000000E+0	8.436900E+4
1.584000E-2	0.000000E+0	8.373600E+4
1.586000E-2	0.000000E+0	8.496700E+4
1.588000E-2	0.000000E+0	8.480900E+4
1.590000E-2	0.000000E+0	8.441600E+4
1.592000E-2	0.000000E+0	8.451600E+4
1.594000E-2	0.000000E+0	8.492500E+4
1.596000E-2	0.000000E+0	8.539900E+4
1.598000E-2	0.000000E+0	8.525200E+4
1.600000E-2	0.000000E+0	8.513900E+4
1.602000E-2	0.000000E+0	8.505800E+4
1.604000E-2	0.000000E+0	8.519300E+4
1.606000E-2	0.000000E+0	8.506900E+4
1.608000E-2	0.000000E+0	8.486400E+4
1.610000E-2	0.000000E+0	8.495400E+4
1.612000E-2	0.000000E+0	8.498000E+4
1.614000E-2	0.000000E+0	8.473300E+4
1.616000E-2	0.000000E+0	8.524900E+4
1.618000E-2	0.000000E+0	8.533700E+4
1.620000E-2	0.000000E+0	8.547100E+4
1.622000E-2	0.000000E+0	8.498700E+4
1.624000E-2	0.000000E+0	8.530400E+4
1.626000E-2	0.000000E+0	8.477500E+4
1.628000E-2	0.000000E+0	8.522100E+4
1.630000E-2	0.000000E+0	8.408400E+4
1.632000E-2	0.000000E+0	8.477000E+4
1.634000E-2	0.000000E+0	8.442100E+4
1.636000E-2	0.000000E+0	8.435400E+4
1.638000E-2	0.000000E+0	8.409900E+4
1.640000E-2	0.000000E+0	8.373800E+4
1.642000E-2	0.000000E+0	8.435400E+4
1.644000E-2	0.000000E+0	8.385300E+4
1.646000E-2	0.000000E+0	8.385900E+4
1.648000E-2	0.000000E+0	8.400700E+4
1.650000E-2	0.000000E+0	8.408800E+4
1.652000E-2	0.000000E+0	8.430800E+4
1.654000E-2	0.000000E+0	8.448600E+4
1.656000E-2	0.000000E+0	8.457700E+4
1.658000E-2	0.000000E+0	8.438900E+4
1.660000E-2	0.000000E+0	8.450800E+4
1.662000E-2	0.000000E+0	8.508200E+4
1.664000E-2	0.000000E+0	8.456700E+4
1.666000E-2	0.000000E+0	8.440800E+4
1.668000E-2	0.000000E+0	8.529700E+4
1.670000E-2	0.000000E+0	8.445400E+4
1.672000E-2	0.000000E+0	8.508600E+4
1.674000E-2	0.000000E+0	8.513400E+4
1.676000E-2	0.000000E+0	8.483100E+4
1.678000E-2	0.000000E+0	8.517700E+4
1.680000E-2	0.000000E+0	8.526300E+4
1.682000E-2	0.000000E+0	8.567700E+4
1.684000E-2	0.000000E+0	8.536300E+4
1.686000E-2	0.000000E+0	8.491800E+4
1.688000E-2	0.000000E+0	8.472300E+4
1.690000E-2	0.000000E+0	8.510700E+4
1.692000E-2	0.000000E+0	8.445800E+4
1.694000E-2	0.000000E+0	8.439100E+4
1.696000E-2	0.000000E+0	8.493000E+4
1.698000E-2	0.000000E+0	8.479600E+4
1.700000E-2	0.000000E+0	8.501400E+4
1.702000E-2	0.000000E+0	8.516000E+4
1.704000E-2	0.000000E+0	8.448800E+4
1.706000E-2	0.000000E+0	8.413900E+4
1.708000E-2	0.000000E+0	8.436500E+4
1.710000E-2	0.000000E+0	8.343400E+4
1.712000E-2	0.000000E+0	8.401500E+4
1.714000E-2	0.000000E+0	8.397600E+4
1.716000E-2	0.000000E+0	8.378500E+4
1.718000E-2	0.000000E+0	8.361700E+4
1.720000E-2	0.000000E+0	8.326500E+4
1.722000E-2	0.000000E+0	8.315300E+4
1.724000E-2	0.000000E+0	8.303100E+4
1.726000E-2	0.000000E+0	8.351300E+4
1.728000E-2	0.000000E+0	8.394100E+4
1.730000E-2	0.000000E+0	8.367100E+4
1.732000E-2	0.000000E+0	8.397500E+4
1.734000E-2	0.000000E+0	8.424900E+4
1.736000E-2	0.000000E+0	8.480700E+4
1.738000E-2	0.000000E+0	8.471500E+4
1.740000E-2	0.000000E+0	8.484500E+4
1.742000E-2	0.000000E+0	8.473200E+4
1.744000E-2	0.000000E+0	8.456900E+4
1.746000E-2	0.000000E+0	8.491400E+4
1.748000E-2	0.000000E+0	8.473500E+4
1.750000E-2	0.000000E+0	8.527800E+4
1.752000E-2	0.000000E+0	8.485200E+4
1.754000E-2	0.000000E+0	8.525500E+4
1.756000E-2	0.000000E+0	8.519400E+4
1.758000E-2	0.000000E+0	8.535600E+4
1.760000E-2	0.000000E+0	8.536500E+4
1.762000E-2	0.000000E+0	8.488300E+4
1.764000E-2	0.000000E+0	8.458300E+4
1.766000E-2	0.000000E+0	8.513200E+4
1.768000E-2	0.000000E+0	8.550900E+4
1.770000E-2	0.000000E+0	8.562600E+4
1.772000E-2	0.000000E+0	8.515900E+4
1.774000E-2	0.000000E+0	8.497400E+4
1.776000E-2	0.000000E+0	8.553100E+4
1.778000E-2	0.000000E+0	8.519600E+4
1.780000E-2	0.000000E+0	8.528300E+4
1.782000E-2	0.000000E+0	8.513400E+4
1.784000E-2	0.000000E+0	8.520200E+4
1.786000E-2	0.000000E+0	8.528200E+4
1.788000E-2	0.000000E+0	8.519500E+4
1.790000E-2	0.000000E+0	8.485900E+4
1.792000E-2	0.000000E+0	8.509700E+4
1.794000E-2	0.000000E+0	8.526900E+4
1.796000E-2	0.000000E+0	8.533700E+4
1.798000E-2	0.000000E+0	8.516900E+4
1.800000E-2	0.000000E+0	8.539000E+4
1.802000E-2	0.000000E+0	8.549600E+4
1.804000E-2	0.000000E+0	8.501300E+4
1.806000E-2	0.000000E+0	8.525100E+4
1.808000E-2	0.000000E+0	8.506300E+4
1.810000E-2	0.000000E+0	8.526200E+4
1.812000E-2	0.000000E+0	8.521400E+4
1.814000E-2	0.000000E+0	8.518700E+4
1.816000E-2	0.000000E+0	8.488900E+4
1.818000E-2	0.000000E+0	8.459900E+4
1.820000E-2	0.000000E+0	8.513600E+4
1.822000E-2	0.000000E+0	8.528200E+4
1.824000E-2	0.000000E+0	8.510400E+4
1.826000E-2	0.000000E+0	8.510200E+4
1.828000E-2	0.000000E+0	8.449600E+4
1.830000E-2	0.000000E+0	8.497000E+4
1.832000E-2	0.000000E+0	8.538100E+4
1.834000E-2	0.000000E+0	8.523500E+4
1.836000E-2	0.000000E+0	8.453200E+4
1.838000E-2	0.000000E+0	8.505500E+4
1.840000E-2	0.000000E+0	8.509000E+4
1.842000E-2	0.000000E+0	8.505000E+4
1.844000E-2	0.000000E+0	8.507500E+4
1.846000E-2	0.000000E+0	8.468000E+4
1.848000E-2	0.000000E+0	8.457900E+4
1.850000E-2	0.000000E+0	8.489500E+4
1.852000E-2	0.000000E+0	8.546500E+4
1.854000E-2	0.000000E+0	8.475000E+4
1.856000E-2	0.000000E+0	8.489100E+4
1.858000E-2	0.000000E+0	8.515500E+4
1.860000E-2	0.000000E+0	8.493800E+4
1.862000E-2	0.000000E+0	8.462000E+4
1.864000E-2	0.000000E+0	8.533100E+4
1.866000E-2	0.000000E+0	8.477400E+4
1.868000E-2	0.000000E+0	8.475200E+4
1.870000E-2	0.000000E+0	8.490600E+4
1.872000E-2	0.000000E+0	8.557000E+4
1.874000E-2	0.000000E+0	8.577800E+4
1.876000E-2	0.000000E+0	8.535700E+4
1.878000E-2	0.000000E+0	8.528500E+4
1.880000E-2	0.000000E+0	8.476300E+4
1.882000E-2	0.000000E+0	8.516300E+4
1.884000E-2	0.000000E+0	8.475500E+4
1.886000E-2	0.000000E+0	8.513500E+4
1.888000E-2	0.000000E+0	8.487100E+4
1.890000E-2	0.000000E+0	8.484200E+4
1.892000E-2	0.000000E+0	8.507500E+4
1.894000E-2	0.000000E+0	8.473600E+4
1.896000E-2	0.000000E+0	8.478900E+4
1.898000E-2	0.000000E+0	8.479800E+4
1.900000E-2	0.000000E+0	8.545500E+4
1.902000E-2	0.000000E+0	8.554600E+4
1.904000E-2	0.000000E+0	8.549300E+4
1.906000E-2	0.000000E+0	8.533300E+4
1.908000E-2	0.000000E+0	8.537700E+4
1.910000E-2	0.000000E+0	8.482300E+4
1.912000E-2	0.000000E+0	8.565800E+4
1.914000E-2	0.000000E+0	8.465400E+4
1.916000E-2	0.000000E+0	8.521400E+4
1.918000E-2	0.000000E+0	8.498600E+4
1.920000E-2	0.000000E+0	8.532800E+4
1.922000E-2	0.000000E+0	8.504800E+4
1.924000E-2	0.000000E+0	8.433900E+4
1.926000E-2	0.000000E+0	8.514500E+4
1.928000E-2	0.000000E+0	8.509900E+4
1.930000E-2	0.000000E+0	8.486100E+4
1.932000E-2	0.000000E+0	8.493900E+4
1.934000E-2	0.000000E+0	8.532000E+4
1.936000E-2	0.000000E+0	8.504100E+4
1.938000E-2	0.000000E+0	8.501200E+4
1.940000E-2	0.000000E+0	8.514700E+4
1.942000E-2	0.000000E+0	8.512100E+4
1.944000E-2	0.000000E+0	8.498200E+4
1.946000E-2	0.000000E+0	8.511600E+4
1.948000E-2	0.000000E+0	8.509900E+4
1.950000E-2	0.000000E+0	8.523800E+4
1.952000E-2	0.000000E+0	8.471700E+4
1.954000E-2	0.000000E+0	8.496300E+4
1.956000E-2	0.000000E+0	8.524900E+4
1.958000E-2	0.000000E+0	8.464700E+4
1.960000E-2	0.000000E+0	8.510900E+4
1.962000E-2	0.000000E+0	8.538100E+4
1.964000E-2	0.000000E+0	8.521300E+4
1.966000E-2	0.000000E+0	8.509400E+4
1.968000E-2	0.000000E+0	8.458900E+4
1.970000E-2	0.000000E+0	8.547500E+4
1.972000E-2	0.000000E+0	8.487000E+4
1.974000E-2	0.000000E+0	8.537600E+4
1.976000E-2	0.000000E+0	8.486900E+4
1.978000E-2	0.000000E+0	8.486800E+4
1.980000E-2	0.000000E+0	8.531700E+4
1.982000E-2	0.000000E+0	8.522200E+4
1.984000E-2	0.000000E+0	8.518200E+4
1.986000E-2	0.000000E+0	8.512300E+4
1.988000E-2	0.000000E+0	8.528000E+4
1.990000E-2	0.000000E+0	8.506100E+4
1.992000E-2	0.000000E+0	8.505900E+4
1.994000E-2	0.000000E+0	8.503600E+4
1.996000E-2	0.000000E+0	8.535400E+4
1.998000E-2	0.000000E+0	8.458200E+4
