

live time:  58481.480000
real time:  79205.334000
sweeps:  2924074.000000
0.000000E+0	0.000000E+0	0.000000E+0
2.000000E-5	0.000000E+0	1.433680E+5
4.000000E-5	0.000000E+0	1.424710E+5
6.000000E-5	0.000000E+0	1.419740E+5
8.000000E-5	0.000000E+0	1.427500E+5
1.000000E-4	0.000000E+0	1.433820E+5
1.200000E-4	0.000000E+0	1.425730E+5
1.400000E-4	0.000000E+0	1.422670E+5
1.600000E-4	0.000000E+0	1.429140E+5
1.800000E-4	0.000000E+0	1.434070E+5
2.000000E-4	0.000000E+0	1.428450E+5
2.200000E-4	0.000000E+0	1.429080E+5
2.400000E-4	0.000000E+0	1.431260E+5
2.600000E-4	0.000000E+0	1.432050E+5
2.800000E-4	0.000000E+0	1.433960E+5
3.000000E-4	0.000000E+0	1.430860E+5
3.200000E-4	0.000000E+0	1.428820E+5
3.400000E-4	0.000000E+0	1.422580E+5
3.600000E-4	0.000000E+0	1.424050E+5
3.800000E-4	0.000000E+0	1.428650E+5
4.000000E-4	0.000000E+0	1.431770E+5
4.200000E-4	0.000000E+0	1.433000E+5
4.400000E-4	0.000000E+0	1.431690E+5
4.600000E-4	0.000000E+0	1.434540E+5
4.800000E-4	0.000000E+0	1.426730E+5
5.000000E-4	0.000000E+0	1.429930E+5
5.200000E-4	0.000000E+0	1.427300E+5
5.400000E-4	0.000000E+0	1.432660E+5
5.600000E-4	0.000000E+0	1.427730E+5
5.800000E-4	0.000000E+0	1.429380E+5
6.000000E-4	0.000000E+0	1.427360E+5
6.200000E-4	0.000000E+0	1.426270E+5
6.400000E-4	0.000000E+0	1.434260E+5
6.600000E-4	0.000000E+0	1.429360E+5
6.800000E-4	0.000000E+0	1.429400E+5
7.000000E-4	0.000000E+0	1.428620E+5
7.200000E-4	0.000000E+0	1.436530E+5
7.400000E-4	0.000000E+0	1.426840E+5
7.600000E-4	0.000000E+0	1.430400E+5
7.800000E-4	0.000000E+0	1.425810E+5
8.000000E-4	0.000000E+0	1.436030E+5
8.200000E-4	0.000000E+0	1.422130E+5
8.400000E-4	0.000000E+0	1.435310E+5
8.600000E-4	0.000000E+0	1.420290E+5
8.800000E-4	0.000000E+0	1.428580E+5
9.000000E-4	0.000000E+0	1.422620E+5
9.200000E-4	0.000000E+0	1.424550E+5
9.400000E-4	0.000000E+0	1.425210E+5
9.600000E-4	0.000000E+0	1.424380E+5
9.800000E-4	0.000000E+0	1.430240E+5
1.000000E-3	0.000000E+0	1.430020E+5
1.020000E-3	0.000000E+0	1.431210E+5
1.040000E-3	0.000000E+0	1.436380E+5
1.060000E-3	0.000000E+0	1.430750E+5
1.080000E-3	0.000000E+0	1.427850E+5
1.100000E-3	0.000000E+0	1.426020E+5
1.120000E-3	0.000000E+0	1.430020E+5
1.140000E-3	0.000000E+0	1.427230E+5
1.160000E-3	0.000000E+0	1.425040E+5
1.180000E-3	0.000000E+0	1.427050E+5
1.200000E-3	0.000000E+0	1.422500E+5
1.220000E-3	0.000000E+0	1.427580E+5
1.240000E-3	0.000000E+0	1.427750E+5
1.260000E-3	0.000000E+0	1.432250E+5
1.280000E-3	0.000000E+0	1.424700E+5
1.300000E-3	0.000000E+0	1.428840E+5
1.320000E-3	0.000000E+0	1.423650E+5
1.340000E-3	0.000000E+0	1.431330E+5
1.360000E-3	0.000000E+0	1.426930E+5
1.380000E-3	0.000000E+0	1.427970E+5
1.400000E-3	0.000000E+0	1.425160E+5
1.420000E-3	0.000000E+0	1.423290E+5
1.440000E-3	0.000000E+0	1.425420E+5
1.460000E-3	0.000000E+0	1.425840E+5
1.480000E-3	0.000000E+0	1.426580E+5
1.500000E-3	0.000000E+0	1.427680E+5
1.520000E-3	0.000000E+0	1.430180E+5
1.540000E-3	0.000000E+0	1.434090E+5
1.560000E-3	0.000000E+0	1.425390E+5
1.580000E-3	0.000000E+0	1.430720E+5
1.600000E-3	0.000000E+0	1.423400E+5
1.620000E-3	0.000000E+0	1.426260E+5
1.640000E-3	0.000000E+0	1.432000E+5
1.660000E-3	0.000000E+0	1.426720E+5
1.680000E-3	0.000000E+0	1.430070E+5
1.700000E-3	0.000000E+0	1.424910E+5
1.720000E-3	0.000000E+0	1.425520E+5
1.740000E-3	0.000000E+0	1.424110E+5
1.760000E-3	0.000000E+0	1.423180E+5
1.780000E-3	0.000000E+0	1.426590E+5
1.800000E-3	0.000000E+0	1.432680E+5
1.820000E-3	0.000000E+0	1.425710E+5
1.840000E-3	0.000000E+0	1.427340E+5
1.860000E-3	0.000000E+0	1.427380E+5
1.880000E-3	0.000000E+0	1.424710E+5
1.900000E-3	0.000000E+0	1.430860E+5
1.920000E-3	0.000000E+0	1.425780E+5
1.940000E-3	0.000000E+0	1.433680E+5
1.960000E-3	0.000000E+0	1.426610E+5
1.980000E-3	0.000000E+0	1.431300E+5
2.000000E-3	0.000000E+0	1.427640E+5
2.020000E-3	0.000000E+0	1.426240E+5
2.040000E-3	0.000000E+0	1.430040E+5
2.060000E-3	0.000000E+0	1.435640E+5
2.080000E-3	0.000000E+0	1.428700E+5
2.100000E-3	0.000000E+0	1.424320E+5
2.120000E-3	0.000000E+0	1.432130E+5
2.140000E-3	0.000000E+0	1.426330E+5
2.160000E-3	0.000000E+0	1.426070E+5
2.180000E-3	0.000000E+0	1.425200E+5
2.200000E-3	0.000000E+0	1.429210E+5
2.220000E-3	0.000000E+0	1.425940E+5
2.240000E-3	0.000000E+0	1.427210E+5
2.260000E-3	0.000000E+0	1.427030E+5
2.280000E-3	0.000000E+0	1.431590E+5
2.300000E-3	0.000000E+0	1.424870E+5
2.320000E-3	0.000000E+0	1.430050E+5
2.340000E-3	0.000000E+0	1.434580E+5
2.360000E-3	0.000000E+0	1.427250E+5
2.380000E-3	0.000000E+0	1.429270E+5
2.400000E-3	0.000000E+0	1.426070E+5
2.420000E-3	0.000000E+0	1.423660E+5
2.440000E-3	0.000000E+0	1.427370E+5
2.460000E-3	0.000000E+0	1.431510E+5
2.480000E-3	0.000000E+0	1.430650E+5
2.500000E-3	0.000000E+0	1.423110E+5
2.520000E-3	0.000000E+0	1.433070E+5
2.540000E-3	0.000000E+0	1.426870E+5
2.560000E-3	0.000000E+0	1.428960E+5
2.580000E-3	0.000000E+0	1.426690E+5
2.600000E-3	0.000000E+0	1.435550E+5
2.620000E-3	0.000000E+0	1.426620E+5
2.640000E-3	0.000000E+0	1.427650E+5
2.660000E-3	0.000000E+0	1.424700E+5
2.680000E-3	0.000000E+0	1.422690E+5
2.700000E-3	0.000000E+0	1.428730E+5
2.720000E-3	0.000000E+0	1.426730E+5
2.740000E-3	0.000000E+0	1.427330E+5
2.760000E-3	0.000000E+0	1.430180E+5
2.780000E-3	0.000000E+0	1.428210E+5
2.800000E-3	0.000000E+0	1.425150E+5
2.820000E-3	0.000000E+0	1.425490E+5
2.840000E-3	0.000000E+0	1.426010E+5
2.860000E-3	0.000000E+0	1.424620E+5
2.880000E-3	0.000000E+0	1.425890E+5
2.900000E-3	0.000000E+0	1.422800E+5
2.920000E-3	0.000000E+0	1.431120E+5
2.940000E-3	0.000000E+0	1.427790E+5
2.960000E-3	0.000000E+0	1.429160E+5
2.980000E-3	0.000000E+0	1.425260E+5
3.000000E-3	0.000000E+0	1.435210E+5
3.020000E-3	0.000000E+0	1.425880E+5
3.040000E-3	0.000000E+0	1.423600E+5
3.060000E-3	0.000000E+0	1.424440E+5
3.080000E-3	0.000000E+0	1.425590E+5
3.100000E-3	0.000000E+0	1.429580E+5
3.120000E-3	0.000000E+0	1.426140E+5
3.140000E-3	0.000000E+0	1.428470E+5
3.160000E-3	0.000000E+0	1.426640E+5
3.180000E-3	0.000000E+0	1.421940E+5
3.200000E-3	0.000000E+0	1.423380E+5
3.220000E-3	0.000000E+0	1.417880E+5
3.240000E-3	0.000000E+0	1.430110E+5
3.260000E-3	0.000000E+0	1.429050E+5
3.280000E-3	0.000000E+0	1.422850E+5
3.300000E-3	0.000000E+0	1.427580E+5
3.320000E-3	0.000000E+0	1.421460E+5
3.340000E-3	0.000000E+0	1.425020E+5
3.360000E-3	0.000000E+0	1.425340E+5
3.380000E-3	0.000000E+0	1.420100E+5
3.400000E-3	0.000000E+0	1.418680E+5
3.420000E-3	0.000000E+0	1.414650E+5
3.440000E-3	0.000000E+0	1.406670E+5
3.460000E-3	0.000000E+0	1.402550E+5
3.480000E-3	0.000000E+0	1.404060E+5
3.500000E-3	0.000000E+0	1.411230E+5
3.520000E-3	0.000000E+0	1.403290E+5
3.540000E-3	0.000000E+0	1.405170E+5
3.560000E-3	0.000000E+0	1.394940E+5
3.580000E-3	0.000000E+0	1.395930E+5
3.600000E-3	0.000000E+0	1.388590E+5
3.620000E-3	0.000000E+0	1.392730E+5
3.640000E-3	0.000000E+0	1.399630E+5
3.660000E-3	0.000000E+0	1.407250E+5
3.680000E-3	0.000000E+0	1.413190E+5
3.700000E-3	0.000000E+0	1.412460E+5
3.720000E-3	0.000000E+0	1.409410E+5
3.740000E-3	0.000000E+0	1.416340E+5
3.760000E-3	0.000000E+0	1.415410E+5
3.780000E-3	0.000000E+0	1.409900E+5
3.800000E-3	0.000000E+0	1.420510E+5
3.820000E-3	0.000000E+0	1.421530E+5
3.840000E-3	0.000000E+0	1.426510E+5
3.860000E-3	0.000000E+0	1.426980E+5
3.880000E-3	0.000000E+0	1.426690E+5
3.900000E-3	0.000000E+0	1.430630E+5
3.920000E-3	0.000000E+0	1.435820E+5
3.940000E-3	0.000000E+0	1.430970E+5
3.960000E-3	0.000000E+0	1.427340E+5
3.980000E-3	0.000000E+0	1.429610E+5
4.000000E-3	0.000000E+0	1.419000E+5
4.020000E-3	0.000000E+0	1.425730E+5
4.040000E-3	0.000000E+0	1.433220E+5
4.060000E-3	0.000000E+0	1.420830E+5
4.080000E-3	0.000000E+0	1.422070E+5
4.100000E-3	0.000000E+0	1.424780E+5
4.120000E-3	0.000000E+0	1.427390E+5
4.140000E-3	0.000000E+0	1.420130E+5
4.160000E-3	0.000000E+0	1.419990E+5
4.180000E-3	0.000000E+0	1.415750E+5
4.200000E-3	0.000000E+0	1.416710E+5
4.220000E-3	0.000000E+0	1.420340E+5
4.240000E-3	0.000000E+0	1.418240E+5
4.260000E-3	0.000000E+0	1.421950E+5
4.280000E-3	0.000000E+0	1.413880E+5
4.300000E-3	0.000000E+0	1.406810E+5
4.320000E-3	0.000000E+0	1.393930E+5
4.340000E-3	0.000000E+0	1.408490E+5
4.360000E-3	0.000000E+0	1.407770E+5
4.380000E-3	0.000000E+0	1.404100E+5
4.400000E-3	0.000000E+0	1.414410E+5
4.420000E-3	0.000000E+0	1.413290E+5
4.440000E-3	0.000000E+0	1.417190E+5
4.460000E-3	0.000000E+0	1.416490E+5
4.480000E-3	0.000000E+0	1.415620E+5
4.500000E-3	0.000000E+0	1.415450E+5
4.520000E-3	0.000000E+0	1.415210E+5
4.540000E-3	0.000000E+0	1.426760E+5
4.560000E-3	0.000000E+0	1.429700E+5
4.580000E-3	0.000000E+0	1.419270E+5
4.600000E-3	0.000000E+0	1.424680E+5
4.620000E-3	0.000000E+0	1.424760E+5
4.640000E-3	0.000000E+0	1.429450E+5
4.660000E-3	0.000000E+0	1.426700E+5
4.680000E-3	0.000000E+0	1.428420E+5
4.700000E-3	0.000000E+0	1.428840E+5
4.720000E-3	0.000000E+0	1.429900E+5
4.740000E-3	0.000000E+0	1.424440E+5
4.760000E-3	0.000000E+0	1.426240E+5
4.780000E-3	0.000000E+0	1.426400E+5
4.800000E-3	0.000000E+0	1.421770E+5
4.820000E-3	0.000000E+0	1.422910E+5
4.840000E-3	0.000000E+0	1.421230E+5
4.860000E-3	0.000000E+0	1.417090E+5
4.880000E-3	0.000000E+0	1.420720E+5
4.900000E-3	0.000000E+0	1.419810E+5
4.920000E-3	0.000000E+0	1.423000E+5
4.940000E-3	0.000000E+0	1.414670E+5
4.960000E-3	0.000000E+0	1.420500E+5
4.980000E-3	0.000000E+0	1.416890E+5
5.000000E-3	0.000000E+0	1.414890E+5
5.020000E-3	0.000000E+0	1.416210E+5
5.040000E-3	0.000000E+0	1.415290E+5
5.060000E-3	0.000000E+0	1.418570E+5
5.080000E-3	0.000000E+0	1.417200E+5
5.100000E-3	0.000000E+0	1.420810E+5
5.120000E-3	0.000000E+0	1.421750E+5
5.140000E-3	0.000000E+0	1.430620E+5
5.160000E-3	0.000000E+0	1.418210E+5
5.180000E-3	0.000000E+0	1.428210E+5
5.200000E-3	0.000000E+0	1.429560E+5
5.220000E-3	0.000000E+0	1.424110E+5
5.240000E-3	0.000000E+0	1.419290E+5
5.260000E-3	0.000000E+0	1.431640E+5
5.280000E-3	0.000000E+0	1.426720E+5
5.300000E-3	0.000000E+0	1.425890E+5
5.320000E-3	0.000000E+0	1.423940E+5
5.340000E-3	0.000000E+0	1.421940E+5
5.360000E-3	0.000000E+0	1.427810E+5
5.380000E-3	0.000000E+0	1.417010E+5
5.400000E-3	0.000000E+0	1.421570E+5
5.420000E-3	0.000000E+0	1.422380E+5
5.440000E-3	0.000000E+0	1.416730E+5
5.460000E-3	0.000000E+0	1.410400E+5
5.480000E-3	0.000000E+0	1.415540E+5
5.500000E-3	0.000000E+0	1.419280E+5
5.520000E-3	0.000000E+0	1.420870E+5
5.540000E-3	0.000000E+0	1.421430E+5
5.560000E-3	0.000000E+0	1.424500E+5
5.580000E-3	0.000000E+0	1.426820E+5
5.600000E-3	0.000000E+0	1.415430E+5
5.620000E-3	0.000000E+0	1.422460E+5
5.640000E-3	0.000000E+0	1.429390E+5
5.660000E-3	0.000000E+0	1.425720E+5
5.680000E-3	0.000000E+0	1.425430E+5
5.700000E-3	0.000000E+0	1.420670E+5
5.720000E-3	0.000000E+0	1.429520E+5
5.740000E-3	0.000000E+0	1.428320E+5
5.760000E-3	0.000000E+0	1.426810E+5
5.780000E-3	0.000000E+0	1.419650E+5
5.800000E-3	0.000000E+0	1.430710E+5
5.820000E-3	0.000000E+0	1.418290E+5
5.840000E-3	0.000000E+0	1.430400E+5
5.860000E-3	0.000000E+0	1.424270E+5
5.880000E-3	0.000000E+0	1.421090E+5
5.900000E-3	0.000000E+0	1.432150E+5
5.920000E-3	0.000000E+0	1.430390E+5
5.940000E-3	0.000000E+0	1.419830E+5
5.960000E-3	0.000000E+0	1.415720E+5
5.980000E-3	0.000000E+0	1.415340E+5
6.000000E-3	0.000000E+0	1.413830E+5
6.020000E-3	0.000000E+0	1.411360E+5
6.040000E-3	0.000000E+0	1.411140E+5
6.060000E-3	0.000000E+0	1.410760E+5
6.080000E-3	0.000000E+0	1.414920E+5
6.100000E-3	0.000000E+0	1.404280E+5
6.120000E-3	0.000000E+0	1.406700E+5
6.140000E-3	0.000000E+0	1.401410E+5
6.160000E-3	0.000000E+0	1.400410E+5
6.180000E-3	0.000000E+0	1.403330E+5
6.200000E-3	0.000000E+0	1.410530E+5
6.220000E-3	0.000000E+0	1.416870E+5
6.240000E-3	0.000000E+0	1.414090E+5
6.260000E-3	0.000000E+0	1.423670E+5
6.280000E-3	0.000000E+0	1.420250E+5
6.300000E-3	0.000000E+0	1.423010E+5
6.320000E-3	0.000000E+0	1.424670E+5
6.340000E-3	0.000000E+0	1.428290E+5
6.360000E-3	0.000000E+0	1.419310E+5
6.380000E-3	0.000000E+0	1.422600E+5
6.400000E-3	0.000000E+0	1.426070E+5
6.420000E-3	0.000000E+0	1.426540E+5
6.440000E-3	0.000000E+0	1.427080E+5
6.460000E-3	0.000000E+0	1.419640E+5
6.480000E-3	0.000000E+0	1.431440E+5
6.500000E-3	0.000000E+0	1.428300E+5
6.520000E-3	0.000000E+0	1.429400E+5
6.540000E-3	0.000000E+0	1.420220E+5
6.560000E-3	0.000000E+0	1.425510E+5
6.580000E-3	0.000000E+0	1.420060E+5
6.600000E-3	0.000000E+0	1.418230E+5
6.620000E-3	0.000000E+0	1.421520E+5
6.640000E-3	0.000000E+0	1.410620E+5
6.660000E-3	0.000000E+0	1.403670E+5
6.680000E-3	0.000000E+0	1.409290E+5
6.700000E-3	0.000000E+0	1.407350E+5
6.720000E-3	0.000000E+0	1.410730E+5
6.740000E-3	0.000000E+0	1.400960E+5
6.760000E-3	0.000000E+0	1.400350E+5
6.780000E-3	0.000000E+0	1.391690E+5
6.800000E-3	0.000000E+0	1.390380E+5
6.820000E-3	0.000000E+0	1.388650E+5
6.840000E-3	0.000000E+0	1.397180E+5
6.860000E-3	0.000000E+0	1.410800E+5
6.880000E-3	0.000000E+0	1.397260E+5
6.900000E-3	0.000000E+0	1.405890E+5
6.920000E-3	0.000000E+0	1.413820E+5
6.940000E-3	0.000000E+0	1.415090E+5
6.960000E-3	0.000000E+0	1.424390E+5
6.980000E-3	0.000000E+0	1.417190E+5
7.000000E-3	0.000000E+0	1.417800E+5
7.020000E-3	0.000000E+0	1.425700E+5
7.040000E-3	0.000000E+0	1.424290E+5
7.060000E-3	0.000000E+0	1.434250E+5
7.080000E-3	0.000000E+0	1.429400E+5
7.100000E-3	0.000000E+0	1.431610E+5
7.120000E-3	0.000000E+0	1.424860E+5
7.140000E-3	0.000000E+0	1.423770E+5
7.160000E-3	0.000000E+0	1.428690E+5
7.180000E-3	0.000000E+0	1.422820E+5
7.200000E-3	0.000000E+0	1.426220E+5
7.220000E-3	0.000000E+0	1.428790E+5
7.240000E-3	0.000000E+0	1.421740E+5
7.260000E-3	0.000000E+0	1.429020E+5
7.280000E-3	0.000000E+0	1.421600E+5
7.300000E-3	0.000000E+0	1.431830E+5
7.320000E-3	0.000000E+0	1.427280E+5
7.340000E-3	0.000000E+0	1.429500E+5
7.360000E-3	0.000000E+0	1.421580E+5
7.380000E-3	0.000000E+0	1.423210E+5
7.400000E-3	0.000000E+0	1.424870E+5
7.420000E-3	0.000000E+0	1.427820E+5
7.440000E-3	0.000000E+0	1.432330E+5
7.460000E-3	0.000000E+0	1.431410E+5
7.480000E-3	0.000000E+0	1.430260E+5
7.500000E-3	0.000000E+0	1.434290E+5
7.520000E-3	0.000000E+0	1.432270E+5
7.540000E-3	0.000000E+0	1.423610E+5
7.560000E-3	0.000000E+0	1.424320E+5
7.580000E-3	0.000000E+0	1.421220E+5
7.600000E-3	0.000000E+0	1.432740E+5
7.620000E-3	0.000000E+0	1.426550E+5
7.640000E-3	0.000000E+0	1.427680E+5
7.660000E-3	0.000000E+0	1.428220E+5
7.680000E-3	0.000000E+0	1.426810E+5
7.700000E-3	0.000000E+0	1.427020E+5
7.720000E-3	0.000000E+0	1.426090E+5
7.740000E-3	0.000000E+0	1.436570E+5
7.760000E-3	0.000000E+0	1.431210E+5
7.780000E-3	0.000000E+0	1.430100E+5
7.800000E-3	0.000000E+0	1.428170E+5
7.820000E-3	0.000000E+0	1.429630E+5
7.840000E-3	0.000000E+0	1.432330E+5
7.860000E-3	0.000000E+0	1.426900E+5
7.880000E-3	0.000000E+0	1.422490E+5
7.900000E-3	0.000000E+0	1.425900E+5
7.920000E-3	0.000000E+0	1.432010E+5
7.940000E-3	0.000000E+0	1.419880E+5
7.960000E-3	0.000000E+0	1.427070E+5
7.980000E-3	0.000000E+0	1.423550E+5
8.000000E-3	0.000000E+0	1.426620E+5
8.020000E-3	0.000000E+0	1.426540E+5
8.040000E-3	0.000000E+0	1.422260E+5
8.060000E-3	0.000000E+0	1.426560E+5
8.080000E-3	0.000000E+0	1.433030E+5
8.100000E-3	0.000000E+0	1.423450E+5
8.120000E-3	0.000000E+0	1.425770E+5
8.140000E-3	0.000000E+0	1.431200E+5
8.160000E-3	0.000000E+0	1.432200E+5
8.180000E-3	0.000000E+0	1.430850E+5
8.200000E-3	0.000000E+0	1.432220E+5
8.220000E-3	0.000000E+0	1.430880E+5
8.240000E-3	0.000000E+0	1.426270E+5
8.260000E-3	0.000000E+0	1.421400E+5
8.280000E-3	0.000000E+0	1.419450E+5
8.300000E-3	0.000000E+0	1.422630E+5
8.320000E-3	0.000000E+0	1.426620E+5
8.340000E-3	0.000000E+0	1.435840E+5
8.360000E-3	0.000000E+0	1.427830E+5
8.380000E-3	0.000000E+0	1.420800E+5
8.400000E-3	0.000000E+0	1.430160E+5
8.420000E-3	0.000000E+0	1.428240E+5
8.440000E-3	0.000000E+0	1.433350E+5
8.460000E-3	0.000000E+0	1.432100E+5
8.480000E-3	0.000000E+0	1.428710E+5
8.500000E-3	0.000000E+0	1.430730E+5
8.520000E-3	0.000000E+0	1.422930E+5
8.540000E-3	0.000000E+0	1.422340E+5
8.560000E-3	0.000000E+0	1.425750E+5
8.580000E-3	0.000000E+0	1.427940E+5
8.600000E-3	0.000000E+0	1.425830E+5
8.620000E-3	0.000000E+0	1.425570E+5
8.640000E-3	0.000000E+0	1.425090E+5
8.660000E-3	0.000000E+0	1.430440E+5
8.680000E-3	0.000000E+0	1.431430E+5
8.700000E-3	0.000000E+0	1.424510E+5
8.720000E-3	0.000000E+0	1.428190E+5
8.740000E-3	0.000000E+0	1.426370E+5
8.760000E-3	0.000000E+0	1.427010E+5
8.780000E-3	0.000000E+0	1.429320E+5
8.800000E-3	0.000000E+0	1.425740E+5
8.820000E-3	0.000000E+0	1.427160E+5
8.840000E-3	0.000000E+0	1.431380E+5
8.860000E-3	0.000000E+0	1.430400E+5
8.880000E-3	0.000000E+0	1.426300E+5
8.900000E-3	0.000000E+0	1.433340E+5
8.920000E-3	0.000000E+0	1.426680E+5
8.940000E-3	0.000000E+0	1.429390E+5
8.960000E-3	0.000000E+0	1.432410E+5
8.980000E-3	0.000000E+0	1.433380E+5
9.000000E-3	0.000000E+0	1.431490E+5
9.020000E-3	0.000000E+0	1.432890E+5
9.040000E-3	0.000000E+0	1.427210E+5
9.060000E-3	0.000000E+0	1.432080E+5
9.080000E-3	0.000000E+0	1.424680E+5
9.100000E-3	0.000000E+0	1.424990E+5
9.120000E-3	0.000000E+0	1.431410E+5
9.140000E-3	0.000000E+0	1.427940E+5
9.160000E-3	0.000000E+0	1.433280E+5
9.180000E-3	0.000000E+0	1.427790E+5
9.200000E-3	0.000000E+0	1.427210E+5
9.220000E-3	0.000000E+0	1.429130E+5
9.240000E-3	0.000000E+0	1.432330E+5
9.260000E-3	0.000000E+0	1.424780E+5
9.280000E-3	0.000000E+0	1.433800E+5
9.300000E-3	0.000000E+0	1.433370E+5
9.320000E-3	0.000000E+0	1.432630E+5
9.340000E-3	0.000000E+0	1.429640E+5
9.360000E-3	0.000000E+0	1.425570E+5
9.380000E-3	0.000000E+0	1.428310E+5
9.400000E-3	0.000000E+0	1.424670E+5
9.420000E-3	0.000000E+0	1.426450E+5
9.440000E-3	0.000000E+0	1.428040E+5
9.460000E-3	0.000000E+0	1.422410E+5
9.480000E-3	0.000000E+0	1.423320E+5
9.500000E-3	0.000000E+0	1.424520E+5
9.520000E-3	0.000000E+0	1.427000E+5
9.540000E-3	0.000000E+0	1.427360E+5
9.560000E-3	0.000000E+0	1.426810E+5
9.580000E-3	0.000000E+0	1.415650E+5
9.600000E-3	0.000000E+0	1.434670E+5
9.620000E-3	0.000000E+0	1.420440E+5
9.640000E-3	0.000000E+0	1.428570E+5
9.660000E-3	0.000000E+0	1.428360E+5
9.680000E-3	0.000000E+0	1.430320E+5
9.700000E-3	0.000000E+0	1.426090E+5
9.720000E-3	0.000000E+0	1.427880E+5
9.740000E-3	0.000000E+0	1.426970E+5
9.760000E-3	0.000000E+0	1.434030E+5
9.780000E-3	0.000000E+0	1.426600E+5
9.800000E-3	0.000000E+0	1.427350E+5
9.820000E-3	0.000000E+0	1.426130E+5
9.840000E-3	0.000000E+0	1.425960E+5
9.860000E-3	0.000000E+0	1.432800E+5
9.880000E-3	0.000000E+0	1.432250E+5
9.900000E-3	0.000000E+0	1.426900E+5
9.920000E-3	0.000000E+0	1.422220E+5
9.940000E-3	0.000000E+0	1.433240E+5
9.960000E-3	0.000000E+0	1.431760E+5
9.980000E-3	0.000000E+0	1.431850E+5
1.000000E-2	0.000000E+0	1.425660E+5
1.002000E-2	0.000000E+0	1.433120E+5
1.004000E-2	0.000000E+0	1.423660E+5
1.006000E-2	0.000000E+0	1.429980E+5
1.008000E-2	0.000000E+0	1.432360E+5
1.010000E-2	0.000000E+0	1.428680E+5
1.012000E-2	0.000000E+0	1.430880E+5
1.014000E-2	0.000000E+0	1.431060E+5
1.016000E-2	0.000000E+0	1.424850E+5
1.018000E-2	0.000000E+0	1.436720E+5
1.020000E-2	0.000000E+0	1.429400E+5
1.022000E-2	0.000000E+0	1.427090E+5
1.024000E-2	0.000000E+0	1.432340E+5
1.026000E-2	0.000000E+0	1.428650E+5
1.028000E-2	0.000000E+0	1.431100E+5
1.030000E-2	0.000000E+0	1.432490E+5
1.032000E-2	0.000000E+0	1.427560E+5
1.034000E-2	0.000000E+0	1.427880E+5
1.036000E-2	0.000000E+0	1.432240E+5
1.038000E-2	0.000000E+0	1.425290E+5
1.040000E-2	0.000000E+0	1.423780E+5
1.042000E-2	0.000000E+0	1.429230E+5
1.044000E-2	0.000000E+0	1.426930E+5
1.046000E-2	0.000000E+0	1.432820E+5
1.048000E-2	0.000000E+0	1.426410E+5
1.050000E-2	0.000000E+0	1.429590E+5
1.052000E-2	0.000000E+0	1.428270E+5
1.054000E-2	0.000000E+0	1.429990E+5
1.056000E-2	0.000000E+0	1.434380E+5
1.058000E-2	0.000000E+0	1.427370E+5
1.060000E-2	0.000000E+0	1.429570E+5
1.062000E-2	0.000000E+0	1.426760E+5
1.064000E-2	0.000000E+0	1.428010E+5
1.066000E-2	0.000000E+0	1.432650E+5
1.068000E-2	0.000000E+0	1.428520E+5
1.070000E-2	0.000000E+0	1.428850E+5
1.072000E-2	0.000000E+0	1.426420E+5
1.074000E-2	0.000000E+0	1.430720E+5
1.076000E-2	0.000000E+0	1.435510E+5
1.078000E-2	0.000000E+0	1.428450E+5
1.080000E-2	0.000000E+0	1.431270E+5
1.082000E-2	0.000000E+0	1.431400E+5
1.084000E-2	0.000000E+0	1.424480E+5
1.086000E-2	0.000000E+0	1.425550E+5
1.088000E-2	0.000000E+0	1.431100E+5
1.090000E-2	0.000000E+0	1.424890E+5
1.092000E-2	0.000000E+0	1.426380E+5
1.094000E-2	0.000000E+0	1.430400E+5
1.096000E-2	0.000000E+0	1.434480E+5
1.098000E-2	0.000000E+0	1.428860E+5
1.100000E-2	0.000000E+0	1.425190E+5
1.102000E-2	0.000000E+0	1.428390E+5
1.104000E-2	0.000000E+0	1.425600E+5
1.106000E-2	0.000000E+0	1.426370E+5
1.108000E-2	0.000000E+0	1.430450E+5
1.110000E-2	0.000000E+0	1.423480E+5
1.112000E-2	0.000000E+0	1.436790E+5
1.114000E-2	0.000000E+0	1.426490E+5
1.116000E-2	0.000000E+0	1.424630E+5
1.118000E-2	0.000000E+0	1.433290E+5
1.120000E-2	0.000000E+0	1.427950E+5
1.122000E-2	0.000000E+0	1.429770E+5
1.124000E-2	0.000000E+0	1.425820E+5
1.126000E-2	0.000000E+0	1.435300E+5
1.128000E-2	0.000000E+0	1.430250E+5
1.130000E-2	0.000000E+0	1.426290E+5
1.132000E-2	0.000000E+0	1.426890E+5
1.134000E-2	0.000000E+0	1.432350E+5
1.136000E-2	0.000000E+0	1.426960E+5
1.138000E-2	0.000000E+0	1.428020E+5
1.140000E-2	0.000000E+0	1.427940E+5
1.142000E-2	0.000000E+0	1.431180E+5
1.144000E-2	0.000000E+0	1.427040E+5
1.146000E-2	0.000000E+0	1.437950E+5
1.148000E-2	0.000000E+0	1.426440E+5
1.150000E-2	0.000000E+0	1.424350E+5
1.152000E-2	0.000000E+0	1.434450E+5
1.154000E-2	0.000000E+0	1.423100E+5
1.156000E-2	0.000000E+0	1.433720E+5
1.158000E-2	0.000000E+0	1.428260E+5
1.160000E-2	0.000000E+0	1.435130E+5
1.162000E-2	0.000000E+0	1.424660E+5
1.164000E-2	0.000000E+0	1.424270E+5
1.166000E-2	0.000000E+0	1.431020E+5
1.168000E-2	0.000000E+0	1.425910E+5
1.170000E-2	0.000000E+0	1.435190E+5
1.172000E-2	0.000000E+0	1.431990E+5
1.174000E-2	0.000000E+0	1.429510E+5
1.176000E-2	0.000000E+0	1.431590E+5
1.178000E-2	0.000000E+0	1.429040E+5
1.180000E-2	0.000000E+0	1.432390E+5
1.182000E-2	0.000000E+0	1.427950E+5
1.184000E-2	0.000000E+0	1.424590E+5
1.186000E-2	0.000000E+0	1.438390E+5
1.188000E-2	0.000000E+0	1.428820E+5
1.190000E-2	0.000000E+0	1.428300E+5
1.192000E-2	0.000000E+0	1.431080E+5
1.194000E-2	0.000000E+0	1.424250E+5
1.196000E-2	0.000000E+0	1.430210E+5
1.198000E-2	0.000000E+0	1.433930E+5
1.200000E-2	0.000000E+0	1.430230E+5
1.202000E-2	0.000000E+0	1.431930E+5
1.204000E-2	0.000000E+0	1.424850E+5
1.206000E-2	0.000000E+0	1.419470E+5
1.208000E-2	0.000000E+0	1.425530E+5
1.210000E-2	0.000000E+0	1.427590E+5
1.212000E-2	0.000000E+0	1.427220E+5
1.214000E-2	0.000000E+0	1.430440E+5
1.216000E-2	0.000000E+0	1.426040E+5
1.218000E-2	0.000000E+0	1.426520E+5
1.220000E-2	0.000000E+0	1.429800E+5
1.222000E-2	0.000000E+0	1.431580E+5
1.224000E-2	0.000000E+0	1.429810E+5
1.226000E-2	0.000000E+0	1.432730E+5
1.228000E-2	0.000000E+0	1.428640E+5
1.230000E-2	0.000000E+0	1.432800E+5
1.232000E-2	0.000000E+0	1.432040E+5
1.234000E-2	0.000000E+0	1.422660E+5
1.236000E-2	0.000000E+0	1.430220E+5
1.238000E-2	0.000000E+0	1.428410E+5
1.240000E-2	0.000000E+0	1.428870E+5
1.242000E-2	0.000000E+0	1.437150E+5
1.244000E-2	0.000000E+0	1.434540E+5
1.246000E-2	0.000000E+0	1.429260E+5
1.248000E-2	0.000000E+0	1.427370E+5
1.250000E-2	0.000000E+0	1.430210E+5
1.252000E-2	0.000000E+0	1.425960E+5
1.254000E-2	0.000000E+0	1.427900E+5
1.256000E-2	0.000000E+0	1.430980E+5
1.258000E-2	0.000000E+0	1.424200E+5
1.260000E-2	0.000000E+0	1.426060E+5
1.262000E-2	0.000000E+0	1.423880E+5
1.264000E-2	0.000000E+0	1.424400E+5
1.266000E-2	0.000000E+0	1.429380E+5
1.268000E-2	0.000000E+0	1.427400E+5
1.270000E-2	0.000000E+0	1.434890E+5
1.272000E-2	0.000000E+0	1.423380E+5
1.274000E-2	0.000000E+0	1.428400E+5
1.276000E-2	0.000000E+0	1.420630E+5
1.278000E-2	0.000000E+0	1.430340E+5
1.280000E-2	0.000000E+0	1.425120E+5
1.282000E-2	0.000000E+0	1.430330E+5
1.284000E-2	0.000000E+0	1.424890E+5
1.286000E-2	0.000000E+0	1.433410E+5
1.288000E-2	0.000000E+0	1.431810E+5
1.290000E-2	0.000000E+0	1.431570E+5
1.292000E-2	0.000000E+0	1.431130E+5
1.294000E-2	0.000000E+0	1.421340E+5
1.296000E-2	0.000000E+0	1.432410E+5
1.298000E-2	0.000000E+0	1.425980E+5
1.300000E-2	0.000000E+0	1.429510E+5
1.302000E-2	0.000000E+0	1.429740E+5
1.304000E-2	0.000000E+0	1.431010E+5
1.306000E-2	0.000000E+0	1.429320E+5
1.308000E-2	0.000000E+0	1.430750E+5
1.310000E-2	0.000000E+0	1.428580E+5
1.312000E-2	0.000000E+0	1.429610E+5
1.314000E-2	0.000000E+0	1.431650E+5
1.316000E-2	0.000000E+0	1.423180E+5
1.318000E-2	0.000000E+0	1.431190E+5
1.320000E-2	0.000000E+0	1.433000E+5
1.322000E-2	0.000000E+0	1.430410E+5
1.324000E-2	0.000000E+0	1.431730E+5
1.326000E-2	0.000000E+0	1.427300E+5
1.328000E-2	0.000000E+0	1.434560E+5
1.330000E-2	0.000000E+0	1.426900E+5
1.332000E-2	0.000000E+0	1.427570E+5
1.334000E-2	0.000000E+0	1.427090E+5
1.336000E-2	0.000000E+0	1.430600E+5
1.338000E-2	0.000000E+0	1.433180E+5
1.340000E-2	0.000000E+0	1.425050E+5
1.342000E-2	0.000000E+0	1.430850E+5
1.344000E-2	0.000000E+0	1.420310E+5
1.346000E-2	0.000000E+0	1.431190E+5
1.348000E-2	0.000000E+0	1.426840E+5
1.350000E-2	0.000000E+0	1.425680E+5
1.352000E-2	0.000000E+0	1.427560E+5
1.354000E-2	0.000000E+0	1.426670E+5
1.356000E-2	0.000000E+0	1.432210E+5
1.358000E-2	0.000000E+0	1.428250E+5
1.360000E-2	0.000000E+0	1.427460E+5
1.362000E-2	0.000000E+0	1.429630E+5
1.364000E-2	0.000000E+0	1.425530E+5
1.366000E-2	0.000000E+0	1.432910E+5
1.368000E-2	0.000000E+0	1.428890E+5
1.370000E-2	0.000000E+0	1.429270E+5
1.372000E-2	0.000000E+0	1.429820E+5
1.374000E-2	0.000000E+0	1.429850E+5
1.376000E-2	0.000000E+0	1.427040E+5
1.378000E-2	0.000000E+0	1.429160E+5
1.380000E-2	0.000000E+0	1.426260E+5
1.382000E-2	0.000000E+0	1.432470E+5
1.384000E-2	0.000000E+0	1.417650E+5
1.386000E-2	0.000000E+0	1.416640E+5
1.388000E-2	0.000000E+0	1.414730E+5
1.390000E-2	0.000000E+0	1.409460E+5
1.392000E-2	0.000000E+0	1.409810E+5
1.394000E-2	0.000000E+0	1.412890E+5
1.396000E-2	0.000000E+0	1.407750E+5
1.398000E-2	0.000000E+0	1.408150E+5
1.400000E-2	0.000000E+0	1.393500E+5
1.402000E-2	0.000000E+0	1.390710E+5
1.404000E-2	0.000000E+0	1.398300E+5
1.406000E-2	0.000000E+0	1.402680E+5
1.408000E-2	0.000000E+0	1.405140E+5
1.410000E-2	0.000000E+0	1.408680E+5
1.412000E-2	0.000000E+0	1.405330E+5
1.414000E-2	0.000000E+0	1.414310E+5
1.416000E-2	0.000000E+0	1.420660E+5
1.418000E-2	0.000000E+0	1.409750E+5
1.420000E-2	0.000000E+0	1.422520E+5
1.422000E-2	0.000000E+0	1.419670E+5
1.424000E-2	0.000000E+0	1.430540E+5
1.426000E-2	0.000000E+0	1.427100E+5
1.428000E-2	0.000000E+0	1.430800E+5
1.430000E-2	0.000000E+0	1.429080E+5
1.432000E-2	0.000000E+0	1.427530E+5
1.434000E-2	0.000000E+0	1.428590E+5
1.436000E-2	0.000000E+0	1.433570E+5
1.438000E-2	0.000000E+0	1.430830E+5
1.440000E-2	0.000000E+0	1.428220E+5
1.442000E-2	0.000000E+0	1.419670E+5
1.444000E-2	0.000000E+0	1.421780E+5
1.446000E-2	0.000000E+0	1.428030E+5
1.448000E-2	0.000000E+0	1.421910E+5
1.450000E-2	0.000000E+0	1.415880E+5
1.452000E-2	0.000000E+0	1.418710E+5
1.454000E-2	0.000000E+0	1.418870E+5
1.456000E-2	0.000000E+0	1.414730E+5
1.458000E-2	0.000000E+0	1.421080E+5
1.460000E-2	0.000000E+0	1.419310E+5
1.462000E-2	0.000000E+0	1.413270E+5
1.464000E-2	0.000000E+0	1.413060E+5
1.466000E-2	0.000000E+0	1.404990E+5
1.468000E-2	0.000000E+0	1.398990E+5
1.470000E-2	0.000000E+0	1.412530E+5
1.472000E-2	0.000000E+0	1.418030E+5
1.474000E-2	0.000000E+0	1.412600E+5
1.476000E-2	0.000000E+0	1.411700E+5
1.478000E-2	0.000000E+0	1.412650E+5
1.480000E-2	0.000000E+0	1.416670E+5
1.482000E-2	0.000000E+0	1.420920E+5
1.484000E-2	0.000000E+0	1.415040E+5
1.486000E-2	0.000000E+0	1.424050E+5
1.488000E-2	0.000000E+0	1.420810E+5
1.490000E-2	0.000000E+0	1.423870E+5
1.492000E-2	0.000000E+0	1.429040E+5
1.494000E-2	0.000000E+0	1.432700E+5
1.496000E-2	0.000000E+0	1.423840E+5
1.498000E-2	0.000000E+0	1.424370E+5
1.500000E-2	0.000000E+0	1.435280E+5
1.502000E-2	0.000000E+0	1.421630E+5
1.504000E-2	0.000000E+0	1.431760E+5
1.506000E-2	0.000000E+0	1.428490E+5
1.508000E-2	0.000000E+0	1.432500E+5
1.510000E-2	0.000000E+0	1.425670E+5
1.512000E-2	0.000000E+0	1.423760E+5
1.514000E-2	0.000000E+0	1.431530E+5
1.516000E-2	0.000000E+0	1.429200E+5
1.518000E-2	0.000000E+0	1.431670E+5
1.520000E-2	0.000000E+0	1.425070E+5
1.522000E-2	0.000000E+0	1.430020E+5
1.524000E-2	0.000000E+0	1.421750E+5
1.526000E-2	0.000000E+0	1.429580E+5
1.528000E-2	0.000000E+0	1.425870E+5
1.530000E-2	0.000000E+0	1.424130E+5
1.532000E-2	0.000000E+0	1.425730E+5
1.534000E-2	0.000000E+0	1.420920E+5
1.536000E-2	0.000000E+0	1.423260E+5
1.538000E-2	0.000000E+0	1.424230E+5
1.540000E-2	0.000000E+0	1.423440E+5
1.542000E-2	0.000000E+0	1.417130E+5
1.544000E-2	0.000000E+0	1.418190E+5
1.546000E-2	0.000000E+0	1.428350E+5
1.548000E-2	0.000000E+0	1.426540E+5
1.550000E-2	0.000000E+0	1.425130E+5
1.552000E-2	0.000000E+0	1.425540E+5
1.554000E-2	0.000000E+0	1.422430E+5
1.556000E-2	0.000000E+0	1.438090E+5
1.558000E-2	0.000000E+0	1.427450E+5
1.560000E-2	0.000000E+0	1.431200E+5
1.562000E-2	0.000000E+0	1.425450E+5
1.564000E-2	0.000000E+0	1.421750E+5
1.566000E-2	0.000000E+0	1.423880E+5
1.568000E-2	0.000000E+0	1.415010E+5
1.570000E-2	0.000000E+0	1.427450E+5
1.572000E-2	0.000000E+0	1.423080E+5
1.574000E-2	0.000000E+0	1.427370E+5
1.576000E-2	0.000000E+0	1.426540E+5
1.578000E-2	0.000000E+0	1.423960E+5
1.580000E-2	0.000000E+0	1.416710E+5
1.582000E-2	0.000000E+0	1.419950E+5
1.584000E-2	0.000000E+0	1.411980E+5
1.586000E-2	0.000000E+0	1.422870E+5
1.588000E-2	0.000000E+0	1.421940E+5
1.590000E-2	0.000000E+0	1.414680E+5
1.592000E-2	0.000000E+0	1.423030E+5
1.594000E-2	0.000000E+0	1.425580E+5
1.596000E-2	0.000000E+0	1.429820E+5
1.598000E-2	0.000000E+0	1.426930E+5
1.600000E-2	0.000000E+0	1.431270E+5
1.602000E-2	0.000000E+0	1.430700E+5
1.604000E-2	0.000000E+0	1.430830E+5
1.606000E-2	0.000000E+0	1.423700E+5
1.608000E-2	0.000000E+0	1.430060E+5
1.610000E-2	0.000000E+0	1.426480E+5
1.612000E-2	0.000000E+0	1.427060E+5
1.614000E-2	0.000000E+0	1.427260E+5
1.616000E-2	0.000000E+0	1.431240E+5
1.618000E-2	0.000000E+0	1.434800E+5
1.620000E-2	0.000000E+0	1.433450E+5
1.622000E-2	0.000000E+0	1.427370E+5
1.624000E-2	0.000000E+0	1.435530E+5
1.626000E-2	0.000000E+0	1.426380E+5
1.628000E-2	0.000000E+0	1.428970E+5
1.630000E-2	0.000000E+0	1.412110E+5
1.632000E-2	0.000000E+0	1.422130E+5
1.634000E-2	0.000000E+0	1.416060E+5
1.636000E-2	0.000000E+0	1.415830E+5
1.638000E-2	0.000000E+0	1.414860E+5
1.640000E-2	0.000000E+0	1.411360E+5
1.642000E-2	0.000000E+0	1.413070E+5
1.644000E-2	0.000000E+0	1.411480E+5
1.646000E-2	0.000000E+0	1.408370E+5
1.648000E-2	0.000000E+0	1.409040E+5
1.650000E-2	0.000000E+0	1.411100E+5
1.652000E-2	0.000000E+0	1.415010E+5
1.654000E-2	0.000000E+0	1.414610E+5
1.656000E-2	0.000000E+0	1.417930E+5
1.658000E-2	0.000000E+0	1.416140E+5
1.660000E-2	0.000000E+0	1.418730E+5
1.662000E-2	0.000000E+0	1.431420E+5
1.664000E-2	0.000000E+0	1.418230E+5
1.666000E-2	0.000000E+0	1.421550E+5
1.668000E-2	0.000000E+0	1.430660E+5
1.670000E-2	0.000000E+0	1.423230E+5
1.672000E-2	0.000000E+0	1.428170E+5
1.674000E-2	0.000000E+0	1.431210E+5
1.676000E-2	0.000000E+0	1.424240E+5
1.678000E-2	0.000000E+0	1.432440E+5
1.680000E-2	0.000000E+0	1.428580E+5
1.682000E-2	0.000000E+0	1.438700E+5
1.684000E-2	0.000000E+0	1.434380E+5
1.686000E-2	0.000000E+0	1.423130E+5
1.688000E-2	0.000000E+0	1.428790E+5
1.690000E-2	0.000000E+0	1.429700E+5
1.692000E-2	0.000000E+0	1.419870E+5
1.694000E-2	0.000000E+0	1.424790E+5
1.696000E-2	0.000000E+0	1.430160E+5
1.698000E-2	0.000000E+0	1.426030E+5
1.700000E-2	0.000000E+0	1.426590E+5
1.702000E-2	0.000000E+0	1.425870E+5
1.704000E-2	0.000000E+0	1.422710E+5
1.706000E-2	0.000000E+0	1.419190E+5
1.708000E-2	0.000000E+0	1.413690E+5
1.710000E-2	0.000000E+0	1.407020E+5
1.712000E-2	0.000000E+0	1.408190E+5
1.714000E-2	0.000000E+0	1.410740E+5
1.716000E-2	0.000000E+0	1.404090E+5
1.718000E-2	0.000000E+0	1.401050E+5
1.720000E-2	0.000000E+0	1.401220E+5
1.722000E-2	0.000000E+0	1.399760E+5
1.724000E-2	0.000000E+0	1.397490E+5
1.726000E-2	0.000000E+0	1.404620E+5
1.728000E-2	0.000000E+0	1.411500E+5
1.730000E-2	0.000000E+0	1.408840E+5
1.732000E-2	0.000000E+0	1.414780E+5
1.734000E-2	0.000000E+0	1.415430E+5
1.736000E-2	0.000000E+0	1.422040E+5
1.738000E-2	0.000000E+0	1.420910E+5
1.740000E-2	0.000000E+0	1.422890E+5
1.742000E-2	0.000000E+0	1.426110E+5
1.744000E-2	0.000000E+0	1.421990E+5
1.746000E-2	0.000000E+0	1.427260E+5
1.748000E-2	0.000000E+0	1.424450E+5
1.750000E-2	0.000000E+0	1.429110E+5
1.752000E-2	0.000000E+0	1.427490E+5
1.754000E-2	0.000000E+0	1.431860E+5
1.756000E-2	0.000000E+0	1.427510E+5
1.758000E-2	0.000000E+0	1.434150E+5
1.760000E-2	0.000000E+0	1.429700E+5
1.762000E-2	0.000000E+0	1.429480E+5
1.764000E-2	0.000000E+0	1.424500E+5
1.766000E-2	0.000000E+0	1.431590E+5
1.768000E-2	0.000000E+0	1.434280E+5
1.770000E-2	0.000000E+0	1.433150E+5
1.772000E-2	0.000000E+0	1.433030E+5
1.774000E-2	0.000000E+0	1.427490E+5
1.776000E-2	0.000000E+0	1.434130E+5
1.778000E-2	0.000000E+0	1.429060E+5
1.780000E-2	0.000000E+0	1.426330E+5
1.782000E-2	0.000000E+0	1.431410E+5
1.784000E-2	0.000000E+0	1.428610E+5
1.786000E-2	0.000000E+0	1.435130E+5
1.788000E-2	0.000000E+0	1.428780E+5
1.790000E-2	0.000000E+0	1.421510E+5
1.792000E-2	0.000000E+0	1.424230E+5
1.794000E-2	0.000000E+0	1.433300E+5
1.796000E-2	0.000000E+0	1.431700E+5
1.798000E-2	0.000000E+0	1.431860E+5
1.800000E-2	0.000000E+0	1.433320E+5
1.802000E-2	0.000000E+0	1.433460E+5
1.804000E-2	0.000000E+0	1.428560E+5
1.806000E-2	0.000000E+0	1.428880E+5
1.808000E-2	0.000000E+0	1.431540E+5
1.810000E-2	0.000000E+0	1.434170E+5
1.812000E-2	0.000000E+0	1.432900E+5
1.814000E-2	0.000000E+0	1.430480E+5
1.816000E-2	0.000000E+0	1.426600E+5
1.818000E-2	0.000000E+0	1.422360E+5
1.820000E-2	0.000000E+0	1.430420E+5
1.822000E-2	0.000000E+0	1.429750E+5
1.824000E-2	0.000000E+0	1.428250E+5
1.826000E-2	0.000000E+0	1.428350E+5
1.828000E-2	0.000000E+0	1.421010E+5
1.830000E-2	0.000000E+0	1.428280E+5
1.832000E-2	0.000000E+0	1.432350E+5
1.834000E-2	0.000000E+0	1.431380E+5
1.836000E-2	0.000000E+0	1.423620E+5
1.838000E-2	0.000000E+0	1.429830E+5
1.840000E-2	0.000000E+0	1.433450E+5
1.842000E-2	0.000000E+0	1.429420E+5
1.844000E-2	0.000000E+0	1.429270E+5
1.846000E-2	0.000000E+0	1.428380E+5
1.848000E-2	0.000000E+0	1.424670E+5
1.850000E-2	0.000000E+0	1.428020E+5
1.852000E-2	0.000000E+0	1.432440E+5
1.854000E-2	0.000000E+0	1.426400E+5
1.856000E-2	0.000000E+0	1.427090E+5
1.858000E-2	0.000000E+0	1.428880E+5
1.860000E-2	0.000000E+0	1.426230E+5
1.862000E-2	0.000000E+0	1.424130E+5
1.864000E-2	0.000000E+0	1.429750E+5
1.866000E-2	0.000000E+0	1.420700E+5
1.868000E-2	0.000000E+0	1.423940E+5
1.870000E-2	0.000000E+0	1.428810E+5
1.872000E-2	0.000000E+0	1.431470E+5
1.874000E-2	0.000000E+0	1.436420E+5
1.876000E-2	0.000000E+0	1.432000E+5
1.878000E-2	0.000000E+0	1.435760E+5
1.880000E-2	0.000000E+0	1.425840E+5
1.882000E-2	0.000000E+0	1.433330E+5
1.884000E-2	0.000000E+0	1.425000E+5
1.886000E-2	0.000000E+0	1.430580E+5
1.888000E-2	0.000000E+0	1.431030E+5
1.890000E-2	0.000000E+0	1.427500E+5
1.892000E-2	0.000000E+0	1.424430E+5
1.894000E-2	0.000000E+0	1.426630E+5
1.896000E-2	0.000000E+0	1.428620E+5
1.898000E-2	0.000000E+0	1.425430E+5
1.900000E-2	0.000000E+0	1.434820E+5
1.902000E-2	0.000000E+0	1.433940E+5
1.904000E-2	0.000000E+0	1.428570E+5
1.906000E-2	0.000000E+0	1.432330E+5
1.908000E-2	0.000000E+0	1.432490E+5
1.910000E-2	0.000000E+0	1.424450E+5
1.912000E-2	0.000000E+0	1.435320E+5
1.914000E-2	0.000000E+0	1.426540E+5
1.916000E-2	0.000000E+0	1.430200E+5
1.918000E-2	0.000000E+0	1.433360E+5
1.920000E-2	0.000000E+0	1.425520E+5
1.922000E-2	0.000000E+0	1.426480E+5
1.924000E-2	0.000000E+0	1.423090E+5
1.926000E-2	0.000000E+0	1.428500E+5
1.928000E-2	0.000000E+0	1.429640E+5
1.930000E-2	0.000000E+0	1.425560E+5
1.932000E-2	0.000000E+0	1.429870E+5
1.934000E-2	0.000000E+0	1.432890E+5
1.936000E-2	0.000000E+0	1.427550E+5
1.938000E-2	0.000000E+0	1.427240E+5
1.940000E-2	0.000000E+0	1.427750E+5
1.942000E-2	0.000000E+0	1.426000E+5
1.944000E-2	0.000000E+0	1.427800E+5
1.946000E-2	0.000000E+0	1.429270E+5
1.948000E-2	0.000000E+0	1.427490E+5
1.950000E-2	0.000000E+0	1.426560E+5
1.952000E-2	0.000000E+0	1.427920E+5
1.954000E-2	0.000000E+0	1.427710E+5
1.956000E-2	0.000000E+0	1.430870E+5
1.958000E-2	0.000000E+0	1.426900E+5
1.960000E-2	0.000000E+0	1.429010E+5
1.962000E-2	0.000000E+0	1.429770E+5
1.964000E-2	0.000000E+0	1.429680E+5
1.966000E-2	0.000000E+0	1.429550E+5
1.968000E-2	0.000000E+0	1.428510E+5
1.970000E-2	0.000000E+0	1.435070E+5
1.972000E-2	0.000000E+0	1.427600E+5
1.974000E-2	0.000000E+0	1.429500E+5
1.976000E-2	0.000000E+0	1.425690E+5
1.978000E-2	0.000000E+0	1.425760E+5
1.980000E-2	0.000000E+0	1.435740E+5
1.982000E-2	0.000000E+0	1.429390E+5
1.984000E-2	0.000000E+0	1.433970E+5
1.986000E-2	0.000000E+0	1.430060E+5
1.988000E-2	0.000000E+0	1.429690E+5
1.990000E-2	0.000000E+0	1.430040E+5
1.992000E-2	0.000000E+0	1.426970E+5
1.994000E-2	0.000000E+0	1.430080E+5
1.996000E-2	0.000000E+0	1.432490E+5
1.998000E-2	0.000000E+0	1.423870E+5
