

live time:  50617.560000
real time:  68405.467000
sweeps:  2530878.000000
0.000000E+0	0.000000E+0	0.000000E+0
2.000000E-5	0.000000E+0	1.240760E+5
4.000000E-5	0.000000E+0	1.233370E+5
6.000000E-5	0.000000E+0	1.229770E+5
8.000000E-5	0.000000E+0	1.236000E+5
1.000000E-4	0.000000E+0	1.236500E+5
1.200000E-4	0.000000E+0	1.232990E+5
1.400000E-4	0.000000E+0	1.232170E+5
1.600000E-4	0.000000E+0	1.237210E+5
1.800000E-4	0.000000E+0	1.240880E+5
2.000000E-4	0.000000E+0	1.237440E+5
2.200000E-4	0.000000E+0	1.236100E+5
2.400000E-4	0.000000E+0	1.239790E+5
2.600000E-4	0.000000E+0	1.241360E+5
2.800000E-4	0.000000E+0	1.241950E+5
3.000000E-4	0.000000E+0	1.239320E+5
3.200000E-4	0.000000E+0	1.237010E+5
3.400000E-4	0.000000E+0	1.230550E+5
3.600000E-4	0.000000E+0	1.232680E+5
3.800000E-4	0.000000E+0	1.236100E+5
4.000000E-4	0.000000E+0	1.240950E+5
4.200000E-4	0.000000E+0	1.241390E+5
4.400000E-4	0.000000E+0	1.238500E+5
4.600000E-4	0.000000E+0	1.239400E+5
4.800000E-4	0.000000E+0	1.235110E+5
5.000000E-4	0.000000E+0	1.237420E+5
5.200000E-4	0.000000E+0	1.234950E+5
5.400000E-4	0.000000E+0	1.239350E+5
5.600000E-4	0.000000E+0	1.235160E+5
5.800000E-4	0.000000E+0	1.236850E+5
6.000000E-4	0.000000E+0	1.235580E+5
6.200000E-4	0.000000E+0	1.233430E+5
6.400000E-4	0.000000E+0	1.241580E+5
6.600000E-4	0.000000E+0	1.238000E+5
6.800000E-4	0.000000E+0	1.236920E+5
7.000000E-4	0.000000E+0	1.237510E+5
7.200000E-4	0.000000E+0	1.242020E+5
7.400000E-4	0.000000E+0	1.234640E+5
7.600000E-4	0.000000E+0	1.237350E+5
7.800000E-4	0.000000E+0	1.233300E+5
8.000000E-4	0.000000E+0	1.243420E+5
8.200000E-4	0.000000E+0	1.230520E+5
8.400000E-4	0.000000E+0	1.242670E+5
8.600000E-4	0.000000E+0	1.229920E+5
8.800000E-4	0.000000E+0	1.237060E+5
9.000000E-4	0.000000E+0	1.232210E+5
9.200000E-4	0.000000E+0	1.233250E+5
9.400000E-4	0.000000E+0	1.233510E+5
9.600000E-4	0.000000E+0	1.233980E+5
9.800000E-4	0.000000E+0	1.236550E+5
1.000000E-3	0.000000E+0	1.238500E+5
1.020000E-3	0.000000E+0	1.240690E+5
1.040000E-3	0.000000E+0	1.243280E+5
1.060000E-3	0.000000E+0	1.240420E+5
1.080000E-3	0.000000E+0	1.236100E+5
1.100000E-3	0.000000E+0	1.234670E+5
1.120000E-3	0.000000E+0	1.236480E+5
1.140000E-3	0.000000E+0	1.235370E+5
1.160000E-3	0.000000E+0	1.233090E+5
1.180000E-3	0.000000E+0	1.237520E+5
1.200000E-3	0.000000E+0	1.230830E+5
1.220000E-3	0.000000E+0	1.237470E+5
1.240000E-3	0.000000E+0	1.234410E+5
1.260000E-3	0.000000E+0	1.239890E+5
1.280000E-3	0.000000E+0	1.234140E+5
1.300000E-3	0.000000E+0	1.238620E+5
1.320000E-3	0.000000E+0	1.230970E+5
1.340000E-3	0.000000E+0	1.237190E+5
1.360000E-3	0.000000E+0	1.236080E+5
1.380000E-3	0.000000E+0	1.237060E+5
1.400000E-3	0.000000E+0	1.233970E+5
1.420000E-3	0.000000E+0	1.231260E+5
1.440000E-3	0.000000E+0	1.234410E+5
1.460000E-3	0.000000E+0	1.234050E+5
1.480000E-3	0.000000E+0	1.235070E+5
1.500000E-3	0.000000E+0	1.233740E+5
1.520000E-3	0.000000E+0	1.240100E+5
1.540000E-3	0.000000E+0	1.240370E+5
1.560000E-3	0.000000E+0	1.235500E+5
1.580000E-3	0.000000E+0	1.239790E+5
1.600000E-3	0.000000E+0	1.233740E+5
1.620000E-3	0.000000E+0	1.237070E+5
1.640000E-3	0.000000E+0	1.238000E+5
1.660000E-3	0.000000E+0	1.235450E+5
1.680000E-3	0.000000E+0	1.237860E+5
1.700000E-3	0.000000E+0	1.231240E+5
1.720000E-3	0.000000E+0	1.233910E+5
1.740000E-3	0.000000E+0	1.232430E+5
1.760000E-3	0.000000E+0	1.230400E+5
1.780000E-3	0.000000E+0	1.234390E+5
1.800000E-3	0.000000E+0	1.242660E+5
1.820000E-3	0.000000E+0	1.235120E+5
1.840000E-3	0.000000E+0	1.235310E+5
1.860000E-3	0.000000E+0	1.234810E+5
1.880000E-3	0.000000E+0	1.234120E+5
1.900000E-3	0.000000E+0	1.237370E+5
1.920000E-3	0.000000E+0	1.232750E+5
1.940000E-3	0.000000E+0	1.238970E+5
1.960000E-3	0.000000E+0	1.234950E+5
1.980000E-3	0.000000E+0	1.240450E+5
2.000000E-3	0.000000E+0	1.236350E+5
2.020000E-3	0.000000E+0	1.236150E+5
2.040000E-3	0.000000E+0	1.235980E+5
2.060000E-3	0.000000E+0	1.241640E+5
2.080000E-3	0.000000E+0	1.236940E+5
2.100000E-3	0.000000E+0	1.232520E+5
2.120000E-3	0.000000E+0	1.239010E+5
2.140000E-3	0.000000E+0	1.234780E+5
2.160000E-3	0.000000E+0	1.234320E+5
2.180000E-3	0.000000E+0	1.233950E+5
2.200000E-3	0.000000E+0	1.236490E+5
2.220000E-3	0.000000E+0	1.233800E+5
2.240000E-3	0.000000E+0	1.235440E+5
2.260000E-3	0.000000E+0	1.237420E+5
2.280000E-3	0.000000E+0	1.240910E+5
2.300000E-3	0.000000E+0	1.235590E+5
2.320000E-3	0.000000E+0	1.236990E+5
2.340000E-3	0.000000E+0	1.242040E+5
2.360000E-3	0.000000E+0	1.236250E+5
2.380000E-3	0.000000E+0	1.235430E+5
2.400000E-3	0.000000E+0	1.234380E+5
2.420000E-3	0.000000E+0	1.231620E+5
2.440000E-3	0.000000E+0	1.236470E+5
2.460000E-3	0.000000E+0	1.241020E+5
2.480000E-3	0.000000E+0	1.236290E+5
2.500000E-3	0.000000E+0	1.231290E+5
2.520000E-3	0.000000E+0	1.241380E+5
2.540000E-3	0.000000E+0	1.232140E+5
2.560000E-3	0.000000E+0	1.235180E+5
2.580000E-3	0.000000E+0	1.236320E+5
2.600000E-3	0.000000E+0	1.242430E+5
2.620000E-3	0.000000E+0	1.232520E+5
2.640000E-3	0.000000E+0	1.234970E+5
2.660000E-3	0.000000E+0	1.232150E+5
2.680000E-3	0.000000E+0	1.232410E+5
2.700000E-3	0.000000E+0	1.235720E+5
2.720000E-3	0.000000E+0	1.233880E+5
2.740000E-3	0.000000E+0	1.236990E+5
2.760000E-3	0.000000E+0	1.239520E+5
2.780000E-3	0.000000E+0	1.236200E+5
2.800000E-3	0.000000E+0	1.234550E+5
2.820000E-3	0.000000E+0	1.233590E+5
2.840000E-3	0.000000E+0	1.233080E+5
2.860000E-3	0.000000E+0	1.233040E+5
2.880000E-3	0.000000E+0	1.235190E+5
2.900000E-3	0.000000E+0	1.232690E+5
2.920000E-3	0.000000E+0	1.238810E+5
2.940000E-3	0.000000E+0	1.236160E+5
2.960000E-3	0.000000E+0	1.235880E+5
2.980000E-3	0.000000E+0	1.235740E+5
3.000000E-3	0.000000E+0	1.243050E+5
3.020000E-3	0.000000E+0	1.236230E+5
3.040000E-3	0.000000E+0	1.230900E+5
3.060000E-3	0.000000E+0	1.235690E+5
3.080000E-3	0.000000E+0	1.233720E+5
3.100000E-3	0.000000E+0	1.238370E+5
3.120000E-3	0.000000E+0	1.234700E+5
3.140000E-3	0.000000E+0	1.235080E+5
3.160000E-3	0.000000E+0	1.233840E+5
3.180000E-3	0.000000E+0	1.231940E+5
3.200000E-3	0.000000E+0	1.231180E+5
3.220000E-3	0.000000E+0	1.226380E+5
3.240000E-3	0.000000E+0	1.237780E+5
3.260000E-3	0.000000E+0	1.237090E+5
3.280000E-3	0.000000E+0	1.234650E+5
3.300000E-3	0.000000E+0	1.235590E+5
3.320000E-3	0.000000E+0	1.231000E+5
3.340000E-3	0.000000E+0	1.233220E+5
3.360000E-3	0.000000E+0	1.233840E+5
3.380000E-3	0.000000E+0	1.230030E+5
3.400000E-3	0.000000E+0	1.229330E+5
3.420000E-3	0.000000E+0	1.227930E+5
3.440000E-3	0.000000E+0	1.220130E+5
3.460000E-3	0.000000E+0	1.215400E+5
3.480000E-3	0.000000E+0	1.216780E+5
3.500000E-3	0.000000E+0	1.221220E+5
3.520000E-3	0.000000E+0	1.215210E+5
3.540000E-3	0.000000E+0	1.216700E+5
3.560000E-3	0.000000E+0	1.208610E+5
3.580000E-3	0.000000E+0	1.209810E+5
3.600000E-3	0.000000E+0	1.201670E+5
3.620000E-3	0.000000E+0	1.203500E+5
3.640000E-3	0.000000E+0	1.209170E+5
3.660000E-3	0.000000E+0	1.217160E+5
3.680000E-3	0.000000E+0	1.223520E+5
3.700000E-3	0.000000E+0	1.221870E+5
3.720000E-3	0.000000E+0	1.218050E+5
3.740000E-3	0.000000E+0	1.227510E+5
3.760000E-3	0.000000E+0	1.225000E+5
3.780000E-3	0.000000E+0	1.218100E+5
3.800000E-3	0.000000E+0	1.229570E+5
3.820000E-3	0.000000E+0	1.231680E+5
3.840000E-3	0.000000E+0	1.235950E+5
3.860000E-3	0.000000E+0	1.234000E+5
3.880000E-3	0.000000E+0	1.234550E+5
3.900000E-3	0.000000E+0	1.241310E+5
3.920000E-3	0.000000E+0	1.242250E+5
3.940000E-3	0.000000E+0	1.238060E+5
3.960000E-3	0.000000E+0	1.234190E+5
3.980000E-3	0.000000E+0	1.238610E+5
4.000000E-3	0.000000E+0	1.228280E+5
4.020000E-3	0.000000E+0	1.232190E+5
4.040000E-3	0.000000E+0	1.241300E+5
4.060000E-3	0.000000E+0	1.231760E+5
4.080000E-3	0.000000E+0	1.230060E+5
4.100000E-3	0.000000E+0	1.232240E+5
4.120000E-3	0.000000E+0	1.236650E+5
4.140000E-3	0.000000E+0	1.227460E+5
4.160000E-3	0.000000E+0	1.231010E+5
4.180000E-3	0.000000E+0	1.226640E+5
4.200000E-3	0.000000E+0	1.227390E+5
4.220000E-3	0.000000E+0	1.229500E+5
4.240000E-3	0.000000E+0	1.227920E+5
4.260000E-3	0.000000E+0	1.228250E+5
4.280000E-3	0.000000E+0	1.223920E+5
4.300000E-3	0.000000E+0	1.218430E+5
4.320000E-3	0.000000E+0	1.208170E+5
4.340000E-3	0.000000E+0	1.218970E+5
4.360000E-3	0.000000E+0	1.217860E+5
4.380000E-3	0.000000E+0	1.216870E+5
4.400000E-3	0.000000E+0	1.225170E+5
4.420000E-3	0.000000E+0	1.223720E+5
4.440000E-3	0.000000E+0	1.226750E+5
4.460000E-3	0.000000E+0	1.227160E+5
4.480000E-3	0.000000E+0	1.224060E+5
4.500000E-3	0.000000E+0	1.225540E+5
4.520000E-3	0.000000E+0	1.226760E+5
4.540000E-3	0.000000E+0	1.235380E+5
4.560000E-3	0.000000E+0	1.238770E+5
4.580000E-3	0.000000E+0	1.226120E+5
4.600000E-3	0.000000E+0	1.233090E+5
4.620000E-3	0.000000E+0	1.232170E+5
4.640000E-3	0.000000E+0	1.237530E+5
4.660000E-3	0.000000E+0	1.236030E+5
4.680000E-3	0.000000E+0	1.237180E+5
4.700000E-3	0.000000E+0	1.237210E+5
4.720000E-3	0.000000E+0	1.236490E+5
4.740000E-3	0.000000E+0	1.232520E+5
4.760000E-3	0.000000E+0	1.235260E+5
4.780000E-3	0.000000E+0	1.234410E+5
4.800000E-3	0.000000E+0	1.231410E+5
4.820000E-3	0.000000E+0	1.232620E+5
4.840000E-3	0.000000E+0	1.229840E+5
4.860000E-3	0.000000E+0	1.225310E+5
4.880000E-3	0.000000E+0	1.227970E+5
4.900000E-3	0.000000E+0	1.229310E+5
4.920000E-3	0.000000E+0	1.232480E+5
4.940000E-3	0.000000E+0	1.225730E+5
4.960000E-3	0.000000E+0	1.227940E+5
4.980000E-3	0.000000E+0	1.226360E+5
5.000000E-3	0.000000E+0	1.223580E+5
5.020000E-3	0.000000E+0	1.223890E+5
5.040000E-3	0.000000E+0	1.225590E+5
5.060000E-3	0.000000E+0	1.226010E+5
5.080000E-3	0.000000E+0	1.228200E+5
5.100000E-3	0.000000E+0	1.229720E+5
5.120000E-3	0.000000E+0	1.232670E+5
5.140000E-3	0.000000E+0	1.237800E+5
5.160000E-3	0.000000E+0	1.227380E+5
5.180000E-3	0.000000E+0	1.236100E+5
5.200000E-3	0.000000E+0	1.237790E+5
5.220000E-3	0.000000E+0	1.233770E+5
5.240000E-3	0.000000E+0	1.229290E+5
5.260000E-3	0.000000E+0	1.240260E+5
5.280000E-3	0.000000E+0	1.235470E+5
5.300000E-3	0.000000E+0	1.232810E+5
5.320000E-3	0.000000E+0	1.233550E+5
5.340000E-3	0.000000E+0	1.229130E+5
5.360000E-3	0.000000E+0	1.236800E+5
5.380000E-3	0.000000E+0	1.225680E+5
5.400000E-3	0.000000E+0	1.230120E+5
5.420000E-3	0.000000E+0	1.229260E+5
5.440000E-3	0.000000E+0	1.227280E+5
5.460000E-3	0.000000E+0	1.221030E+5
5.480000E-3	0.000000E+0	1.225440E+5
5.500000E-3	0.000000E+0	1.226750E+5
5.520000E-3	0.000000E+0	1.230580E+5
5.540000E-3	0.000000E+0	1.230520E+5
5.560000E-3	0.000000E+0	1.232140E+5
5.580000E-3	0.000000E+0	1.233690E+5
5.600000E-3	0.000000E+0	1.226980E+5
5.620000E-3	0.000000E+0	1.231750E+5
5.640000E-3	0.000000E+0	1.237150E+5
5.660000E-3	0.000000E+0	1.234740E+5
5.680000E-3	0.000000E+0	1.236070E+5
5.700000E-3	0.000000E+0	1.229240E+5
5.720000E-3	0.000000E+0	1.236660E+5
5.740000E-3	0.000000E+0	1.237570E+5
5.760000E-3	0.000000E+0	1.232990E+5
5.780000E-3	0.000000E+0	1.229700E+5
5.800000E-3	0.000000E+0	1.237400E+5
5.820000E-3	0.000000E+0	1.228060E+5
5.840000E-3	0.000000E+0	1.240070E+5
5.860000E-3	0.000000E+0	1.233330E+5
5.880000E-3	0.000000E+0	1.232160E+5
5.900000E-3	0.000000E+0	1.238560E+5
5.920000E-3	0.000000E+0	1.237460E+5
5.940000E-3	0.000000E+0	1.227090E+5
5.960000E-3	0.000000E+0	1.225130E+5
5.980000E-3	0.000000E+0	1.227230E+5
6.000000E-3	0.000000E+0	1.224790E+5
6.020000E-3	0.000000E+0	1.221700E+5
6.040000E-3	0.000000E+0	1.220540E+5
6.060000E-3	0.000000E+0	1.221420E+5
6.080000E-3	0.000000E+0	1.223650E+5
6.100000E-3	0.000000E+0	1.215840E+5
6.120000E-3	0.000000E+0	1.216440E+5
6.140000E-3	0.000000E+0	1.213010E+5
6.160000E-3	0.000000E+0	1.211290E+5
6.180000E-3	0.000000E+0	1.213600E+5
6.200000E-3	0.000000E+0	1.223910E+5
6.220000E-3	0.000000E+0	1.225960E+5
6.240000E-3	0.000000E+0	1.222310E+5
6.260000E-3	0.000000E+0	1.231740E+5
6.280000E-3	0.000000E+0	1.229760E+5
6.300000E-3	0.000000E+0	1.229700E+5
6.320000E-3	0.000000E+0	1.232940E+5
6.340000E-3	0.000000E+0	1.235940E+5
6.360000E-3	0.000000E+0	1.228600E+5
6.380000E-3	0.000000E+0	1.230500E+5
6.400000E-3	0.000000E+0	1.234350E+5
6.420000E-3	0.000000E+0	1.235680E+5
6.440000E-3	0.000000E+0	1.234360E+5
6.460000E-3	0.000000E+0	1.226350E+5
6.480000E-3	0.000000E+0	1.237830E+5
6.500000E-3	0.000000E+0	1.236880E+5
6.520000E-3	0.000000E+0	1.237310E+5
6.540000E-3	0.000000E+0	1.230020E+5
6.560000E-3	0.000000E+0	1.235470E+5
6.580000E-3	0.000000E+0	1.230810E+5
6.600000E-3	0.000000E+0	1.229140E+5
6.620000E-3	0.000000E+0	1.230180E+5
6.640000E-3	0.000000E+0	1.222100E+5
6.660000E-3	0.000000E+0	1.214530E+5
6.680000E-3	0.000000E+0	1.222060E+5
6.700000E-3	0.000000E+0	1.219510E+5
6.720000E-3	0.000000E+0	1.222090E+5
6.740000E-3	0.000000E+0	1.213900E+5
6.760000E-3	0.000000E+0	1.212000E+5
6.780000E-3	0.000000E+0	1.205250E+5
6.800000E-3	0.000000E+0	1.202150E+5
6.820000E-3	0.000000E+0	1.202650E+5
6.840000E-3	0.000000E+0	1.211500E+5
6.860000E-3	0.000000E+0	1.223450E+5
6.880000E-3	0.000000E+0	1.209240E+5
6.900000E-3	0.000000E+0	1.216840E+5
6.920000E-3	0.000000E+0	1.222350E+5
6.940000E-3	0.000000E+0	1.224790E+5
6.960000E-3	0.000000E+0	1.233220E+5
6.980000E-3	0.000000E+0	1.225940E+5
7.000000E-3	0.000000E+0	1.227080E+5
7.020000E-3	0.000000E+0	1.234290E+5
7.040000E-3	0.000000E+0	1.233410E+5
7.060000E-3	0.000000E+0	1.241130E+5
7.080000E-3	0.000000E+0	1.237700E+5
7.100000E-3	0.000000E+0	1.240960E+5
7.120000E-3	0.000000E+0	1.230720E+5
7.140000E-3	0.000000E+0	1.231740E+5
7.160000E-3	0.000000E+0	1.235600E+5
7.180000E-3	0.000000E+0	1.228900E+5
7.200000E-3	0.000000E+0	1.233540E+5
7.220000E-3	0.000000E+0	1.237780E+5
7.240000E-3	0.000000E+0	1.230750E+5
7.260000E-3	0.000000E+0	1.236360E+5
7.280000E-3	0.000000E+0	1.229270E+5
7.300000E-3	0.000000E+0	1.239420E+5
7.320000E-3	0.000000E+0	1.236610E+5
7.340000E-3	0.000000E+0	1.236760E+5
7.360000E-3	0.000000E+0	1.230160E+5
7.380000E-3	0.000000E+0	1.232620E+5
7.400000E-3	0.000000E+0	1.233760E+5
7.420000E-3	0.000000E+0	1.235570E+5
7.440000E-3	0.000000E+0	1.236660E+5
7.460000E-3	0.000000E+0	1.239790E+5
7.480000E-3	0.000000E+0	1.239410E+5
7.500000E-3	0.000000E+0	1.242290E+5
7.520000E-3	0.000000E+0	1.240180E+5
7.540000E-3	0.000000E+0	1.234350E+5
7.560000E-3	0.000000E+0	1.231590E+5
7.580000E-3	0.000000E+0	1.230580E+5
7.600000E-3	0.000000E+0	1.240380E+5
7.620000E-3	0.000000E+0	1.235350E+5
7.640000E-3	0.000000E+0	1.235400E+5
7.660000E-3	0.000000E+0	1.235860E+5
7.680000E-3	0.000000E+0	1.235970E+5
7.700000E-3	0.000000E+0	1.237350E+5
7.720000E-3	0.000000E+0	1.236510E+5
7.740000E-3	0.000000E+0	1.245680E+5
7.760000E-3	0.000000E+0	1.241390E+5
7.780000E-3	0.000000E+0	1.238020E+5
7.800000E-3	0.000000E+0	1.234760E+5
7.820000E-3	0.000000E+0	1.238940E+5
7.840000E-3	0.000000E+0	1.241510E+5
7.860000E-3	0.000000E+0	1.235220E+5
7.880000E-3	0.000000E+0	1.230520E+5
7.900000E-3	0.000000E+0	1.236480E+5
7.920000E-3	0.000000E+0	1.239740E+5
7.940000E-3	0.000000E+0	1.230720E+5
7.960000E-3	0.000000E+0	1.235250E+5
7.980000E-3	0.000000E+0	1.231780E+5
8.000000E-3	0.000000E+0	1.233580E+5
8.020000E-3	0.000000E+0	1.233840E+5
8.040000E-3	0.000000E+0	1.232110E+5
8.060000E-3	0.000000E+0	1.234280E+5
8.080000E-3	0.000000E+0	1.240260E+5
8.100000E-3	0.000000E+0	1.234500E+5
8.120000E-3	0.000000E+0	1.234900E+5
8.140000E-3	0.000000E+0	1.237290E+5
8.160000E-3	0.000000E+0	1.240400E+5
8.180000E-3	0.000000E+0	1.239360E+5
8.200000E-3	0.000000E+0	1.239650E+5
8.220000E-3	0.000000E+0	1.238720E+5
8.240000E-3	0.000000E+0	1.234310E+5
8.260000E-3	0.000000E+0	1.231730E+5
8.280000E-3	0.000000E+0	1.228250E+5
8.300000E-3	0.000000E+0	1.229230E+5
8.320000E-3	0.000000E+0	1.233830E+5
8.340000E-3	0.000000E+0	1.243140E+5
8.360000E-3	0.000000E+0	1.238220E+5
8.380000E-3	0.000000E+0	1.229400E+5
8.400000E-3	0.000000E+0	1.240020E+5
8.420000E-3	0.000000E+0	1.237410E+5
8.440000E-3	0.000000E+0	1.241230E+5
8.460000E-3	0.000000E+0	1.238730E+5
8.480000E-3	0.000000E+0	1.235080E+5
8.500000E-3	0.000000E+0	1.237610E+5
8.520000E-3	0.000000E+0	1.231720E+5
8.540000E-3	0.000000E+0	1.229920E+5
8.560000E-3	0.000000E+0	1.235630E+5
8.580000E-3	0.000000E+0	1.236720E+5
8.600000E-3	0.000000E+0	1.233490E+5
8.620000E-3	0.000000E+0	1.235550E+5
8.640000E-3	0.000000E+0	1.235710E+5
8.660000E-3	0.000000E+0	1.239940E+5
8.680000E-3	0.000000E+0	1.237600E+5
8.700000E-3	0.000000E+0	1.232310E+5
8.720000E-3	0.000000E+0	1.234970E+5
8.740000E-3	0.000000E+0	1.231500E+5
8.760000E-3	0.000000E+0	1.236630E+5
8.780000E-3	0.000000E+0	1.237280E+5
8.800000E-3	0.000000E+0	1.235330E+5
8.820000E-3	0.000000E+0	1.238740E+5
8.840000E-3	0.000000E+0	1.240030E+5
8.860000E-3	0.000000E+0	1.238750E+5
8.880000E-3	0.000000E+0	1.234620E+5
8.900000E-3	0.000000E+0	1.240860E+5
8.920000E-3	0.000000E+0	1.236910E+5
8.940000E-3	0.000000E+0	1.237240E+5
8.960000E-3	0.000000E+0	1.239320E+5
8.980000E-3	0.000000E+0	1.239440E+5
9.000000E-3	0.000000E+0	1.240570E+5
9.020000E-3	0.000000E+0	1.239140E+5
9.040000E-3	0.000000E+0	1.235070E+5
9.060000E-3	0.000000E+0	1.239180E+5
9.080000E-3	0.000000E+0	1.234590E+5
9.100000E-3	0.000000E+0	1.232810E+5
9.120000E-3	0.000000E+0	1.238780E+5
9.140000E-3	0.000000E+0	1.233940E+5
9.160000E-3	0.000000E+0	1.239190E+5
9.180000E-3	0.000000E+0	1.234640E+5
9.200000E-3	0.000000E+0	1.236410E+5
9.220000E-3	0.000000E+0	1.238400E+5
9.240000E-3	0.000000E+0	1.239690E+5
9.260000E-3	0.000000E+0	1.231550E+5
9.280000E-3	0.000000E+0	1.240140E+5
9.300000E-3	0.000000E+0	1.238410E+5
9.320000E-3	0.000000E+0	1.242750E+5
9.340000E-3	0.000000E+0	1.238850E+5
9.360000E-3	0.000000E+0	1.234150E+5
9.380000E-3	0.000000E+0	1.236310E+5
9.400000E-3	0.000000E+0	1.233980E+5
9.420000E-3	0.000000E+0	1.236340E+5
9.440000E-3	0.000000E+0	1.234750E+5
9.460000E-3	0.000000E+0	1.231970E+5
9.480000E-3	0.000000E+0	1.231720E+5
9.500000E-3	0.000000E+0	1.233870E+5
9.520000E-3	0.000000E+0	1.235280E+5
9.540000E-3	0.000000E+0	1.237230E+5
9.560000E-3	0.000000E+0	1.236090E+5
9.580000E-3	0.000000E+0	1.224330E+5
9.600000E-3	0.000000E+0	1.242550E+5
9.620000E-3	0.000000E+0	1.229040E+5
9.640000E-3	0.000000E+0	1.236430E+5
9.660000E-3	0.000000E+0	1.236540E+5
9.680000E-3	0.000000E+0	1.238880E+5
9.700000E-3	0.000000E+0	1.234050E+5
9.720000E-3	0.000000E+0	1.234280E+5
9.740000E-3	0.000000E+0	1.234000E+5
9.760000E-3	0.000000E+0	1.241810E+5
9.780000E-3	0.000000E+0	1.234440E+5
9.800000E-3	0.000000E+0	1.235150E+5
9.820000E-3	0.000000E+0	1.237930E+5
9.840000E-3	0.000000E+0	1.234100E+5
9.860000E-3	0.000000E+0	1.240470E+5
9.880000E-3	0.000000E+0	1.239090E+5
9.900000E-3	0.000000E+0	1.236210E+5
9.920000E-3	0.000000E+0	1.229600E+5
9.940000E-3	0.000000E+0	1.238290E+5
9.960000E-3	0.000000E+0	1.241520E+5
9.980000E-3	0.000000E+0	1.242850E+5
1.000000E-2	0.000000E+0	1.234760E+5
1.002000E-2	0.000000E+0	1.243190E+5
1.004000E-2	0.000000E+0	1.232030E+5
1.006000E-2	0.000000E+0	1.242250E+5
1.008000E-2	0.000000E+0	1.237830E+5
1.010000E-2	0.000000E+0	1.236720E+5
1.012000E-2	0.000000E+0	1.238710E+5
1.014000E-2	0.000000E+0	1.236390E+5
1.016000E-2	0.000000E+0	1.235310E+5
1.018000E-2	0.000000E+0	1.241350E+5
1.020000E-2	0.000000E+0	1.237240E+5
1.022000E-2	0.000000E+0	1.236170E+5
1.024000E-2	0.000000E+0	1.241710E+5
1.026000E-2	0.000000E+0	1.237360E+5
1.028000E-2	0.000000E+0	1.238000E+5
1.030000E-2	0.000000E+0	1.239810E+5
1.032000E-2	0.000000E+0	1.233810E+5
1.034000E-2	0.000000E+0	1.236290E+5
1.036000E-2	0.000000E+0	1.240530E+5
1.038000E-2	0.000000E+0	1.233690E+5
1.040000E-2	0.000000E+0	1.234490E+5
1.042000E-2	0.000000E+0	1.239250E+5
1.044000E-2	0.000000E+0	1.234860E+5
1.046000E-2	0.000000E+0	1.239130E+5
1.048000E-2	0.000000E+0	1.234430E+5
1.050000E-2	0.000000E+0	1.239230E+5
1.052000E-2	0.000000E+0	1.236660E+5
1.054000E-2	0.000000E+0	1.236680E+5
1.056000E-2	0.000000E+0	1.243760E+5
1.058000E-2	0.000000E+0	1.235410E+5
1.060000E-2	0.000000E+0	1.238740E+5
1.062000E-2	0.000000E+0	1.233370E+5
1.064000E-2	0.000000E+0	1.232350E+5
1.066000E-2	0.000000E+0	1.239060E+5
1.068000E-2	0.000000E+0	1.236570E+5
1.070000E-2	0.000000E+0	1.235720E+5
1.072000E-2	0.000000E+0	1.234140E+5
1.074000E-2	0.000000E+0	1.238530E+5
1.076000E-2	0.000000E+0	1.243480E+5
1.078000E-2	0.000000E+0	1.238220E+5
1.080000E-2	0.000000E+0	1.239650E+5
1.082000E-2	0.000000E+0	1.237270E+5
1.084000E-2	0.000000E+0	1.233820E+5
1.086000E-2	0.000000E+0	1.234300E+5
1.088000E-2	0.000000E+0	1.240420E+5
1.090000E-2	0.000000E+0	1.234590E+5
1.092000E-2	0.000000E+0	1.232890E+5
1.094000E-2	0.000000E+0	1.237190E+5
1.096000E-2	0.000000E+0	1.241310E+5
1.098000E-2	0.000000E+0	1.237020E+5
1.100000E-2	0.000000E+0	1.234410E+5
1.102000E-2	0.000000E+0	1.236060E+5
1.104000E-2	0.000000E+0	1.235740E+5
1.106000E-2	0.000000E+0	1.232870E+5
1.108000E-2	0.000000E+0	1.240150E+5
1.110000E-2	0.000000E+0	1.232270E+5
1.112000E-2	0.000000E+0	1.245400E+5
1.114000E-2	0.000000E+0	1.232780E+5
1.116000E-2	0.000000E+0	1.232710E+5
1.118000E-2	0.000000E+0	1.239950E+5
1.120000E-2	0.000000E+0	1.237610E+5
1.122000E-2	0.000000E+0	1.235710E+5
1.124000E-2	0.000000E+0	1.234180E+5
1.126000E-2	0.000000E+0	1.240720E+5
1.128000E-2	0.000000E+0	1.237960E+5
1.130000E-2	0.000000E+0	1.233720E+5
1.132000E-2	0.000000E+0	1.236290E+5
1.134000E-2	0.000000E+0	1.241510E+5
1.136000E-2	0.000000E+0	1.235120E+5
1.138000E-2	0.000000E+0	1.235900E+5
1.140000E-2	0.000000E+0	1.236530E+5
1.142000E-2	0.000000E+0	1.238090E+5
1.144000E-2	0.000000E+0	1.235610E+5
1.146000E-2	0.000000E+0	1.245270E+5
1.148000E-2	0.000000E+0	1.231940E+5
1.150000E-2	0.000000E+0	1.233660E+5
1.152000E-2	0.000000E+0	1.245250E+5
1.154000E-2	0.000000E+0	1.232670E+5
1.156000E-2	0.000000E+0	1.241070E+5
1.158000E-2	0.000000E+0	1.235480E+5
1.160000E-2	0.000000E+0	1.242300E+5
1.162000E-2	0.000000E+0	1.234670E+5
1.164000E-2	0.000000E+0	1.234610E+5
1.166000E-2	0.000000E+0	1.238230E+5
1.168000E-2	0.000000E+0	1.231810E+5
1.170000E-2	0.000000E+0	1.243960E+5
1.172000E-2	0.000000E+0	1.239970E+5
1.174000E-2	0.000000E+0	1.236550E+5
1.176000E-2	0.000000E+0	1.239510E+5
1.178000E-2	0.000000E+0	1.236970E+5
1.180000E-2	0.000000E+0	1.237510E+5
1.182000E-2	0.000000E+0	1.235460E+5
1.184000E-2	0.000000E+0	1.234630E+5
1.186000E-2	0.000000E+0	1.245510E+5
1.188000E-2	0.000000E+0	1.236670E+5
1.190000E-2	0.000000E+0	1.235100E+5
1.192000E-2	0.000000E+0	1.237760E+5
1.194000E-2	0.000000E+0	1.231460E+5
1.196000E-2	0.000000E+0	1.238380E+5
1.198000E-2	0.000000E+0	1.244430E+5
1.200000E-2	0.000000E+0	1.237790E+5
1.202000E-2	0.000000E+0	1.238720E+5
1.204000E-2	0.000000E+0	1.235560E+5
1.206000E-2	0.000000E+0	1.229740E+5
1.208000E-2	0.000000E+0	1.235620E+5
1.210000E-2	0.000000E+0	1.234880E+5
1.212000E-2	0.000000E+0	1.234410E+5
1.214000E-2	0.000000E+0	1.238580E+5
1.216000E-2	0.000000E+0	1.234470E+5
1.218000E-2	0.000000E+0	1.233330E+5
1.220000E-2	0.000000E+0	1.236450E+5
1.222000E-2	0.000000E+0	1.237790E+5
1.224000E-2	0.000000E+0	1.236350E+5
1.226000E-2	0.000000E+0	1.240360E+5
1.228000E-2	0.000000E+0	1.238190E+5
1.230000E-2	0.000000E+0	1.239810E+5
1.232000E-2	0.000000E+0	1.238710E+5
1.234000E-2	0.000000E+0	1.229950E+5
1.236000E-2	0.000000E+0	1.237480E+5
1.238000E-2	0.000000E+0	1.238080E+5
1.240000E-2	0.000000E+0	1.236160E+5
1.242000E-2	0.000000E+0	1.244030E+5
1.244000E-2	0.000000E+0	1.242550E+5
1.246000E-2	0.000000E+0	1.238460E+5
1.248000E-2	0.000000E+0	1.238830E+5
1.250000E-2	0.000000E+0	1.238350E+5
1.252000E-2	0.000000E+0	1.233640E+5
1.254000E-2	0.000000E+0	1.236980E+5
1.256000E-2	0.000000E+0	1.240080E+5
1.258000E-2	0.000000E+0	1.231990E+5
1.260000E-2	0.000000E+0	1.236050E+5
1.262000E-2	0.000000E+0	1.232430E+5
1.264000E-2	0.000000E+0	1.235090E+5
1.266000E-2	0.000000E+0	1.238490E+5
1.268000E-2	0.000000E+0	1.234100E+5
1.270000E-2	0.000000E+0	1.244480E+5
1.272000E-2	0.000000E+0	1.232940E+5
1.274000E-2	0.000000E+0	1.236070E+5
1.276000E-2	0.000000E+0	1.231840E+5
1.278000E-2	0.000000E+0	1.239650E+5
1.280000E-2	0.000000E+0	1.233760E+5
1.282000E-2	0.000000E+0	1.236120E+5
1.284000E-2	0.000000E+0	1.232610E+5
1.286000E-2	0.000000E+0	1.240710E+5
1.288000E-2	0.000000E+0	1.239720E+5
1.290000E-2	0.000000E+0	1.237880E+5
1.292000E-2	0.000000E+0	1.237830E+5
1.294000E-2	0.000000E+0	1.228210E+5
1.296000E-2	0.000000E+0	1.239540E+5
1.298000E-2	0.000000E+0	1.233030E+5
1.300000E-2	0.000000E+0	1.237300E+5
1.302000E-2	0.000000E+0	1.237950E+5
1.304000E-2	0.000000E+0	1.240720E+5
1.306000E-2	0.000000E+0	1.238950E+5
1.308000E-2	0.000000E+0	1.238940E+5
1.310000E-2	0.000000E+0	1.237110E+5
1.312000E-2	0.000000E+0	1.238180E+5
1.314000E-2	0.000000E+0	1.239380E+5
1.316000E-2	0.000000E+0	1.231570E+5
1.318000E-2	0.000000E+0	1.240500E+5
1.320000E-2	0.000000E+0	1.241970E+5
1.322000E-2	0.000000E+0	1.236440E+5
1.324000E-2	0.000000E+0	1.236570E+5
1.326000E-2	0.000000E+0	1.236260E+5
1.328000E-2	0.000000E+0	1.241360E+5
1.330000E-2	0.000000E+0	1.236670E+5
1.332000E-2	0.000000E+0	1.236420E+5
1.334000E-2	0.000000E+0	1.236810E+5
1.336000E-2	0.000000E+0	1.238290E+5
1.338000E-2	0.000000E+0	1.241100E+5
1.340000E-2	0.000000E+0	1.232720E+5
1.342000E-2	0.000000E+0	1.241750E+5
1.344000E-2	0.000000E+0	1.230250E+5
1.346000E-2	0.000000E+0	1.238060E+5
1.348000E-2	0.000000E+0	1.235750E+5
1.350000E-2	0.000000E+0	1.233290E+5
1.352000E-2	0.000000E+0	1.234860E+5
1.354000E-2	0.000000E+0	1.234730E+5
1.356000E-2	0.000000E+0	1.242180E+5
1.358000E-2	0.000000E+0	1.237780E+5
1.360000E-2	0.000000E+0	1.238090E+5
1.362000E-2	0.000000E+0	1.235780E+5
1.364000E-2	0.000000E+0	1.233100E+5
1.366000E-2	0.000000E+0	1.241720E+5
1.368000E-2	0.000000E+0	1.236850E+5
1.370000E-2	0.000000E+0	1.237740E+5
1.372000E-2	0.000000E+0	1.236790E+5
1.374000E-2	0.000000E+0	1.235420E+5
1.376000E-2	0.000000E+0	1.236420E+5
1.378000E-2	0.000000E+0	1.235400E+5
1.380000E-2	0.000000E+0	1.231750E+5
1.382000E-2	0.000000E+0	1.241330E+5
1.384000E-2	0.000000E+0	1.227390E+5
1.386000E-2	0.000000E+0	1.226880E+5
1.388000E-2	0.000000E+0	1.226360E+5
1.390000E-2	0.000000E+0	1.221700E+5
1.392000E-2	0.000000E+0	1.218220E+5
1.394000E-2	0.000000E+0	1.222940E+5
1.396000E-2	0.000000E+0	1.219390E+5
1.398000E-2	0.000000E+0	1.220710E+5
1.400000E-2	0.000000E+0	1.206710E+5
1.402000E-2	0.000000E+0	1.203720E+5
1.404000E-2	0.000000E+0	1.210570E+5
1.406000E-2	0.000000E+0	1.214090E+5
1.408000E-2	0.000000E+0	1.216760E+5
1.410000E-2	0.000000E+0	1.219990E+5
1.412000E-2	0.000000E+0	1.216150E+5
1.414000E-2	0.000000E+0	1.224620E+5
1.416000E-2	0.000000E+0	1.227250E+5
1.418000E-2	0.000000E+0	1.217420E+5
1.420000E-2	0.000000E+0	1.230900E+5
1.422000E-2	0.000000E+0	1.227040E+5
1.424000E-2	0.000000E+0	1.236930E+5
1.426000E-2	0.000000E+0	1.236140E+5
1.428000E-2	0.000000E+0	1.238340E+5
1.430000E-2	0.000000E+0	1.238620E+5
1.432000E-2	0.000000E+0	1.235780E+5
1.434000E-2	0.000000E+0	1.235870E+5
1.436000E-2	0.000000E+0	1.242550E+5
1.438000E-2	0.000000E+0	1.239370E+5
1.440000E-2	0.000000E+0	1.237280E+5
1.442000E-2	0.000000E+0	1.231540E+5
1.444000E-2	0.000000E+0	1.228170E+5
1.446000E-2	0.000000E+0	1.234660E+5
1.448000E-2	0.000000E+0	1.231320E+5
1.450000E-2	0.000000E+0	1.224670E+5
1.452000E-2	0.000000E+0	1.227510E+5
1.454000E-2	0.000000E+0	1.228320E+5
1.456000E-2	0.000000E+0	1.223520E+5
1.458000E-2	0.000000E+0	1.229390E+5
1.460000E-2	0.000000E+0	1.227300E+5
1.462000E-2	0.000000E+0	1.224120E+5
1.464000E-2	0.000000E+0	1.222670E+5
1.466000E-2	0.000000E+0	1.216640E+5
1.468000E-2	0.000000E+0	1.211120E+5
1.470000E-2	0.000000E+0	1.221700E+5
1.472000E-2	0.000000E+0	1.228940E+5
1.474000E-2	0.000000E+0	1.222470E+5
1.476000E-2	0.000000E+0	1.220540E+5
1.478000E-2	0.000000E+0	1.224630E+5
1.480000E-2	0.000000E+0	1.225950E+5
1.482000E-2	0.000000E+0	1.230720E+5
1.484000E-2	0.000000E+0	1.222290E+5
1.486000E-2	0.000000E+0	1.231750E+5
1.488000E-2	0.000000E+0	1.228750E+5
1.490000E-2	0.000000E+0	1.228410E+5
1.492000E-2	0.000000E+0	1.237470E+5
1.494000E-2	0.000000E+0	1.240580E+5
1.496000E-2	0.000000E+0	1.232140E+5
1.498000E-2	0.000000E+0	1.232710E+5
1.500000E-2	0.000000E+0	1.241740E+5
1.502000E-2	0.000000E+0	1.230400E+5
1.504000E-2	0.000000E+0	1.238930E+5
1.506000E-2	0.000000E+0	1.236690E+5
1.508000E-2	0.000000E+0	1.240570E+5
1.510000E-2	0.000000E+0	1.235500E+5
1.512000E-2	0.000000E+0	1.231880E+5
1.514000E-2	0.000000E+0	1.239840E+5
1.516000E-2	0.000000E+0	1.237850E+5
1.518000E-2	0.000000E+0	1.240920E+5
1.520000E-2	0.000000E+0	1.231860E+5
1.522000E-2	0.000000E+0	1.238200E+5
1.524000E-2	0.000000E+0	1.230530E+5
1.526000E-2	0.000000E+0	1.240330E+5
1.528000E-2	0.000000E+0	1.235210E+5
1.530000E-2	0.000000E+0	1.233730E+5
1.532000E-2	0.000000E+0	1.233610E+5
1.534000E-2	0.000000E+0	1.229910E+5
1.536000E-2	0.000000E+0	1.231040E+5
1.538000E-2	0.000000E+0	1.230290E+5
1.540000E-2	0.000000E+0	1.232760E+5
1.542000E-2	0.000000E+0	1.227610E+5
1.544000E-2	0.000000E+0	1.226950E+5
1.546000E-2	0.000000E+0	1.234930E+5
1.548000E-2	0.000000E+0	1.233710E+5
1.550000E-2	0.000000E+0	1.233980E+5
1.552000E-2	0.000000E+0	1.235300E+5
1.554000E-2	0.000000E+0	1.230000E+5
1.556000E-2	0.000000E+0	1.245310E+5
1.558000E-2	0.000000E+0	1.236350E+5
1.560000E-2	0.000000E+0	1.236760E+5
1.562000E-2	0.000000E+0	1.233230E+5
1.564000E-2	0.000000E+0	1.233330E+5
1.566000E-2	0.000000E+0	1.232400E+5
1.568000E-2	0.000000E+0	1.227140E+5
1.570000E-2	0.000000E+0	1.236380E+5
1.572000E-2	0.000000E+0	1.231550E+5
1.574000E-2	0.000000E+0	1.235820E+5
1.576000E-2	0.000000E+0	1.235000E+5
1.578000E-2	0.000000E+0	1.232220E+5
1.580000E-2	0.000000E+0	1.228590E+5
1.582000E-2	0.000000E+0	1.229020E+5
1.584000E-2	0.000000E+0	1.222590E+5
1.586000E-2	0.000000E+0	1.232410E+5
1.588000E-2	0.000000E+0	1.232540E+5
1.590000E-2	0.000000E+0	1.226590E+5
1.592000E-2	0.000000E+0	1.231100E+5
1.594000E-2	0.000000E+0	1.234520E+5
1.596000E-2	0.000000E+0	1.237860E+5
1.598000E-2	0.000000E+0	1.237560E+5
1.600000E-2	0.000000E+0	1.239890E+5
1.602000E-2	0.000000E+0	1.238750E+5
1.604000E-2	0.000000E+0	1.239970E+5
1.606000E-2	0.000000E+0	1.233120E+5
1.608000E-2	0.000000E+0	1.238650E+5
1.610000E-2	0.000000E+0	1.235590E+5
1.612000E-2	0.000000E+0	1.236710E+5
1.614000E-2	0.000000E+0	1.233350E+5
1.616000E-2	0.000000E+0	1.239260E+5
1.618000E-2	0.000000E+0	1.240310E+5
1.620000E-2	0.000000E+0	1.240980E+5
1.622000E-2	0.000000E+0	1.236040E+5
1.624000E-2	0.000000E+0	1.242780E+5
1.626000E-2	0.000000E+0	1.233840E+5
1.628000E-2	0.000000E+0	1.237500E+5
1.630000E-2	0.000000E+0	1.223210E+5
1.632000E-2	0.000000E+0	1.231900E+5
1.634000E-2	0.000000E+0	1.225870E+5
1.636000E-2	0.000000E+0	1.225970E+5
1.638000E-2	0.000000E+0	1.224370E+5
1.640000E-2	0.000000E+0	1.221500E+5
1.642000E-2	0.000000E+0	1.224580E+5
1.644000E-2	0.000000E+0	1.223280E+5
1.646000E-2	0.000000E+0	1.218800E+5
1.648000E-2	0.000000E+0	1.220120E+5
1.650000E-2	0.000000E+0	1.221230E+5
1.652000E-2	0.000000E+0	1.225690E+5
1.654000E-2	0.000000E+0	1.224380E+5
1.656000E-2	0.000000E+0	1.227810E+5
1.658000E-2	0.000000E+0	1.225960E+5
1.660000E-2	0.000000E+0	1.228090E+5
1.662000E-2	0.000000E+0	1.239000E+5
1.664000E-2	0.000000E+0	1.226620E+5
1.666000E-2	0.000000E+0	1.231000E+5
1.668000E-2	0.000000E+0	1.240660E+5
1.670000E-2	0.000000E+0	1.232010E+5
1.672000E-2	0.000000E+0	1.237210E+5
1.674000E-2	0.000000E+0	1.240250E+5
1.676000E-2	0.000000E+0	1.233620E+5
1.678000E-2	0.000000E+0	1.239630E+5
1.680000E-2	0.000000E+0	1.237040E+5
1.682000E-2	0.000000E+0	1.244760E+5
1.684000E-2	0.000000E+0	1.240440E+5
1.686000E-2	0.000000E+0	1.233120E+5
1.688000E-2	0.000000E+0	1.233850E+5
1.690000E-2	0.000000E+0	1.237930E+5
1.692000E-2	0.000000E+0	1.228190E+5
1.694000E-2	0.000000E+0	1.230400E+5
1.696000E-2	0.000000E+0	1.237590E+5
1.698000E-2	0.000000E+0	1.235970E+5
1.700000E-2	0.000000E+0	1.234430E+5
1.702000E-2	0.000000E+0	1.233710E+5
1.704000E-2	0.000000E+0	1.230890E+5
1.706000E-2	0.000000E+0	1.227960E+5
1.708000E-2	0.000000E+0	1.223630E+5
1.710000E-2	0.000000E+0	1.216090E+5
1.712000E-2	0.000000E+0	1.219390E+5
1.714000E-2	0.000000E+0	1.222160E+5
1.716000E-2	0.000000E+0	1.217230E+5
1.718000E-2	0.000000E+0	1.215810E+5
1.720000E-2	0.000000E+0	1.212740E+5
1.722000E-2	0.000000E+0	1.210380E+5
1.724000E-2	0.000000E+0	1.208590E+5
1.726000E-2	0.000000E+0	1.214420E+5
1.728000E-2	0.000000E+0	1.222540E+5
1.730000E-2	0.000000E+0	1.218110E+5
1.732000E-2	0.000000E+0	1.223420E+5
1.734000E-2	0.000000E+0	1.224470E+5
1.736000E-2	0.000000E+0	1.232290E+5
1.738000E-2	0.000000E+0	1.228620E+5
1.740000E-2	0.000000E+0	1.231440E+5
1.742000E-2	0.000000E+0	1.233460E+5
1.744000E-2	0.000000E+0	1.230830E+5
1.746000E-2	0.000000E+0	1.236220E+5
1.748000E-2	0.000000E+0	1.232060E+5
1.750000E-2	0.000000E+0	1.238690E+5
1.752000E-2	0.000000E+0	1.235630E+5
1.754000E-2	0.000000E+0	1.240130E+5
1.756000E-2	0.000000E+0	1.237540E+5
1.758000E-2	0.000000E+0	1.241030E+5
1.760000E-2	0.000000E+0	1.239100E+5
1.762000E-2	0.000000E+0	1.235670E+5
1.764000E-2	0.000000E+0	1.232730E+5
1.766000E-2	0.000000E+0	1.239100E+5
1.768000E-2	0.000000E+0	1.243050E+5
1.770000E-2	0.000000E+0	1.241960E+5
1.772000E-2	0.000000E+0	1.236780E+5
1.774000E-2	0.000000E+0	1.234510E+5
1.776000E-2	0.000000E+0	1.241260E+5
1.778000E-2	0.000000E+0	1.237230E+5
1.780000E-2	0.000000E+0	1.235840E+5
1.782000E-2	0.000000E+0	1.240420E+5
1.784000E-2	0.000000E+0	1.236920E+5
1.786000E-2	0.000000E+0	1.241850E+5
1.788000E-2	0.000000E+0	1.238560E+5
1.790000E-2	0.000000E+0	1.232150E+5
1.792000E-2	0.000000E+0	1.234770E+5
1.794000E-2	0.000000E+0	1.240260E+5
1.796000E-2	0.000000E+0	1.240390E+5
1.798000E-2	0.000000E+0	1.237790E+5
1.800000E-2	0.000000E+0	1.241090E+5
1.802000E-2	0.000000E+0	1.242560E+5
1.804000E-2	0.000000E+0	1.234760E+5
1.806000E-2	0.000000E+0	1.237860E+5
1.808000E-2	0.000000E+0	1.237560E+5
1.810000E-2	0.000000E+0	1.240280E+5
1.812000E-2	0.000000E+0	1.239630E+5
1.814000E-2	0.000000E+0	1.238320E+5
1.816000E-2	0.000000E+0	1.236330E+5
1.818000E-2	0.000000E+0	1.230510E+5
1.820000E-2	0.000000E+0	1.238570E+5
1.822000E-2	0.000000E+0	1.239080E+5
1.824000E-2	0.000000E+0	1.236870E+5
1.826000E-2	0.000000E+0	1.239330E+5
1.828000E-2	0.000000E+0	1.229960E+5
1.830000E-2	0.000000E+0	1.237200E+5
1.832000E-2	0.000000E+0	1.239160E+5
1.834000E-2	0.000000E+0	1.239700E+5
1.836000E-2	0.000000E+0	1.231060E+5
1.838000E-2	0.000000E+0	1.236750E+5
1.840000E-2	0.000000E+0	1.240430E+5
1.842000E-2	0.000000E+0	1.238730E+5
1.844000E-2	0.000000E+0	1.238460E+5
1.846000E-2	0.000000E+0	1.236990E+5
1.848000E-2	0.000000E+0	1.233000E+5
1.850000E-2	0.000000E+0	1.236380E+5
1.852000E-2	0.000000E+0	1.240100E+5
1.854000E-2	0.000000E+0	1.235260E+5
1.856000E-2	0.000000E+0	1.235500E+5
1.858000E-2	0.000000E+0	1.238460E+5
1.860000E-2	0.000000E+0	1.235360E+5
1.862000E-2	0.000000E+0	1.231290E+5
1.864000E-2	0.000000E+0	1.240920E+5
1.866000E-2	0.000000E+0	1.230400E+5
1.868000E-2	0.000000E+0	1.233420E+5
1.870000E-2	0.000000E+0	1.235270E+5
1.872000E-2	0.000000E+0	1.240530E+5
1.874000E-2	0.000000E+0	1.245210E+5
1.876000E-2	0.000000E+0	1.242600E+5
1.878000E-2	0.000000E+0	1.243840E+5
1.880000E-2	0.000000E+0	1.233020E+5
1.882000E-2	0.000000E+0	1.239720E+5
1.884000E-2	0.000000E+0	1.233610E+5
1.886000E-2	0.000000E+0	1.240040E+5
1.888000E-2	0.000000E+0	1.239150E+5
1.890000E-2	0.000000E+0	1.235120E+5
1.892000E-2	0.000000E+0	1.233860E+5
1.894000E-2	0.000000E+0	1.233570E+5
1.896000E-2	0.000000E+0	1.235200E+5
1.898000E-2	0.000000E+0	1.233740E+5
1.900000E-2	0.000000E+0	1.242140E+5
1.902000E-2	0.000000E+0	1.240720E+5
1.904000E-2	0.000000E+0	1.237870E+5
1.906000E-2	0.000000E+0	1.240100E+5
1.908000E-2	0.000000E+0	1.240590E+5
1.910000E-2	0.000000E+0	1.234690E+5
1.912000E-2	0.000000E+0	1.244070E+5
1.914000E-2	0.000000E+0	1.233710E+5
1.916000E-2	0.000000E+0	1.238510E+5
1.918000E-2	0.000000E+0	1.240080E+5
1.920000E-2	0.000000E+0	1.236630E+5
1.922000E-2	0.000000E+0	1.234220E+5
1.924000E-2	0.000000E+0	1.229620E+5
1.926000E-2	0.000000E+0	1.235950E+5
1.928000E-2	0.000000E+0	1.238960E+5
1.930000E-2	0.000000E+0	1.233310E+5
1.932000E-2	0.000000E+0	1.237100E+5
1.934000E-2	0.000000E+0	1.239590E+5
1.936000E-2	0.000000E+0	1.233960E+5
1.938000E-2	0.000000E+0	1.236090E+5
1.940000E-2	0.000000E+0	1.236100E+5
1.942000E-2	0.000000E+0	1.236410E+5
1.944000E-2	0.000000E+0	1.236940E+5
1.946000E-2	0.000000E+0	1.237650E+5
1.948000E-2	0.000000E+0	1.236660E+5
1.950000E-2	0.000000E+0	1.235890E+5
1.952000E-2	0.000000E+0	1.235190E+5
1.954000E-2	0.000000E+0	1.237770E+5
1.956000E-2	0.000000E+0	1.239380E+5
1.958000E-2	0.000000E+0	1.234010E+5
1.960000E-2	0.000000E+0	1.235710E+5
1.962000E-2	0.000000E+0	1.239520E+5
1.964000E-2	0.000000E+0	1.236730E+5
1.966000E-2	0.000000E+0	1.239940E+5
1.968000E-2	0.000000E+0	1.235340E+5
1.970000E-2	0.000000E+0	1.242130E+5
1.972000E-2	0.000000E+0	1.235470E+5
1.974000E-2	0.000000E+0	1.238840E+5
1.976000E-2	0.000000E+0	1.236010E+5
1.978000E-2	0.000000E+0	1.234670E+5
1.980000E-2	0.000000E+0	1.240940E+5
1.982000E-2	0.000000E+0	1.238410E+5
1.984000E-2	0.000000E+0	1.239820E+5
1.986000E-2	0.000000E+0	1.236960E+5
1.988000E-2	0.000000E+0	1.238540E+5
1.990000E-2	0.000000E+0	1.239480E+5
1.992000E-2	0.000000E+0	1.234640E+5
1.994000E-2	0.000000E+0	1.237460E+5
1.996000E-2	0.000000E+0	1.240860E+5
1.998000E-2	0.000000E+0	1.231110E+5
