

live time:  55872.020000
real time:  75602.232000
sweeps:  2793601.000000
0.000000E+0	0.000000E+0	0.000000E+0
2.000000E-5	0.000000E+0	1.368730E+5
4.000000E-5	0.000000E+0	1.361570E+5
6.000000E-5	0.000000E+0	1.356010E+5
8.000000E-5	0.000000E+0	1.363820E+5
1.000000E-4	0.000000E+0	1.368230E+5
1.200000E-4	0.000000E+0	1.362110E+5
1.400000E-4	0.000000E+0	1.359640E+5
1.600000E-4	0.000000E+0	1.364960E+5
1.800000E-4	0.000000E+0	1.370330E+5
2.000000E-4	0.000000E+0	1.366260E+5
2.200000E-4	0.000000E+0	1.365210E+5
2.400000E-4	0.000000E+0	1.368720E+5
2.600000E-4	0.000000E+0	1.368430E+5
2.800000E-4	0.000000E+0	1.369720E+5
3.000000E-4	0.000000E+0	1.367390E+5
3.200000E-4	0.000000E+0	1.364950E+5
3.400000E-4	0.000000E+0	1.358890E+5
3.600000E-4	0.000000E+0	1.359530E+5
3.800000E-4	0.000000E+0	1.363940E+5
4.000000E-4	0.000000E+0	1.367680E+5
4.200000E-4	0.000000E+0	1.369410E+5
4.400000E-4	0.000000E+0	1.367580E+5
4.600000E-4	0.000000E+0	1.370040E+5
4.800000E-4	0.000000E+0	1.361760E+5
5.000000E-4	0.000000E+0	1.366580E+5
5.200000E-4	0.000000E+0	1.362330E+5
5.400000E-4	0.000000E+0	1.368210E+5
5.600000E-4	0.000000E+0	1.364560E+5
5.800000E-4	0.000000E+0	1.365800E+5
6.000000E-4	0.000000E+0	1.363840E+5
6.200000E-4	0.000000E+0	1.361480E+5
6.400000E-4	0.000000E+0	1.371000E+5
6.600000E-4	0.000000E+0	1.365190E+5
6.800000E-4	0.000000E+0	1.365240E+5
7.000000E-4	0.000000E+0	1.365030E+5
7.200000E-4	0.000000E+0	1.373160E+5
7.400000E-4	0.000000E+0	1.363160E+5
7.600000E-4	0.000000E+0	1.366520E+5
7.800000E-4	0.000000E+0	1.361280E+5
8.000000E-4	0.000000E+0	1.372280E+5
8.200000E-4	0.000000E+0	1.358880E+5
8.400000E-4	0.000000E+0	1.370960E+5
8.600000E-4	0.000000E+0	1.356690E+5
8.800000E-4	0.000000E+0	1.364160E+5
9.000000E-4	0.000000E+0	1.359320E+5
9.200000E-4	0.000000E+0	1.359600E+5
9.400000E-4	0.000000E+0	1.362770E+5
9.600000E-4	0.000000E+0	1.361770E+5
9.800000E-4	0.000000E+0	1.365950E+5
1.000000E-3	0.000000E+0	1.366590E+5
1.020000E-3	0.000000E+0	1.368350E+5
1.040000E-3	0.000000E+0	1.371030E+5
1.060000E-3	0.000000E+0	1.368810E+5
1.080000E-3	0.000000E+0	1.364850E+5
1.100000E-3	0.000000E+0	1.361820E+5
1.120000E-3	0.000000E+0	1.365090E+5
1.140000E-3	0.000000E+0	1.363410E+5
1.160000E-3	0.000000E+0	1.360890E+5
1.180000E-3	0.000000E+0	1.364630E+5
1.200000E-3	0.000000E+0	1.358770E+5
1.220000E-3	0.000000E+0	1.364590E+5
1.240000E-3	0.000000E+0	1.364030E+5
1.260000E-3	0.000000E+0	1.368680E+5
1.280000E-3	0.000000E+0	1.362230E+5
1.300000E-3	0.000000E+0	1.366060E+5
1.320000E-3	0.000000E+0	1.359680E+5
1.340000E-3	0.000000E+0	1.366570E+5
1.360000E-3	0.000000E+0	1.363250E+5
1.380000E-3	0.000000E+0	1.365140E+5
1.400000E-3	0.000000E+0	1.362400E+5
1.420000E-3	0.000000E+0	1.359800E+5
1.440000E-3	0.000000E+0	1.361210E+5
1.460000E-3	0.000000E+0	1.360920E+5
1.480000E-3	0.000000E+0	1.362500E+5
1.500000E-3	0.000000E+0	1.363800E+5
1.520000E-3	0.000000E+0	1.367810E+5
1.540000E-3	0.000000E+0	1.369310E+5
1.560000E-3	0.000000E+0	1.362230E+5
1.580000E-3	0.000000E+0	1.368020E+5
1.600000E-3	0.000000E+0	1.360500E+5
1.620000E-3	0.000000E+0	1.362460E+5
1.640000E-3	0.000000E+0	1.367780E+5
1.660000E-3	0.000000E+0	1.363150E+5
1.680000E-3	0.000000E+0	1.366610E+5
1.700000E-3	0.000000E+0	1.359960E+5
1.720000E-3	0.000000E+0	1.361490E+5
1.740000E-3	0.000000E+0	1.360560E+5
1.760000E-3	0.000000E+0	1.359410E+5
1.780000E-3	0.000000E+0	1.363360E+5
1.800000E-3	0.000000E+0	1.369730E+5
1.820000E-3	0.000000E+0	1.361750E+5
1.840000E-3	0.000000E+0	1.364330E+5
1.860000E-3	0.000000E+0	1.363440E+5
1.880000E-3	0.000000E+0	1.360890E+5
1.900000E-3	0.000000E+0	1.366450E+5
1.920000E-3	0.000000E+0	1.361720E+5
1.940000E-3	0.000000E+0	1.370190E+5
1.960000E-3	0.000000E+0	1.363730E+5
1.980000E-3	0.000000E+0	1.368850E+5
2.000000E-3	0.000000E+0	1.364750E+5
2.020000E-3	0.000000E+0	1.364450E+5
2.040000E-3	0.000000E+0	1.365610E+5
2.060000E-3	0.000000E+0	1.370260E+5
2.080000E-3	0.000000E+0	1.365460E+5
2.100000E-3	0.000000E+0	1.360860E+5
2.120000E-3	0.000000E+0	1.368290E+5
2.140000E-3	0.000000E+0	1.363210E+5
2.160000E-3	0.000000E+0	1.363200E+5
2.180000E-3	0.000000E+0	1.361090E+5
2.200000E-3	0.000000E+0	1.365440E+5
2.220000E-3	0.000000E+0	1.363130E+5
2.240000E-3	0.000000E+0	1.364710E+5
2.260000E-3	0.000000E+0	1.365080E+5
2.280000E-3	0.000000E+0	1.367980E+5
2.300000E-3	0.000000E+0	1.360660E+5
2.320000E-3	0.000000E+0	1.366510E+5
2.340000E-3	0.000000E+0	1.371450E+5
2.360000E-3	0.000000E+0	1.364300E+5
2.380000E-3	0.000000E+0	1.365690E+5
2.400000E-3	0.000000E+0	1.361240E+5
2.420000E-3	0.000000E+0	1.360410E+5
2.440000E-3	0.000000E+0	1.364980E+5
2.460000E-3	0.000000E+0	1.367050E+5
2.480000E-3	0.000000E+0	1.365350E+5
2.500000E-3	0.000000E+0	1.358330E+5
2.520000E-3	0.000000E+0	1.368940E+5
2.540000E-3	0.000000E+0	1.362040E+5
2.560000E-3	0.000000E+0	1.365000E+5
2.580000E-3	0.000000E+0	1.363290E+5
2.600000E-3	0.000000E+0	1.372220E+5
2.620000E-3	0.000000E+0	1.362010E+5
2.640000E-3	0.000000E+0	1.363600E+5
2.660000E-3	0.000000E+0	1.360380E+5
2.680000E-3	0.000000E+0	1.359500E+5
2.700000E-3	0.000000E+0	1.365170E+5
2.720000E-3	0.000000E+0	1.362670E+5
2.740000E-3	0.000000E+0	1.364940E+5
2.760000E-3	0.000000E+0	1.367280E+5
2.780000E-3	0.000000E+0	1.364300E+5
2.800000E-3	0.000000E+0	1.361650E+5
2.820000E-3	0.000000E+0	1.362660E+5
2.840000E-3	0.000000E+0	1.362330E+5
2.860000E-3	0.000000E+0	1.360100E+5
2.880000E-3	0.000000E+0	1.362970E+5
2.900000E-3	0.000000E+0	1.359220E+5
2.920000E-3	0.000000E+0	1.367880E+5
2.940000E-3	0.000000E+0	1.363470E+5
2.960000E-3	0.000000E+0	1.364720E+5
2.980000E-3	0.000000E+0	1.362490E+5
3.000000E-3	0.000000E+0	1.371290E+5
3.020000E-3	0.000000E+0	1.362250E+5
3.040000E-3	0.000000E+0	1.358610E+5
3.060000E-3	0.000000E+0	1.362020E+5
3.080000E-3	0.000000E+0	1.362360E+5
3.100000E-3	0.000000E+0	1.366230E+5
3.120000E-3	0.000000E+0	1.363470E+5
3.140000E-3	0.000000E+0	1.363050E+5
3.160000E-3	0.000000E+0	1.362480E+5
3.180000E-3	0.000000E+0	1.358970E+5
3.200000E-3	0.000000E+0	1.359040E+5
3.220000E-3	0.000000E+0	1.353410E+5
3.240000E-3	0.000000E+0	1.364880E+5
3.260000E-3	0.000000E+0	1.364910E+5
3.280000E-3	0.000000E+0	1.359870E+5
3.300000E-3	0.000000E+0	1.363160E+5
3.320000E-3	0.000000E+0	1.359750E+5
3.340000E-3	0.000000E+0	1.361710E+5
3.360000E-3	0.000000E+0	1.361440E+5
3.380000E-3	0.000000E+0	1.357840E+5
3.400000E-3	0.000000E+0	1.355350E+5
3.420000E-3	0.000000E+0	1.352860E+5
3.440000E-3	0.000000E+0	1.344630E+5
3.460000E-3	0.000000E+0	1.341120E+5
3.480000E-3	0.000000E+0	1.342000E+5
3.500000E-3	0.000000E+0	1.347590E+5
3.520000E-3	0.000000E+0	1.341000E+5
3.540000E-3	0.000000E+0	1.342040E+5
3.560000E-3	0.000000E+0	1.332940E+5
3.580000E-3	0.000000E+0	1.334220E+5
3.600000E-3	0.000000E+0	1.325070E+5
3.620000E-3	0.000000E+0	1.329790E+5
3.640000E-3	0.000000E+0	1.335960E+5
3.660000E-3	0.000000E+0	1.344990E+5
3.680000E-3	0.000000E+0	1.350390E+5
3.700000E-3	0.000000E+0	1.348830E+5
3.720000E-3	0.000000E+0	1.345360E+5
3.740000E-3	0.000000E+0	1.353440E+5
3.760000E-3	0.000000E+0	1.351350E+5
3.780000E-3	0.000000E+0	1.345910E+5
3.800000E-3	0.000000E+0	1.356590E+5
3.820000E-3	0.000000E+0	1.358820E+5
3.840000E-3	0.000000E+0	1.363060E+5
3.860000E-3	0.000000E+0	1.363150E+5
3.880000E-3	0.000000E+0	1.362830E+5
3.900000E-3	0.000000E+0	1.367470E+5
3.920000E-3	0.000000E+0	1.372290E+5
3.940000E-3	0.000000E+0	1.367840E+5
3.960000E-3	0.000000E+0	1.363180E+5
3.980000E-3	0.000000E+0	1.366680E+5
4.000000E-3	0.000000E+0	1.356000E+5
4.020000E-3	0.000000E+0	1.361120E+5
4.040000E-3	0.000000E+0	1.369250E+5
4.060000E-3	0.000000E+0	1.358220E+5
4.080000E-3	0.000000E+0	1.358290E+5
4.100000E-3	0.000000E+0	1.362010E+5
4.120000E-3	0.000000E+0	1.364640E+5
4.140000E-3	0.000000E+0	1.356730E+5
4.160000E-3	0.000000E+0	1.357360E+5
4.180000E-3	0.000000E+0	1.352660E+5
4.200000E-3	0.000000E+0	1.353840E+5
4.220000E-3	0.000000E+0	1.356800E+5
4.240000E-3	0.000000E+0	1.355550E+5
4.260000E-3	0.000000E+0	1.357230E+5
4.280000E-3	0.000000E+0	1.350530E+5
4.300000E-3	0.000000E+0	1.344090E+5
4.320000E-3	0.000000E+0	1.331100E+5
4.340000E-3	0.000000E+0	1.344890E+5
4.360000E-3	0.000000E+0	1.345160E+5
4.380000E-3	0.000000E+0	1.342950E+5
4.400000E-3	0.000000E+0	1.352670E+5
4.420000E-3	0.000000E+0	1.350360E+5
4.440000E-3	0.000000E+0	1.354100E+5
4.460000E-3	0.000000E+0	1.353790E+5
4.480000E-3	0.000000E+0	1.351520E+5
4.500000E-3	0.000000E+0	1.352040E+5
4.520000E-3	0.000000E+0	1.352810E+5
4.540000E-3	0.000000E+0	1.363370E+5
4.560000E-3	0.000000E+0	1.366320E+5
4.580000E-3	0.000000E+0	1.354950E+5
4.600000E-3	0.000000E+0	1.360640E+5
4.620000E-3	0.000000E+0	1.360790E+5
4.640000E-3	0.000000E+0	1.366940E+5
4.660000E-3	0.000000E+0	1.363340E+5
4.680000E-3	0.000000E+0	1.365230E+5
4.700000E-3	0.000000E+0	1.366080E+5
4.720000E-3	0.000000E+0	1.365610E+5
4.740000E-3	0.000000E+0	1.361410E+5
4.760000E-3	0.000000E+0	1.362590E+5
4.780000E-3	0.000000E+0	1.362390E+5
4.800000E-3	0.000000E+0	1.358950E+5
4.820000E-3	0.000000E+0	1.359480E+5
4.840000E-3	0.000000E+0	1.358150E+5
4.860000E-3	0.000000E+0	1.354280E+5
4.880000E-3	0.000000E+0	1.357540E+5
4.900000E-3	0.000000E+0	1.357390E+5
4.920000E-3	0.000000E+0	1.359860E+5
4.940000E-3	0.000000E+0	1.352070E+5
4.960000E-3	0.000000E+0	1.357040E+5
4.980000E-3	0.000000E+0	1.353290E+5
5.000000E-3	0.000000E+0	1.352640E+5
5.020000E-3	0.000000E+0	1.352560E+5
5.040000E-3	0.000000E+0	1.352860E+5
5.060000E-3	0.000000E+0	1.355080E+5
5.080000E-3	0.000000E+0	1.354090E+5
5.100000E-3	0.000000E+0	1.355780E+5
5.120000E-3	0.000000E+0	1.359640E+5
5.140000E-3	0.000000E+0	1.366680E+5
5.160000E-3	0.000000E+0	1.355170E+5
5.180000E-3	0.000000E+0	1.365470E+5
5.200000E-3	0.000000E+0	1.365800E+5
5.220000E-3	0.000000E+0	1.360550E+5
5.240000E-3	0.000000E+0	1.356940E+5
5.260000E-3	0.000000E+0	1.367880E+5
5.280000E-3	0.000000E+0	1.364770E+5
5.300000E-3	0.000000E+0	1.361510E+5
5.320000E-3	0.000000E+0	1.359610E+5
5.340000E-3	0.000000E+0	1.358180E+5
5.360000E-3	0.000000E+0	1.365000E+5
5.380000E-3	0.000000E+0	1.352350E+5
5.400000E-3	0.000000E+0	1.358480E+5
5.420000E-3	0.000000E+0	1.358780E+5
5.440000E-3	0.000000E+0	1.353560E+5
5.460000E-3	0.000000E+0	1.347280E+5
5.480000E-3	0.000000E+0	1.351500E+5
5.500000E-3	0.000000E+0	1.355490E+5
5.520000E-3	0.000000E+0	1.358110E+5
5.540000E-3	0.000000E+0	1.358780E+5
5.560000E-3	0.000000E+0	1.359320E+5
5.580000E-3	0.000000E+0	1.362440E+5
5.600000E-3	0.000000E+0	1.353220E+5
5.620000E-3	0.000000E+0	1.359090E+5
5.640000E-3	0.000000E+0	1.365500E+5
5.660000E-3	0.000000E+0	1.362900E+5
5.680000E-3	0.000000E+0	1.362530E+5
5.700000E-3	0.000000E+0	1.356290E+5
5.720000E-3	0.000000E+0	1.366330E+5
5.740000E-3	0.000000E+0	1.365270E+5
5.760000E-3	0.000000E+0	1.362330E+5
5.780000E-3	0.000000E+0	1.355780E+5
5.800000E-3	0.000000E+0	1.366840E+5
5.820000E-3	0.000000E+0	1.354420E+5
5.840000E-3	0.000000E+0	1.367910E+5
5.860000E-3	0.000000E+0	1.360070E+5
5.880000E-3	0.000000E+0	1.358060E+5
5.900000E-3	0.000000E+0	1.368060E+5
5.920000E-3	0.000000E+0	1.366720E+5
5.940000E-3	0.000000E+0	1.354990E+5
5.960000E-3	0.000000E+0	1.352920E+5
5.980000E-3	0.000000E+0	1.353650E+5
6.000000E-3	0.000000E+0	1.351930E+5
6.020000E-3	0.000000E+0	1.348430E+5
6.040000E-3	0.000000E+0	1.348670E+5
6.060000E-3	0.000000E+0	1.348070E+5
6.080000E-3	0.000000E+0	1.351310E+5
6.100000E-3	0.000000E+0	1.340880E+5
6.120000E-3	0.000000E+0	1.343200E+5
6.140000E-3	0.000000E+0	1.338290E+5
6.160000E-3	0.000000E+0	1.337110E+5
6.180000E-3	0.000000E+0	1.341400E+5
6.200000E-3	0.000000E+0	1.349490E+5
6.220000E-3	0.000000E+0	1.353650E+5
6.240000E-3	0.000000E+0	1.350030E+5
6.260000E-3	0.000000E+0	1.360740E+5
6.280000E-3	0.000000E+0	1.357600E+5
6.300000E-3	0.000000E+0	1.359730E+5
6.320000E-3	0.000000E+0	1.360510E+5
6.340000E-3	0.000000E+0	1.364290E+5
6.360000E-3	0.000000E+0	1.356580E+5
6.380000E-3	0.000000E+0	1.358690E+5
6.400000E-3	0.000000E+0	1.362810E+5
6.420000E-3	0.000000E+0	1.362760E+5
6.440000E-3	0.000000E+0	1.362900E+5
6.460000E-3	0.000000E+0	1.357030E+5
6.480000E-3	0.000000E+0	1.368660E+5
6.500000E-3	0.000000E+0	1.365310E+5
6.520000E-3	0.000000E+0	1.365870E+5
6.540000E-3	0.000000E+0	1.356540E+5
6.560000E-3	0.000000E+0	1.362530E+5
6.580000E-3	0.000000E+0	1.357310E+5
6.600000E-3	0.000000E+0	1.357550E+5
6.620000E-3	0.000000E+0	1.357460E+5
6.640000E-3	0.000000E+0	1.348610E+5
6.660000E-3	0.000000E+0	1.340610E+5
6.680000E-3	0.000000E+0	1.346810E+5
6.700000E-3	0.000000E+0	1.345770E+5
6.720000E-3	0.000000E+0	1.346960E+5
6.740000E-3	0.000000E+0	1.339820E+5
6.760000E-3	0.000000E+0	1.338150E+5
6.780000E-3	0.000000E+0	1.329260E+5
6.800000E-3	0.000000E+0	1.328480E+5
6.820000E-3	0.000000E+0	1.326610E+5
6.840000E-3	0.000000E+0	1.335150E+5
6.860000E-3	0.000000E+0	1.349810E+5
6.880000E-3	0.000000E+0	1.334490E+5
6.900000E-3	0.000000E+0	1.343120E+5
6.920000E-3	0.000000E+0	1.350130E+5
6.940000E-3	0.000000E+0	1.353110E+5
6.960000E-3	0.000000E+0	1.360980E+5
6.980000E-3	0.000000E+0	1.354320E+5
7.000000E-3	0.000000E+0	1.353770E+5
7.020000E-3	0.000000E+0	1.361850E+5
7.040000E-3	0.000000E+0	1.360810E+5
7.060000E-3	0.000000E+0	1.371110E+5
7.080000E-3	0.000000E+0	1.365020E+5
7.100000E-3	0.000000E+0	1.368780E+5
7.120000E-3	0.000000E+0	1.359610E+5
7.140000E-3	0.000000E+0	1.361140E+5
7.160000E-3	0.000000E+0	1.364660E+5
7.180000E-3	0.000000E+0	1.358010E+5
7.200000E-3	0.000000E+0	1.363140E+5
7.220000E-3	0.000000E+0	1.365490E+5
7.240000E-3	0.000000E+0	1.358430E+5
7.260000E-3	0.000000E+0	1.364510E+5
7.280000E-3	0.000000E+0	1.356780E+5
7.300000E-3	0.000000E+0	1.368810E+5
7.320000E-3	0.000000E+0	1.363790E+5
7.340000E-3	0.000000E+0	1.365450E+5
7.360000E-3	0.000000E+0	1.358360E+5
7.380000E-3	0.000000E+0	1.360660E+5
7.400000E-3	0.000000E+0	1.361650E+5
7.420000E-3	0.000000E+0	1.365290E+5
7.440000E-3	0.000000E+0	1.367890E+5
7.460000E-3	0.000000E+0	1.369020E+5
7.480000E-3	0.000000E+0	1.367920E+5
7.500000E-3	0.000000E+0	1.371110E+5
7.520000E-3	0.000000E+0	1.368850E+5
7.540000E-3	0.000000E+0	1.359620E+5
7.560000E-3	0.000000E+0	1.361650E+5
7.580000E-3	0.000000E+0	1.357690E+5
7.600000E-3	0.000000E+0	1.368830E+5
7.620000E-3	0.000000E+0	1.361800E+5
7.640000E-3	0.000000E+0	1.364290E+5
7.660000E-3	0.000000E+0	1.364930E+5
7.680000E-3	0.000000E+0	1.363710E+5
7.700000E-3	0.000000E+0	1.364800E+5
7.720000E-3	0.000000E+0	1.361910E+5
7.740000E-3	0.000000E+0	1.373070E+5
7.760000E-3	0.000000E+0	1.367260E+5
7.780000E-3	0.000000E+0	1.366160E+5
7.800000E-3	0.000000E+0	1.363580E+5
7.820000E-3	0.000000E+0	1.365470E+5
7.840000E-3	0.000000E+0	1.368860E+5
7.860000E-3	0.000000E+0	1.363890E+5
7.880000E-3	0.000000E+0	1.357940E+5
7.900000E-3	0.000000E+0	1.363110E+5
7.920000E-3	0.000000E+0	1.367940E+5
7.940000E-3	0.000000E+0	1.357250E+5
7.960000E-3	0.000000E+0	1.362560E+5
7.980000E-3	0.000000E+0	1.359770E+5
8.000000E-3	0.000000E+0	1.362630E+5
8.020000E-3	0.000000E+0	1.362330E+5
8.040000E-3	0.000000E+0	1.358640E+5
8.060000E-3	0.000000E+0	1.363260E+5
8.080000E-3	0.000000E+0	1.370750E+5
8.100000E-3	0.000000E+0	1.360330E+5
8.120000E-3	0.000000E+0	1.361710E+5
8.140000E-3	0.000000E+0	1.366810E+5
8.160000E-3	0.000000E+0	1.368670E+5
8.180000E-3	0.000000E+0	1.367630E+5
8.200000E-3	0.000000E+0	1.367820E+5
8.220000E-3	0.000000E+0	1.366500E+5
8.240000E-3	0.000000E+0	1.361440E+5
8.260000E-3	0.000000E+0	1.358710E+5
8.280000E-3	0.000000E+0	1.355570E+5
8.300000E-3	0.000000E+0	1.357390E+5
8.320000E-3	0.000000E+0	1.363400E+5
8.340000E-3	0.000000E+0	1.371890E+5
8.360000E-3	0.000000E+0	1.364970E+5
8.380000E-3	0.000000E+0	1.358210E+5
8.400000E-3	0.000000E+0	1.367530E+5
8.420000E-3	0.000000E+0	1.365530E+5
8.440000E-3	0.000000E+0	1.370490E+5
8.460000E-3	0.000000E+0	1.367460E+5
8.480000E-3	0.000000E+0	1.364230E+5
8.500000E-3	0.000000E+0	1.366700E+5
8.520000E-3	0.000000E+0	1.359790E+5
8.540000E-3	0.000000E+0	1.358850E+5
8.560000E-3	0.000000E+0	1.361360E+5
8.580000E-3	0.000000E+0	1.363470E+5
8.600000E-3	0.000000E+0	1.362270E+5
8.620000E-3	0.000000E+0	1.363330E+5
8.640000E-3	0.000000E+0	1.362890E+5
8.660000E-3	0.000000E+0	1.368010E+5
8.680000E-3	0.000000E+0	1.366790E+5
8.700000E-3	0.000000E+0	1.361240E+5
8.720000E-3	0.000000E+0	1.365470E+5
8.740000E-3	0.000000E+0	1.363030E+5
8.760000E-3	0.000000E+0	1.363400E+5
8.780000E-3	0.000000E+0	1.365820E+5
8.800000E-3	0.000000E+0	1.362450E+5
8.820000E-3	0.000000E+0	1.363560E+5
8.840000E-3	0.000000E+0	1.368170E+5
8.860000E-3	0.000000E+0	1.367830E+5
8.880000E-3	0.000000E+0	1.362950E+5
8.900000E-3	0.000000E+0	1.368370E+5
8.920000E-3	0.000000E+0	1.364290E+5
8.940000E-3	0.000000E+0	1.364480E+5
8.960000E-3	0.000000E+0	1.368260E+5
8.980000E-3	0.000000E+0	1.368850E+5
9.000000E-3	0.000000E+0	1.367860E+5
9.020000E-3	0.000000E+0	1.368090E+5
9.040000E-3	0.000000E+0	1.364560E+5
9.060000E-3	0.000000E+0	1.368400E+5
9.080000E-3	0.000000E+0	1.362500E+5
9.100000E-3	0.000000E+0	1.360760E+5
9.120000E-3	0.000000E+0	1.369040E+5
9.140000E-3	0.000000E+0	1.364290E+5
9.160000E-3	0.000000E+0	1.368620E+5
9.180000E-3	0.000000E+0	1.364580E+5
9.200000E-3	0.000000E+0	1.364230E+5
9.220000E-3	0.000000E+0	1.366150E+5
9.240000E-3	0.000000E+0	1.368870E+5
9.260000E-3	0.000000E+0	1.360760E+5
9.280000E-3	0.000000E+0	1.369700E+5
9.300000E-3	0.000000E+0	1.368570E+5
9.320000E-3	0.000000E+0	1.369230E+5
9.340000E-3	0.000000E+0	1.365460E+5
9.360000E-3	0.000000E+0	1.362320E+5
9.380000E-3	0.000000E+0	1.364280E+5
9.400000E-3	0.000000E+0	1.361670E+5
9.420000E-3	0.000000E+0	1.363010E+5
9.440000E-3	0.000000E+0	1.363790E+5
9.460000E-3	0.000000E+0	1.358080E+5
9.480000E-3	0.000000E+0	1.360670E+5
9.500000E-3	0.000000E+0	1.360530E+5
9.520000E-3	0.000000E+0	1.363750E+5
9.540000E-3	0.000000E+0	1.364350E+5
9.560000E-3	0.000000E+0	1.364370E+5
9.580000E-3	0.000000E+0	1.352350E+5
9.600000E-3	0.000000E+0	1.369150E+5
9.620000E-3	0.000000E+0	1.356960E+5
9.640000E-3	0.000000E+0	1.365070E+5
9.660000E-3	0.000000E+0	1.365760E+5
9.680000E-3	0.000000E+0	1.365590E+5
9.700000E-3	0.000000E+0	1.361250E+5
9.720000E-3	0.000000E+0	1.362340E+5
9.740000E-3	0.000000E+0	1.361640E+5
9.760000E-3	0.000000E+0	1.369460E+5
9.780000E-3	0.000000E+0	1.362920E+5
9.800000E-3	0.000000E+0	1.362980E+5
9.820000E-3	0.000000E+0	1.364250E+5
9.840000E-3	0.000000E+0	1.362600E+5
9.860000E-3	0.000000E+0	1.369010E+5
9.880000E-3	0.000000E+0	1.369060E+5
9.900000E-3	0.000000E+0	1.362630E+5
9.920000E-3	0.000000E+0	1.359300E+5
9.940000E-3	0.000000E+0	1.368040E+5
9.960000E-3	0.000000E+0	1.369000E+5
9.980000E-3	0.000000E+0	1.369360E+5
1.000000E-2	0.000000E+0	1.362250E+5
1.002000E-2	0.000000E+0	1.370110E+5
1.004000E-2	0.000000E+0	1.360840E+5
1.006000E-2	0.000000E+0	1.367640E+5
1.008000E-2	0.000000E+0	1.367660E+5
1.010000E-2	0.000000E+0	1.364520E+5
1.012000E-2	0.000000E+0	1.365980E+5
1.014000E-2	0.000000E+0	1.366250E+5
1.016000E-2	0.000000E+0	1.361520E+5
1.018000E-2	0.000000E+0	1.371170E+5
1.020000E-2	0.000000E+0	1.366460E+5
1.022000E-2	0.000000E+0	1.364660E+5
1.024000E-2	0.000000E+0	1.368850E+5
1.026000E-2	0.000000E+0	1.365430E+5
1.028000E-2	0.000000E+0	1.366530E+5
1.030000E-2	0.000000E+0	1.368810E+5
1.032000E-2	0.000000E+0	1.362770E+5
1.034000E-2	0.000000E+0	1.364100E+5
1.036000E-2	0.000000E+0	1.369020E+5
1.038000E-2	0.000000E+0	1.362040E+5
1.040000E-2	0.000000E+0	1.360210E+5
1.042000E-2	0.000000E+0	1.366990E+5
1.044000E-2	0.000000E+0	1.362730E+5
1.046000E-2	0.000000E+0	1.367930E+5
1.048000E-2	0.000000E+0	1.363110E+5
1.050000E-2	0.000000E+0	1.367080E+5
1.052000E-2	0.000000E+0	1.364900E+5
1.054000E-2	0.000000E+0	1.366140E+5
1.056000E-2	0.000000E+0	1.371410E+5
1.058000E-2	0.000000E+0	1.363140E+5
1.060000E-2	0.000000E+0	1.365810E+5
1.062000E-2	0.000000E+0	1.361930E+5
1.064000E-2	0.000000E+0	1.362110E+5
1.066000E-2	0.000000E+0	1.368030E+5
1.068000E-2	0.000000E+0	1.365320E+5
1.070000E-2	0.000000E+0	1.364940E+5
1.072000E-2	0.000000E+0	1.362970E+5
1.074000E-2	0.000000E+0	1.366380E+5
1.076000E-2	0.000000E+0	1.373220E+5
1.078000E-2	0.000000E+0	1.365320E+5
1.080000E-2	0.000000E+0	1.366920E+5
1.082000E-2	0.000000E+0	1.367170E+5
1.084000E-2	0.000000E+0	1.361170E+5
1.086000E-2	0.000000E+0	1.362010E+5
1.088000E-2	0.000000E+0	1.367860E+5
1.090000E-2	0.000000E+0	1.362500E+5
1.092000E-2	0.000000E+0	1.362800E+5
1.094000E-2	0.000000E+0	1.366680E+5
1.096000E-2	0.000000E+0	1.369360E+5
1.098000E-2	0.000000E+0	1.364680E+5
1.100000E-2	0.000000E+0	1.361840E+5
1.102000E-2	0.000000E+0	1.364340E+5
1.104000E-2	0.000000E+0	1.362720E+5
1.106000E-2	0.000000E+0	1.362920E+5
1.108000E-2	0.000000E+0	1.368610E+5
1.110000E-2	0.000000E+0	1.359650E+5
1.112000E-2	0.000000E+0	1.372920E+5
1.114000E-2	0.000000E+0	1.361150E+5
1.116000E-2	0.000000E+0	1.360370E+5
1.118000E-2	0.000000E+0	1.368470E+5
1.120000E-2	0.000000E+0	1.365800E+5
1.122000E-2	0.000000E+0	1.365300E+5
1.124000E-2	0.000000E+0	1.363660E+5
1.126000E-2	0.000000E+0	1.370150E+5
1.128000E-2	0.000000E+0	1.365000E+5
1.130000E-2	0.000000E+0	1.361850E+5
1.132000E-2	0.000000E+0	1.363250E+5
1.134000E-2	0.000000E+0	1.368550E+5
1.136000E-2	0.000000E+0	1.363620E+5
1.138000E-2	0.000000E+0	1.362990E+5
1.140000E-2	0.000000E+0	1.364470E+5
1.142000E-2	0.000000E+0	1.367520E+5
1.144000E-2	0.000000E+0	1.363530E+5
1.146000E-2	0.000000E+0	1.375220E+5
1.148000E-2	0.000000E+0	1.361030E+5
1.150000E-2	0.000000E+0	1.362410E+5
1.152000E-2	0.000000E+0	1.372580E+5
1.154000E-2	0.000000E+0	1.358520E+5
1.156000E-2	0.000000E+0	1.369820E+5
1.158000E-2	0.000000E+0	1.365330E+5
1.160000E-2	0.000000E+0	1.371060E+5
1.162000E-2	0.000000E+0	1.361930E+5
1.164000E-2	0.000000E+0	1.361200E+5
1.166000E-2	0.000000E+0	1.367600E+5
1.168000E-2	0.000000E+0	1.360260E+5
1.170000E-2	0.000000E+0	1.371970E+5
1.172000E-2	0.000000E+0	1.368960E+5
1.174000E-2	0.000000E+0	1.365860E+5
1.176000E-2	0.000000E+0	1.368440E+5
1.178000E-2	0.000000E+0	1.364850E+5
1.180000E-2	0.000000E+0	1.367720E+5
1.182000E-2	0.000000E+0	1.363700E+5
1.184000E-2	0.000000E+0	1.361400E+5
1.186000E-2	0.000000E+0	1.374140E+5
1.188000E-2	0.000000E+0	1.364840E+5
1.190000E-2	0.000000E+0	1.365210E+5
1.192000E-2	0.000000E+0	1.367170E+5
1.194000E-2	0.000000E+0	1.359920E+5
1.196000E-2	0.000000E+0	1.366160E+5
1.198000E-2	0.000000E+0	1.370940E+5
1.200000E-2	0.000000E+0	1.366350E+5
1.202000E-2	0.000000E+0	1.368970E+5
1.204000E-2	0.000000E+0	1.361890E+5
1.206000E-2	0.000000E+0	1.355690E+5
1.208000E-2	0.000000E+0	1.361900E+5
1.210000E-2	0.000000E+0	1.362990E+5
1.212000E-2	0.000000E+0	1.363720E+5
1.214000E-2	0.000000E+0	1.367160E+5
1.216000E-2	0.000000E+0	1.362100E+5
1.218000E-2	0.000000E+0	1.362620E+5
1.220000E-2	0.000000E+0	1.365080E+5
1.222000E-2	0.000000E+0	1.368070E+5
1.224000E-2	0.000000E+0	1.365520E+5
1.226000E-2	0.000000E+0	1.369460E+5
1.228000E-2	0.000000E+0	1.364880E+5
1.230000E-2	0.000000E+0	1.366470E+5
1.232000E-2	0.000000E+0	1.367200E+5
1.234000E-2	0.000000E+0	1.358380E+5
1.236000E-2	0.000000E+0	1.365580E+5
1.238000E-2	0.000000E+0	1.365120E+5
1.240000E-2	0.000000E+0	1.365180E+5
1.242000E-2	0.000000E+0	1.373030E+5
1.244000E-2	0.000000E+0	1.369650E+5
1.246000E-2	0.000000E+0	1.366120E+5
1.248000E-2	0.000000E+0	1.364220E+5
1.250000E-2	0.000000E+0	1.367530E+5
1.252000E-2	0.000000E+0	1.362930E+5
1.254000E-2	0.000000E+0	1.365510E+5
1.256000E-2	0.000000E+0	1.367120E+5
1.258000E-2	0.000000E+0	1.360980E+5
1.260000E-2	0.000000E+0	1.363150E+5
1.262000E-2	0.000000E+0	1.360490E+5
1.264000E-2	0.000000E+0	1.361500E+5
1.266000E-2	0.000000E+0	1.366120E+5
1.268000E-2	0.000000E+0	1.364060E+5
1.270000E-2	0.000000E+0	1.371080E+5
1.272000E-2	0.000000E+0	1.361170E+5
1.274000E-2	0.000000E+0	1.363730E+5
1.276000E-2	0.000000E+0	1.358620E+5
1.278000E-2	0.000000E+0	1.366950E+5
1.280000E-2	0.000000E+0	1.361270E+5
1.282000E-2	0.000000E+0	1.365410E+5
1.284000E-2	0.000000E+0	1.360380E+5
1.286000E-2	0.000000E+0	1.369930E+5
1.288000E-2	0.000000E+0	1.367980E+5
1.290000E-2	0.000000E+0	1.368130E+5
1.292000E-2	0.000000E+0	1.366860E+5
1.294000E-2	0.000000E+0	1.358360E+5
1.296000E-2	0.000000E+0	1.369510E+5
1.298000E-2	0.000000E+0	1.363160E+5
1.300000E-2	0.000000E+0	1.365560E+5
1.302000E-2	0.000000E+0	1.366580E+5
1.304000E-2	0.000000E+0	1.366760E+5
1.306000E-2	0.000000E+0	1.365890E+5
1.308000E-2	0.000000E+0	1.366700E+5
1.310000E-2	0.000000E+0	1.364730E+5
1.312000E-2	0.000000E+0	1.366410E+5
1.314000E-2	0.000000E+0	1.367220E+5
1.316000E-2	0.000000E+0	1.360170E+5
1.318000E-2	0.000000E+0	1.367130E+5
1.320000E-2	0.000000E+0	1.368850E+5
1.322000E-2	0.000000E+0	1.366020E+5
1.324000E-2	0.000000E+0	1.366780E+5
1.326000E-2	0.000000E+0	1.364300E+5
1.328000E-2	0.000000E+0	1.370120E+5
1.330000E-2	0.000000E+0	1.363680E+5
1.332000E-2	0.000000E+0	1.363910E+5
1.334000E-2	0.000000E+0	1.363560E+5
1.336000E-2	0.000000E+0	1.367850E+5
1.338000E-2	0.000000E+0	1.368460E+5
1.340000E-2	0.000000E+0	1.361490E+5
1.342000E-2	0.000000E+0	1.368090E+5
1.344000E-2	0.000000E+0	1.357210E+5
1.346000E-2	0.000000E+0	1.367100E+5
1.348000E-2	0.000000E+0	1.362600E+5
1.350000E-2	0.000000E+0	1.362540E+5
1.352000E-2	0.000000E+0	1.363010E+5
1.354000E-2	0.000000E+0	1.363930E+5
1.356000E-2	0.000000E+0	1.368080E+5
1.358000E-2	0.000000E+0	1.365610E+5
1.360000E-2	0.000000E+0	1.364760E+5
1.362000E-2	0.000000E+0	1.365470E+5
1.364000E-2	0.000000E+0	1.360730E+5
1.366000E-2	0.000000E+0	1.369140E+5
1.368000E-2	0.000000E+0	1.365010E+5
1.370000E-2	0.000000E+0	1.364970E+5
1.372000E-2	0.000000E+0	1.365950E+5
1.374000E-2	0.000000E+0	1.364980E+5
1.376000E-2	0.000000E+0	1.364620E+5
1.378000E-2	0.000000E+0	1.363690E+5
1.380000E-2	0.000000E+0	1.361400E+5
1.382000E-2	0.000000E+0	1.370360E+5
1.384000E-2	0.000000E+0	1.354060E+5
1.386000E-2	0.000000E+0	1.353700E+5
1.388000E-2	0.000000E+0	1.352020E+5
1.390000E-2	0.000000E+0	1.346320E+5
1.392000E-2	0.000000E+0	1.346940E+5
1.394000E-2	0.000000E+0	1.349820E+5
1.396000E-2	0.000000E+0	1.345940E+5
1.398000E-2	0.000000E+0	1.346450E+5
1.400000E-2	0.000000E+0	1.332250E+5
1.402000E-2	0.000000E+0	1.328120E+5
1.404000E-2	0.000000E+0	1.335280E+5
1.406000E-2	0.000000E+0	1.340620E+5
1.408000E-2	0.000000E+0	1.343020E+5
1.410000E-2	0.000000E+0	1.346570E+5
1.412000E-2	0.000000E+0	1.341910E+5
1.414000E-2	0.000000E+0	1.351950E+5
1.416000E-2	0.000000E+0	1.356410E+5
1.418000E-2	0.000000E+0	1.346020E+5
1.420000E-2	0.000000E+0	1.359440E+5
1.422000E-2	0.000000E+0	1.356280E+5
1.424000E-2	0.000000E+0	1.366460E+5
1.426000E-2	0.000000E+0	1.363170E+5
1.428000E-2	0.000000E+0	1.366610E+5
1.430000E-2	0.000000E+0	1.365790E+5
1.432000E-2	0.000000E+0	1.364860E+5
1.434000E-2	0.000000E+0	1.364780E+5
1.436000E-2	0.000000E+0	1.370590E+5
1.438000E-2	0.000000E+0	1.366370E+5
1.440000E-2	0.000000E+0	1.364810E+5
1.442000E-2	0.000000E+0	1.356790E+5
1.444000E-2	0.000000E+0	1.357370E+5
1.446000E-2	0.000000E+0	1.364140E+5
1.448000E-2	0.000000E+0	1.358350E+5
1.450000E-2	0.000000E+0	1.352040E+5
1.452000E-2	0.000000E+0	1.355360E+5
1.454000E-2	0.000000E+0	1.355320E+5
1.456000E-2	0.000000E+0	1.351000E+5
1.458000E-2	0.000000E+0	1.357140E+5
1.460000E-2	0.000000E+0	1.355080E+5
1.462000E-2	0.000000E+0	1.349880E+5
1.464000E-2	0.000000E+0	1.350750E+5
1.466000E-2	0.000000E+0	1.341760E+5
1.468000E-2	0.000000E+0	1.335860E+5
1.470000E-2	0.000000E+0	1.348620E+5
1.472000E-2	0.000000E+0	1.356250E+5
1.474000E-2	0.000000E+0	1.350470E+5
1.476000E-2	0.000000E+0	1.347830E+5
1.478000E-2	0.000000E+0	1.350650E+5
1.480000E-2	0.000000E+0	1.353990E+5
1.482000E-2	0.000000E+0	1.357670E+5
1.484000E-2	0.000000E+0	1.350450E+5
1.486000E-2	0.000000E+0	1.360180E+5
1.488000E-2	0.000000E+0	1.357130E+5
1.490000E-2	0.000000E+0	1.359110E+5
1.492000E-2	0.000000E+0	1.365320E+5
1.494000E-2	0.000000E+0	1.368610E+5
1.496000E-2	0.000000E+0	1.360770E+5
1.498000E-2	0.000000E+0	1.359180E+5
1.500000E-2	0.000000E+0	1.369860E+5
1.502000E-2	0.000000E+0	1.358310E+5
1.504000E-2	0.000000E+0	1.367950E+5
1.506000E-2	0.000000E+0	1.365110E+5
1.508000E-2	0.000000E+0	1.369030E+5
1.510000E-2	0.000000E+0	1.362390E+5
1.512000E-2	0.000000E+0	1.361290E+5
1.514000E-2	0.000000E+0	1.367840E+5
1.516000E-2	0.000000E+0	1.367170E+5
1.518000E-2	0.000000E+0	1.369390E+5
1.520000E-2	0.000000E+0	1.361210E+5
1.522000E-2	0.000000E+0	1.366670E+5
1.524000E-2	0.000000E+0	1.358340E+5
1.526000E-2	0.000000E+0	1.367950E+5
1.528000E-2	0.000000E+0	1.362370E+5
1.530000E-2	0.000000E+0	1.361600E+5
1.532000E-2	0.000000E+0	1.363040E+5
1.534000E-2	0.000000E+0	1.357080E+5
1.536000E-2	0.000000E+0	1.360530E+5
1.538000E-2	0.000000E+0	1.359870E+5
1.540000E-2	0.000000E+0	1.360170E+5
1.542000E-2	0.000000E+0	1.354360E+5
1.544000E-2	0.000000E+0	1.354320E+5
1.546000E-2	0.000000E+0	1.364100E+5
1.548000E-2	0.000000E+0	1.363530E+5
1.550000E-2	0.000000E+0	1.361990E+5
1.552000E-2	0.000000E+0	1.362240E+5
1.554000E-2	0.000000E+0	1.359690E+5
1.556000E-2	0.000000E+0	1.374390E+5
1.558000E-2	0.000000E+0	1.363950E+5
1.560000E-2	0.000000E+0	1.366160E+5
1.562000E-2	0.000000E+0	1.361580E+5
1.564000E-2	0.000000E+0	1.358910E+5
1.566000E-2	0.000000E+0	1.359340E+5
1.568000E-2	0.000000E+0	1.352540E+5
1.570000E-2	0.000000E+0	1.364370E+5
1.572000E-2	0.000000E+0	1.358880E+5
1.574000E-2	0.000000E+0	1.362840E+5
1.576000E-2	0.000000E+0	1.362490E+5
1.578000E-2	0.000000E+0	1.361660E+5
1.580000E-2	0.000000E+0	1.354350E+5
1.582000E-2	0.000000E+0	1.355470E+5
1.584000E-2	0.000000E+0	1.348670E+5
1.586000E-2	0.000000E+0	1.358440E+5
1.588000E-2	0.000000E+0	1.358490E+5
1.590000E-2	0.000000E+0	1.353190E+5
1.592000E-2	0.000000E+0	1.358230E+5
1.594000E-2	0.000000E+0	1.362630E+5
1.596000E-2	0.000000E+0	1.366370E+5
1.598000E-2	0.000000E+0	1.364470E+5
1.600000E-2	0.000000E+0	1.368020E+5
1.602000E-2	0.000000E+0	1.366780E+5
1.604000E-2	0.000000E+0	1.367060E+5
1.606000E-2	0.000000E+0	1.361090E+5
1.608000E-2	0.000000E+0	1.366070E+5
1.610000E-2	0.000000E+0	1.363620E+5
1.612000E-2	0.000000E+0	1.363540E+5
1.614000E-2	0.000000E+0	1.362210E+5
1.616000E-2	0.000000E+0	1.366550E+5
1.618000E-2	0.000000E+0	1.371090E+5
1.620000E-2	0.000000E+0	1.370180E+5
1.622000E-2	0.000000E+0	1.364120E+5
1.624000E-2	0.000000E+0	1.372030E+5
1.626000E-2	0.000000E+0	1.363340E+5
1.628000E-2	0.000000E+0	1.365820E+5
1.630000E-2	0.000000E+0	1.349730E+5
1.632000E-2	0.000000E+0	1.358090E+5
1.634000E-2	0.000000E+0	1.352770E+5
1.636000E-2	0.000000E+0	1.353750E+5
1.638000E-2	0.000000E+0	1.352940E+5
1.640000E-2	0.000000E+0	1.348160E+5
1.642000E-2	0.000000E+0	1.350260E+5
1.644000E-2	0.000000E+0	1.348990E+5
1.646000E-2	0.000000E+0	1.346090E+5
1.648000E-2	0.000000E+0	1.345640E+5
1.650000E-2	0.000000E+0	1.347500E+5
1.652000E-2	0.000000E+0	1.352620E+5
1.654000E-2	0.000000E+0	1.350670E+5
1.656000E-2	0.000000E+0	1.353630E+5
1.658000E-2	0.000000E+0	1.353400E+5
1.660000E-2	0.000000E+0	1.354910E+5
1.662000E-2	0.000000E+0	1.367400E+5
1.664000E-2	0.000000E+0	1.355620E+5
1.666000E-2	0.000000E+0	1.359370E+5
1.668000E-2	0.000000E+0	1.366930E+5
1.670000E-2	0.000000E+0	1.358890E+5
1.672000E-2	0.000000E+0	1.364640E+5
1.674000E-2	0.000000E+0	1.366920E+5
1.676000E-2	0.000000E+0	1.360580E+5
1.678000E-2	0.000000E+0	1.367960E+5
1.680000E-2	0.000000E+0	1.366020E+5
1.682000E-2	0.000000E+0	1.374360E+5
1.684000E-2	0.000000E+0	1.369630E+5
1.686000E-2	0.000000E+0	1.360170E+5
1.688000E-2	0.000000E+0	1.364500E+5
1.690000E-2	0.000000E+0	1.366090E+5
1.692000E-2	0.000000E+0	1.356370E+5
1.694000E-2	0.000000E+0	1.361020E+5
1.696000E-2	0.000000E+0	1.366110E+5
1.698000E-2	0.000000E+0	1.362890E+5
1.700000E-2	0.000000E+0	1.363470E+5
1.702000E-2	0.000000E+0	1.362860E+5
1.704000E-2	0.000000E+0	1.359340E+5
1.706000E-2	0.000000E+0	1.354620E+5
1.708000E-2	0.000000E+0	1.350750E+5
1.710000E-2	0.000000E+0	1.344380E+5
1.712000E-2	0.000000E+0	1.346090E+5
1.714000E-2	0.000000E+0	1.347250E+5
1.716000E-2	0.000000E+0	1.341810E+5
1.718000E-2	0.000000E+0	1.339420E+5
1.720000E-2	0.000000E+0	1.339830E+5
1.722000E-2	0.000000E+0	1.336940E+5
1.724000E-2	0.000000E+0	1.334720E+5
1.726000E-2	0.000000E+0	1.341740E+5
1.728000E-2	0.000000E+0	1.348080E+5
1.730000E-2	0.000000E+0	1.345020E+5
1.732000E-2	0.000000E+0	1.349970E+5
1.734000E-2	0.000000E+0	1.352390E+5
1.736000E-2	0.000000E+0	1.358410E+5
1.738000E-2	0.000000E+0	1.356700E+5
1.740000E-2	0.000000E+0	1.359560E+5
1.742000E-2	0.000000E+0	1.362310E+5
1.744000E-2	0.000000E+0	1.359130E+5
1.746000E-2	0.000000E+0	1.362210E+5
1.748000E-2	0.000000E+0	1.359740E+5
1.750000E-2	0.000000E+0	1.366480E+5
1.752000E-2	0.000000E+0	1.363440E+5
1.754000E-2	0.000000E+0	1.368180E+5
1.756000E-2	0.000000E+0	1.365820E+5
1.758000E-2	0.000000E+0	1.370080E+5
1.760000E-2	0.000000E+0	1.366290E+5
1.762000E-2	0.000000E+0	1.365500E+5
1.764000E-2	0.000000E+0	1.359300E+5
1.766000E-2	0.000000E+0	1.368140E+5
1.768000E-2	0.000000E+0	1.370950E+5
1.770000E-2	0.000000E+0	1.369210E+5
1.772000E-2	0.000000E+0	1.367920E+5
1.774000E-2	0.000000E+0	1.363720E+5
1.776000E-2	0.000000E+0	1.368850E+5
1.778000E-2	0.000000E+0	1.364920E+5
1.780000E-2	0.000000E+0	1.364230E+5
1.782000E-2	0.000000E+0	1.367570E+5
1.784000E-2	0.000000E+0	1.365530E+5
1.786000E-2	0.000000E+0	1.372500E+5
1.788000E-2	0.000000E+0	1.364690E+5
1.790000E-2	0.000000E+0	1.359660E+5
1.792000E-2	0.000000E+0	1.361610E+5
1.794000E-2	0.000000E+0	1.368560E+5
1.796000E-2	0.000000E+0	1.367650E+5
1.798000E-2	0.000000E+0	1.368290E+5
1.800000E-2	0.000000E+0	1.369970E+5
1.802000E-2	0.000000E+0	1.370970E+5
1.804000E-2	0.000000E+0	1.365560E+5
1.806000E-2	0.000000E+0	1.364270E+5
1.808000E-2	0.000000E+0	1.366720E+5
1.810000E-2	0.000000E+0	1.370100E+5
1.812000E-2	0.000000E+0	1.368520E+5
1.814000E-2	0.000000E+0	1.366710E+5
1.816000E-2	0.000000E+0	1.365220E+5
1.818000E-2	0.000000E+0	1.359640E+5
1.820000E-2	0.000000E+0	1.365570E+5
1.822000E-2	0.000000E+0	1.365790E+5
1.824000E-2	0.000000E+0	1.365140E+5
1.826000E-2	0.000000E+0	1.365870E+5
1.828000E-2	0.000000E+0	1.358170E+5
1.830000E-2	0.000000E+0	1.364830E+5
1.832000E-2	0.000000E+0	1.367610E+5
1.834000E-2	0.000000E+0	1.366630E+5
1.836000E-2	0.000000E+0	1.360500E+5
1.838000E-2	0.000000E+0	1.365340E+5
1.840000E-2	0.000000E+0	1.369750E+5
1.842000E-2	0.000000E+0	1.366750E+5
1.844000E-2	0.000000E+0	1.365710E+5
1.846000E-2	0.000000E+0	1.364470E+5
1.848000E-2	0.000000E+0	1.361960E+5
1.850000E-2	0.000000E+0	1.364770E+5
1.852000E-2	0.000000E+0	1.367940E+5
1.854000E-2	0.000000E+0	1.362430E+5
1.856000E-2	0.000000E+0	1.362400E+5
1.858000E-2	0.000000E+0	1.365390E+5
1.860000E-2	0.000000E+0	1.362600E+5
1.862000E-2	0.000000E+0	1.359870E+5
1.864000E-2	0.000000E+0	1.366460E+5
1.866000E-2	0.000000E+0	1.356990E+5
1.868000E-2	0.000000E+0	1.361810E+5
1.870000E-2	0.000000E+0	1.364360E+5
1.872000E-2	0.000000E+0	1.367510E+5
1.874000E-2	0.000000E+0	1.373790E+5
1.876000E-2	0.000000E+0	1.367970E+5
1.878000E-2	0.000000E+0	1.372380E+5
1.880000E-2	0.000000E+0	1.361680E+5
1.882000E-2	0.000000E+0	1.367940E+5
1.884000E-2	0.000000E+0	1.361770E+5
1.886000E-2	0.000000E+0	1.367050E+5
1.888000E-2	0.000000E+0	1.367740E+5
1.890000E-2	0.000000E+0	1.363610E+5
1.892000E-2	0.000000E+0	1.360800E+5
1.894000E-2	0.000000E+0	1.361720E+5
1.896000E-2	0.000000E+0	1.364220E+5
1.898000E-2	0.000000E+0	1.362880E+5
1.900000E-2	0.000000E+0	1.370710E+5
1.902000E-2	0.000000E+0	1.370020E+5
1.904000E-2	0.000000E+0	1.365260E+5
1.906000E-2	0.000000E+0	1.368520E+5
1.908000E-2	0.000000E+0	1.369940E+5
1.910000E-2	0.000000E+0	1.361320E+5
1.912000E-2	0.000000E+0	1.372620E+5
1.914000E-2	0.000000E+0	1.362210E+5
1.916000E-2	0.000000E+0	1.367710E+5
1.918000E-2	0.000000E+0	1.368610E+5
1.920000E-2	0.000000E+0	1.362150E+5
1.922000E-2	0.000000E+0	1.363370E+5
1.924000E-2	0.000000E+0	1.358780E+5
1.926000E-2	0.000000E+0	1.365140E+5
1.928000E-2	0.000000E+0	1.365120E+5
1.930000E-2	0.000000E+0	1.360980E+5
1.932000E-2	0.000000E+0	1.366810E+5
1.934000E-2	0.000000E+0	1.369040E+5
1.936000E-2	0.000000E+0	1.363630E+5
1.938000E-2	0.000000E+0	1.363230E+5
1.940000E-2	0.000000E+0	1.363860E+5
1.942000E-2	0.000000E+0	1.363570E+5
1.944000E-2	0.000000E+0	1.362810E+5
1.946000E-2	0.000000E+0	1.364640E+5
1.948000E-2	0.000000E+0	1.364220E+5
1.950000E-2	0.000000E+0	1.363500E+5
1.952000E-2	0.000000E+0	1.364430E+5
1.954000E-2	0.000000E+0	1.364260E+5
1.956000E-2	0.000000E+0	1.367610E+5
1.958000E-2	0.000000E+0	1.362960E+5
1.960000E-2	0.000000E+0	1.363840E+5
1.962000E-2	0.000000E+0	1.366820E+5
1.964000E-2	0.000000E+0	1.365140E+5
1.966000E-2	0.000000E+0	1.367740E+5
1.968000E-2	0.000000E+0	1.363740E+5
1.970000E-2	0.000000E+0	1.372090E+5
1.972000E-2	0.000000E+0	1.364380E+5
1.974000E-2	0.000000E+0	1.365870E+5
1.976000E-2	0.000000E+0	1.362720E+5
1.978000E-2	0.000000E+0	1.361830E+5
1.980000E-2	0.000000E+0	1.371300E+5
1.982000E-2	0.000000E+0	1.364970E+5
1.984000E-2	0.000000E+0	1.369700E+5
1.986000E-2	0.000000E+0	1.366080E+5
1.988000E-2	0.000000E+0	1.366620E+5
1.990000E-2	0.000000E+0	1.367050E+5
1.992000E-2	0.000000E+0	1.363230E+5
1.994000E-2	0.000000E+0	1.367750E+5
1.996000E-2	0.000000E+0	1.369080E+5
1.998000E-2	0.000000E+0	1.360730E+5
