

live time:  63740.100000
real time:  86400.847000
sweeps:  3187005.000000
0.000000E+0	0.000000E+0	0.000000E+0
2.000000E-5	0.000000E+0	1.561500E+5
4.000000E-5	0.000000E+0	1.554070E+5
6.000000E-5	0.000000E+0	1.548500E+5
8.000000E-5	0.000000E+0	1.557500E+5
1.000000E-4	0.000000E+0	1.563820E+5
1.200000E-4	0.000000E+0	1.555780E+5
1.400000E-4	0.000000E+0	1.550750E+5
1.600000E-4	0.000000E+0	1.557310E+5
1.800000E-4	0.000000E+0	1.561820E+5
2.000000E-4	0.000000E+0	1.557500E+5
2.200000E-4	0.000000E+0	1.558200E+5
2.400000E-4	0.000000E+0	1.560030E+5
2.600000E-4	0.000000E+0	1.560600E+5
2.800000E-4	0.000000E+0	1.563130E+5
3.000000E-4	0.000000E+0	1.559580E+5
3.200000E-4	0.000000E+0	1.556450E+5
3.400000E-4	0.000000E+0	1.549980E+5
3.600000E-4	0.000000E+0	1.552120E+5
3.800000E-4	0.000000E+0	1.556170E+5
4.000000E-4	0.000000E+0	1.559610E+5
4.200000E-4	0.000000E+0	1.562160E+5
4.400000E-4	0.000000E+0	1.559280E+5
4.600000E-4	0.000000E+0	1.561300E+5
4.800000E-4	0.000000E+0	1.554560E+5
5.000000E-4	0.000000E+0	1.556540E+5
5.200000E-4	0.000000E+0	1.556910E+5
5.400000E-4	0.000000E+0	1.557670E+5
5.600000E-4	0.000000E+0	1.556010E+5
5.800000E-4	0.000000E+0	1.556240E+5
6.000000E-4	0.000000E+0	1.556690E+5
6.200000E-4	0.000000E+0	1.554880E+5
6.400000E-4	0.000000E+0	1.561190E+5
6.600000E-4	0.000000E+0	1.557120E+5
6.800000E-4	0.000000E+0	1.557150E+5
7.000000E-4	0.000000E+0	1.556800E+5
7.200000E-4	0.000000E+0	1.563910E+5
7.400000E-4	0.000000E+0	1.556080E+5
7.600000E-4	0.000000E+0	1.559790E+5
7.800000E-4	0.000000E+0	1.554920E+5
8.000000E-4	0.000000E+0	1.564610E+5
8.200000E-4	0.000000E+0	1.550620E+5
8.400000E-4	0.000000E+0	1.565450E+5
8.600000E-4	0.000000E+0	1.550340E+5
8.800000E-4	0.000000E+0	1.556330E+5
9.000000E-4	0.000000E+0	1.550450E+5
9.200000E-4	0.000000E+0	1.552990E+5
9.400000E-4	0.000000E+0	1.554800E+5
9.600000E-4	0.000000E+0	1.552030E+5
9.800000E-4	0.000000E+0	1.558070E+5
1.000000E-3	0.000000E+0	1.556650E+5
1.020000E-3	0.000000E+0	1.560800E+5
1.040000E-3	0.000000E+0	1.564390E+5
1.060000E-3	0.000000E+0	1.559170E+5
1.080000E-3	0.000000E+0	1.555700E+5
1.100000E-3	0.000000E+0	1.553270E+5
1.120000E-3	0.000000E+0	1.560210E+5
1.140000E-3	0.000000E+0	1.554410E+5
1.160000E-3	0.000000E+0	1.553740E+5
1.180000E-3	0.000000E+0	1.556390E+5
1.200000E-3	0.000000E+0	1.550310E+5
1.220000E-3	0.000000E+0	1.556720E+5
1.240000E-3	0.000000E+0	1.556080E+5
1.260000E-3	0.000000E+0	1.560990E+5
1.280000E-3	0.000000E+0	1.554670E+5
1.300000E-3	0.000000E+0	1.559640E+5
1.320000E-3	0.000000E+0	1.552280E+5
1.340000E-3	0.000000E+0	1.559750E+5
1.360000E-3	0.000000E+0	1.554420E+5
1.380000E-3	0.000000E+0	1.557170E+5
1.400000E-3	0.000000E+0	1.553400E+5
1.420000E-3	0.000000E+0	1.550430E+5
1.440000E-3	0.000000E+0	1.553050E+5
1.460000E-3	0.000000E+0	1.553360E+5
1.480000E-3	0.000000E+0	1.552800E+5
1.500000E-3	0.000000E+0	1.554660E+5
1.520000E-3	0.000000E+0	1.558970E+5
1.540000E-3	0.000000E+0	1.561400E+5
1.560000E-3	0.000000E+0	1.551250E+5
1.580000E-3	0.000000E+0	1.558640E+5
1.600000E-3	0.000000E+0	1.551050E+5
1.620000E-3	0.000000E+0	1.555560E+5
1.640000E-3	0.000000E+0	1.562020E+5
1.660000E-3	0.000000E+0	1.556480E+5
1.680000E-3	0.000000E+0	1.557950E+5
1.700000E-3	0.000000E+0	1.552780E+5
1.720000E-3	0.000000E+0	1.554800E+5
1.740000E-3	0.000000E+0	1.551690E+5
1.760000E-3	0.000000E+0	1.550480E+5
1.780000E-3	0.000000E+0	1.553850E+5
1.800000E-3	0.000000E+0	1.561260E+5
1.820000E-3	0.000000E+0	1.554460E+5
1.840000E-3	0.000000E+0	1.554770E+5
1.860000E-3	0.000000E+0	1.554200E+5
1.880000E-3	0.000000E+0	1.554180E+5
1.900000E-3	0.000000E+0	1.558680E+5
1.920000E-3	0.000000E+0	1.553340E+5
1.940000E-3	0.000000E+0	1.560890E+5
1.960000E-3	0.000000E+0	1.553450E+5
1.980000E-3	0.000000E+0	1.559950E+5
2.000000E-3	0.000000E+0	1.556910E+5
2.020000E-3	0.000000E+0	1.555530E+5
2.040000E-3	0.000000E+0	1.559230E+5
2.060000E-3	0.000000E+0	1.562160E+5
2.080000E-3	0.000000E+0	1.556710E+5
2.100000E-3	0.000000E+0	1.552680E+5
2.120000E-3	0.000000E+0	1.559340E+5
2.140000E-3	0.000000E+0	1.552960E+5
2.160000E-3	0.000000E+0	1.555690E+5
2.180000E-3	0.000000E+0	1.553250E+5
2.200000E-3	0.000000E+0	1.556470E+5
2.220000E-3	0.000000E+0	1.554500E+5
2.240000E-3	0.000000E+0	1.556770E+5
2.260000E-3	0.000000E+0	1.553180E+5
2.280000E-3	0.000000E+0	1.559300E+5
2.300000E-3	0.000000E+0	1.550640E+5
2.320000E-3	0.000000E+0	1.559450E+5
2.340000E-3	0.000000E+0	1.563460E+5
2.360000E-3	0.000000E+0	1.554930E+5
2.380000E-3	0.000000E+0	1.557870E+5
2.400000E-3	0.000000E+0	1.555110E+5
2.420000E-3	0.000000E+0	1.552060E+5
2.440000E-3	0.000000E+0	1.554830E+5
2.460000E-3	0.000000E+0	1.561690E+5
2.480000E-3	0.000000E+0	1.559550E+5
2.500000E-3	0.000000E+0	1.549140E+5
2.520000E-3	0.000000E+0	1.561850E+5
2.540000E-3	0.000000E+0	1.555270E+5
2.560000E-3	0.000000E+0	1.558370E+5
2.580000E-3	0.000000E+0	1.554490E+5
2.600000E-3	0.000000E+0	1.562960E+5
2.620000E-3	0.000000E+0	1.555520E+5
2.640000E-3	0.000000E+0	1.555140E+5
2.660000E-3	0.000000E+0	1.553300E+5
2.680000E-3	0.000000E+0	1.550210E+5
2.700000E-3	0.000000E+0	1.555690E+5
2.720000E-3	0.000000E+0	1.556670E+5
2.740000E-3	0.000000E+0	1.555610E+5
2.760000E-3	0.000000E+0	1.556710E+5
2.780000E-3	0.000000E+0	1.557330E+5
2.800000E-3	0.000000E+0	1.555480E+5
2.820000E-3	0.000000E+0	1.554450E+5
2.840000E-3	0.000000E+0	1.553450E+5
2.860000E-3	0.000000E+0	1.551810E+5
2.880000E-3	0.000000E+0	1.554150E+5
2.900000E-3	0.000000E+0	1.550860E+5
2.920000E-3	0.000000E+0	1.559350E+5
2.940000E-3	0.000000E+0	1.556180E+5
2.960000E-3	0.000000E+0	1.557320E+5
2.980000E-3	0.000000E+0	1.553510E+5
3.000000E-3	0.000000E+0	1.565800E+5
3.020000E-3	0.000000E+0	1.557030E+5
3.040000E-3	0.000000E+0	1.551860E+5
3.060000E-3	0.000000E+0	1.554300E+5
3.080000E-3	0.000000E+0	1.554320E+5
3.100000E-3	0.000000E+0	1.557580E+5
3.120000E-3	0.000000E+0	1.554100E+5
3.140000E-3	0.000000E+0	1.557510E+5
3.160000E-3	0.000000E+0	1.554770E+5
3.180000E-3	0.000000E+0	1.547650E+5
3.200000E-3	0.000000E+0	1.551270E+5
3.220000E-3	0.000000E+0	1.546390E+5
3.240000E-3	0.000000E+0	1.556450E+5
3.260000E-3	0.000000E+0	1.557480E+5
3.280000E-3	0.000000E+0	1.550630E+5
3.300000E-3	0.000000E+0	1.555340E+5
3.320000E-3	0.000000E+0	1.550820E+5
3.340000E-3	0.000000E+0	1.552400E+5
3.360000E-3	0.000000E+0	1.553310E+5
3.380000E-3	0.000000E+0	1.548170E+5
3.400000E-3	0.000000E+0	1.546180E+5
3.420000E-3	0.000000E+0	1.542740E+5
3.440000E-3	0.000000E+0	1.532750E+5
3.460000E-3	0.000000E+0	1.529600E+5
3.480000E-3	0.000000E+0	1.530840E+5
3.500000E-3	0.000000E+0	1.538280E+5
3.520000E-3	0.000000E+0	1.529440E+5
3.540000E-3	0.000000E+0	1.531040E+5
3.560000E-3	0.000000E+0	1.519930E+5
3.580000E-3	0.000000E+0	1.521170E+5
3.600000E-3	0.000000E+0	1.515210E+5
3.620000E-3	0.000000E+0	1.517840E+5
3.640000E-3	0.000000E+0	1.524780E+5
3.660000E-3	0.000000E+0	1.533210E+5
3.680000E-3	0.000000E+0	1.540440E+5
3.700000E-3	0.000000E+0	1.538760E+5
3.720000E-3	0.000000E+0	1.536180E+5
3.740000E-3	0.000000E+0	1.543300E+5
3.760000E-3	0.000000E+0	1.542400E+5
3.780000E-3	0.000000E+0	1.534450E+5
3.800000E-3	0.000000E+0	1.548760E+5
3.820000E-3	0.000000E+0	1.548020E+5
3.840000E-3	0.000000E+0	1.555020E+5
3.860000E-3	0.000000E+0	1.554550E+5
3.880000E-3	0.000000E+0	1.555870E+5
3.900000E-3	0.000000E+0	1.556780E+5
3.920000E-3	0.000000E+0	1.564530E+5
3.940000E-3	0.000000E+0	1.557810E+5
3.960000E-3	0.000000E+0	1.555060E+5
3.980000E-3	0.000000E+0	1.559300E+5
4.000000E-3	0.000000E+0	1.546150E+5
4.020000E-3	0.000000E+0	1.554800E+5
4.040000E-3	0.000000E+0	1.560580E+5
4.060000E-3	0.000000E+0	1.548750E+5
4.080000E-3	0.000000E+0	1.549930E+5
4.100000E-3	0.000000E+0	1.553030E+5
4.120000E-3	0.000000E+0	1.556260E+5
4.140000E-3	0.000000E+0	1.545660E+5
4.160000E-3	0.000000E+0	1.546380E+5
4.180000E-3	0.000000E+0	1.542720E+5
4.200000E-3	0.000000E+0	1.543010E+5
4.220000E-3	0.000000E+0	1.547340E+5
4.240000E-3	0.000000E+0	1.544720E+5
4.260000E-3	0.000000E+0	1.550450E+5
4.280000E-3	0.000000E+0	1.540870E+5
4.300000E-3	0.000000E+0	1.534590E+5
4.320000E-3	0.000000E+0	1.521080E+5
4.340000E-3	0.000000E+0	1.534650E+5
4.360000E-3	0.000000E+0	1.533670E+5
4.380000E-3	0.000000E+0	1.529440E+5
4.400000E-3	0.000000E+0	1.540900E+5
4.420000E-3	0.000000E+0	1.539920E+5
4.440000E-3	0.000000E+0	1.544180E+5
4.460000E-3	0.000000E+0	1.543150E+5
4.480000E-3	0.000000E+0	1.543180E+5
4.500000E-3	0.000000E+0	1.542770E+5
4.520000E-3	0.000000E+0	1.543860E+5
4.540000E-3	0.000000E+0	1.555240E+5
4.560000E-3	0.000000E+0	1.557710E+5
4.580000E-3	0.000000E+0	1.546700E+5
4.600000E-3	0.000000E+0	1.552640E+5
4.620000E-3	0.000000E+0	1.553120E+5
4.640000E-3	0.000000E+0	1.558210E+5
4.660000E-3	0.000000E+0	1.553430E+5
4.680000E-3	0.000000E+0	1.555790E+5
4.700000E-3	0.000000E+0	1.556840E+5
4.720000E-3	0.000000E+0	1.558160E+5
4.740000E-3	0.000000E+0	1.552500E+5
4.760000E-3	0.000000E+0	1.553610E+5
4.780000E-3	0.000000E+0	1.554920E+5
4.800000E-3	0.000000E+0	1.548140E+5
4.820000E-3	0.000000E+0	1.550250E+5
4.840000E-3	0.000000E+0	1.548850E+5
4.860000E-3	0.000000E+0	1.544650E+5
4.880000E-3	0.000000E+0	1.548380E+5
4.900000E-3	0.000000E+0	1.547300E+5
4.920000E-3	0.000000E+0	1.549570E+5
4.940000E-3	0.000000E+0	1.543350E+5
4.960000E-3	0.000000E+0	1.548650E+5
4.980000E-3	0.000000E+0	1.542860E+5
5.000000E-3	0.000000E+0	1.542620E+5
5.020000E-3	0.000000E+0	1.542630E+5
5.040000E-3	0.000000E+0	1.542420E+5
5.060000E-3	0.000000E+0	1.546160E+5
5.080000E-3	0.000000E+0	1.543270E+5
5.100000E-3	0.000000E+0	1.549970E+5
5.120000E-3	0.000000E+0	1.551250E+5
5.140000E-3	0.000000E+0	1.559150E+5
5.160000E-3	0.000000E+0	1.547970E+5
5.180000E-3	0.000000E+0	1.557060E+5
5.200000E-3	0.000000E+0	1.558040E+5
5.220000E-3	0.000000E+0	1.551950E+5
5.240000E-3	0.000000E+0	1.547740E+5
5.260000E-3	0.000000E+0	1.559560E+5
5.280000E-3	0.000000E+0	1.555110E+5
5.300000E-3	0.000000E+0	1.553670E+5
5.320000E-3	0.000000E+0	1.551330E+5
5.340000E-3	0.000000E+0	1.548820E+5
5.360000E-3	0.000000E+0	1.557620E+5
5.380000E-3	0.000000E+0	1.546150E+5
5.400000E-3	0.000000E+0	1.550900E+5
5.420000E-3	0.000000E+0	1.551420E+5
5.440000E-3	0.000000E+0	1.543070E+5
5.460000E-3	0.000000E+0	1.536040E+5
5.480000E-3	0.000000E+0	1.543130E+5
5.500000E-3	0.000000E+0	1.548220E+5
5.520000E-3	0.000000E+0	1.548180E+5
5.540000E-3	0.000000E+0	1.550500E+5
5.560000E-3	0.000000E+0	1.550830E+5
5.580000E-3	0.000000E+0	1.555650E+5
5.600000E-3	0.000000E+0	1.543300E+5
5.620000E-3	0.000000E+0	1.550860E+5
5.640000E-3	0.000000E+0	1.555440E+5
5.660000E-3	0.000000E+0	1.552500E+5
5.680000E-3	0.000000E+0	1.552190E+5
5.700000E-3	0.000000E+0	1.547390E+5
5.720000E-3	0.000000E+0	1.558500E+5
5.740000E-3	0.000000E+0	1.555050E+5
5.760000E-3	0.000000E+0	1.554980E+5
5.780000E-3	0.000000E+0	1.547350E+5
5.800000E-3	0.000000E+0	1.557910E+5
5.820000E-3	0.000000E+0	1.543980E+5
5.840000E-3	0.000000E+0	1.559770E+5
5.860000E-3	0.000000E+0	1.551860E+5
5.880000E-3	0.000000E+0	1.550050E+5
5.900000E-3	0.000000E+0	1.560040E+5
5.920000E-3	0.000000E+0	1.559150E+5
5.940000E-3	0.000000E+0	1.548270E+5
5.960000E-3	0.000000E+0	1.541330E+5
5.980000E-3	0.000000E+0	1.544750E+5
6.000000E-3	0.000000E+0	1.539540E+5
6.020000E-3	0.000000E+0	1.537870E+5
6.040000E-3	0.000000E+0	1.538110E+5
6.060000E-3	0.000000E+0	1.538420E+5
6.080000E-3	0.000000E+0	1.539880E+5
6.100000E-3	0.000000E+0	1.531390E+5
6.120000E-3	0.000000E+0	1.533150E+5
6.140000E-3	0.000000E+0	1.529590E+5
6.160000E-3	0.000000E+0	1.527340E+5
6.180000E-3	0.000000E+0	1.528170E+5
6.200000E-3	0.000000E+0	1.537230E+5
6.220000E-3	0.000000E+0	1.544430E+5
6.240000E-3	0.000000E+0	1.541860E+5
6.260000E-3	0.000000E+0	1.552700E+5
6.280000E-3	0.000000E+0	1.545660E+5
6.300000E-3	0.000000E+0	1.550300E+5
6.320000E-3	0.000000E+0	1.551850E+5
6.340000E-3	0.000000E+0	1.558280E+5
6.360000E-3	0.000000E+0	1.545550E+5
6.380000E-3	0.000000E+0	1.550980E+5
6.400000E-3	0.000000E+0	1.554390E+5
6.420000E-3	0.000000E+0	1.553710E+5
6.440000E-3	0.000000E+0	1.555440E+5
6.460000E-3	0.000000E+0	1.548420E+5
6.480000E-3	0.000000E+0	1.558920E+5
6.500000E-3	0.000000E+0	1.555740E+5
6.520000E-3	0.000000E+0	1.558250E+5
6.540000E-3	0.000000E+0	1.548430E+5
6.560000E-3	0.000000E+0	1.552570E+5
6.580000E-3	0.000000E+0	1.546310E+5
6.600000E-3	0.000000E+0	1.544970E+5
6.620000E-3	0.000000E+0	1.548070E+5
6.640000E-3	0.000000E+0	1.536910E+5
6.660000E-3	0.000000E+0	1.530410E+5
6.680000E-3	0.000000E+0	1.537910E+5
6.700000E-3	0.000000E+0	1.535280E+5
6.720000E-3	0.000000E+0	1.537590E+5
6.740000E-3	0.000000E+0	1.525960E+5
6.760000E-3	0.000000E+0	1.525120E+5
6.780000E-3	0.000000E+0	1.516470E+5
6.800000E-3	0.000000E+0	1.515500E+5
6.820000E-3	0.000000E+0	1.514240E+5
6.840000E-3	0.000000E+0	1.520860E+5
6.860000E-3	0.000000E+0	1.536990E+5
6.880000E-3	0.000000E+0	1.522430E+5
6.900000E-3	0.000000E+0	1.533250E+5
6.920000E-3	0.000000E+0	1.541220E+5
6.940000E-3	0.000000E+0	1.542160E+5
6.960000E-3	0.000000E+0	1.551460E+5
6.980000E-3	0.000000E+0	1.543760E+5
7.000000E-3	0.000000E+0	1.545650E+5
7.020000E-3	0.000000E+0	1.552620E+5
7.040000E-3	0.000000E+0	1.550260E+5
7.060000E-3	0.000000E+0	1.560200E+5
7.080000E-3	0.000000E+0	1.557590E+5
7.100000E-3	0.000000E+0	1.556080E+5
7.120000E-3	0.000000E+0	1.552800E+5
7.140000E-3	0.000000E+0	1.553500E+5
7.160000E-3	0.000000E+0	1.557590E+5
7.180000E-3	0.000000E+0	1.548320E+5
7.200000E-3	0.000000E+0	1.554150E+5
7.220000E-3	0.000000E+0	1.556260E+5
7.240000E-3	0.000000E+0	1.549340E+5
7.260000E-3	0.000000E+0	1.556020E+5
7.280000E-3	0.000000E+0	1.551780E+5
7.300000E-3	0.000000E+0	1.559700E+5
7.320000E-3	0.000000E+0	1.553700E+5
7.340000E-3	0.000000E+0	1.559880E+5
7.360000E-3	0.000000E+0	1.550700E+5
7.380000E-3	0.000000E+0	1.552640E+5
7.400000E-3	0.000000E+0	1.552680E+5
7.420000E-3	0.000000E+0	1.557190E+5
7.440000E-3	0.000000E+0	1.560210E+5
7.460000E-3	0.000000E+0	1.560400E+5
7.480000E-3	0.000000E+0	1.557050E+5
7.500000E-3	0.000000E+0	1.562520E+5
7.520000E-3	0.000000E+0	1.561690E+5
7.540000E-3	0.000000E+0	1.552370E+5
7.560000E-3	0.000000E+0	1.554450E+5
7.580000E-3	0.000000E+0	1.548670E+5
7.600000E-3	0.000000E+0	1.562130E+5
7.620000E-3	0.000000E+0	1.555450E+5
7.640000E-3	0.000000E+0	1.556510E+5
7.660000E-3	0.000000E+0	1.555380E+5
7.680000E-3	0.000000E+0	1.553490E+5
7.700000E-3	0.000000E+0	1.557480E+5
7.720000E-3	0.000000E+0	1.553440E+5
7.740000E-3	0.000000E+0	1.565860E+5
7.760000E-3	0.000000E+0	1.558910E+5
7.780000E-3	0.000000E+0	1.557310E+5
7.800000E-3	0.000000E+0	1.557350E+5
7.820000E-3	0.000000E+0	1.556520E+5
7.840000E-3	0.000000E+0	1.562200E+5
7.860000E-3	0.000000E+0	1.556730E+5
7.880000E-3	0.000000E+0	1.548570E+5
7.900000E-3	0.000000E+0	1.555610E+5
7.920000E-3	0.000000E+0	1.560140E+5
7.940000E-3	0.000000E+0	1.548710E+5
7.960000E-3	0.000000E+0	1.554280E+5
7.980000E-3	0.000000E+0	1.551360E+5
8.000000E-3	0.000000E+0	1.553350E+5
8.020000E-3	0.000000E+0	1.554800E+5
8.040000E-3	0.000000E+0	1.549700E+5
8.060000E-3	0.000000E+0	1.554280E+5
8.080000E-3	0.000000E+0	1.562760E+5
8.100000E-3	0.000000E+0	1.550970E+5
8.120000E-3	0.000000E+0	1.552880E+5
8.140000E-3	0.000000E+0	1.559460E+5
8.160000E-3	0.000000E+0	1.559790E+5
8.180000E-3	0.000000E+0	1.559110E+5
8.200000E-3	0.000000E+0	1.560250E+5
8.220000E-3	0.000000E+0	1.560340E+5
8.240000E-3	0.000000E+0	1.552550E+5
8.260000E-3	0.000000E+0	1.549010E+5
8.280000E-3	0.000000E+0	1.547100E+5
8.300000E-3	0.000000E+0	1.551270E+5
8.320000E-3	0.000000E+0	1.554250E+5
8.340000E-3	0.000000E+0	1.564170E+5
8.360000E-3	0.000000E+0	1.556570E+5
8.380000E-3	0.000000E+0	1.549410E+5
8.400000E-3	0.000000E+0	1.558110E+5
8.420000E-3	0.000000E+0	1.555290E+5
8.440000E-3	0.000000E+0	1.562770E+5
8.460000E-3	0.000000E+0	1.559980E+5
8.480000E-3	0.000000E+0	1.557130E+5
8.500000E-3	0.000000E+0	1.559390E+5
8.520000E-3	0.000000E+0	1.551880E+5
8.540000E-3	0.000000E+0	1.551890E+5
8.560000E-3	0.000000E+0	1.554560E+5
8.580000E-3	0.000000E+0	1.555870E+5
8.600000E-3	0.000000E+0	1.554580E+5
8.620000E-3	0.000000E+0	1.553910E+5
8.640000E-3	0.000000E+0	1.553520E+5
8.660000E-3	0.000000E+0	1.559200E+5
8.680000E-3	0.000000E+0	1.560650E+5
8.700000E-3	0.000000E+0	1.551950E+5
8.720000E-3	0.000000E+0	1.556670E+5
8.740000E-3	0.000000E+0	1.554160E+5
8.760000E-3	0.000000E+0	1.554580E+5
8.780000E-3	0.000000E+0	1.557280E+5
8.800000E-3	0.000000E+0	1.553440E+5
8.820000E-3	0.000000E+0	1.557180E+5
8.840000E-3	0.000000E+0	1.558970E+5
8.860000E-3	0.000000E+0	1.560270E+5
8.880000E-3	0.000000E+0	1.553540E+5
8.900000E-3	0.000000E+0	1.562120E+5
8.920000E-3	0.000000E+0	1.556390E+5
8.940000E-3	0.000000E+0	1.556870E+5
8.960000E-3	0.000000E+0	1.562040E+5
8.980000E-3	0.000000E+0	1.561380E+5
9.000000E-3	0.000000E+0	1.560380E+5
9.020000E-3	0.000000E+0	1.560440E+5
9.040000E-3	0.000000E+0	1.555260E+5
9.060000E-3	0.000000E+0	1.559690E+5
9.080000E-3	0.000000E+0	1.552700E+5
9.100000E-3	0.000000E+0	1.553920E+5
9.120000E-3	0.000000E+0	1.558730E+5
9.140000E-3	0.000000E+0	1.553640E+5
9.160000E-3	0.000000E+0	1.563120E+5
9.180000E-3	0.000000E+0	1.554970E+5
9.200000E-3	0.000000E+0	1.556000E+5
9.220000E-3	0.000000E+0	1.557540E+5
9.240000E-3	0.000000E+0	1.557990E+5
9.260000E-3	0.000000E+0	1.554140E+5
9.280000E-3	0.000000E+0	1.561770E+5
9.300000E-3	0.000000E+0	1.562430E+5
9.320000E-3	0.000000E+0	1.561270E+5
9.340000E-3	0.000000E+0	1.559010E+5
9.360000E-3	0.000000E+0	1.554500E+5
9.380000E-3	0.000000E+0	1.555570E+5
9.400000E-3	0.000000E+0	1.553730E+5
9.420000E-3	0.000000E+0	1.556650E+5
9.440000E-3	0.000000E+0	1.554320E+5
9.460000E-3	0.000000E+0	1.550630E+5
9.480000E-3	0.000000E+0	1.550380E+5
9.500000E-3	0.000000E+0	1.553960E+5
9.520000E-3	0.000000E+0	1.557010E+5
9.540000E-3	0.000000E+0	1.557060E+5
9.560000E-3	0.000000E+0	1.555750E+5
9.580000E-3	0.000000E+0	1.544300E+5
9.600000E-3	0.000000E+0	1.563370E+5
9.620000E-3	0.000000E+0	1.548760E+5
9.640000E-3	0.000000E+0	1.558100E+5
9.660000E-3	0.000000E+0	1.558260E+5
9.680000E-3	0.000000E+0	1.557570E+5
9.700000E-3	0.000000E+0	1.552520E+5
9.720000E-3	0.000000E+0	1.554890E+5
9.740000E-3	0.000000E+0	1.555930E+5
9.760000E-3	0.000000E+0	1.560930E+5
9.780000E-3	0.000000E+0	1.554340E+5
9.800000E-3	0.000000E+0	1.554490E+5
9.820000E-3	0.000000E+0	1.552700E+5
9.840000E-3	0.000000E+0	1.553040E+5
9.860000E-3	0.000000E+0	1.560980E+5
9.880000E-3	0.000000E+0	1.561160E+5
9.900000E-3	0.000000E+0	1.554370E+5
9.920000E-3	0.000000E+0	1.549790E+5
9.940000E-3	0.000000E+0	1.561100E+5
9.960000E-3	0.000000E+0	1.559980E+5
9.980000E-3	0.000000E+0	1.562590E+5
1.000000E-2	0.000000E+0	1.553720E+5
1.002000E-2	0.000000E+0	1.561580E+5
1.004000E-2	0.000000E+0	1.551220E+5
1.006000E-2	0.000000E+0	1.559480E+5
1.008000E-2	0.000000E+0	1.561030E+5
1.010000E-2	0.000000E+0	1.557480E+5
1.012000E-2	0.000000E+0	1.558560E+5
1.014000E-2	0.000000E+0	1.558320E+5
1.016000E-2	0.000000E+0	1.554210E+5
1.018000E-2	0.000000E+0	1.562910E+5
1.020000E-2	0.000000E+0	1.559360E+5
1.022000E-2	0.000000E+0	1.553080E+5
1.024000E-2	0.000000E+0	1.560580E+5
1.026000E-2	0.000000E+0	1.555950E+5
1.028000E-2	0.000000E+0	1.560150E+5
1.030000E-2	0.000000E+0	1.559780E+5
1.032000E-2	0.000000E+0	1.554820E+5
1.034000E-2	0.000000E+0	1.556940E+5
1.036000E-2	0.000000E+0	1.561930E+5
1.038000E-2	0.000000E+0	1.555190E+5
1.040000E-2	0.000000E+0	1.553030E+5
1.042000E-2	0.000000E+0	1.556940E+5
1.044000E-2	0.000000E+0	1.554770E+5
1.046000E-2	0.000000E+0	1.558210E+5
1.048000E-2	0.000000E+0	1.555390E+5
1.050000E-2	0.000000E+0	1.557900E+5
1.052000E-2	0.000000E+0	1.555660E+5
1.054000E-2	0.000000E+0	1.557680E+5
1.056000E-2	0.000000E+0	1.560760E+5
1.058000E-2	0.000000E+0	1.555110E+5
1.060000E-2	0.000000E+0	1.556800E+5
1.062000E-2	0.000000E+0	1.554780E+5
1.064000E-2	0.000000E+0	1.557150E+5
1.066000E-2	0.000000E+0	1.561020E+5
1.068000E-2	0.000000E+0	1.556280E+5
1.070000E-2	0.000000E+0	1.557220E+5
1.072000E-2	0.000000E+0	1.555070E+5
1.074000E-2	0.000000E+0	1.558590E+5
1.076000E-2	0.000000E+0	1.561960E+5
1.078000E-2	0.000000E+0	1.556750E+5
1.080000E-2	0.000000E+0	1.558730E+5
1.082000E-2	0.000000E+0	1.558550E+5
1.084000E-2	0.000000E+0	1.552160E+5
1.086000E-2	0.000000E+0	1.555240E+5
1.088000E-2	0.000000E+0	1.560780E+5
1.090000E-2	0.000000E+0	1.552580E+5
1.092000E-2	0.000000E+0	1.555040E+5
1.094000E-2	0.000000E+0	1.559460E+5
1.096000E-2	0.000000E+0	1.562650E+5
1.098000E-2	0.000000E+0	1.557390E+5
1.100000E-2	0.000000E+0	1.553290E+5
1.102000E-2	0.000000E+0	1.556550E+5
1.104000E-2	0.000000E+0	1.553930E+5
1.106000E-2	0.000000E+0	1.554730E+5
1.108000E-2	0.000000E+0	1.559330E+5
1.110000E-2	0.000000E+0	1.552510E+5
1.112000E-2	0.000000E+0	1.564490E+5
1.114000E-2	0.000000E+0	1.556170E+5
1.116000E-2	0.000000E+0	1.552440E+5
1.118000E-2	0.000000E+0	1.561100E+5
1.120000E-2	0.000000E+0	1.556050E+5
1.122000E-2	0.000000E+0	1.558170E+5
1.124000E-2	0.000000E+0	1.553520E+5
1.126000E-2	0.000000E+0	1.563450E+5
1.128000E-2	0.000000E+0	1.558010E+5
1.130000E-2	0.000000E+0	1.553630E+5
1.132000E-2	0.000000E+0	1.554650E+5
1.134000E-2	0.000000E+0	1.558930E+5
1.136000E-2	0.000000E+0	1.556370E+5
1.138000E-2	0.000000E+0	1.555980E+5
1.140000E-2	0.000000E+0	1.555890E+5
1.142000E-2	0.000000E+0	1.558240E+5
1.144000E-2	0.000000E+0	1.554550E+5
1.146000E-2	0.000000E+0	1.566810E+5
1.148000E-2	0.000000E+0	1.557510E+5
1.150000E-2	0.000000E+0	1.551400E+5
1.152000E-2	0.000000E+0	1.560030E+5
1.154000E-2	0.000000E+0	1.549970E+5
1.156000E-2	0.000000E+0	1.562710E+5
1.158000E-2	0.000000E+0	1.557800E+5
1.160000E-2	0.000000E+0	1.562690E+5
1.162000E-2	0.000000E+0	1.549240E+5
1.164000E-2	0.000000E+0	1.554580E+5
1.166000E-2	0.000000E+0	1.558200E+5
1.168000E-2	0.000000E+0	1.553520E+5
1.170000E-2	0.000000E+0	1.563490E+5
1.172000E-2	0.000000E+0	1.560700E+5
1.174000E-2	0.000000E+0	1.558450E+5
1.176000E-2	0.000000E+0	1.559030E+5
1.178000E-2	0.000000E+0	1.555690E+5
1.180000E-2	0.000000E+0	1.560340E+5
1.182000E-2	0.000000E+0	1.553510E+5
1.184000E-2	0.000000E+0	1.552020E+5
1.186000E-2	0.000000E+0	1.566880E+5
1.188000E-2	0.000000E+0	1.557730E+5
1.190000E-2	0.000000E+0	1.556850E+5
1.192000E-2	0.000000E+0	1.560860E+5
1.194000E-2	0.000000E+0	1.550940E+5
1.196000E-2	0.000000E+0	1.557840E+5
1.198000E-2	0.000000E+0	1.564780E+5
1.200000E-2	0.000000E+0	1.557590E+5
1.202000E-2	0.000000E+0	1.560150E+5
1.204000E-2	0.000000E+0	1.553970E+5
1.206000E-2	0.000000E+0	1.548880E+5
1.208000E-2	0.000000E+0	1.552850E+5
1.210000E-2	0.000000E+0	1.554730E+5
1.212000E-2	0.000000E+0	1.556260E+5
1.214000E-2	0.000000E+0	1.558560E+5
1.216000E-2	0.000000E+0	1.552700E+5
1.218000E-2	0.000000E+0	1.554000E+5
1.220000E-2	0.000000E+0	1.557520E+5
1.222000E-2	0.000000E+0	1.560530E+5
1.224000E-2	0.000000E+0	1.558390E+5
1.226000E-2	0.000000E+0	1.559960E+5
1.228000E-2	0.000000E+0	1.557940E+5
1.230000E-2	0.000000E+0	1.560660E+5
1.232000E-2	0.000000E+0	1.560180E+5
1.234000E-2	0.000000E+0	1.552950E+5
1.236000E-2	0.000000E+0	1.559450E+5
1.238000E-2	0.000000E+0	1.555650E+5
1.240000E-2	0.000000E+0	1.556630E+5
1.242000E-2	0.000000E+0	1.564980E+5
1.244000E-2	0.000000E+0	1.561180E+5
1.246000E-2	0.000000E+0	1.557950E+5
1.248000E-2	0.000000E+0	1.554530E+5
1.250000E-2	0.000000E+0	1.558920E+5
1.252000E-2	0.000000E+0	1.554910E+5
1.254000E-2	0.000000E+0	1.556070E+5
1.256000E-2	0.000000E+0	1.560840E+5
1.258000E-2	0.000000E+0	1.554160E+5
1.260000E-2	0.000000E+0	1.555570E+5
1.262000E-2	0.000000E+0	1.551870E+5
1.264000E-2	0.000000E+0	1.553530E+5
1.266000E-2	0.000000E+0	1.558210E+5
1.268000E-2	0.000000E+0	1.556600E+5
1.270000E-2	0.000000E+0	1.563560E+5
1.272000E-2	0.000000E+0	1.549110E+5
1.274000E-2	0.000000E+0	1.558420E+5
1.276000E-2	0.000000E+0	1.549540E+5
1.278000E-2	0.000000E+0	1.559820E+5
1.280000E-2	0.000000E+0	1.553380E+5
1.282000E-2	0.000000E+0	1.557010E+5
1.284000E-2	0.000000E+0	1.554600E+5
1.286000E-2	0.000000E+0	1.562700E+5
1.288000E-2	0.000000E+0	1.560840E+5
1.290000E-2	0.000000E+0	1.558480E+5
1.292000E-2	0.000000E+0	1.559870E+5
1.294000E-2	0.000000E+0	1.550290E+5
1.296000E-2	0.000000E+0	1.561640E+5
1.298000E-2	0.000000E+0	1.553960E+5
1.300000E-2	0.000000E+0	1.556890E+5
1.302000E-2	0.000000E+0	1.557710E+5
1.304000E-2	0.000000E+0	1.559940E+5
1.306000E-2	0.000000E+0	1.555760E+5
1.308000E-2	0.000000E+0	1.559380E+5
1.310000E-2	0.000000E+0	1.556630E+5
1.312000E-2	0.000000E+0	1.556300E+5
1.314000E-2	0.000000E+0	1.560180E+5
1.316000E-2	0.000000E+0	1.551160E+5
1.318000E-2	0.000000E+0	1.560900E+5
1.320000E-2	0.000000E+0	1.561410E+5
1.322000E-2	0.000000E+0	1.560100E+5
1.324000E-2	0.000000E+0	1.559650E+5
1.326000E-2	0.000000E+0	1.555620E+5
1.328000E-2	0.000000E+0	1.565040E+5
1.330000E-2	0.000000E+0	1.555250E+5
1.332000E-2	0.000000E+0	1.555940E+5
1.334000E-2	0.000000E+0	1.555610E+5
1.336000E-2	0.000000E+0	1.559640E+5
1.338000E-2	0.000000E+0	1.561200E+5
1.340000E-2	0.000000E+0	1.552740E+5
1.342000E-2	0.000000E+0	1.558520E+5
1.344000E-2	0.000000E+0	1.547670E+5
1.346000E-2	0.000000E+0	1.559690E+5
1.348000E-2	0.000000E+0	1.554810E+5
1.350000E-2	0.000000E+0	1.552240E+5
1.352000E-2	0.000000E+0	1.556350E+5
1.354000E-2	0.000000E+0	1.556030E+5
1.356000E-2	0.000000E+0	1.560200E+5
1.358000E-2	0.000000E+0	1.556900E+5
1.360000E-2	0.000000E+0	1.554130E+5
1.362000E-2	0.000000E+0	1.555310E+5
1.364000E-2	0.000000E+0	1.554080E+5
1.366000E-2	0.000000E+0	1.560040E+5
1.368000E-2	0.000000E+0	1.554510E+5
1.370000E-2	0.000000E+0	1.556040E+5
1.372000E-2	0.000000E+0	1.559760E+5
1.374000E-2	0.000000E+0	1.559090E+5
1.376000E-2	0.000000E+0	1.553420E+5
1.378000E-2	0.000000E+0	1.557620E+5
1.380000E-2	0.000000E+0	1.554900E+5
1.382000E-2	0.000000E+0	1.559980E+5
1.384000E-2	0.000000E+0	1.544050E+5
1.386000E-2	0.000000E+0	1.543420E+5
1.388000E-2	0.000000E+0	1.542750E+5
1.390000E-2	0.000000E+0	1.536170E+5
1.392000E-2	0.000000E+0	1.536840E+5
1.394000E-2	0.000000E+0	1.540360E+5
1.396000E-2	0.000000E+0	1.532870E+5
1.398000E-2	0.000000E+0	1.535660E+5
1.400000E-2	0.000000E+0	1.516030E+5
1.402000E-2	0.000000E+0	1.515530E+5
1.404000E-2	0.000000E+0	1.525950E+5
1.406000E-2	0.000000E+0	1.529430E+5
1.408000E-2	0.000000E+0	1.530630E+5
1.410000E-2	0.000000E+0	1.533660E+5
1.412000E-2	0.000000E+0	1.531310E+5
1.414000E-2	0.000000E+0	1.540580E+5
1.416000E-2	0.000000E+0	1.548440E+5
1.418000E-2	0.000000E+0	1.538510E+5
1.420000E-2	0.000000E+0	1.550600E+5
1.422000E-2	0.000000E+0	1.548100E+5
1.424000E-2	0.000000E+0	1.559370E+5
1.426000E-2	0.000000E+0	1.553460E+5
1.428000E-2	0.000000E+0	1.558990E+5
1.430000E-2	0.000000E+0	1.556510E+5
1.432000E-2	0.000000E+0	1.556460E+5
1.434000E-2	0.000000E+0	1.557410E+5
1.436000E-2	0.000000E+0	1.559280E+5
1.438000E-2	0.000000E+0	1.557090E+5
1.440000E-2	0.000000E+0	1.555870E+5
1.442000E-2	0.000000E+0	1.547880E+5
1.444000E-2	0.000000E+0	1.550260E+5
1.446000E-2	0.000000E+0	1.557240E+5
1.448000E-2	0.000000E+0	1.551530E+5
1.450000E-2	0.000000E+0	1.543830E+5
1.452000E-2	0.000000E+0	1.546540E+5
1.454000E-2	0.000000E+0	1.545430E+5
1.456000E-2	0.000000E+0	1.541400E+5
1.458000E-2	0.000000E+0	1.549290E+5
1.460000E-2	0.000000E+0	1.546830E+5
1.462000E-2	0.000000E+0	1.543070E+5
1.464000E-2	0.000000E+0	1.539340E+5
1.466000E-2	0.000000E+0	1.529550E+5
1.468000E-2	0.000000E+0	1.524790E+5
1.470000E-2	0.000000E+0	1.538790E+5
1.472000E-2	0.000000E+0	1.545480E+5
1.474000E-2	0.000000E+0	1.538440E+5
1.476000E-2	0.000000E+0	1.539450E+5
1.478000E-2	0.000000E+0	1.539370E+5
1.480000E-2	0.000000E+0	1.543500E+5
1.482000E-2	0.000000E+0	1.550180E+5
1.484000E-2	0.000000E+0	1.544750E+5
1.486000E-2	0.000000E+0	1.552020E+5
1.488000E-2	0.000000E+0	1.549080E+5
1.490000E-2	0.000000E+0	1.552970E+5
1.492000E-2	0.000000E+0	1.556460E+5
1.494000E-2	0.000000E+0	1.561560E+5
1.496000E-2	0.000000E+0	1.551870E+5
1.498000E-2	0.000000E+0	1.553740E+5
1.500000E-2	0.000000E+0	1.562930E+5
1.502000E-2	0.000000E+0	1.550170E+5
1.504000E-2	0.000000E+0	1.559350E+5
1.506000E-2	0.000000E+0	1.555880E+5
1.508000E-2	0.000000E+0	1.558110E+5
1.510000E-2	0.000000E+0	1.552360E+5
1.512000E-2	0.000000E+0	1.551970E+5
1.514000E-2	0.000000E+0	1.559540E+5
1.516000E-2	0.000000E+0	1.557620E+5
1.518000E-2	0.000000E+0	1.559990E+5
1.520000E-2	0.000000E+0	1.553960E+5
1.522000E-2	0.000000E+0	1.558930E+5
1.524000E-2	0.000000E+0	1.548710E+5
1.526000E-2	0.000000E+0	1.555320E+5
1.528000E-2	0.000000E+0	1.553490E+5
1.530000E-2	0.000000E+0	1.548640E+5
1.532000E-2	0.000000E+0	1.552090E+5
1.534000E-2	0.000000E+0	1.549350E+5
1.536000E-2	0.000000E+0	1.551580E+5
1.538000E-2	0.000000E+0	1.553150E+5
1.540000E-2	0.000000E+0	1.551810E+5
1.542000E-2	0.000000E+0	1.545640E+5
1.544000E-2	0.000000E+0	1.544630E+5
1.546000E-2	0.000000E+0	1.556070E+5
1.548000E-2	0.000000E+0	1.554360E+5
1.550000E-2	0.000000E+0	1.553940E+5
1.552000E-2	0.000000E+0	1.553610E+5
1.554000E-2	0.000000E+0	1.550420E+5
1.556000E-2	0.000000E+0	1.566420E+5
1.558000E-2	0.000000E+0	1.555580E+5
1.560000E-2	0.000000E+0	1.559680E+5
1.562000E-2	0.000000E+0	1.553230E+5
1.564000E-2	0.000000E+0	1.548250E+5
1.566000E-2	0.000000E+0	1.551600E+5
1.568000E-2	0.000000E+0	1.543720E+5
1.570000E-2	0.000000E+0	1.556780E+5
1.572000E-2	0.000000E+0	1.552070E+5
1.574000E-2	0.000000E+0	1.556430E+5
1.576000E-2	0.000000E+0	1.554020E+5
1.578000E-2	0.000000E+0	1.552010E+5
1.580000E-2	0.000000E+0	1.543810E+5
1.582000E-2	0.000000E+0	1.545000E+5
1.584000E-2	0.000000E+0	1.540740E+5
1.586000E-2	0.000000E+0	1.550590E+5
1.588000E-2	0.000000E+0	1.548980E+5
1.590000E-2	0.000000E+0	1.541470E+5
1.592000E-2	0.000000E+0	1.550120E+5
1.594000E-2	0.000000E+0	1.552740E+5
1.596000E-2	0.000000E+0	1.557820E+5
1.598000E-2	0.000000E+0	1.555710E+5
1.600000E-2	0.000000E+0	1.558080E+5
1.602000E-2	0.000000E+0	1.557360E+5
1.604000E-2	0.000000E+0	1.557950E+5
1.606000E-2	0.000000E+0	1.553610E+5
1.608000E-2	0.000000E+0	1.559020E+5
1.610000E-2	0.000000E+0	1.555490E+5
1.612000E-2	0.000000E+0	1.555840E+5
1.614000E-2	0.000000E+0	1.555900E+5
1.616000E-2	0.000000E+0	1.558620E+5
1.618000E-2	0.000000E+0	1.565060E+5
1.620000E-2	0.000000E+0	1.562080E+5
1.622000E-2	0.000000E+0	1.555110E+5
1.624000E-2	0.000000E+0	1.562620E+5
1.626000E-2	0.000000E+0	1.555140E+5
1.628000E-2	0.000000E+0	1.556340E+5
1.630000E-2	0.000000E+0	1.539190E+5
1.632000E-2	0.000000E+0	1.549040E+5
1.634000E-2	0.000000E+0	1.543390E+5
1.636000E-2	0.000000E+0	1.542040E+5
1.638000E-2	0.000000E+0	1.541740E+5
1.640000E-2	0.000000E+0	1.538760E+5
1.642000E-2	0.000000E+0	1.541720E+5
1.644000E-2	0.000000E+0	1.535940E+5
1.646000E-2	0.000000E+0	1.534110E+5
1.648000E-2	0.000000E+0	1.534420E+5
1.650000E-2	0.000000E+0	1.537830E+5
1.652000E-2	0.000000E+0	1.541360E+5
1.654000E-2	0.000000E+0	1.542040E+5
1.656000E-2	0.000000E+0	1.545970E+5
1.658000E-2	0.000000E+0	1.543140E+5
1.660000E-2	0.000000E+0	1.547120E+5
1.662000E-2	0.000000E+0	1.558490E+5
1.664000E-2	0.000000E+0	1.544120E+5
1.666000E-2	0.000000E+0	1.550180E+5
1.668000E-2	0.000000E+0	1.560190E+5
1.670000E-2	0.000000E+0	1.550290E+5
1.672000E-2	0.000000E+0	1.558800E+5
1.674000E-2	0.000000E+0	1.560780E+5
1.676000E-2	0.000000E+0	1.551310E+5
1.678000E-2	0.000000E+0	1.559900E+5
1.680000E-2	0.000000E+0	1.555990E+5
1.682000E-2	0.000000E+0	1.565820E+5
1.684000E-2	0.000000E+0	1.562280E+5
1.686000E-2	0.000000E+0	1.553760E+5
1.688000E-2	0.000000E+0	1.557280E+5
1.690000E-2	0.000000E+0	1.556920E+5
1.692000E-2	0.000000E+0	1.551290E+5
1.694000E-2	0.000000E+0	1.549040E+5
1.696000E-2	0.000000E+0	1.558780E+5
1.698000E-2	0.000000E+0	1.554590E+5
1.700000E-2	0.000000E+0	1.552610E+5
1.702000E-2	0.000000E+0	1.553640E+5
1.704000E-2	0.000000E+0	1.550320E+5
1.706000E-2	0.000000E+0	1.544810E+5
1.708000E-2	0.000000E+0	1.541530E+5
1.710000E-2	0.000000E+0	1.532030E+5
1.712000E-2	0.000000E+0	1.534680E+5
1.714000E-2	0.000000E+0	1.538830E+5
1.716000E-2	0.000000E+0	1.528640E+5
1.718000E-2	0.000000E+0	1.526470E+5
1.720000E-2	0.000000E+0	1.525880E+5
1.722000E-2	0.000000E+0	1.526120E+5
1.724000E-2	0.000000E+0	1.523730E+5
1.726000E-2	0.000000E+0	1.532860E+5
1.728000E-2	0.000000E+0	1.536720E+5
1.730000E-2	0.000000E+0	1.536590E+5
1.732000E-2	0.000000E+0	1.540730E+5
1.734000E-2	0.000000E+0	1.542310E+5
1.736000E-2	0.000000E+0	1.550130E+5
1.738000E-2	0.000000E+0	1.546270E+5
1.740000E-2	0.000000E+0	1.549730E+5
1.742000E-2	0.000000E+0	1.554700E+5
1.744000E-2	0.000000E+0	1.549770E+5
1.746000E-2	0.000000E+0	1.555280E+5
1.748000E-2	0.000000E+0	1.552400E+5
1.750000E-2	0.000000E+0	1.556690E+5
1.752000E-2	0.000000E+0	1.555180E+5
1.754000E-2	0.000000E+0	1.560190E+5
1.756000E-2	0.000000E+0	1.556950E+5
1.758000E-2	0.000000E+0	1.561870E+5
1.760000E-2	0.000000E+0	1.559220E+5
1.762000E-2	0.000000E+0	1.558940E+5
1.764000E-2	0.000000E+0	1.550810E+5
1.766000E-2	0.000000E+0	1.558070E+5
1.768000E-2	0.000000E+0	1.562920E+5
1.770000E-2	0.000000E+0	1.561780E+5
1.772000E-2	0.000000E+0	1.561110E+5
1.774000E-2	0.000000E+0	1.555180E+5
1.776000E-2	0.000000E+0	1.563650E+5
1.778000E-2	0.000000E+0	1.556710E+5
1.780000E-2	0.000000E+0	1.554960E+5
1.782000E-2	0.000000E+0	1.560030E+5
1.784000E-2	0.000000E+0	1.556270E+5
1.786000E-2	0.000000E+0	1.564000E+5
1.788000E-2	0.000000E+0	1.555380E+5
1.790000E-2	0.000000E+0	1.549970E+5
1.792000E-2	0.000000E+0	1.553170E+5
1.794000E-2	0.000000E+0	1.561460E+5
1.796000E-2	0.000000E+0	1.559580E+5
1.798000E-2	0.000000E+0	1.559070E+5
1.800000E-2	0.000000E+0	1.560760E+5
1.802000E-2	0.000000E+0	1.561310E+5
1.804000E-2	0.000000E+0	1.557190E+5
1.806000E-2	0.000000E+0	1.557750E+5
1.808000E-2	0.000000E+0	1.560550E+5
1.810000E-2	0.000000E+0	1.564460E+5
1.812000E-2	0.000000E+0	1.562370E+5
1.814000E-2	0.000000E+0	1.557820E+5
1.816000E-2	0.000000E+0	1.557590E+5
1.818000E-2	0.000000E+0	1.550150E+5
1.820000E-2	0.000000E+0	1.558840E+5
1.822000E-2	0.000000E+0	1.557680E+5
1.824000E-2	0.000000E+0	1.557120E+5
1.826000E-2	0.000000E+0	1.558710E+5
1.828000E-2	0.000000E+0	1.549530E+5
1.830000E-2	0.000000E+0	1.556970E+5
1.832000E-2	0.000000E+0	1.561640E+5
1.834000E-2	0.000000E+0	1.561820E+5
1.836000E-2	0.000000E+0	1.552800E+5
1.838000E-2	0.000000E+0	1.558410E+5
1.840000E-2	0.000000E+0	1.560670E+5
1.842000E-2	0.000000E+0	1.558190E+5
1.844000E-2	0.000000E+0	1.557460E+5
1.846000E-2	0.000000E+0	1.555570E+5
1.848000E-2	0.000000E+0	1.552560E+5
1.850000E-2	0.000000E+0	1.556500E+5
1.852000E-2	0.000000E+0	1.560450E+5
1.854000E-2	0.000000E+0	1.553440E+5
1.856000E-2	0.000000E+0	1.555540E+5
1.858000E-2	0.000000E+0	1.556030E+5
1.860000E-2	0.000000E+0	1.555270E+5
1.862000E-2	0.000000E+0	1.552850E+5
1.864000E-2	0.000000E+0	1.557600E+5
1.866000E-2	0.000000E+0	1.548630E+5
1.868000E-2	0.000000E+0	1.552970E+5
1.870000E-2	0.000000E+0	1.555340E+5
1.872000E-2	0.000000E+0	1.558880E+5
1.874000E-2	0.000000E+0	1.565930E+5
1.876000E-2	0.000000E+0	1.559290E+5
1.878000E-2	0.000000E+0	1.563080E+5
1.880000E-2	0.000000E+0	1.554200E+5
1.882000E-2	0.000000E+0	1.561090E+5
1.884000E-2	0.000000E+0	1.551900E+5
1.886000E-2	0.000000E+0	1.559500E+5
1.888000E-2	0.000000E+0	1.561130E+5
1.890000E-2	0.000000E+0	1.556300E+5
1.892000E-2	0.000000E+0	1.553840E+5
1.894000E-2	0.000000E+0	1.554750E+5
1.896000E-2	0.000000E+0	1.558160E+5
1.898000E-2	0.000000E+0	1.553980E+5
1.900000E-2	0.000000E+0	1.562040E+5
1.902000E-2	0.000000E+0	1.561380E+5
1.904000E-2	0.000000E+0	1.558500E+5
1.906000E-2	0.000000E+0	1.559810E+5
1.908000E-2	0.000000E+0	1.562650E+5
1.910000E-2	0.000000E+0	1.553460E+5
1.912000E-2	0.000000E+0	1.562940E+5
1.914000E-2	0.000000E+0	1.554210E+5
1.916000E-2	0.000000E+0	1.558400E+5
1.918000E-2	0.000000E+0	1.562620E+5
1.920000E-2	0.000000E+0	1.554830E+5
1.922000E-2	0.000000E+0	1.555410E+5
1.924000E-2	0.000000E+0	1.550810E+5
1.926000E-2	0.000000E+0	1.554490E+5
1.928000E-2	0.000000E+0	1.559070E+5
1.930000E-2	0.000000E+0	1.554850E+5
1.932000E-2	0.000000E+0	1.557540E+5
1.934000E-2	0.000000E+0	1.559910E+5
1.936000E-2	0.000000E+0	1.556490E+5
1.938000E-2	0.000000E+0	1.558570E+5
1.940000E-2	0.000000E+0	1.554940E+5
1.942000E-2	0.000000E+0	1.555040E+5
1.944000E-2	0.000000E+0	1.557060E+5
1.946000E-2	0.000000E+0	1.556960E+5
1.948000E-2	0.000000E+0	1.555320E+5
1.950000E-2	0.000000E+0	1.554780E+5
1.952000E-2	0.000000E+0	1.557020E+5
1.954000E-2	0.000000E+0	1.555090E+5
1.956000E-2	0.000000E+0	1.558080E+5
1.958000E-2	0.000000E+0	1.555150E+5
1.960000E-2	0.000000E+0	1.557770E+5
1.962000E-2	0.000000E+0	1.557150E+5
1.964000E-2	0.000000E+0	1.558400E+5
1.966000E-2	0.000000E+0	1.559750E+5
1.968000E-2	0.000000E+0	1.556570E+5
1.970000E-2	0.000000E+0	1.563200E+5
1.972000E-2	0.000000E+0	1.555860E+5
1.974000E-2	0.000000E+0	1.557780E+5
1.976000E-2	0.000000E+0	1.551140E+5
1.978000E-2	0.000000E+0	1.555740E+5
1.980000E-2	0.000000E+0	1.564330E+5
1.982000E-2	0.000000E+0	1.557630E+5
1.984000E-2	0.000000E+0	1.562280E+5
1.986000E-2	0.000000E+0	1.558310E+5
1.988000E-2	0.000000E+0	1.556000E+5
1.990000E-2	0.000000E+0	1.559530E+5
1.992000E-2	0.000000E+0	1.552830E+5
1.994000E-2	0.000000E+0	1.556430E+5
1.996000E-2	0.000000E+0	1.561120E+5
1.998000E-2	0.000000E+0	1.552590E+5
