

live time:  66561.760000
real time:  90003.108000
sweeps:  3328088.000000
0.000000E+0	0.000000E+0	0.000000E+0
2.000000E-5	0.000000E+0	1.630050E+5
4.000000E-5	0.000000E+0	1.623010E+5
6.000000E-5	0.000000E+0	1.616910E+5
8.000000E-5	0.000000E+0	1.627040E+5
1.000000E-4	0.000000E+0	1.633120E+5
1.200000E-4	0.000000E+0	1.624670E+5
1.400000E-4	0.000000E+0	1.619130E+5
1.600000E-4	0.000000E+0	1.625440E+5
1.800000E-4	0.000000E+0	1.630340E+5
2.000000E-4	0.000000E+0	1.626170E+5
2.200000E-4	0.000000E+0	1.627160E+5
2.400000E-4	0.000000E+0	1.629420E+5
2.600000E-4	0.000000E+0	1.630300E+5
2.800000E-4	0.000000E+0	1.633330E+5
3.000000E-4	0.000000E+0	1.628950E+5
3.200000E-4	0.000000E+0	1.624950E+5
3.400000E-4	0.000000E+0	1.617870E+5
3.600000E-4	0.000000E+0	1.621320E+5
3.800000E-4	0.000000E+0	1.625250E+5
4.000000E-4	0.000000E+0	1.628000E+5
4.200000E-4	0.000000E+0	1.629920E+5
4.400000E-4	0.000000E+0	1.627560E+5
4.600000E-4	0.000000E+0	1.629410E+5
4.800000E-4	0.000000E+0	1.624570E+5
5.000000E-4	0.000000E+0	1.624530E+5
5.200000E-4	0.000000E+0	1.625370E+5
5.400000E-4	0.000000E+0	1.626590E+5
5.600000E-4	0.000000E+0	1.625490E+5
5.800000E-4	0.000000E+0	1.625880E+5
6.000000E-4	0.000000E+0	1.625710E+5
6.200000E-4	0.000000E+0	1.622720E+5
6.400000E-4	0.000000E+0	1.628320E+5
6.600000E-4	0.000000E+0	1.625050E+5
6.800000E-4	0.000000E+0	1.625900E+5
7.000000E-4	0.000000E+0	1.625770E+5
7.200000E-4	0.000000E+0	1.632710E+5
7.400000E-4	0.000000E+0	1.624530E+5
7.600000E-4	0.000000E+0	1.628030E+5
7.800000E-4	0.000000E+0	1.623470E+5
8.000000E-4	0.000000E+0	1.632840E+5
8.200000E-4	0.000000E+0	1.619230E+5
8.400000E-4	0.000000E+0	1.634760E+5
8.600000E-4	0.000000E+0	1.618980E+5
8.800000E-4	0.000000E+0	1.625830E+5
9.000000E-4	0.000000E+0	1.620940E+5
9.200000E-4	0.000000E+0	1.620990E+5
9.400000E-4	0.000000E+0	1.625030E+5
9.600000E-4	0.000000E+0	1.620870E+5
9.800000E-4	0.000000E+0	1.626810E+5
1.000000E-3	0.000000E+0	1.625770E+5
1.020000E-3	0.000000E+0	1.629400E+5
1.040000E-3	0.000000E+0	1.633520E+5
1.060000E-3	0.000000E+0	1.627270E+5
1.080000E-3	0.000000E+0	1.623600E+5
1.100000E-3	0.000000E+0	1.622000E+5
1.120000E-3	0.000000E+0	1.630580E+5
1.140000E-3	0.000000E+0	1.624470E+5
1.160000E-3	0.000000E+0	1.623310E+5
1.180000E-3	0.000000E+0	1.624230E+5
1.200000E-3	0.000000E+0	1.619220E+5
1.220000E-3	0.000000E+0	1.626400E+5
1.240000E-3	0.000000E+0	1.624750E+5
1.260000E-3	0.000000E+0	1.629280E+5
1.280000E-3	0.000000E+0	1.624470E+5
1.300000E-3	0.000000E+0	1.627920E+5
1.320000E-3	0.000000E+0	1.620890E+5
1.340000E-3	0.000000E+0	1.629980E+5
1.360000E-3	0.000000E+0	1.625080E+5
1.380000E-3	0.000000E+0	1.626950E+5
1.400000E-3	0.000000E+0	1.622300E+5
1.420000E-3	0.000000E+0	1.618090E+5
1.440000E-3	0.000000E+0	1.622720E+5
1.460000E-3	0.000000E+0	1.620490E+5
1.480000E-3	0.000000E+0	1.620980E+5
1.500000E-3	0.000000E+0	1.623440E+5
1.520000E-3	0.000000E+0	1.627480E+5
1.540000E-3	0.000000E+0	1.629790E+5
1.560000E-3	0.000000E+0	1.619850E+5
1.580000E-3	0.000000E+0	1.627090E+5
1.600000E-3	0.000000E+0	1.619490E+5
1.620000E-3	0.000000E+0	1.624040E+5
1.640000E-3	0.000000E+0	1.631250E+5
1.660000E-3	0.000000E+0	1.624830E+5
1.680000E-3	0.000000E+0	1.626800E+5
1.700000E-3	0.000000E+0	1.621910E+5
1.720000E-3	0.000000E+0	1.624620E+5
1.740000E-3	0.000000E+0	1.620950E+5
1.760000E-3	0.000000E+0	1.619560E+5
1.780000E-3	0.000000E+0	1.621400E+5
1.800000E-3	0.000000E+0	1.630840E+5
1.820000E-3	0.000000E+0	1.623800E+5
1.840000E-3	0.000000E+0	1.623740E+5
1.860000E-3	0.000000E+0	1.622970E+5
1.880000E-3	0.000000E+0	1.622440E+5
1.900000E-3	0.000000E+0	1.628350E+5
1.920000E-3	0.000000E+0	1.621910E+5
1.940000E-3	0.000000E+0	1.629500E+5
1.960000E-3	0.000000E+0	1.622270E+5
1.980000E-3	0.000000E+0	1.628530E+5
2.000000E-3	0.000000E+0	1.625780E+5
2.020000E-3	0.000000E+0	1.624690E+5
2.040000E-3	0.000000E+0	1.627130E+5
2.060000E-3	0.000000E+0	1.630430E+5
2.080000E-3	0.000000E+0	1.624360E+5
2.100000E-3	0.000000E+0	1.621550E+5
2.120000E-3	0.000000E+0	1.627660E+5
2.140000E-3	0.000000E+0	1.621300E+5
2.160000E-3	0.000000E+0	1.624510E+5
2.180000E-3	0.000000E+0	1.621360E+5
2.200000E-3	0.000000E+0	1.624820E+5
2.220000E-3	0.000000E+0	1.623180E+5
2.240000E-3	0.000000E+0	1.625170E+5
2.260000E-3	0.000000E+0	1.622700E+5
2.280000E-3	0.000000E+0	1.627360E+5
2.300000E-3	0.000000E+0	1.619270E+5
2.320000E-3	0.000000E+0	1.627280E+5
2.340000E-3	0.000000E+0	1.632490E+5
2.360000E-3	0.000000E+0	1.622390E+5
2.380000E-3	0.000000E+0	1.626250E+5
2.400000E-3	0.000000E+0	1.624490E+5
2.420000E-3	0.000000E+0	1.622040E+5
2.440000E-3	0.000000E+0	1.623980E+5
2.460000E-3	0.000000E+0	1.630260E+5
2.480000E-3	0.000000E+0	1.629560E+5
2.500000E-3	0.000000E+0	1.618160E+5
2.520000E-3	0.000000E+0	1.631150E+5
2.540000E-3	0.000000E+0	1.625360E+5
2.560000E-3	0.000000E+0	1.626720E+5
2.580000E-3	0.000000E+0	1.624010E+5
2.600000E-3	0.000000E+0	1.631550E+5
2.620000E-3	0.000000E+0	1.623960E+5
2.640000E-3	0.000000E+0	1.623560E+5
2.660000E-3	0.000000E+0	1.622190E+5
2.680000E-3	0.000000E+0	1.618110E+5
2.700000E-3	0.000000E+0	1.622970E+5
2.720000E-3	0.000000E+0	1.625390E+5
2.740000E-3	0.000000E+0	1.623770E+5
2.760000E-3	0.000000E+0	1.624200E+5
2.780000E-3	0.000000E+0	1.625480E+5
2.800000E-3	0.000000E+0	1.623690E+5
2.820000E-3	0.000000E+0	1.623520E+5
2.840000E-3	0.000000E+0	1.622690E+5
2.860000E-3	0.000000E+0	1.619500E+5
2.880000E-3	0.000000E+0	1.623140E+5
2.900000E-3	0.000000E+0	1.617940E+5
2.920000E-3	0.000000E+0	1.629290E+5
2.940000E-3	0.000000E+0	1.625490E+5
2.960000E-3	0.000000E+0	1.626130E+5
2.980000E-3	0.000000E+0	1.621170E+5
3.000000E-3	0.000000E+0	1.633790E+5
3.020000E-3	0.000000E+0	1.625170E+5
3.040000E-3	0.000000E+0	1.620920E+5
3.060000E-3	0.000000E+0	1.623530E+5
3.080000E-3	0.000000E+0	1.624590E+5
3.100000E-3	0.000000E+0	1.627070E+5
3.120000E-3	0.000000E+0	1.622830E+5
3.140000E-3	0.000000E+0	1.624520E+5
3.160000E-3	0.000000E+0	1.623750E+5
3.180000E-3	0.000000E+0	1.615790E+5
3.200000E-3	0.000000E+0	1.620060E+5
3.220000E-3	0.000000E+0	1.614250E+5
3.240000E-3	0.000000E+0	1.625140E+5
3.260000E-3	0.000000E+0	1.625540E+5
3.280000E-3	0.000000E+0	1.617770E+5
3.300000E-3	0.000000E+0	1.624330E+5
3.320000E-3	0.000000E+0	1.619450E+5
3.340000E-3	0.000000E+0	1.620130E+5
3.360000E-3	0.000000E+0	1.621290E+5
3.380000E-3	0.000000E+0	1.617190E+5
3.400000E-3	0.000000E+0	1.613540E+5
3.420000E-3	0.000000E+0	1.610040E+5
3.440000E-3	0.000000E+0	1.601970E+5
3.460000E-3	0.000000E+0	1.598300E+5
3.480000E-3	0.000000E+0	1.599310E+5
3.500000E-3	0.000000E+0	1.607060E+5
3.520000E-3	0.000000E+0	1.597240E+5
3.540000E-3	0.000000E+0	1.597420E+5
3.560000E-3	0.000000E+0	1.586780E+5
3.580000E-3	0.000000E+0	1.589330E+5
3.600000E-3	0.000000E+0	1.580320E+5
3.620000E-3	0.000000E+0	1.586740E+5
3.640000E-3	0.000000E+0	1.594240E+5
3.660000E-3	0.000000E+0	1.600740E+5
3.680000E-3	0.000000E+0	1.607270E+5
3.700000E-3	0.000000E+0	1.607050E+5
3.720000E-3	0.000000E+0	1.605290E+5
3.740000E-3	0.000000E+0	1.610090E+5
3.760000E-3	0.000000E+0	1.610320E+5
3.780000E-3	0.000000E+0	1.602860E+5
3.800000E-3	0.000000E+0	1.616900E+5
3.820000E-3	0.000000E+0	1.617130E+5
3.840000E-3	0.000000E+0	1.623310E+5
3.860000E-3	0.000000E+0	1.623480E+5
3.880000E-3	0.000000E+0	1.625310E+5
3.900000E-3	0.000000E+0	1.626160E+5
3.920000E-3	0.000000E+0	1.634520E+5
3.940000E-3	0.000000E+0	1.625440E+5
3.960000E-3	0.000000E+0	1.624550E+5
3.980000E-3	0.000000E+0	1.627670E+5
4.000000E-3	0.000000E+0	1.614680E+5
4.020000E-3	0.000000E+0	1.624450E+5
4.040000E-3	0.000000E+0	1.629770E+5
4.060000E-3	0.000000E+0	1.617460E+5
4.080000E-3	0.000000E+0	1.620280E+5
4.100000E-3	0.000000E+0	1.621870E+5
4.120000E-3	0.000000E+0	1.624680E+5
4.140000E-3	0.000000E+0	1.613060E+5
4.160000E-3	0.000000E+0	1.613400E+5
4.180000E-3	0.000000E+0	1.611670E+5
4.200000E-3	0.000000E+0	1.610830E+5
4.220000E-3	0.000000E+0	1.614730E+5
4.240000E-3	0.000000E+0	1.613820E+5
4.260000E-3	0.000000E+0	1.619590E+5
4.280000E-3	0.000000E+0	1.608370E+5
4.300000E-3	0.000000E+0	1.603210E+5
4.320000E-3	0.000000E+0	1.589340E+5
4.340000E-3	0.000000E+0	1.602920E+5
4.360000E-3	0.000000E+0	1.602370E+5
4.380000E-3	0.000000E+0	1.598240E+5
4.400000E-3	0.000000E+0	1.609090E+5
4.420000E-3	0.000000E+0	1.608890E+5
4.440000E-3	0.000000E+0	1.612810E+5
4.460000E-3	0.000000E+0	1.612180E+5
4.480000E-3	0.000000E+0	1.610310E+5
4.500000E-3	0.000000E+0	1.610970E+5
4.520000E-3	0.000000E+0	1.613690E+5
4.540000E-3	0.000000E+0	1.621660E+5
4.560000E-3	0.000000E+0	1.625960E+5
4.580000E-3	0.000000E+0	1.615200E+5
4.600000E-3	0.000000E+0	1.621310E+5
4.620000E-3	0.000000E+0	1.621660E+5
4.640000E-3	0.000000E+0	1.629020E+5
4.660000E-3	0.000000E+0	1.622350E+5
4.680000E-3	0.000000E+0	1.623740E+5
4.700000E-3	0.000000E+0	1.625610E+5
4.720000E-3	0.000000E+0	1.628560E+5
4.740000E-3	0.000000E+0	1.621990E+5
4.760000E-3	0.000000E+0	1.622440E+5
4.780000E-3	0.000000E+0	1.623430E+5
4.800000E-3	0.000000E+0	1.616310E+5
4.820000E-3	0.000000E+0	1.620630E+5
4.840000E-3	0.000000E+0	1.617000E+5
4.860000E-3	0.000000E+0	1.613410E+5
4.880000E-3	0.000000E+0	1.615850E+5
4.900000E-3	0.000000E+0	1.616830E+5
4.920000E-3	0.000000E+0	1.617710E+5
4.940000E-3	0.000000E+0	1.611510E+5
4.960000E-3	0.000000E+0	1.616710E+5
4.980000E-3	0.000000E+0	1.611480E+5
5.000000E-3	0.000000E+0	1.610830E+5
5.020000E-3	0.000000E+0	1.611140E+5
5.040000E-3	0.000000E+0	1.610670E+5
5.060000E-3	0.000000E+0	1.613170E+5
5.080000E-3	0.000000E+0	1.611450E+5
5.100000E-3	0.000000E+0	1.617390E+5
5.120000E-3	0.000000E+0	1.620680E+5
5.140000E-3	0.000000E+0	1.627210E+5
5.160000E-3	0.000000E+0	1.615810E+5
5.180000E-3	0.000000E+0	1.626540E+5
5.200000E-3	0.000000E+0	1.626370E+5
5.220000E-3	0.000000E+0	1.620230E+5
5.240000E-3	0.000000E+0	1.616170E+5
5.260000E-3	0.000000E+0	1.628470E+5
5.280000E-3	0.000000E+0	1.622710E+5
5.300000E-3	0.000000E+0	1.622800E+5
5.320000E-3	0.000000E+0	1.619240E+5
5.340000E-3	0.000000E+0	1.617780E+5
5.360000E-3	0.000000E+0	1.626670E+5
5.380000E-3	0.000000E+0	1.613790E+5
5.400000E-3	0.000000E+0	1.620120E+5
5.420000E-3	0.000000E+0	1.620480E+5
5.440000E-3	0.000000E+0	1.610620E+5
5.460000E-3	0.000000E+0	1.604710E+5
5.480000E-3	0.000000E+0	1.612220E+5
5.500000E-3	0.000000E+0	1.616390E+5
5.520000E-3	0.000000E+0	1.616920E+5
5.540000E-3	0.000000E+0	1.617780E+5
5.560000E-3	0.000000E+0	1.619360E+5
5.580000E-3	0.000000E+0	1.624470E+5
5.600000E-3	0.000000E+0	1.611100E+5
5.620000E-3	0.000000E+0	1.619760E+5
5.640000E-3	0.000000E+0	1.621980E+5
5.660000E-3	0.000000E+0	1.621790E+5
5.680000E-3	0.000000E+0	1.620150E+5
5.700000E-3	0.000000E+0	1.616020E+5
5.720000E-3	0.000000E+0	1.627080E+5
5.740000E-3	0.000000E+0	1.623730E+5
5.760000E-3	0.000000E+0	1.623390E+5
5.780000E-3	0.000000E+0	1.617500E+5
5.800000E-3	0.000000E+0	1.627950E+5
5.820000E-3	0.000000E+0	1.613990E+5
5.840000E-3	0.000000E+0	1.629300E+5
5.860000E-3	0.000000E+0	1.619600E+5
5.880000E-3	0.000000E+0	1.618460E+5
5.900000E-3	0.000000E+0	1.629520E+5
5.920000E-3	0.000000E+0	1.628370E+5
5.940000E-3	0.000000E+0	1.615750E+5
5.960000E-3	0.000000E+0	1.609570E+5
5.980000E-3	0.000000E+0	1.613400E+5
6.000000E-3	0.000000E+0	1.607510E+5
6.020000E-3	0.000000E+0	1.605290E+5
6.040000E-3	0.000000E+0	1.607520E+5
6.060000E-3	0.000000E+0	1.607170E+5
6.080000E-3	0.000000E+0	1.608370E+5
6.100000E-3	0.000000E+0	1.600070E+5
6.120000E-3	0.000000E+0	1.601320E+5
6.140000E-3	0.000000E+0	1.597780E+5
6.160000E-3	0.000000E+0	1.593760E+5
6.180000E-3	0.000000E+0	1.596430E+5
6.200000E-3	0.000000E+0	1.605960E+5
6.220000E-3	0.000000E+0	1.610890E+5
6.240000E-3	0.000000E+0	1.609190E+5
6.260000E-3	0.000000E+0	1.621360E+5
6.280000E-3	0.000000E+0	1.613490E+5
6.300000E-3	0.000000E+0	1.616950E+5
6.320000E-3	0.000000E+0	1.619290E+5
6.340000E-3	0.000000E+0	1.628070E+5
6.360000E-3	0.000000E+0	1.614140E+5
6.380000E-3	0.000000E+0	1.619840E+5
6.400000E-3	0.000000E+0	1.623320E+5
6.420000E-3	0.000000E+0	1.621330E+5
6.440000E-3	0.000000E+0	1.623160E+5
6.460000E-3	0.000000E+0	1.617180E+5
6.480000E-3	0.000000E+0	1.627680E+5
6.500000E-3	0.000000E+0	1.624870E+5
6.520000E-3	0.000000E+0	1.627320E+5
6.540000E-3	0.000000E+0	1.617000E+5
6.560000E-3	0.000000E+0	1.620870E+5
6.580000E-3	0.000000E+0	1.613590E+5
6.600000E-3	0.000000E+0	1.613640E+5
6.620000E-3	0.000000E+0	1.617850E+5
6.640000E-3	0.000000E+0	1.605950E+5
6.660000E-3	0.000000E+0	1.598220E+5
6.680000E-3	0.000000E+0	1.606490E+5
6.700000E-3	0.000000E+0	1.602700E+5
6.720000E-3	0.000000E+0	1.605130E+5
6.740000E-3	0.000000E+0	1.593000E+5
6.760000E-3	0.000000E+0	1.591750E+5
6.780000E-3	0.000000E+0	1.584080E+5
6.800000E-3	0.000000E+0	1.583380E+5
6.820000E-3	0.000000E+0	1.582340E+5
6.840000E-3	0.000000E+0	1.589460E+5
6.860000E-3	0.000000E+0	1.605250E+5
6.880000E-3	0.000000E+0	1.590170E+5
6.900000E-3	0.000000E+0	1.600190E+5
6.920000E-3	0.000000E+0	1.610130E+5
6.940000E-3	0.000000E+0	1.608550E+5
6.960000E-3	0.000000E+0	1.617230E+5
6.980000E-3	0.000000E+0	1.609420E+5
7.000000E-3	0.000000E+0	1.613490E+5
7.020000E-3	0.000000E+0	1.620550E+5
7.040000E-3	0.000000E+0	1.619330E+5
7.060000E-3	0.000000E+0	1.627680E+5
7.080000E-3	0.000000E+0	1.625850E+5
7.100000E-3	0.000000E+0	1.625220E+5
7.120000E-3	0.000000E+0	1.621550E+5
7.140000E-3	0.000000E+0	1.621540E+5
7.160000E-3	0.000000E+0	1.625150E+5
7.180000E-3	0.000000E+0	1.617600E+5
7.200000E-3	0.000000E+0	1.622560E+5
7.220000E-3	0.000000E+0	1.623500E+5
7.240000E-3	0.000000E+0	1.618400E+5
7.260000E-3	0.000000E+0	1.624010E+5
7.280000E-3	0.000000E+0	1.621330E+5
7.300000E-3	0.000000E+0	1.627820E+5
7.320000E-3	0.000000E+0	1.621930E+5
7.340000E-3	0.000000E+0	1.628730E+5
7.360000E-3	0.000000E+0	1.619750E+5
7.380000E-3	0.000000E+0	1.621120E+5
7.400000E-3	0.000000E+0	1.621840E+5
7.420000E-3	0.000000E+0	1.626270E+5
7.440000E-3	0.000000E+0	1.628280E+5
7.460000E-3	0.000000E+0	1.629360E+5
7.480000E-3	0.000000E+0	1.628180E+5
7.500000E-3	0.000000E+0	1.630540E+5
7.520000E-3	0.000000E+0	1.630330E+5
7.540000E-3	0.000000E+0	1.620540E+5
7.560000E-3	0.000000E+0	1.624060E+5
7.580000E-3	0.000000E+0	1.618150E+5
7.600000E-3	0.000000E+0	1.630990E+5
7.620000E-3	0.000000E+0	1.624350E+5
7.640000E-3	0.000000E+0	1.625020E+5
7.660000E-3	0.000000E+0	1.624290E+5
7.680000E-3	0.000000E+0	1.622870E+5
7.700000E-3	0.000000E+0	1.625310E+5
7.720000E-3	0.000000E+0	1.622130E+5
7.740000E-3	0.000000E+0	1.633890E+5
7.760000E-3	0.000000E+0	1.628620E+5
7.780000E-3	0.000000E+0	1.626860E+5
7.800000E-3	0.000000E+0	1.626580E+5
7.820000E-3	0.000000E+0	1.626350E+5
7.840000E-3	0.000000E+0	1.631180E+5
7.860000E-3	0.000000E+0	1.626130E+5
7.880000E-3	0.000000E+0	1.617800E+5
7.900000E-3	0.000000E+0	1.623200E+5
7.920000E-3	0.000000E+0	1.628590E+5
7.940000E-3	0.000000E+0	1.618730E+5
7.960000E-3	0.000000E+0	1.622790E+5
7.980000E-3	0.000000E+0	1.619960E+5
8.000000E-3	0.000000E+0	1.621750E+5
8.020000E-3	0.000000E+0	1.623470E+5
8.040000E-3	0.000000E+0	1.619350E+5
8.060000E-3	0.000000E+0	1.622350E+5
8.080000E-3	0.000000E+0	1.631980E+5
8.100000E-3	0.000000E+0	1.620110E+5
8.120000E-3	0.000000E+0	1.620680E+5
8.140000E-3	0.000000E+0	1.629480E+5
8.160000E-3	0.000000E+0	1.628840E+5
8.180000E-3	0.000000E+0	1.628230E+5
8.200000E-3	0.000000E+0	1.628630E+5
8.220000E-3	0.000000E+0	1.629360E+5
8.240000E-3	0.000000E+0	1.622390E+5
8.260000E-3	0.000000E+0	1.618440E+5
8.280000E-3	0.000000E+0	1.616400E+5
8.300000E-3	0.000000E+0	1.619330E+5
8.320000E-3	0.000000E+0	1.623280E+5
8.340000E-3	0.000000E+0	1.633210E+5
8.360000E-3	0.000000E+0	1.624720E+5
8.380000E-3	0.000000E+0	1.617520E+5
8.400000E-3	0.000000E+0	1.627190E+5
8.420000E-3	0.000000E+0	1.625330E+5
8.440000E-3	0.000000E+0	1.631300E+5
8.460000E-3	0.000000E+0	1.628480E+5
8.480000E-3	0.000000E+0	1.626740E+5
8.500000E-3	0.000000E+0	1.627540E+5
8.520000E-3	0.000000E+0	1.621050E+5
8.540000E-3	0.000000E+0	1.620640E+5
8.560000E-3	0.000000E+0	1.622700E+5
8.580000E-3	0.000000E+0	1.624280E+5
8.600000E-3	0.000000E+0	1.623440E+5
8.620000E-3	0.000000E+0	1.621830E+5
8.640000E-3	0.000000E+0	1.621460E+5
8.660000E-3	0.000000E+0	1.627180E+5
8.680000E-3	0.000000E+0	1.630610E+5
8.700000E-3	0.000000E+0	1.621430E+5
8.720000E-3	0.000000E+0	1.625210E+5
8.740000E-3	0.000000E+0	1.622180E+5
8.760000E-3	0.000000E+0	1.623760E+5
8.780000E-3	0.000000E+0	1.625820E+5
8.800000E-3	0.000000E+0	1.621450E+5
8.820000E-3	0.000000E+0	1.628100E+5
8.840000E-3	0.000000E+0	1.626890E+5
8.860000E-3	0.000000E+0	1.628570E+5
8.880000E-3	0.000000E+0	1.621650E+5
8.900000E-3	0.000000E+0	1.629790E+5
8.920000E-3	0.000000E+0	1.625050E+5
8.940000E-3	0.000000E+0	1.625540E+5
8.960000E-3	0.000000E+0	1.631370E+5
8.980000E-3	0.000000E+0	1.630870E+5
9.000000E-3	0.000000E+0	1.628990E+5
9.020000E-3	0.000000E+0	1.628770E+5
9.040000E-3	0.000000E+0	1.623840E+5
9.060000E-3	0.000000E+0	1.627290E+5
9.080000E-3	0.000000E+0	1.621080E+5
9.100000E-3	0.000000E+0	1.623610E+5
9.120000E-3	0.000000E+0	1.626480E+5
9.140000E-3	0.000000E+0	1.621110E+5
9.160000E-3	0.000000E+0	1.633700E+5
9.180000E-3	0.000000E+0	1.623350E+5
9.200000E-3	0.000000E+0	1.624790E+5
9.220000E-3	0.000000E+0	1.625200E+5
9.240000E-3	0.000000E+0	1.625840E+5
9.260000E-3	0.000000E+0	1.623580E+5
9.280000E-3	0.000000E+0	1.631360E+5
9.300000E-3	0.000000E+0	1.630840E+5
9.320000E-3	0.000000E+0	1.629920E+5
9.340000E-3	0.000000E+0	1.628010E+5
9.360000E-3	0.000000E+0	1.622880E+5
9.380000E-3	0.000000E+0	1.624390E+5
9.400000E-3	0.000000E+0	1.623300E+5
9.420000E-3	0.000000E+0	1.625010E+5
9.440000E-3	0.000000E+0	1.623720E+5
9.460000E-3	0.000000E+0	1.617020E+5
9.480000E-3	0.000000E+0	1.619030E+5
9.500000E-3	0.000000E+0	1.622810E+5
9.520000E-3	0.000000E+0	1.626400E+5
9.540000E-3	0.000000E+0	1.626720E+5
9.560000E-3	0.000000E+0	1.623740E+5
9.580000E-3	0.000000E+0	1.612350E+5
9.600000E-3	0.000000E+0	1.633200E+5
9.620000E-3	0.000000E+0	1.617420E+5
9.640000E-3	0.000000E+0	1.627340E+5
9.660000E-3	0.000000E+0	1.627770E+5
9.680000E-3	0.000000E+0	1.626160E+5
9.700000E-3	0.000000E+0	1.622020E+5
9.720000E-3	0.000000E+0	1.623630E+5
9.740000E-3	0.000000E+0	1.624710E+5
9.760000E-3	0.000000E+0	1.628460E+5
9.780000E-3	0.000000E+0	1.623080E+5
9.800000E-3	0.000000E+0	1.624220E+5
9.820000E-3	0.000000E+0	1.620380E+5
9.840000E-3	0.000000E+0	1.621940E+5
9.860000E-3	0.000000E+0	1.629550E+5
9.880000E-3	0.000000E+0	1.630030E+5
9.900000E-3	0.000000E+0	1.622850E+5
9.920000E-3	0.000000E+0	1.619130E+5
9.940000E-3	0.000000E+0	1.629160E+5
9.960000E-3	0.000000E+0	1.627460E+5
9.980000E-3	0.000000E+0	1.630950E+5
1.000000E-2	0.000000E+0	1.621410E+5
1.002000E-2	0.000000E+0	1.631540E+5
1.004000E-2	0.000000E+0	1.620690E+5
1.006000E-2	0.000000E+0	1.628390E+5
1.008000E-2	0.000000E+0	1.629760E+5
1.010000E-2	0.000000E+0	1.625930E+5
1.012000E-2	0.000000E+0	1.627050E+5
1.014000E-2	0.000000E+0	1.627610E+5
1.016000E-2	0.000000E+0	1.624790E+5
1.018000E-2	0.000000E+0	1.631320E+5
1.020000E-2	0.000000E+0	1.627290E+5
1.022000E-2	0.000000E+0	1.621730E+5
1.024000E-2	0.000000E+0	1.628860E+5
1.026000E-2	0.000000E+0	1.625230E+5
1.028000E-2	0.000000E+0	1.628760E+5
1.030000E-2	0.000000E+0	1.628630E+5
1.032000E-2	0.000000E+0	1.623300E+5
1.034000E-2	0.000000E+0	1.627220E+5
1.036000E-2	0.000000E+0	1.631020E+5
1.038000E-2	0.000000E+0	1.624540E+5
1.040000E-2	0.000000E+0	1.621870E+5
1.042000E-2	0.000000E+0	1.624340E+5
1.044000E-2	0.000000E+0	1.624170E+5
1.046000E-2	0.000000E+0	1.627590E+5
1.048000E-2	0.000000E+0	1.623050E+5
1.050000E-2	0.000000E+0	1.626270E+5
1.052000E-2	0.000000E+0	1.624640E+5
1.054000E-2	0.000000E+0	1.627000E+5
1.056000E-2	0.000000E+0	1.630400E+5
1.058000E-2	0.000000E+0	1.623860E+5
1.060000E-2	0.000000E+0	1.625560E+5
1.062000E-2	0.000000E+0	1.623890E+5
1.064000E-2	0.000000E+0	1.625890E+5
1.066000E-2	0.000000E+0	1.629340E+5
1.068000E-2	0.000000E+0	1.625630E+5
1.070000E-2	0.000000E+0	1.626790E+5
1.072000E-2	0.000000E+0	1.623160E+5
1.074000E-2	0.000000E+0	1.626940E+5
1.076000E-2	0.000000E+0	1.631610E+5
1.078000E-2	0.000000E+0	1.626200E+5
1.080000E-2	0.000000E+0	1.627330E+5
1.082000E-2	0.000000E+0	1.625960E+5
1.084000E-2	0.000000E+0	1.622710E+5
1.086000E-2	0.000000E+0	1.623150E+5
1.088000E-2	0.000000E+0	1.629200E+5
1.090000E-2	0.000000E+0	1.621300E+5
1.092000E-2	0.000000E+0	1.623650E+5
1.094000E-2	0.000000E+0	1.628520E+5
1.096000E-2	0.000000E+0	1.630950E+5
1.098000E-2	0.000000E+0	1.627150E+5
1.100000E-2	0.000000E+0	1.621970E+5
1.102000E-2	0.000000E+0	1.625620E+5
1.104000E-2	0.000000E+0	1.624310E+5
1.106000E-2	0.000000E+0	1.623960E+5
1.108000E-2	0.000000E+0	1.629410E+5
1.110000E-2	0.000000E+0	1.620290E+5
1.112000E-2	0.000000E+0	1.631500E+5
1.114000E-2	0.000000E+0	1.625150E+5
1.116000E-2	0.000000E+0	1.620730E+5
1.118000E-2	0.000000E+0	1.630170E+5
1.120000E-2	0.000000E+0	1.622740E+5
1.122000E-2	0.000000E+0	1.626120E+5
1.124000E-2	0.000000E+0	1.622170E+5
1.126000E-2	0.000000E+0	1.631760E+5
1.128000E-2	0.000000E+0	1.626730E+5
1.130000E-2	0.000000E+0	1.621600E+5
1.132000E-2	0.000000E+0	1.622500E+5
1.134000E-2	0.000000E+0	1.627990E+5
1.136000E-2	0.000000E+0	1.625460E+5
1.138000E-2	0.000000E+0	1.625400E+5
1.140000E-2	0.000000E+0	1.623350E+5
1.142000E-2	0.000000E+0	1.627020E+5
1.144000E-2	0.000000E+0	1.622450E+5
1.146000E-2	0.000000E+0	1.635770E+5
1.148000E-2	0.000000E+0	1.625570E+5
1.150000E-2	0.000000E+0	1.620300E+5
1.152000E-2	0.000000E+0	1.629350E+5
1.154000E-2	0.000000E+0	1.619030E+5
1.156000E-2	0.000000E+0	1.631940E+5
1.158000E-2	0.000000E+0	1.625530E+5
1.160000E-2	0.000000E+0	1.631180E+5
1.162000E-2	0.000000E+0	1.618310E+5
1.164000E-2	0.000000E+0	1.624130E+5
1.166000E-2	0.000000E+0	1.625980E+5
1.168000E-2	0.000000E+0	1.623270E+5
1.170000E-2	0.000000E+0	1.631730E+5
1.172000E-2	0.000000E+0	1.629230E+5
1.174000E-2	0.000000E+0	1.627760E+5
1.176000E-2	0.000000E+0	1.626730E+5
1.178000E-2	0.000000E+0	1.624950E+5
1.180000E-2	0.000000E+0	1.630570E+5
1.182000E-2	0.000000E+0	1.622850E+5
1.184000E-2	0.000000E+0	1.620300E+5
1.186000E-2	0.000000E+0	1.634370E+5
1.188000E-2	0.000000E+0	1.626420E+5
1.190000E-2	0.000000E+0	1.626240E+5
1.192000E-2	0.000000E+0	1.629650E+5
1.194000E-2	0.000000E+0	1.618640E+5
1.196000E-2	0.000000E+0	1.626830E+5
1.198000E-2	0.000000E+0	1.633090E+5
1.200000E-2	0.000000E+0	1.625820E+5
1.202000E-2	0.000000E+0	1.629270E+5
1.204000E-2	0.000000E+0	1.622610E+5
1.206000E-2	0.000000E+0	1.615910E+5
1.208000E-2	0.000000E+0	1.621740E+5
1.210000E-2	0.000000E+0	1.622750E+5
1.212000E-2	0.000000E+0	1.625770E+5
1.214000E-2	0.000000E+0	1.627720E+5
1.216000E-2	0.000000E+0	1.621620E+5
1.218000E-2	0.000000E+0	1.622500E+5
1.220000E-2	0.000000E+0	1.627280E+5
1.222000E-2	0.000000E+0	1.629430E+5
1.224000E-2	0.000000E+0	1.626770E+5
1.226000E-2	0.000000E+0	1.628440E+5
1.228000E-2	0.000000E+0	1.626600E+5
1.230000E-2	0.000000E+0	1.630650E+5
1.232000E-2	0.000000E+0	1.628520E+5
1.234000E-2	0.000000E+0	1.621650E+5
1.236000E-2	0.000000E+0	1.628810E+5
1.238000E-2	0.000000E+0	1.625020E+5
1.240000E-2	0.000000E+0	1.623040E+5
1.242000E-2	0.000000E+0	1.634120E+5
1.244000E-2	0.000000E+0	1.629250E+5
1.246000E-2	0.000000E+0	1.626000E+5
1.248000E-2	0.000000E+0	1.622620E+5
1.250000E-2	0.000000E+0	1.628390E+5
1.252000E-2	0.000000E+0	1.624180E+5
1.254000E-2	0.000000E+0	1.625040E+5
1.256000E-2	0.000000E+0	1.628190E+5
1.258000E-2	0.000000E+0	1.623750E+5
1.260000E-2	0.000000E+0	1.623330E+5
1.262000E-2	0.000000E+0	1.620330E+5
1.264000E-2	0.000000E+0	1.621760E+5
1.266000E-2	0.000000E+0	1.628530E+5
1.268000E-2	0.000000E+0	1.626100E+5
1.270000E-2	0.000000E+0	1.633620E+5
1.272000E-2	0.000000E+0	1.617750E+5
1.274000E-2	0.000000E+0	1.627590E+5
1.276000E-2	0.000000E+0	1.619000E+5
1.278000E-2	0.000000E+0	1.627430E+5
1.280000E-2	0.000000E+0	1.621740E+5
1.282000E-2	0.000000E+0	1.625660E+5
1.284000E-2	0.000000E+0	1.623980E+5
1.286000E-2	0.000000E+0	1.631360E+5
1.288000E-2	0.000000E+0	1.630930E+5
1.290000E-2	0.000000E+0	1.627650E+5
1.292000E-2	0.000000E+0	1.626990E+5
1.294000E-2	0.000000E+0	1.619300E+5
1.296000E-2	0.000000E+0	1.629480E+5
1.298000E-2	0.000000E+0	1.623440E+5
1.300000E-2	0.000000E+0	1.625780E+5
1.302000E-2	0.000000E+0	1.624930E+5
1.304000E-2	0.000000E+0	1.628170E+5
1.306000E-2	0.000000E+0	1.623900E+5
1.308000E-2	0.000000E+0	1.628290E+5
1.310000E-2	0.000000E+0	1.625170E+5
1.312000E-2	0.000000E+0	1.626000E+5
1.314000E-2	0.000000E+0	1.630050E+5
1.316000E-2	0.000000E+0	1.619190E+5
1.318000E-2	0.000000E+0	1.628890E+5
1.320000E-2	0.000000E+0	1.629350E+5
1.322000E-2	0.000000E+0	1.630160E+5
1.324000E-2	0.000000E+0	1.626960E+5
1.326000E-2	0.000000E+0	1.625490E+5
1.328000E-2	0.000000E+0	1.634240E+5
1.330000E-2	0.000000E+0	1.624570E+5
1.332000E-2	0.000000E+0	1.624880E+5
1.334000E-2	0.000000E+0	1.624220E+5
1.336000E-2	0.000000E+0	1.629300E+5
1.338000E-2	0.000000E+0	1.629980E+5
1.340000E-2	0.000000E+0	1.621650E+5
1.342000E-2	0.000000E+0	1.627010E+5
1.344000E-2	0.000000E+0	1.616370E+5
1.346000E-2	0.000000E+0	1.629730E+5
1.348000E-2	0.000000E+0	1.623000E+5
1.350000E-2	0.000000E+0	1.621710E+5
1.352000E-2	0.000000E+0	1.625450E+5
1.354000E-2	0.000000E+0	1.625600E+5
1.356000E-2	0.000000E+0	1.628670E+5
1.358000E-2	0.000000E+0	1.625720E+5
1.360000E-2	0.000000E+0	1.623160E+5
1.362000E-2	0.000000E+0	1.623870E+5
1.364000E-2	0.000000E+0	1.621730E+5
1.366000E-2	0.000000E+0	1.628530E+5
1.368000E-2	0.000000E+0	1.622650E+5
1.370000E-2	0.000000E+0	1.621900E+5
1.372000E-2	0.000000E+0	1.628740E+5
1.374000E-2	0.000000E+0	1.627660E+5
1.376000E-2	0.000000E+0	1.622830E+5
1.378000E-2	0.000000E+0	1.626000E+5
1.380000E-2	0.000000E+0	1.623280E+5
1.382000E-2	0.000000E+0	1.626960E+5
1.384000E-2	0.000000E+0	1.612230E+5
1.386000E-2	0.000000E+0	1.612020E+5
1.388000E-2	0.000000E+0	1.611430E+5
1.390000E-2	0.000000E+0	1.605370E+5
1.392000E-2	0.000000E+0	1.605230E+5
1.394000E-2	0.000000E+0	1.606760E+5
1.396000E-2	0.000000E+0	1.600400E+5
1.398000E-2	0.000000E+0	1.601950E+5
1.400000E-2	0.000000E+0	1.582570E+5
1.402000E-2	0.000000E+0	1.583300E+5
1.404000E-2	0.000000E+0	1.593570E+5
1.406000E-2	0.000000E+0	1.596390E+5
1.408000E-2	0.000000E+0	1.599690E+5
1.410000E-2	0.000000E+0	1.602120E+5
1.412000E-2	0.000000E+0	1.599420E+5
1.414000E-2	0.000000E+0	1.607490E+5
1.416000E-2	0.000000E+0	1.617190E+5
1.418000E-2	0.000000E+0	1.605930E+5
1.420000E-2	0.000000E+0	1.617880E+5
1.422000E-2	0.000000E+0	1.616880E+5
1.424000E-2	0.000000E+0	1.627250E+5
1.426000E-2	0.000000E+0	1.620310E+5
1.428000E-2	0.000000E+0	1.626340E+5
1.430000E-2	0.000000E+0	1.624830E+5
1.432000E-2	0.000000E+0	1.624980E+5
1.434000E-2	0.000000E+0	1.624990E+5
1.436000E-2	0.000000E+0	1.628190E+5
1.438000E-2	0.000000E+0	1.626590E+5
1.440000E-2	0.000000E+0	1.626560E+5
1.442000E-2	0.000000E+0	1.616690E+5
1.444000E-2	0.000000E+0	1.618380E+5
1.446000E-2	0.000000E+0	1.626760E+5
1.448000E-2	0.000000E+0	1.619830E+5
1.450000E-2	0.000000E+0	1.612430E+5
1.452000E-2	0.000000E+0	1.615010E+5
1.454000E-2	0.000000E+0	1.613750E+5
1.456000E-2	0.000000E+0	1.609090E+5
1.458000E-2	0.000000E+0	1.617630E+5
1.460000E-2	0.000000E+0	1.615220E+5
1.462000E-2	0.000000E+0	1.612050E+5
1.464000E-2	0.000000E+0	1.607150E+5
1.466000E-2	0.000000E+0	1.598150E+5
1.468000E-2	0.000000E+0	1.593350E+5
1.470000E-2	0.000000E+0	1.608700E+5
1.472000E-2	0.000000E+0	1.614330E+5
1.474000E-2	0.000000E+0	1.607120E+5
1.476000E-2	0.000000E+0	1.608940E+5
1.478000E-2	0.000000E+0	1.607360E+5
1.480000E-2	0.000000E+0	1.613060E+5
1.482000E-2	0.000000E+0	1.618470E+5
1.484000E-2	0.000000E+0	1.611990E+5
1.486000E-2	0.000000E+0	1.620160E+5
1.488000E-2	0.000000E+0	1.617530E+5
1.490000E-2	0.000000E+0	1.620960E+5
1.492000E-2	0.000000E+0	1.625920E+5
1.494000E-2	0.000000E+0	1.630060E+5
1.496000E-2	0.000000E+0	1.620990E+5
1.498000E-2	0.000000E+0	1.622820E+5
1.500000E-2	0.000000E+0	1.632740E+5
1.502000E-2	0.000000E+0	1.618020E+5
1.504000E-2	0.000000E+0	1.627310E+5
1.506000E-2	0.000000E+0	1.624560E+5
1.508000E-2	0.000000E+0	1.625400E+5
1.510000E-2	0.000000E+0	1.621590E+5
1.512000E-2	0.000000E+0	1.621740E+5
1.514000E-2	0.000000E+0	1.628340E+5
1.516000E-2	0.000000E+0	1.627090E+5
1.518000E-2	0.000000E+0	1.625780E+5
1.520000E-2	0.000000E+0	1.623660E+5
1.522000E-2	0.000000E+0	1.627690E+5
1.524000E-2	0.000000E+0	1.617320E+5
1.526000E-2	0.000000E+0	1.623930E+5
1.528000E-2	0.000000E+0	1.620020E+5
1.530000E-2	0.000000E+0	1.617480E+5
1.532000E-2	0.000000E+0	1.620550E+5
1.534000E-2	0.000000E+0	1.617670E+5
1.536000E-2	0.000000E+0	1.619960E+5
1.538000E-2	0.000000E+0	1.621470E+5
1.540000E-2	0.000000E+0	1.620510E+5
1.542000E-2	0.000000E+0	1.614320E+5
1.544000E-2	0.000000E+0	1.614030E+5
1.546000E-2	0.000000E+0	1.623820E+5
1.548000E-2	0.000000E+0	1.622560E+5
1.550000E-2	0.000000E+0	1.623300E+5
1.552000E-2	0.000000E+0	1.621180E+5
1.554000E-2	0.000000E+0	1.619500E+5
1.556000E-2	0.000000E+0	1.635270E+5
1.558000E-2	0.000000E+0	1.624610E+5
1.560000E-2	0.000000E+0	1.628280E+5
1.562000E-2	0.000000E+0	1.620830E+5
1.564000E-2	0.000000E+0	1.617400E+5
1.566000E-2	0.000000E+0	1.620500E+5
1.568000E-2	0.000000E+0	1.612640E+5
1.570000E-2	0.000000E+0	1.625490E+5
1.572000E-2	0.000000E+0	1.621150E+5
1.574000E-2	0.000000E+0	1.624970E+5
1.576000E-2	0.000000E+0	1.622390E+5
1.578000E-2	0.000000E+0	1.620100E+5
1.580000E-2	0.000000E+0	1.613140E+5
1.582000E-2	0.000000E+0	1.613910E+5
1.584000E-2	0.000000E+0	1.609780E+5
1.586000E-2	0.000000E+0	1.618970E+5
1.588000E-2	0.000000E+0	1.617290E+5
1.590000E-2	0.000000E+0	1.609600E+5
1.592000E-2	0.000000E+0	1.618890E+5
1.594000E-2	0.000000E+0	1.621100E+5
1.596000E-2	0.000000E+0	1.625340E+5
1.598000E-2	0.000000E+0	1.623900E+5
1.600000E-2	0.000000E+0	1.624810E+5
1.602000E-2	0.000000E+0	1.625480E+5
1.604000E-2	0.000000E+0	1.626670E+5
1.606000E-2	0.000000E+0	1.621570E+5
1.608000E-2	0.000000E+0	1.628150E+5
1.610000E-2	0.000000E+0	1.624130E+5
1.612000E-2	0.000000E+0	1.625180E+5
1.614000E-2	0.000000E+0	1.623160E+5
1.616000E-2	0.000000E+0	1.626500E+5
1.618000E-2	0.000000E+0	1.633490E+5
1.620000E-2	0.000000E+0	1.631370E+5
1.622000E-2	0.000000E+0	1.623190E+5
1.624000E-2	0.000000E+0	1.633110E+5
1.626000E-2	0.000000E+0	1.625360E+5
1.628000E-2	0.000000E+0	1.625150E+5
1.630000E-2	0.000000E+0	1.609410E+5
1.632000E-2	0.000000E+0	1.616820E+5
1.634000E-2	0.000000E+0	1.612180E+5
1.636000E-2	0.000000E+0	1.610540E+5
1.638000E-2	0.000000E+0	1.609530E+5
1.640000E-2	0.000000E+0	1.607240E+5
1.642000E-2	0.000000E+0	1.612020E+5
1.644000E-2	0.000000E+0	1.603850E+5
1.646000E-2	0.000000E+0	1.602120E+5
1.648000E-2	0.000000E+0	1.602420E+5
1.650000E-2	0.000000E+0	1.604560E+5
1.652000E-2	0.000000E+0	1.609800E+5
1.654000E-2	0.000000E+0	1.611200E+5
1.656000E-2	0.000000E+0	1.614260E+5
1.658000E-2	0.000000E+0	1.610950E+5
1.660000E-2	0.000000E+0	1.615150E+5
1.662000E-2	0.000000E+0	1.625110E+5
1.664000E-2	0.000000E+0	1.611610E+5
1.666000E-2	0.000000E+0	1.618200E+5
1.668000E-2	0.000000E+0	1.628370E+5
1.670000E-2	0.000000E+0	1.618540E+5
1.672000E-2	0.000000E+0	1.627670E+5
1.674000E-2	0.000000E+0	1.630080E+5
1.676000E-2	0.000000E+0	1.619420E+5
1.678000E-2	0.000000E+0	1.627580E+5
1.680000E-2	0.000000E+0	1.623230E+5
1.682000E-2	0.000000E+0	1.633160E+5
1.684000E-2	0.000000E+0	1.631560E+5
1.686000E-2	0.000000E+0	1.622520E+5
1.688000E-2	0.000000E+0	1.624590E+5
1.690000E-2	0.000000E+0	1.624150E+5
1.692000E-2	0.000000E+0	1.620120E+5
1.694000E-2	0.000000E+0	1.617080E+5
1.696000E-2	0.000000E+0	1.627730E+5
1.698000E-2	0.000000E+0	1.622390E+5
1.700000E-2	0.000000E+0	1.621040E+5
1.702000E-2	0.000000E+0	1.622640E+5
1.704000E-2	0.000000E+0	1.618660E+5
1.706000E-2	0.000000E+0	1.614050E+5
1.708000E-2	0.000000E+0	1.611120E+5
1.710000E-2	0.000000E+0	1.599620E+5
1.712000E-2	0.000000E+0	1.602710E+5
1.714000E-2	0.000000E+0	1.606220E+5
1.716000E-2	0.000000E+0	1.597610E+5
1.718000E-2	0.000000E+0	1.594490E+5
1.720000E-2	0.000000E+0	1.592740E+5
1.722000E-2	0.000000E+0	1.594680E+5
1.724000E-2	0.000000E+0	1.592790E+5
1.726000E-2	0.000000E+0	1.600110E+5
1.728000E-2	0.000000E+0	1.604330E+5
1.730000E-2	0.000000E+0	1.603210E+5
1.732000E-2	0.000000E+0	1.606640E+5
1.734000E-2	0.000000E+0	1.608840E+5
1.736000E-2	0.000000E+0	1.617550E+5
1.738000E-2	0.000000E+0	1.612710E+5
1.740000E-2	0.000000E+0	1.618430E+5
1.742000E-2	0.000000E+0	1.623530E+5
1.744000E-2	0.000000E+0	1.617140E+5
1.746000E-2	0.000000E+0	1.623020E+5
1.748000E-2	0.000000E+0	1.621130E+5
1.750000E-2	0.000000E+0	1.625880E+5
1.752000E-2	0.000000E+0	1.623150E+5
1.754000E-2	0.000000E+0	1.629080E+5
1.756000E-2	0.000000E+0	1.626070E+5
1.758000E-2	0.000000E+0	1.631040E+5
1.760000E-2	0.000000E+0	1.627520E+5
1.762000E-2	0.000000E+0	1.628580E+5
1.764000E-2	0.000000E+0	1.618340E+5
1.766000E-2	0.000000E+0	1.626020E+5
1.768000E-2	0.000000E+0	1.631360E+5
1.770000E-2	0.000000E+0	1.631050E+5
1.772000E-2	0.000000E+0	1.630820E+5
1.774000E-2	0.000000E+0	1.622630E+5
1.776000E-2	0.000000E+0	1.632070E+5
1.778000E-2	0.000000E+0	1.625010E+5
1.780000E-2	0.000000E+0	1.623840E+5
1.782000E-2	0.000000E+0	1.628360E+5
1.784000E-2	0.000000E+0	1.625240E+5
1.786000E-2	0.000000E+0	1.633010E+5
1.788000E-2	0.000000E+0	1.623700E+5
1.790000E-2	0.000000E+0	1.617940E+5
1.792000E-2	0.000000E+0	1.622690E+5
1.794000E-2	0.000000E+0	1.631080E+5
1.796000E-2	0.000000E+0	1.629160E+5
1.798000E-2	0.000000E+0	1.626360E+5
1.800000E-2	0.000000E+0	1.628930E+5
1.802000E-2	0.000000E+0	1.631190E+5
1.804000E-2	0.000000E+0	1.625370E+5
1.806000E-2	0.000000E+0	1.626960E+5
1.808000E-2	0.000000E+0	1.629170E+5
1.810000E-2	0.000000E+0	1.631820E+5
1.812000E-2	0.000000E+0	1.632470E+5
1.814000E-2	0.000000E+0	1.627380E+5
1.816000E-2	0.000000E+0	1.626910E+5
1.818000E-2	0.000000E+0	1.618960E+5
1.820000E-2	0.000000E+0	1.626330E+5
1.822000E-2	0.000000E+0	1.626400E+5
1.824000E-2	0.000000E+0	1.626420E+5
1.826000E-2	0.000000E+0	1.626730E+5
1.828000E-2	0.000000E+0	1.617980E+5
1.830000E-2	0.000000E+0	1.625410E+5
1.832000E-2	0.000000E+0	1.631230E+5
1.834000E-2	0.000000E+0	1.631050E+5
1.836000E-2	0.000000E+0	1.622370E+5
1.838000E-2	0.000000E+0	1.626090E+5
1.840000E-2	0.000000E+0	1.630110E+5
1.842000E-2	0.000000E+0	1.626610E+5
1.844000E-2	0.000000E+0	1.627200E+5
1.846000E-2	0.000000E+0	1.623440E+5
1.848000E-2	0.000000E+0	1.620920E+5
1.850000E-2	0.000000E+0	1.625200E+5
1.852000E-2	0.000000E+0	1.629300E+5
1.854000E-2	0.000000E+0	1.623190E+5
1.856000E-2	0.000000E+0	1.624100E+5
1.858000E-2	0.000000E+0	1.625080E+5
1.860000E-2	0.000000E+0	1.624150E+5
1.862000E-2	0.000000E+0	1.621120E+5
1.864000E-2	0.000000E+0	1.626180E+5
1.866000E-2	0.000000E+0	1.618280E+5
1.868000E-2	0.000000E+0	1.620390E+5
1.870000E-2	0.000000E+0	1.623810E+5
1.872000E-2	0.000000E+0	1.627090E+5
1.874000E-2	0.000000E+0	1.634090E+5
1.876000E-2	0.000000E+0	1.626650E+5
1.878000E-2	0.000000E+0	1.632040E+5
1.880000E-2	0.000000E+0	1.622830E+5
1.882000E-2	0.000000E+0	1.629030E+5
1.884000E-2	0.000000E+0	1.620480E+5
1.886000E-2	0.000000E+0	1.628980E+5
1.888000E-2	0.000000E+0	1.629210E+5
1.890000E-2	0.000000E+0	1.624550E+5
1.892000E-2	0.000000E+0	1.621520E+5
1.894000E-2	0.000000E+0	1.622490E+5
1.896000E-2	0.000000E+0	1.627480E+5
1.898000E-2	0.000000E+0	1.622790E+5
1.900000E-2	0.000000E+0	1.632270E+5
1.902000E-2	0.000000E+0	1.630440E+5
1.904000E-2	0.000000E+0	1.626700E+5
1.906000E-2	0.000000E+0	1.631520E+5
1.908000E-2	0.000000E+0	1.630430E+5
1.910000E-2	0.000000E+0	1.622840E+5
1.912000E-2	0.000000E+0	1.630860E+5
1.914000E-2	0.000000E+0	1.623040E+5
1.916000E-2	0.000000E+0	1.626600E+5
1.918000E-2	0.000000E+0	1.631360E+5
1.920000E-2	0.000000E+0	1.624070E+5
1.922000E-2	0.000000E+0	1.624140E+5
1.924000E-2	0.000000E+0	1.619420E+5
1.926000E-2	0.000000E+0	1.623640E+5
1.928000E-2	0.000000E+0	1.627020E+5
1.930000E-2	0.000000E+0	1.624850E+5
1.932000E-2	0.000000E+0	1.625760E+5
1.934000E-2	0.000000E+0	1.628170E+5
1.936000E-2	0.000000E+0	1.626480E+5
1.938000E-2	0.000000E+0	1.626690E+5
1.940000E-2	0.000000E+0	1.624320E+5
1.942000E-2	0.000000E+0	1.623770E+5
1.944000E-2	0.000000E+0	1.626600E+5
1.946000E-2	0.000000E+0	1.625010E+5
1.948000E-2	0.000000E+0	1.622040E+5
1.950000E-2	0.000000E+0	1.624520E+5
1.952000E-2	0.000000E+0	1.625870E+5
1.954000E-2	0.000000E+0	1.626080E+5
1.956000E-2	0.000000E+0	1.626650E+5
1.958000E-2	0.000000E+0	1.624960E+5
1.960000E-2	0.000000E+0	1.627370E+5
1.962000E-2	0.000000E+0	1.625830E+5
1.964000E-2	0.000000E+0	1.627540E+5
1.966000E-2	0.000000E+0	1.627900E+5
1.968000E-2	0.000000E+0	1.626120E+5
1.970000E-2	0.000000E+0	1.631500E+5
1.972000E-2	0.000000E+0	1.626100E+5
1.974000E-2	0.000000E+0	1.626540E+5
1.976000E-2	0.000000E+0	1.621190E+5
1.978000E-2	0.000000E+0	1.624280E+5
1.980000E-2	0.000000E+0	1.633000E+5
1.982000E-2	0.000000E+0	1.625990E+5
1.984000E-2	0.000000E+0	1.630590E+5
1.986000E-2	0.000000E+0	1.628160E+5
1.988000E-2	0.000000E+0	1.624810E+5
1.990000E-2	0.000000E+0	1.628310E+5
1.992000E-2	0.000000E+0	1.621640E+5
1.994000E-2	0.000000E+0	1.625180E+5
1.996000E-2	0.000000E+0	1.630100E+5
1.998000E-2	0.000000E+0	1.621990E+5
