

live time:  37468.020000
real time:  50402.161000
sweeps:  1873401.000000
0.000000E+0	0.000000E+0	0.000000E+0
2.000000E-5	0.000000E+0	9.200500E+4
4.000000E-5	0.000000E+0	9.129700E+4
6.000000E-5	0.000000E+0	9.096400E+4
8.000000E-5	0.000000E+0	9.151800E+4
1.000000E-4	0.000000E+0	9.175200E+4
1.200000E-4	0.000000E+0	9.155700E+4
1.400000E-4	0.000000E+0	9.125900E+4
1.600000E-4	0.000000E+0	9.166100E+4
1.800000E-4	0.000000E+0	9.188600E+4
2.000000E-4	0.000000E+0	9.169800E+4
2.200000E-4	0.000000E+0	9.151400E+4
2.400000E-4	0.000000E+0	9.172700E+4
2.600000E-4	0.000000E+0	9.212200E+4
2.800000E-4	0.000000E+0	9.218100E+4
3.000000E-4	0.000000E+0	9.183300E+4
3.200000E-4	0.000000E+0	9.187200E+4
3.400000E-4	0.000000E+0	9.113100E+4
3.600000E-4	0.000000E+0	9.123900E+4
3.800000E-4	0.000000E+0	9.145000E+4
4.000000E-4	0.000000E+0	9.175200E+4
4.200000E-4	0.000000E+0	9.199000E+4
4.400000E-4	0.000000E+0	9.171900E+4
4.600000E-4	0.000000E+0	9.176000E+4
4.800000E-4	0.000000E+0	9.124900E+4
5.000000E-4	0.000000E+0	9.144400E+4
5.200000E-4	0.000000E+0	9.140500E+4
5.400000E-4	0.000000E+0	9.170900E+4
5.600000E-4	0.000000E+0	9.135400E+4
5.800000E-4	0.000000E+0	9.162300E+4
6.000000E-4	0.000000E+0	9.154100E+4
6.200000E-4	0.000000E+0	9.135300E+4
6.400000E-4	0.000000E+0	9.194500E+4
6.600000E-4	0.000000E+0	9.172300E+4
6.800000E-4	0.000000E+0	9.151000E+4
7.000000E-4	0.000000E+0	9.174300E+4
7.200000E-4	0.000000E+0	9.201400E+4
7.400000E-4	0.000000E+0	9.142700E+4
7.600000E-4	0.000000E+0	9.159000E+4
7.800000E-4	0.000000E+0	9.117000E+4
8.000000E-4	0.000000E+0	9.214900E+4
8.200000E-4	0.000000E+0	9.131300E+4
8.400000E-4	0.000000E+0	9.211000E+4
8.600000E-4	0.000000E+0	9.094000E+4
8.800000E-4	0.000000E+0	9.160200E+4
9.000000E-4	0.000000E+0	9.134200E+4
9.200000E-4	0.000000E+0	9.110700E+4
9.400000E-4	0.000000E+0	9.128500E+4
9.600000E-4	0.000000E+0	9.134700E+4
9.800000E-4	0.000000E+0	9.178900E+4
1.000000E-3	0.000000E+0	9.167300E+4
1.020000E-3	0.000000E+0	9.190400E+4
1.040000E-3	0.000000E+0	9.199000E+4
1.060000E-3	0.000000E+0	9.194200E+4
1.080000E-3	0.000000E+0	9.152100E+4
1.100000E-3	0.000000E+0	9.176300E+4
1.120000E-3	0.000000E+0	9.163400E+4
1.140000E-3	0.000000E+0	9.144400E+4
1.160000E-3	0.000000E+0	9.145800E+4
1.180000E-3	0.000000E+0	9.166300E+4
1.200000E-3	0.000000E+0	9.125500E+4
1.220000E-3	0.000000E+0	9.136500E+4
1.240000E-3	0.000000E+0	9.126600E+4
1.260000E-3	0.000000E+0	9.184000E+4
1.280000E-3	0.000000E+0	9.133900E+4
1.300000E-3	0.000000E+0	9.182000E+4
1.320000E-3	0.000000E+0	9.103900E+4
1.340000E-3	0.000000E+0	9.157400E+4
1.360000E-3	0.000000E+0	9.125500E+4
1.380000E-3	0.000000E+0	9.203200E+4
1.400000E-3	0.000000E+0	9.135100E+4
1.420000E-3	0.000000E+0	9.143300E+4
1.440000E-3	0.000000E+0	9.147200E+4
1.460000E-3	0.000000E+0	9.145600E+4
1.480000E-3	0.000000E+0	9.149700E+4
1.500000E-3	0.000000E+0	9.135400E+4
1.520000E-3	0.000000E+0	9.197200E+4
1.540000E-3	0.000000E+0	9.171300E+4
1.560000E-3	0.000000E+0	9.122000E+4
1.580000E-3	0.000000E+0	9.155100E+4
1.600000E-3	0.000000E+0	9.142600E+4
1.620000E-3	0.000000E+0	9.167600E+4
1.640000E-3	0.000000E+0	9.183600E+4
1.660000E-3	0.000000E+0	9.154700E+4
1.680000E-3	0.000000E+0	9.147800E+4
1.700000E-3	0.000000E+0	9.120800E+4
1.720000E-3	0.000000E+0	9.134700E+4
1.740000E-3	0.000000E+0	9.115300E+4
1.760000E-3	0.000000E+0	9.088900E+4
1.780000E-3	0.000000E+0	9.150900E+4
1.800000E-3	0.000000E+0	9.205100E+4
1.820000E-3	0.000000E+0	9.161700E+4
1.840000E-3	0.000000E+0	9.144200E+4
1.860000E-3	0.000000E+0	9.149300E+4
1.880000E-3	0.000000E+0	9.142400E+4
1.900000E-3	0.000000E+0	9.141700E+4
1.920000E-3	0.000000E+0	9.123600E+4
1.940000E-3	0.000000E+0	9.178500E+4
1.960000E-3	0.000000E+0	9.128900E+4
1.980000E-3	0.000000E+0	9.191900E+4
2.000000E-3	0.000000E+0	9.149300E+4
2.020000E-3	0.000000E+0	9.141100E+4
2.040000E-3	0.000000E+0	9.139200E+4
2.060000E-3	0.000000E+0	9.199000E+4
2.080000E-3	0.000000E+0	9.155500E+4
2.100000E-3	0.000000E+0	9.115900E+4
2.120000E-3	0.000000E+0	9.163100E+4
2.140000E-3	0.000000E+0	9.155800E+4
2.160000E-3	0.000000E+0	9.114900E+4
2.180000E-3	0.000000E+0	9.150000E+4
2.200000E-3	0.000000E+0	9.150500E+4
2.220000E-3	0.000000E+0	9.115900E+4
2.240000E-3	0.000000E+0	9.139600E+4
2.260000E-3	0.000000E+0	9.182200E+4
2.280000E-3	0.000000E+0	9.176500E+4
2.300000E-3	0.000000E+0	9.140900E+4
2.320000E-3	0.000000E+0	9.126000E+4
2.340000E-3	0.000000E+0	9.209800E+4
2.360000E-3	0.000000E+0	9.148100E+4
2.380000E-3	0.000000E+0	9.140600E+4
2.400000E-3	0.000000E+0	9.144400E+4
2.420000E-3	0.000000E+0	9.112600E+4
2.440000E-3	0.000000E+0	9.130300E+4
2.460000E-3	0.000000E+0	9.182500E+4
2.480000E-3	0.000000E+0	9.147900E+4
2.500000E-3	0.000000E+0	9.110000E+4
2.520000E-3	0.000000E+0	9.168600E+4
2.540000E-3	0.000000E+0	9.115800E+4
2.560000E-3	0.000000E+0	9.138500E+4
2.580000E-3	0.000000E+0	9.149700E+4
2.600000E-3	0.000000E+0	9.198100E+4
2.620000E-3	0.000000E+0	9.106700E+4
2.640000E-3	0.000000E+0	9.146500E+4
2.660000E-3	0.000000E+0	9.143700E+4
2.680000E-3	0.000000E+0	9.117300E+4
2.700000E-3	0.000000E+0	9.141700E+4
2.720000E-3	0.000000E+0	9.131800E+4
2.740000E-3	0.000000E+0	9.174800E+4
2.760000E-3	0.000000E+0	9.169200E+4
2.780000E-3	0.000000E+0	9.176100E+4
2.800000E-3	0.000000E+0	9.132000E+4
2.820000E-3	0.000000E+0	9.108700E+4
2.840000E-3	0.000000E+0	9.145800E+4
2.860000E-3	0.000000E+0	9.102700E+4
2.880000E-3	0.000000E+0	9.136100E+4
2.900000E-3	0.000000E+0	9.163600E+4
2.920000E-3	0.000000E+0	9.162300E+4
2.940000E-3	0.000000E+0	9.188200E+4
2.960000E-3	0.000000E+0	9.147000E+4
2.980000E-3	0.000000E+0	9.160900E+4
3.000000E-3	0.000000E+0	9.186300E+4
3.020000E-3	0.000000E+0	9.161700E+4
3.040000E-3	0.000000E+0	9.098600E+4
3.060000E-3	0.000000E+0	9.166000E+4
3.080000E-3	0.000000E+0	9.154000E+4
3.100000E-3	0.000000E+0	9.148800E+4
3.120000E-3	0.000000E+0	9.160200E+4
3.140000E-3	0.000000E+0	9.152900E+4
3.160000E-3	0.000000E+0	9.147700E+4
3.180000E-3	0.000000E+0	9.122500E+4
3.200000E-3	0.000000E+0	9.102100E+4
3.220000E-3	0.000000E+0	9.074700E+4
3.240000E-3	0.000000E+0	9.165900E+4
3.260000E-3	0.000000E+0	9.154700E+4
3.280000E-3	0.000000E+0	9.148100E+4
3.300000E-3	0.000000E+0	9.153500E+4
3.320000E-3	0.000000E+0	9.106100E+4
3.340000E-3	0.000000E+0	9.128400E+4
3.360000E-3	0.000000E+0	9.152200E+4
3.380000E-3	0.000000E+0	9.121000E+4
3.400000E-3	0.000000E+0	9.109200E+4
3.420000E-3	0.000000E+0	9.098700E+4
3.440000E-3	0.000000E+0	9.058300E+4
3.460000E-3	0.000000E+0	8.978300E+4
3.480000E-3	0.000000E+0	9.022600E+4
3.500000E-3	0.000000E+0	9.038500E+4
3.520000E-3	0.000000E+0	8.998900E+4
3.540000E-3	0.000000E+0	9.018600E+4
3.560000E-3	0.000000E+0	8.962400E+4
3.580000E-3	0.000000E+0	8.991200E+4
3.600000E-3	0.000000E+0	8.900200E+4
3.620000E-3	0.000000E+0	8.905700E+4
3.640000E-3	0.000000E+0	8.911300E+4
3.660000E-3	0.000000E+0	8.992100E+4
3.680000E-3	0.000000E+0	9.074700E+4
3.700000E-3	0.000000E+0	9.008600E+4
3.720000E-3	0.000000E+0	8.974100E+4
3.740000E-3	0.000000E+0	9.092500E+4
3.760000E-3	0.000000E+0	9.063200E+4
3.780000E-3	0.000000E+0	9.035000E+4
3.800000E-3	0.000000E+0	9.090900E+4
3.820000E-3	0.000000E+0	9.130100E+4
3.840000E-3	0.000000E+0	9.128000E+4
3.860000E-3	0.000000E+0	9.143600E+4
3.880000E-3	0.000000E+0	9.154800E+4
3.900000E-3	0.000000E+0	9.200700E+4
3.920000E-3	0.000000E+0	9.194800E+4
3.940000E-3	0.000000E+0	9.167700E+4
3.960000E-3	0.000000E+0	9.157600E+4
3.980000E-3	0.000000E+0	9.177500E+4
4.000000E-3	0.000000E+0	9.099200E+4
4.020000E-3	0.000000E+0	9.147400E+4
4.040000E-3	0.000000E+0	9.230900E+4
4.060000E-3	0.000000E+0	9.136600E+4
4.080000E-3	0.000000E+0	9.115800E+4
4.100000E-3	0.000000E+0	9.119300E+4
4.120000E-3	0.000000E+0	9.183300E+4
4.140000E-3	0.000000E+0	9.091900E+4
4.160000E-3	0.000000E+0	9.119400E+4
4.180000E-3	0.000000E+0	9.108800E+4
4.200000E-3	0.000000E+0	9.075200E+4
4.220000E-3	0.000000E+0	9.119500E+4
4.240000E-3	0.000000E+0	9.080200E+4
4.260000E-3	0.000000E+0	9.090900E+4
4.280000E-3	0.000000E+0	9.057700E+4
4.300000E-3	0.000000E+0	9.025700E+4
4.320000E-3	0.000000E+0	8.957800E+4
4.340000E-3	0.000000E+0	9.042600E+4
4.360000E-3	0.000000E+0	9.018600E+4
4.380000E-3	0.000000E+0	8.995900E+4
4.400000E-3	0.000000E+0	9.097300E+4
4.420000E-3	0.000000E+0	9.049000E+4
4.440000E-3	0.000000E+0	9.070600E+4
4.460000E-3	0.000000E+0	9.075300E+4
4.480000E-3	0.000000E+0	9.103800E+4
4.500000E-3	0.000000E+0	9.072800E+4
4.520000E-3	0.000000E+0	9.085600E+4
4.540000E-3	0.000000E+0	9.128900E+4
4.560000E-3	0.000000E+0	9.159500E+4
4.580000E-3	0.000000E+0	9.067100E+4
4.600000E-3	0.000000E+0	9.104400E+4
4.620000E-3	0.000000E+0	9.131300E+4
4.640000E-3	0.000000E+0	9.173600E+4
4.660000E-3	0.000000E+0	9.120700E+4
4.680000E-3	0.000000E+0	9.160500E+4
4.700000E-3	0.000000E+0	9.145200E+4
4.720000E-3	0.000000E+0	9.157500E+4
4.740000E-3	0.000000E+0	9.122300E+4
4.760000E-3	0.000000E+0	9.125100E+4
4.780000E-3	0.000000E+0	9.149500E+4
4.800000E-3	0.000000E+0	9.107200E+4
4.820000E-3	0.000000E+0	9.128500E+4
4.840000E-3	0.000000E+0	9.120200E+4
4.860000E-3	0.000000E+0	9.063600E+4
4.880000E-3	0.000000E+0	9.077600E+4
4.900000E-3	0.000000E+0	9.087700E+4
4.920000E-3	0.000000E+0	9.125800E+4
4.940000E-3	0.000000E+0	9.067700E+4
4.960000E-3	0.000000E+0	9.085500E+4
4.980000E-3	0.000000E+0	9.087400E+4
5.000000E-3	0.000000E+0	9.061100E+4
5.020000E-3	0.000000E+0	9.081900E+4
5.040000E-3	0.000000E+0	9.071500E+4
5.060000E-3	0.000000E+0	9.094100E+4
5.080000E-3	0.000000E+0	9.093100E+4
5.100000E-3	0.000000E+0	9.099500E+4
5.120000E-3	0.000000E+0	9.106600E+4
5.140000E-3	0.000000E+0	9.167300E+4
5.160000E-3	0.000000E+0	9.080100E+4
5.180000E-3	0.000000E+0	9.133700E+4
5.200000E-3	0.000000E+0	9.154500E+4
5.220000E-3	0.000000E+0	9.136800E+4
5.240000E-3	0.000000E+0	9.084300E+4
5.260000E-3	0.000000E+0	9.217000E+4
5.280000E-3	0.000000E+0	9.150000E+4
5.300000E-3	0.000000E+0	9.129500E+4
5.320000E-3	0.000000E+0	9.142200E+4
5.340000E-3	0.000000E+0	9.134400E+4
5.360000E-3	0.000000E+0	9.159800E+4
5.380000E-3	0.000000E+0	9.062100E+4
5.400000E-3	0.000000E+0	9.126900E+4
5.420000E-3	0.000000E+0	9.096800E+4
5.440000E-3	0.000000E+0	9.100700E+4
5.460000E-3	0.000000E+0	9.068500E+4
5.480000E-3	0.000000E+0	9.062900E+4
5.500000E-3	0.000000E+0	9.097300E+4
5.520000E-3	0.000000E+0	9.101200E+4
5.540000E-3	0.000000E+0	9.100200E+4
5.560000E-3	0.000000E+0	9.120600E+4
5.580000E-3	0.000000E+0	9.109000E+4
5.600000E-3	0.000000E+0	9.070200E+4
5.620000E-3	0.000000E+0	9.114700E+4
5.640000E-3	0.000000E+0	9.144000E+4
5.660000E-3	0.000000E+0	9.159800E+4
5.680000E-3	0.000000E+0	9.115600E+4
5.700000E-3	0.000000E+0	9.111100E+4
5.720000E-3	0.000000E+0	9.157900E+4
5.740000E-3	0.000000E+0	9.145000E+4
5.760000E-3	0.000000E+0	9.121700E+4
5.780000E-3	0.000000E+0	9.090100E+4
5.800000E-3	0.000000E+0	9.160600E+4
5.820000E-3	0.000000E+0	9.105600E+4
5.840000E-3	0.000000E+0	9.162800E+4
5.860000E-3	0.000000E+0	9.121100E+4
5.880000E-3	0.000000E+0	9.115300E+4
5.900000E-3	0.000000E+0	9.206100E+4
5.920000E-3	0.000000E+0	9.170700E+4
5.940000E-3	0.000000E+0	9.090600E+4
5.960000E-3	0.000000E+0	9.060900E+4
5.980000E-3	0.000000E+0	9.091400E+4
6.000000E-3	0.000000E+0	9.087700E+4
6.020000E-3	0.000000E+0	9.049200E+4
6.040000E-3	0.000000E+0	9.044700E+4
6.060000E-3	0.000000E+0	9.022600E+4
6.080000E-3	0.000000E+0	9.021800E+4
6.100000E-3	0.000000E+0	9.042400E+4
6.120000E-3	0.000000E+0	9.002400E+4
6.140000E-3	0.000000E+0	8.990700E+4
6.160000E-3	0.000000E+0	8.977900E+4
6.180000E-3	0.000000E+0	8.978800E+4
6.200000E-3	0.000000E+0	9.055000E+4
6.220000E-3	0.000000E+0	9.094600E+4
6.240000E-3	0.000000E+0	9.034700E+4
6.260000E-3	0.000000E+0	9.117600E+4
6.280000E-3	0.000000E+0	9.111400E+4
6.300000E-3	0.000000E+0	9.095400E+4
6.320000E-3	0.000000E+0	9.140600E+4
6.340000E-3	0.000000E+0	9.156400E+4
6.360000E-3	0.000000E+0	9.134100E+4
6.380000E-3	0.000000E+0	9.119000E+4
6.400000E-3	0.000000E+0	9.121200E+4
6.420000E-3	0.000000E+0	9.151000E+4
6.440000E-3	0.000000E+0	9.123700E+4
6.460000E-3	0.000000E+0	9.125400E+4
6.480000E-3	0.000000E+0	9.165100E+4
6.500000E-3	0.000000E+0	9.148200E+4
6.520000E-3	0.000000E+0	9.158000E+4
6.540000E-3	0.000000E+0	9.118200E+4
6.560000E-3	0.000000E+0	9.145400E+4
6.580000E-3	0.000000E+0	9.113700E+4
6.600000E-3	0.000000E+0	9.110800E+4
6.620000E-3	0.000000E+0	9.074100E+4
6.640000E-3	0.000000E+0	9.042600E+4
6.660000E-3	0.000000E+0	9.005900E+4
6.680000E-3	0.000000E+0	9.079100E+4
6.700000E-3	0.000000E+0	9.033100E+4
6.720000E-3	0.000000E+0	9.034700E+4
6.740000E-3	0.000000E+0	9.022000E+4
6.760000E-3	0.000000E+0	8.995900E+4
6.780000E-3	0.000000E+0	8.932300E+4
6.800000E-3	0.000000E+0	8.907300E+4
6.820000E-3	0.000000E+0	8.876000E+4
6.840000E-3	0.000000E+0	8.970800E+4
6.860000E-3	0.000000E+0	9.056800E+4
6.880000E-3	0.000000E+0	8.934600E+4
6.900000E-3	0.000000E+0	8.983200E+4
6.920000E-3	0.000000E+0	9.058600E+4
6.940000E-3	0.000000E+0	9.054700E+4
6.960000E-3	0.000000E+0	9.102800E+4
6.980000E-3	0.000000E+0	9.066900E+4
7.000000E-3	0.000000E+0	9.074300E+4
7.020000E-3	0.000000E+0	9.142200E+4
7.040000E-3	0.000000E+0	9.127700E+4
7.060000E-3	0.000000E+0	9.200900E+4
7.080000E-3	0.000000E+0	9.131500E+4
7.100000E-3	0.000000E+0	9.202100E+4
7.120000E-3	0.000000E+0	9.094200E+4
7.140000E-3	0.000000E+0	9.094800E+4
7.160000E-3	0.000000E+0	9.106000E+4
7.180000E-3	0.000000E+0	9.091500E+4
7.200000E-3	0.000000E+0	9.119500E+4
7.220000E-3	0.000000E+0	9.171900E+4
7.240000E-3	0.000000E+0	9.114600E+4
7.260000E-3	0.000000E+0	9.126300E+4
7.280000E-3	0.000000E+0	9.093000E+4
7.300000E-3	0.000000E+0	9.178500E+4
7.320000E-3	0.000000E+0	9.178900E+4
7.340000E-3	0.000000E+0	9.171900E+4
7.360000E-3	0.000000E+0	9.100300E+4
7.380000E-3	0.000000E+0	9.125900E+4
7.400000E-3	0.000000E+0	9.135600E+4
7.420000E-3	0.000000E+0	9.115100E+4
7.440000E-3	0.000000E+0	9.133100E+4
7.460000E-3	0.000000E+0	9.185400E+4
7.480000E-3	0.000000E+0	9.200400E+4
7.500000E-3	0.000000E+0	9.190400E+4
7.520000E-3	0.000000E+0	9.186100E+4
7.540000E-3	0.000000E+0	9.141600E+4
7.560000E-3	0.000000E+0	9.133000E+4
7.580000E-3	0.000000E+0	9.118100E+4
7.600000E-3	0.000000E+0	9.190900E+4
7.620000E-3	0.000000E+0	9.144800E+4
7.640000E-3	0.000000E+0	9.118000E+4
7.660000E-3	0.000000E+0	9.154000E+4
7.680000E-3	0.000000E+0	9.150400E+4
7.700000E-3	0.000000E+0	9.169400E+4
7.720000E-3	0.000000E+0	9.148400E+4
7.740000E-3	0.000000E+0	9.214100E+4
7.760000E-3	0.000000E+0	9.163100E+4
7.780000E-3	0.000000E+0	9.178600E+4
7.800000E-3	0.000000E+0	9.133100E+4
7.820000E-3	0.000000E+0	9.177100E+4
7.840000E-3	0.000000E+0	9.173800E+4
7.860000E-3	0.000000E+0	9.149100E+4
7.880000E-3	0.000000E+0	9.141400E+4
7.900000E-3	0.000000E+0	9.150100E+4
7.920000E-3	0.000000E+0	9.178200E+4
7.940000E-3	0.000000E+0	9.110600E+4
7.960000E-3	0.000000E+0	9.131500E+4
7.980000E-3	0.000000E+0	9.122800E+4
8.000000E-3	0.000000E+0	9.116700E+4
8.020000E-3	0.000000E+0	9.143200E+4
8.040000E-3	0.000000E+0	9.115200E+4
8.060000E-3	0.000000E+0	9.137400E+4
8.080000E-3	0.000000E+0	9.192300E+4
8.100000E-3	0.000000E+0	9.136800E+4
8.120000E-3	0.000000E+0	9.143000E+4
8.140000E-3	0.000000E+0	9.164500E+4
8.160000E-3	0.000000E+0	9.177900E+4
8.180000E-3	0.000000E+0	9.183600E+4
8.200000E-3	0.000000E+0	9.193600E+4
8.220000E-3	0.000000E+0	9.179100E+4
8.240000E-3	0.000000E+0	9.118100E+4
8.260000E-3	0.000000E+0	9.100300E+4
8.280000E-3	0.000000E+0	9.093300E+4
8.300000E-3	0.000000E+0	9.115400E+4
8.320000E-3	0.000000E+0	9.146800E+4
8.340000E-3	0.000000E+0	9.206900E+4
8.360000E-3	0.000000E+0	9.167300E+4
8.380000E-3	0.000000E+0	9.111100E+4
8.400000E-3	0.000000E+0	9.175900E+4
8.420000E-3	0.000000E+0	9.162200E+4
8.440000E-3	0.000000E+0	9.166700E+4
8.460000E-3	0.000000E+0	9.160000E+4
8.480000E-3	0.000000E+0	9.148400E+4
8.500000E-3	0.000000E+0	9.184200E+4
8.520000E-3	0.000000E+0	9.115500E+4
8.540000E-3	0.000000E+0	9.102800E+4
8.560000E-3	0.000000E+0	9.148900E+4
8.580000E-3	0.000000E+0	9.156700E+4
8.600000E-3	0.000000E+0	9.138400E+4
8.620000E-3	0.000000E+0	9.157000E+4
8.640000E-3	0.000000E+0	9.152200E+4
8.660000E-3	0.000000E+0	9.176000E+4
8.680000E-3	0.000000E+0	9.165500E+4
8.700000E-3	0.000000E+0	9.096400E+4
8.720000E-3	0.000000E+0	9.132800E+4
8.740000E-3	0.000000E+0	9.129600E+4
8.760000E-3	0.000000E+0	9.131600E+4
8.780000E-3	0.000000E+0	9.167100E+4
8.800000E-3	0.000000E+0	9.139600E+4
8.820000E-3	0.000000E+0	9.180400E+4
8.840000E-3	0.000000E+0	9.192300E+4
8.860000E-3	0.000000E+0	9.177900E+4
8.880000E-3	0.000000E+0	9.167800E+4
8.900000E-3	0.000000E+0	9.184900E+4
8.920000E-3	0.000000E+0	9.154600E+4
8.940000E-3	0.000000E+0	9.167000E+4
8.960000E-3	0.000000E+0	9.172100E+4
8.980000E-3	0.000000E+0	9.199300E+4
9.000000E-3	0.000000E+0	9.179600E+4
9.020000E-3	0.000000E+0	9.193000E+4
9.040000E-3	0.000000E+0	9.142500E+4
9.060000E-3	0.000000E+0	9.179900E+4
9.080000E-3	0.000000E+0	9.134700E+4
9.100000E-3	0.000000E+0	9.119300E+4
9.120000E-3	0.000000E+0	9.169600E+4
9.140000E-3	0.000000E+0	9.117000E+4
9.160000E-3	0.000000E+0	9.187100E+4
9.180000E-3	0.000000E+0	9.157900E+4
9.200000E-3	0.000000E+0	9.156300E+4
9.220000E-3	0.000000E+0	9.151900E+4
9.240000E-3	0.000000E+0	9.173900E+4
9.260000E-3	0.000000E+0	9.132300E+4
9.280000E-3	0.000000E+0	9.168200E+4
9.300000E-3	0.000000E+0	9.171200E+4
9.320000E-3	0.000000E+0	9.171100E+4
9.340000E-3	0.000000E+0	9.169900E+4
9.360000E-3	0.000000E+0	9.139900E+4
9.380000E-3	0.000000E+0	9.159400E+4
9.400000E-3	0.000000E+0	9.140400E+4
9.420000E-3	0.000000E+0	9.160800E+4
9.440000E-3	0.000000E+0	9.145700E+4
9.460000E-3	0.000000E+0	9.092700E+4
9.480000E-3	0.000000E+0	9.135500E+4
9.500000E-3	0.000000E+0	9.096700E+4
9.520000E-3	0.000000E+0	9.123500E+4
9.540000E-3	0.000000E+0	9.119600E+4
9.560000E-3	0.000000E+0	9.154500E+4
9.580000E-3	0.000000E+0	9.053700E+4
9.600000E-3	0.000000E+0	9.219300E+4
9.620000E-3	0.000000E+0	9.099900E+4
9.640000E-3	0.000000E+0	9.163400E+4
9.660000E-3	0.000000E+0	9.180600E+4
9.680000E-3	0.000000E+0	9.151900E+4
9.700000E-3	0.000000E+0	9.143400E+4
9.720000E-3	0.000000E+0	9.126300E+4
9.740000E-3	0.000000E+0	9.146300E+4
9.760000E-3	0.000000E+0	9.191900E+4
9.780000E-3	0.000000E+0	9.108600E+4
9.800000E-3	0.000000E+0	9.130900E+4
9.820000E-3	0.000000E+0	9.157000E+4
9.840000E-3	0.000000E+0	9.114300E+4
9.860000E-3	0.000000E+0	9.160900E+4
9.880000E-3	0.000000E+0	9.154200E+4
9.900000E-3	0.000000E+0	9.158200E+4
9.920000E-3	0.000000E+0	9.090500E+4
9.940000E-3	0.000000E+0	9.186600E+4
9.960000E-3	0.000000E+0	9.211300E+4
9.980000E-3	0.000000E+0	9.202200E+4
1.000000E-2	0.000000E+0	9.128100E+4
1.002000E-2	0.000000E+0	9.208300E+4
1.004000E-2	0.000000E+0	9.101200E+4
1.006000E-2	0.000000E+0	9.209600E+4
1.008000E-2	0.000000E+0	9.168100E+4
1.010000E-2	0.000000E+0	9.111600E+4
1.012000E-2	0.000000E+0	9.187200E+4
1.014000E-2	0.000000E+0	9.165300E+4
1.016000E-2	0.000000E+0	9.163700E+4
1.018000E-2	0.000000E+0	9.177600E+4
1.020000E-2	0.000000E+0	9.182300E+4
1.022000E-2	0.000000E+0	9.158600E+4
1.024000E-2	0.000000E+0	9.221300E+4
1.026000E-2	0.000000E+0	9.164500E+4
1.028000E-2	0.000000E+0	9.187100E+4
1.030000E-2	0.000000E+0	9.188000E+4
1.032000E-2	0.000000E+0	9.127400E+4
1.034000E-2	0.000000E+0	9.144200E+4
1.036000E-2	0.000000E+0	9.183000E+4
1.038000E-2	0.000000E+0	9.149700E+4
1.040000E-2	0.000000E+0	9.174400E+4
1.042000E-2	0.000000E+0	9.151600E+4
1.044000E-2	0.000000E+0	9.144000E+4
1.046000E-2	0.000000E+0	9.197900E+4
1.048000E-2	0.000000E+0	9.149400E+4
1.050000E-2	0.000000E+0	9.176400E+4
1.052000E-2	0.000000E+0	9.148200E+4
1.054000E-2	0.000000E+0	9.165300E+4
1.056000E-2	0.000000E+0	9.223000E+4
1.058000E-2	0.000000E+0	9.149900E+4
1.060000E-2	0.000000E+0	9.159100E+4
1.062000E-2	0.000000E+0	9.169400E+4
1.064000E-2	0.000000E+0	9.107400E+4
1.066000E-2	0.000000E+0	9.189200E+4
1.068000E-2	0.000000E+0	9.140300E+4
1.070000E-2	0.000000E+0	9.161000E+4
1.072000E-2	0.000000E+0	9.146900E+4
1.074000E-2	0.000000E+0	9.176500E+4
1.076000E-2	0.000000E+0	9.195000E+4
1.078000E-2	0.000000E+0	9.147200E+4
1.080000E-2	0.000000E+0	9.147700E+4
1.082000E-2	0.000000E+0	9.168900E+4
1.084000E-2	0.000000E+0	9.120000E+4
1.086000E-2	0.000000E+0	9.160500E+4
1.088000E-2	0.000000E+0	9.197200E+4
1.090000E-2	0.000000E+0	9.148600E+4
1.092000E-2	0.000000E+0	9.122100E+4
1.094000E-2	0.000000E+0	9.151600E+4
1.096000E-2	0.000000E+0	9.198700E+4
1.098000E-2	0.000000E+0	9.144300E+4
1.100000E-2	0.000000E+0	9.128200E+4
1.102000E-2	0.000000E+0	9.163400E+4
1.104000E-2	0.000000E+0	9.142700E+4
1.106000E-2	0.000000E+0	9.132000E+4
1.108000E-2	0.000000E+0	9.174600E+4
1.110000E-2	0.000000E+0	9.134400E+4
1.112000E-2	0.000000E+0	9.223300E+4
1.114000E-2	0.000000E+0	9.131600E+4
1.116000E-2	0.000000E+0	9.126700E+4
1.118000E-2	0.000000E+0	9.154700E+4
1.120000E-2	0.000000E+0	9.148900E+4
1.122000E-2	0.000000E+0	9.142000E+4
1.124000E-2	0.000000E+0	9.145400E+4
1.126000E-2	0.000000E+0	9.173400E+4
1.128000E-2	0.000000E+0	9.154000E+4
1.130000E-2	0.000000E+0	9.138200E+4
1.132000E-2	0.000000E+0	9.133700E+4
1.134000E-2	0.000000E+0	9.210300E+4
1.136000E-2	0.000000E+0	9.123600E+4
1.138000E-2	0.000000E+0	9.151300E+4
1.140000E-2	0.000000E+0	9.129300E+4
1.142000E-2	0.000000E+0	9.185900E+4
1.144000E-2	0.000000E+0	9.135700E+4
1.146000E-2	0.000000E+0	9.221600E+4
1.148000E-2	0.000000E+0	9.122100E+4
1.150000E-2	0.000000E+0	9.124200E+4
1.152000E-2	0.000000E+0	9.216600E+4
1.154000E-2	0.000000E+0	9.147200E+4
1.156000E-2	0.000000E+0	9.193100E+4
1.158000E-2	0.000000E+0	9.167400E+4
1.160000E-2	0.000000E+0	9.192200E+4
1.162000E-2	0.000000E+0	9.127900E+4
1.164000E-2	0.000000E+0	9.159500E+4
1.166000E-2	0.000000E+0	9.166500E+4
1.168000E-2	0.000000E+0	9.110800E+4
1.170000E-2	0.000000E+0	9.228900E+4
1.172000E-2	0.000000E+0	9.192100E+4
1.174000E-2	0.000000E+0	9.145300E+4
1.176000E-2	0.000000E+0	9.192700E+4
1.178000E-2	0.000000E+0	9.155900E+4
1.180000E-2	0.000000E+0	9.166600E+4
1.182000E-2	0.000000E+0	9.140600E+4
1.184000E-2	0.000000E+0	9.161900E+4
1.186000E-2	0.000000E+0	9.239400E+4
1.188000E-2	0.000000E+0	9.157900E+4
1.190000E-2	0.000000E+0	9.153200E+4
1.192000E-2	0.000000E+0	9.166500E+4
1.194000E-2	0.000000E+0	9.100300E+4
1.196000E-2	0.000000E+0	9.143900E+4
1.198000E-2	0.000000E+0	9.171800E+4
1.200000E-2	0.000000E+0	9.170800E+4
1.202000E-2	0.000000E+0	9.198400E+4
1.204000E-2	0.000000E+0	9.132500E+4
1.206000E-2	0.000000E+0	9.091000E+4
1.208000E-2	0.000000E+0	9.141200E+4
1.210000E-2	0.000000E+0	9.141500E+4
1.212000E-2	0.000000E+0	9.145800E+4
1.214000E-2	0.000000E+0	9.196000E+4
1.216000E-2	0.000000E+0	9.153900E+4
1.218000E-2	0.000000E+0	9.131900E+4
1.220000E-2	0.000000E+0	9.185900E+4
1.222000E-2	0.000000E+0	9.177300E+4
1.224000E-2	0.000000E+0	9.126500E+4
1.226000E-2	0.000000E+0	9.198300E+4
1.228000E-2	0.000000E+0	9.162900E+4
1.230000E-2	0.000000E+0	9.202300E+4
1.232000E-2	0.000000E+0	9.176200E+4
1.234000E-2	0.000000E+0	9.147900E+4
1.236000E-2	0.000000E+0	9.170900E+4
1.238000E-2	0.000000E+0	9.144800E+4
1.240000E-2	0.000000E+0	9.142400E+4
1.242000E-2	0.000000E+0	9.234200E+4
1.244000E-2	0.000000E+0	9.212500E+4
1.246000E-2	0.000000E+0	9.190300E+4
1.248000E-2	0.000000E+0	9.168800E+4
1.250000E-2	0.000000E+0	9.176000E+4
1.252000E-2	0.000000E+0	9.146900E+4
1.254000E-2	0.000000E+0	9.161500E+4
1.256000E-2	0.000000E+0	9.182300E+4
1.258000E-2	0.000000E+0	9.105900E+4
1.260000E-2	0.000000E+0	9.154200E+4
1.262000E-2	0.000000E+0	9.121600E+4
1.264000E-2	0.000000E+0	9.175700E+4
1.266000E-2	0.000000E+0	9.121300E+4
1.268000E-2	0.000000E+0	9.114400E+4
1.270000E-2	0.000000E+0	9.199900E+4
1.272000E-2	0.000000E+0	9.131400E+4
1.274000E-2	0.000000E+0	9.160200E+4
1.276000E-2	0.000000E+0	9.161600E+4
1.278000E-2	0.000000E+0	9.191700E+4
1.280000E-2	0.000000E+0	9.120900E+4
1.282000E-2	0.000000E+0	9.170800E+4
1.284000E-2	0.000000E+0	9.133400E+4
1.286000E-2	0.000000E+0	9.193600E+4
1.288000E-2	0.000000E+0	9.153200E+4
1.290000E-2	0.000000E+0	9.144700E+4
1.292000E-2	0.000000E+0	9.151500E+4
1.294000E-2	0.000000E+0	9.106100E+4
1.296000E-2	0.000000E+0	9.204300E+4
1.298000E-2	0.000000E+0	9.126000E+4
1.300000E-2	0.000000E+0	9.155500E+4
1.302000E-2	0.000000E+0	9.179600E+4
1.304000E-2	0.000000E+0	9.179400E+4
1.306000E-2	0.000000E+0	9.140200E+4
1.308000E-2	0.000000E+0	9.163300E+4
1.310000E-2	0.000000E+0	9.191900E+4
1.312000E-2	0.000000E+0	9.160300E+4
1.314000E-2	0.000000E+0	9.175400E+4
1.316000E-2	0.000000E+0	9.135100E+4
1.318000E-2	0.000000E+0	9.205400E+4
1.320000E-2	0.000000E+0	9.194800E+4
1.322000E-2	0.000000E+0	9.136300E+4
1.324000E-2	0.000000E+0	9.160800E+4
1.326000E-2	0.000000E+0	9.129700E+4
1.328000E-2	0.000000E+0	9.204300E+4
1.330000E-2	0.000000E+0	9.154400E+4
1.332000E-2	0.000000E+0	9.143100E+4
1.334000E-2	0.000000E+0	9.154900E+4
1.336000E-2	0.000000E+0	9.156900E+4
1.338000E-2	0.000000E+0	9.184900E+4
1.340000E-2	0.000000E+0	9.115200E+4
1.342000E-2	0.000000E+0	9.205500E+4
1.344000E-2	0.000000E+0	9.131600E+4
1.346000E-2	0.000000E+0	9.142700E+4
1.348000E-2	0.000000E+0	9.145100E+4
1.350000E-2	0.000000E+0	9.121300E+4
1.352000E-2	0.000000E+0	9.148500E+4
1.354000E-2	0.000000E+0	9.129500E+4
1.356000E-2	0.000000E+0	9.188900E+4
1.358000E-2	0.000000E+0	9.173200E+4
1.360000E-2	0.000000E+0	9.151800E+4
1.362000E-2	0.000000E+0	9.145100E+4
1.364000E-2	0.000000E+0	9.157000E+4
1.366000E-2	0.000000E+0	9.182500E+4
1.368000E-2	0.000000E+0	9.193800E+4
1.370000E-2	0.000000E+0	9.153100E+4
1.372000E-2	0.000000E+0	9.165300E+4
1.374000E-2	0.000000E+0	9.145500E+4
1.376000E-2	0.000000E+0	9.174600E+4
1.378000E-2	0.000000E+0	9.121600E+4
1.380000E-2	0.000000E+0	9.115000E+4
1.382000E-2	0.000000E+0	9.166400E+4
1.384000E-2	0.000000E+0	9.078500E+4
1.386000E-2	0.000000E+0	9.093100E+4
1.388000E-2	0.000000E+0	9.118200E+4
1.390000E-2	0.000000E+0	9.037900E+4
1.392000E-2	0.000000E+0	9.040500E+4
1.394000E-2	0.000000E+0	9.071800E+4
1.396000E-2	0.000000E+0	9.026900E+4
1.398000E-2	0.000000E+0	9.073200E+4
1.400000E-2	0.000000E+0	8.943900E+4
1.402000E-2	0.000000E+0	8.899100E+4
1.404000E-2	0.000000E+0	8.961700E+4
1.406000E-2	0.000000E+0	8.992300E+4
1.408000E-2	0.000000E+0	8.989100E+4
1.410000E-2	0.000000E+0	9.032800E+4
1.412000E-2	0.000000E+0	8.984100E+4
1.414000E-2	0.000000E+0	9.040900E+4
1.416000E-2	0.000000E+0	9.082100E+4
1.418000E-2	0.000000E+0	9.028800E+4
1.420000E-2	0.000000E+0	9.103000E+4
1.422000E-2	0.000000E+0	9.081200E+4
1.424000E-2	0.000000E+0	9.145600E+4
1.426000E-2	0.000000E+0	9.142700E+4
1.428000E-2	0.000000E+0	9.185200E+4
1.430000E-2	0.000000E+0	9.186400E+4
1.432000E-2	0.000000E+0	9.146500E+4
1.434000E-2	0.000000E+0	9.122900E+4
1.436000E-2	0.000000E+0	9.204100E+4
1.438000E-2	0.000000E+0	9.183600E+4
1.440000E-2	0.000000E+0	9.147800E+4
1.442000E-2	0.000000E+0	9.112700E+4
1.444000E-2	0.000000E+0	9.063700E+4
1.446000E-2	0.000000E+0	9.152900E+4
1.448000E-2	0.000000E+0	9.139000E+4
1.450000E-2	0.000000E+0	9.072500E+4
1.452000E-2	0.000000E+0	9.095700E+4
1.454000E-2	0.000000E+0	9.101300E+4
1.456000E-2	0.000000E+0	9.069500E+4
1.458000E-2	0.000000E+0	9.108300E+4
1.460000E-2	0.000000E+0	9.085200E+4
1.462000E-2	0.000000E+0	9.088500E+4
1.464000E-2	0.000000E+0	9.033200E+4
1.466000E-2	0.000000E+0	9.001000E+4
1.468000E-2	0.000000E+0	8.993400E+4
1.470000E-2	0.000000E+0	9.041700E+4
1.472000E-2	0.000000E+0	9.117700E+4
1.474000E-2	0.000000E+0	9.070700E+4
1.476000E-2	0.000000E+0	9.043900E+4
1.478000E-2	0.000000E+0	9.069100E+4
1.480000E-2	0.000000E+0	9.041000E+4
1.482000E-2	0.000000E+0	9.089600E+4
1.484000E-2	0.000000E+0	9.028200E+4
1.486000E-2	0.000000E+0	9.132800E+4
1.488000E-2	0.000000E+0	9.094600E+4
1.490000E-2	0.000000E+0	9.094600E+4
1.492000E-2	0.000000E+0	9.153700E+4
1.494000E-2	0.000000E+0	9.183400E+4
1.496000E-2	0.000000E+0	9.130600E+4
1.498000E-2	0.000000E+0	9.129600E+4
1.500000E-2	0.000000E+0	9.184100E+4
1.502000E-2	0.000000E+0	9.090400E+4
1.504000E-2	0.000000E+0	9.182800E+4
1.506000E-2	0.000000E+0	9.180900E+4
1.508000E-2	0.000000E+0	9.179800E+4
1.510000E-2	0.000000E+0	9.147900E+4
1.512000E-2	0.000000E+0	9.112500E+4
1.514000E-2	0.000000E+0	9.199200E+4
1.516000E-2	0.000000E+0	9.176000E+4
1.518000E-2	0.000000E+0	9.200900E+4
1.520000E-2	0.000000E+0	9.101900E+4
1.522000E-2	0.000000E+0	9.187800E+4
1.524000E-2	0.000000E+0	9.093800E+4
1.526000E-2	0.000000E+0	9.200200E+4
1.528000E-2	0.000000E+0	9.167500E+4
1.530000E-2	0.000000E+0	9.136000E+4
1.532000E-2	0.000000E+0	9.130500E+4
1.534000E-2	0.000000E+0	9.139300E+4
1.536000E-2	0.000000E+0	9.114200E+4
1.538000E-2	0.000000E+0	9.115300E+4
1.540000E-2	0.000000E+0	9.135100E+4
1.542000E-2	0.000000E+0	9.095500E+4
1.544000E-2	0.000000E+0	9.080800E+4
1.546000E-2	0.000000E+0	9.123300E+4
1.548000E-2	0.000000E+0	9.140200E+4
1.550000E-2	0.000000E+0	9.134500E+4
1.552000E-2	0.000000E+0	9.149800E+4
1.554000E-2	0.000000E+0	9.075400E+4
1.556000E-2	0.000000E+0	9.204400E+4
1.558000E-2	0.000000E+0	9.138000E+4
1.560000E-2	0.000000E+0	9.186300E+4
1.562000E-2	0.000000E+0	9.139000E+4
1.564000E-2	0.000000E+0	9.139300E+4
1.566000E-2	0.000000E+0	9.115400E+4
1.568000E-2	0.000000E+0	9.071700E+4
1.570000E-2	0.000000E+0	9.120300E+4
1.572000E-2	0.000000E+0	9.122100E+4
1.574000E-2	0.000000E+0	9.138400E+4
1.576000E-2	0.000000E+0	9.147000E+4
1.578000E-2	0.000000E+0	9.151400E+4
1.580000E-2	0.000000E+0	9.092500E+4
1.582000E-2	0.000000E+0	9.091900E+4
1.584000E-2	0.000000E+0	9.039100E+4
1.586000E-2	0.000000E+0	9.140000E+4
1.588000E-2	0.000000E+0	9.129300E+4
1.590000E-2	0.000000E+0	9.103200E+4
1.592000E-2	0.000000E+0	9.097100E+4
1.594000E-2	0.000000E+0	9.153800E+4
1.596000E-2	0.000000E+0	9.181800E+4
1.598000E-2	0.000000E+0	9.180700E+4
1.600000E-2	0.000000E+0	9.176900E+4
1.602000E-2	0.000000E+0	9.168000E+4
1.604000E-2	0.000000E+0	9.171300E+4
1.606000E-2	0.000000E+0	9.154800E+4
1.608000E-2	0.000000E+0	9.140400E+4
1.610000E-2	0.000000E+0	9.147100E+4
1.612000E-2	0.000000E+0	9.147800E+4
1.614000E-2	0.000000E+0	9.123900E+4
1.616000E-2	0.000000E+0	9.172400E+4
1.618000E-2	0.000000E+0	9.192900E+4
1.620000E-2	0.000000E+0	9.194000E+4
1.622000E-2	0.000000E+0	9.157700E+4
1.624000E-2	0.000000E+0	9.184500E+4
1.626000E-2	0.000000E+0	9.129200E+4
1.628000E-2	0.000000E+0	9.166200E+4
1.630000E-2	0.000000E+0	9.067200E+4
1.632000E-2	0.000000E+0	9.120600E+4
1.634000E-2	0.000000E+0	9.083900E+4
1.636000E-2	0.000000E+0	9.084100E+4
1.638000E-2	0.000000E+0	9.063200E+4
1.640000E-2	0.000000E+0	9.031700E+4
1.642000E-2	0.000000E+0	9.074000E+4
1.644000E-2	0.000000E+0	9.030800E+4
1.646000E-2	0.000000E+0	9.038100E+4
1.648000E-2	0.000000E+0	9.028000E+4
1.650000E-2	0.000000E+0	9.057500E+4
1.652000E-2	0.000000E+0	9.085600E+4
1.654000E-2	0.000000E+0	9.098600E+4
1.656000E-2	0.000000E+0	9.097900E+4
1.658000E-2	0.000000E+0	9.099300E+4
1.660000E-2	0.000000E+0	9.091400E+4
1.662000E-2	0.000000E+0	9.164000E+4
1.664000E-2	0.000000E+0	9.109800E+4
1.666000E-2	0.000000E+0	9.087000E+4
1.668000E-2	0.000000E+0	9.190200E+4
1.670000E-2	0.000000E+0	9.095600E+4
1.672000E-2	0.000000E+0	9.167900E+4
1.674000E-2	0.000000E+0	9.181500E+4
1.676000E-2	0.000000E+0	9.136800E+4
1.678000E-2	0.000000E+0	9.170900E+4
1.680000E-2	0.000000E+0	9.176000E+4
1.682000E-2	0.000000E+0	9.210900E+4
1.684000E-2	0.000000E+0	9.187800E+4
1.686000E-2	0.000000E+0	9.136000E+4
1.688000E-2	0.000000E+0	9.127700E+4
1.690000E-2	0.000000E+0	9.173600E+4
1.692000E-2	0.000000E+0	9.097900E+4
1.694000E-2	0.000000E+0	9.094800E+4
1.696000E-2	0.000000E+0	9.137000E+4
1.698000E-2	0.000000E+0	9.133500E+4
1.700000E-2	0.000000E+0	9.142400E+4
1.702000E-2	0.000000E+0	9.166300E+4
1.704000E-2	0.000000E+0	9.105600E+4
1.706000E-2	0.000000E+0	9.060700E+4
1.708000E-2	0.000000E+0	9.079500E+4
1.710000E-2	0.000000E+0	8.995600E+4
1.712000E-2	0.000000E+0	9.044100E+4
1.714000E-2	0.000000E+0	9.045200E+4
1.716000E-2	0.000000E+0	9.009700E+4
1.718000E-2	0.000000E+0	9.009700E+4
1.720000E-2	0.000000E+0	8.959600E+4
1.722000E-2	0.000000E+0	8.960300E+4
1.724000E-2	0.000000E+0	8.940800E+4
1.726000E-2	0.000000E+0	8.989000E+4
1.728000E-2	0.000000E+0	9.049100E+4
1.730000E-2	0.000000E+0	9.019100E+4
1.732000E-2	0.000000E+0	9.046800E+4
1.734000E-2	0.000000E+0	9.068800E+4
1.736000E-2	0.000000E+0	9.126300E+4
1.738000E-2	0.000000E+0	9.109900E+4
1.740000E-2	0.000000E+0	9.125600E+4
1.742000E-2	0.000000E+0	9.129100E+4
1.744000E-2	0.000000E+0	9.112600E+4
1.746000E-2	0.000000E+0	9.150200E+4
1.748000E-2	0.000000E+0	9.129800E+4
1.750000E-2	0.000000E+0	9.178000E+4
1.752000E-2	0.000000E+0	9.128100E+4
1.754000E-2	0.000000E+0	9.186900E+4
1.756000E-2	0.000000E+0	9.165700E+4
1.758000E-2	0.000000E+0	9.198400E+4
1.760000E-2	0.000000E+0	9.194100E+4
1.762000E-2	0.000000E+0	9.155100E+4
1.764000E-2	0.000000E+0	9.113700E+4
1.766000E-2	0.000000E+0	9.171500E+4
1.768000E-2	0.000000E+0	9.206300E+4
1.770000E-2	0.000000E+0	9.216200E+4
1.772000E-2	0.000000E+0	9.168300E+4
1.774000E-2	0.000000E+0	9.156000E+4
1.776000E-2	0.000000E+0	9.213800E+4
1.778000E-2	0.000000E+0	9.181500E+4
1.780000E-2	0.000000E+0	9.167200E+4
1.782000E-2	0.000000E+0	9.165500E+4
1.784000E-2	0.000000E+0	9.174400E+4
1.786000E-2	0.000000E+0	9.171700E+4
1.788000E-2	0.000000E+0	9.172400E+4
1.790000E-2	0.000000E+0	9.122500E+4
1.792000E-2	0.000000E+0	9.167500E+4
1.794000E-2	0.000000E+0	9.191500E+4
1.796000E-2	0.000000E+0	9.194200E+4
1.798000E-2	0.000000E+0	9.152900E+4
1.800000E-2	0.000000E+0	9.204000E+4
1.802000E-2	0.000000E+0	9.209400E+4
1.804000E-2	0.000000E+0	9.149100E+4
1.806000E-2	0.000000E+0	9.174100E+4
1.808000E-2	0.000000E+0	9.154900E+4
1.810000E-2	0.000000E+0	9.176100E+4
1.812000E-2	0.000000E+0	9.165300E+4
1.814000E-2	0.000000E+0	9.157600E+4
1.816000E-2	0.000000E+0	9.139900E+4
1.818000E-2	0.000000E+0	9.122500E+4
1.820000E-2	0.000000E+0	9.177500E+4
1.822000E-2	0.000000E+0	9.166900E+4
1.824000E-2	0.000000E+0	9.143600E+4
1.826000E-2	0.000000E+0	9.172300E+4
1.828000E-2	0.000000E+0	9.085100E+4
1.830000E-2	0.000000E+0	9.147000E+4
1.832000E-2	0.000000E+0	9.190200E+4
1.834000E-2	0.000000E+0	9.184200E+4
1.836000E-2	0.000000E+0	9.104200E+4
1.838000E-2	0.000000E+0	9.146600E+4
1.840000E-2	0.000000E+0	9.173400E+4
1.842000E-2	0.000000E+0	9.159800E+4
1.844000E-2	0.000000E+0	9.165200E+4
1.846000E-2	0.000000E+0	9.118500E+4
1.848000E-2	0.000000E+0	9.100300E+4
1.850000E-2	0.000000E+0	9.151100E+4
1.852000E-2	0.000000E+0	9.192700E+4
1.854000E-2	0.000000E+0	9.137900E+4
1.856000E-2	0.000000E+0	9.148900E+4
1.858000E-2	0.000000E+0	9.159000E+4
1.860000E-2	0.000000E+0	9.150100E+4
1.862000E-2	0.000000E+0	9.116900E+4
1.864000E-2	0.000000E+0	9.198000E+4
1.866000E-2	0.000000E+0	9.115800E+4
1.868000E-2	0.000000E+0	9.134300E+4
1.870000E-2	0.000000E+0	9.155400E+4
1.872000E-2	0.000000E+0	9.209100E+4
1.874000E-2	0.000000E+0	9.218800E+4
1.876000E-2	0.000000E+0	9.198700E+4
1.878000E-2	0.000000E+0	9.179300E+4
1.880000E-2	0.000000E+0	9.127300E+4
1.882000E-2	0.000000E+0	9.171700E+4
1.884000E-2	0.000000E+0	9.142600E+4
1.886000E-2	0.000000E+0	9.174300E+4
1.888000E-2	0.000000E+0	9.131700E+4
1.890000E-2	0.000000E+0	9.131200E+4
1.892000E-2	0.000000E+0	9.162400E+4
1.894000E-2	0.000000E+0	9.127700E+4
1.896000E-2	0.000000E+0	9.112400E+4
1.898000E-2	0.000000E+0	9.126500E+4
1.900000E-2	0.000000E+0	9.200600E+4
1.902000E-2	0.000000E+0	9.206300E+4
1.904000E-2	0.000000E+0	9.201000E+4
1.906000E-2	0.000000E+0	9.195200E+4
1.908000E-2	0.000000E+0	9.195900E+4
1.910000E-2	0.000000E+0	9.144800E+4
1.912000E-2	0.000000E+0	9.216000E+4
1.914000E-2	0.000000E+0	9.119100E+4
1.916000E-2	0.000000E+0	9.177400E+4
1.918000E-2	0.000000E+0	9.154600E+4
1.920000E-2	0.000000E+0	9.184300E+4
1.922000E-2	0.000000E+0	9.153600E+4
1.924000E-2	0.000000E+0	9.085100E+4
1.926000E-2	0.000000E+0	9.169600E+4
1.928000E-2	0.000000E+0	9.164400E+4
1.930000E-2	0.000000E+0	9.139000E+4
1.932000E-2	0.000000E+0	9.137300E+4
1.934000E-2	0.000000E+0	9.193500E+4
1.936000E-2	0.000000E+0	9.148200E+4
1.938000E-2	0.000000E+0	9.157700E+4
1.940000E-2	0.000000E+0	9.178800E+4
1.942000E-2	0.000000E+0	9.166400E+4
1.944000E-2	0.000000E+0	9.150400E+4
1.946000E-2	0.000000E+0	9.164300E+4
1.948000E-2	0.000000E+0	9.149400E+4
1.950000E-2	0.000000E+0	9.173200E+4
1.952000E-2	0.000000E+0	9.128500E+4
1.954000E-2	0.000000E+0	9.151900E+4
1.956000E-2	0.000000E+0	9.188000E+4
1.958000E-2	0.000000E+0	9.123600E+4
1.960000E-2	0.000000E+0	9.160900E+4
1.962000E-2	0.000000E+0	9.197500E+4
1.964000E-2	0.000000E+0	9.170800E+4
1.966000E-2	0.000000E+0	9.166400E+4
1.968000E-2	0.000000E+0	9.122300E+4
1.970000E-2	0.000000E+0	9.204800E+4
1.972000E-2	0.000000E+0	9.147200E+4
1.974000E-2	0.000000E+0	9.188700E+4
1.976000E-2	0.000000E+0	9.143200E+4
1.978000E-2	0.000000E+0	9.146400E+4
1.980000E-2	0.000000E+0	9.187600E+4
1.982000E-2	0.000000E+0	9.180100E+4
1.984000E-2	0.000000E+0	9.181300E+4
1.986000E-2	0.000000E+0	9.158200E+4
1.988000E-2	0.000000E+0	9.176500E+4
1.990000E-2	0.000000E+0	9.174000E+4
1.992000E-2	0.000000E+0	9.159000E+4
1.994000E-2	0.000000E+0	9.158000E+4
1.996000E-2	0.000000E+0	9.188800E+4
1.998000E-2	0.000000E+0	9.103200E+4
