

live time:  8075.320000
real time:  10806.909000
sweeps:  403766.000000
0.000000E+0	0.000000E+0	0.000000E+0
2.000000E-5	0.000000E+0	1.967600E+4
4.000000E-5	0.000000E+0	1.973600E+4
6.000000E-5	0.000000E+0	1.970100E+4
8.000000E-5	0.000000E+0	1.986900E+4
1.000000E-4	0.000000E+0	1.971000E+4
1.200000E-4	0.000000E+0	1.989500E+4
1.400000E-4	0.000000E+0	1.959100E+4
1.600000E-4	0.000000E+0	1.962900E+4
1.800000E-4	0.000000E+0	1.989000E+4
2.000000E-4	0.000000E+0	1.964700E+4
2.200000E-4	0.000000E+0	1.974400E+4
2.400000E-4	0.000000E+0	1.997200E+4
2.600000E-4	0.000000E+0	1.965300E+4
2.800000E-4	0.000000E+0	1.981800E+4
3.000000E-4	0.000000E+0	1.991200E+4
3.200000E-4	0.000000E+0	2.008500E+4
3.400000E-4	0.000000E+0	1.943600E+4
3.600000E-4	0.000000E+0	1.955300E+4
3.800000E-4	0.000000E+0	1.992500E+4
4.000000E-4	0.000000E+0	1.986300E+4
4.200000E-4	0.000000E+0	1.963100E+4
4.400000E-4	0.000000E+0	1.971200E+4
4.600000E-4	0.000000E+0	1.950300E+4
4.800000E-4	0.000000E+0	1.959200E+4
5.000000E-4	0.000000E+0	1.956000E+4
5.200000E-4	0.000000E+0	1.938200E+4
5.400000E-4	0.000000E+0	1.970900E+4
5.600000E-4	0.000000E+0	1.969000E+4
5.800000E-4	0.000000E+0	1.965700E+4
6.000000E-4	0.000000E+0	1.963100E+4
6.200000E-4	0.000000E+0	1.967300E+4
6.400000E-4	0.000000E+0	1.968400E+4
6.600000E-4	0.000000E+0	1.961900E+4
6.800000E-4	0.000000E+0	1.981400E+4
7.000000E-4	0.000000E+0	1.990000E+4
7.200000E-4	0.000000E+0	1.975500E+4
7.400000E-4	0.000000E+0	1.967900E+4
7.600000E-4	0.000000E+0	1.994100E+4
7.800000E-4	0.000000E+0	1.955300E+4
8.000000E-4	0.000000E+0	1.963100E+4
8.200000E-4	0.000000E+0	1.965600E+4
8.400000E-4	0.000000E+0	1.987100E+4
8.600000E-4	0.000000E+0	1.959200E+4
8.800000E-4	0.000000E+0	1.984600E+4
9.000000E-4	0.000000E+0	1.978100E+4
9.200000E-4	0.000000E+0	1.943900E+4
9.400000E-4	0.000000E+0	1.956500E+4
9.600000E-4	0.000000E+0	1.973400E+4
9.800000E-4	0.000000E+0	1.993200E+4
1.000000E-3	0.000000E+0	1.978800E+4
1.020000E-3	0.000000E+0	1.980000E+4
1.040000E-3	0.000000E+0	1.966900E+4
1.060000E-3	0.000000E+0	1.979400E+4
1.080000E-3	0.000000E+0	1.980000E+4
1.100000E-3	0.000000E+0	1.955000E+4
1.120000E-3	0.000000E+0	1.960000E+4
1.140000E-3	0.000000E+0	1.944900E+4
1.160000E-3	0.000000E+0	1.963200E+4
1.180000E-3	0.000000E+0	1.989900E+4
1.200000E-3	0.000000E+0	1.972500E+4
1.220000E-3	0.000000E+0	1.971600E+4
1.240000E-3	0.000000E+0	1.970200E+4
1.260000E-3	0.000000E+0	1.978500E+4
1.280000E-3	0.000000E+0	1.970900E+4
1.300000E-3	0.000000E+0	1.989300E+4
1.320000E-3	0.000000E+0	1.978400E+4
1.340000E-3	0.000000E+0	1.973700E+4
1.360000E-3	0.000000E+0	1.952800E+4
1.380000E-3	0.000000E+0	1.983600E+4
1.400000E-3	0.000000E+0	1.957800E+4
1.420000E-3	0.000000E+0	1.965800E+4
1.440000E-3	0.000000E+0	1.970800E+4
1.460000E-3	0.000000E+0	1.963600E+4
1.480000E-3	0.000000E+0	1.989600E+4
1.500000E-3	0.000000E+0	1.988400E+4
1.520000E-3	0.000000E+0	1.981800E+4
1.540000E-3	0.000000E+0	1.986300E+4
1.560000E-3	0.000000E+0	1.989300E+4
1.580000E-3	0.000000E+0	1.956200E+4
1.600000E-3	0.000000E+0	1.963000E+4
1.620000E-3	0.000000E+0	1.997300E+4
1.640000E-3	0.000000E+0	1.975200E+4
1.660000E-3	0.000000E+0	1.977200E+4
1.680000E-3	0.000000E+0	1.966200E+4
1.700000E-3	0.000000E+0	1.967700E+4
1.720000E-3	0.000000E+0	1.958600E+4
1.740000E-3	0.000000E+0	1.942100E+4
1.760000E-3	0.000000E+0	1.941700E+4
1.780000E-3	0.000000E+0	1.962900E+4
1.800000E-3	0.000000E+0	1.995000E+4
1.820000E-3	0.000000E+0	1.971500E+4
1.840000E-3	0.000000E+0	1.977700E+4
1.860000E-3	0.000000E+0	1.970700E+4
1.880000E-3	0.000000E+0	1.974100E+4
1.900000E-3	0.000000E+0	1.952400E+4
1.920000E-3	0.000000E+0	1.994100E+4
1.940000E-3	0.000000E+0	1.972100E+4
1.960000E-3	0.000000E+0	1.974600E+4
1.980000E-3	0.000000E+0	1.958000E+4
2.000000E-3	0.000000E+0	1.976200E+4
2.020000E-3	0.000000E+0	2.001200E+4
2.040000E-3	0.000000E+0	1.967500E+4
2.060000E-3	0.000000E+0	1.981900E+4
2.080000E-3	0.000000E+0	1.980400E+4
2.100000E-3	0.000000E+0	1.960000E+4
2.120000E-3	0.000000E+0	1.953500E+4
2.140000E-3	0.000000E+0	1.967100E+4
2.160000E-3	0.000000E+0	1.960700E+4
2.180000E-3	0.000000E+0	1.992100E+4
2.200000E-3	0.000000E+0	1.961600E+4
2.220000E-3	0.000000E+0	1.954600E+4
2.240000E-3	0.000000E+0	1.984800E+4
2.260000E-3	0.000000E+0	1.984200E+4
2.280000E-3	0.000000E+0	1.970000E+4
2.300000E-3	0.000000E+0	1.981000E+4
2.320000E-3	0.000000E+0	1.964600E+4
2.340000E-3	0.000000E+0	2.000200E+4
2.360000E-3	0.000000E+0	1.959200E+4
2.380000E-3	0.000000E+0	1.976400E+4
2.400000E-3	0.000000E+0	1.972100E+4
2.420000E-3	0.000000E+0	1.965300E+4
2.440000E-3	0.000000E+0	1.958000E+4
2.460000E-3	0.000000E+0	1.979200E+4
2.480000E-3	0.000000E+0	1.984300E+4
2.500000E-3	0.000000E+0	1.951800E+4
2.520000E-3	0.000000E+0	1.980800E+4
2.540000E-3	0.000000E+0	1.974100E+4
2.560000E-3	0.000000E+0	1.954800E+4
2.580000E-3	0.000000E+0	1.985800E+4
2.600000E-3	0.000000E+0	1.982700E+4
2.620000E-3	0.000000E+0	1.955100E+4
2.640000E-3	0.000000E+0	1.963000E+4
2.660000E-3	0.000000E+0	1.979900E+4
2.680000E-3	0.000000E+0	1.976800E+4
2.700000E-3	0.000000E+0	1.982700E+4
2.720000E-3	0.000000E+0	1.954700E+4
2.740000E-3	0.000000E+0	1.990500E+4
2.760000E-3	0.000000E+0	1.966400E+4
2.780000E-3	0.000000E+0	1.972100E+4
2.800000E-3	0.000000E+0	1.965000E+4
2.820000E-3	0.000000E+0	1.972800E+4
2.840000E-3	0.000000E+0	1.970400E+4
2.860000E-3	0.000000E+0	1.967900E+4
2.880000E-3	0.000000E+0	1.965600E+4
2.900000E-3	0.000000E+0	1.984400E+4
2.920000E-3	0.000000E+0	1.976900E+4
2.940000E-3	0.000000E+0	1.978000E+4
2.960000E-3	0.000000E+0	1.975400E+4
2.980000E-3	0.000000E+0	1.971600E+4
3.000000E-3	0.000000E+0	1.983900E+4
3.020000E-3	0.000000E+0	1.954500E+4
3.040000E-3	0.000000E+0	1.950900E+4
3.060000E-3	0.000000E+0	1.976600E+4
3.080000E-3	0.000000E+0	1.978000E+4
3.100000E-3	0.000000E+0	1.963500E+4
3.120000E-3	0.000000E+0	2.001800E+4
3.140000E-3	0.000000E+0	1.949000E+4
3.160000E-3	0.000000E+0	1.981000E+4
3.180000E-3	0.000000E+0	1.955800E+4
3.200000E-3	0.000000E+0	1.949900E+4
3.220000E-3	0.000000E+0	1.976200E+4
3.240000E-3	0.000000E+0	1.972600E+4
3.260000E-3	0.000000E+0	1.978700E+4
3.280000E-3	0.000000E+0	1.985700E+4
3.300000E-3	0.000000E+0	1.971900E+4
3.320000E-3	0.000000E+0	1.977800E+4
3.340000E-3	0.000000E+0	1.977800E+4
3.360000E-3	0.000000E+0	1.975700E+4
3.380000E-3	0.000000E+0	1.962000E+4
3.400000E-3	0.000000E+0	1.983600E+4
3.420000E-3	0.000000E+0	1.963300E+4
3.440000E-3	0.000000E+0	1.953300E+4
3.460000E-3	0.000000E+0	1.941800E+4
3.480000E-3	0.000000E+0	1.939000E+4
3.500000E-3	0.000000E+0	1.948200E+4
3.520000E-3	0.000000E+0	1.956500E+4
3.540000E-3	0.000000E+0	1.931700E+4
3.560000E-3	0.000000E+0	1.956400E+4
3.580000E-3	0.000000E+0	1.950100E+4
3.600000E-3	0.000000E+0	1.935500E+4
3.620000E-3	0.000000E+0	1.904100E+4
3.640000E-3	0.000000E+0	1.900100E+4
3.660000E-3	0.000000E+0	1.920100E+4
3.680000E-3	0.000000E+0	1.947100E+4
3.700000E-3	0.000000E+0	1.939600E+4
3.720000E-3	0.000000E+0	1.936300E+4
3.740000E-3	0.000000E+0	1.973300E+4
3.760000E-3	0.000000E+0	1.945600E+4
3.780000E-3	0.000000E+0	1.948600E+4
3.800000E-3	0.000000E+0	1.974700E+4
3.820000E-3	0.000000E+0	1.965700E+4
3.840000E-3	0.000000E+0	1.968000E+4
3.860000E-3	0.000000E+0	1.955100E+4
3.880000E-3	0.000000E+0	2.006500E+4
3.900000E-3	0.000000E+0	1.986700E+4
3.920000E-3	0.000000E+0	1.993500E+4
3.940000E-3	0.000000E+0	1.969200E+4
3.960000E-3	0.000000E+0	1.970000E+4
3.980000E-3	0.000000E+0	1.972100E+4
4.000000E-3	0.000000E+0	1.964800E+4
4.020000E-3	0.000000E+0	1.966700E+4
4.040000E-3	0.000000E+0	1.984300E+4
4.060000E-3	0.000000E+0	1.970200E+4
4.080000E-3	0.000000E+0	1.972600E+4
4.100000E-3	0.000000E+0	1.982700E+4
4.120000E-3	0.000000E+0	1.980700E+4
4.140000E-3	0.000000E+0	1.957200E+4
4.160000E-3	0.000000E+0	1.957100E+4
4.180000E-3	0.000000E+0	1.953000E+4
4.200000E-3	0.000000E+0	1.963800E+4
4.220000E-3	0.000000E+0	1.992200E+4
4.240000E-3	0.000000E+0	1.962100E+4
4.260000E-3	0.000000E+0	1.959900E+4
4.280000E-3	0.000000E+0	1.968200E+4
4.300000E-3	0.000000E+0	1.943300E+4
4.320000E-3	0.000000E+0	1.911500E+4
4.340000E-3	0.000000E+0	1.950600E+4
4.360000E-3	0.000000E+0	1.934100E+4
4.380000E-3	0.000000E+0	1.949500E+4
4.400000E-3	0.000000E+0	1.963700E+4
4.420000E-3	0.000000E+0	1.952300E+4
4.440000E-3	0.000000E+0	1.938800E+4
4.460000E-3	0.000000E+0	1.959500E+4
4.480000E-3	0.000000E+0	1.972700E+4
4.500000E-3	0.000000E+0	1.956000E+4
4.520000E-3	0.000000E+0	1.966300E+4
4.540000E-3	0.000000E+0	1.942300E+4
4.560000E-3	0.000000E+0	1.978800E+4
4.580000E-3	0.000000E+0	1.949500E+4
4.600000E-3	0.000000E+0	1.958100E+4
4.620000E-3	0.000000E+0	1.962100E+4
4.640000E-3	0.000000E+0	1.975600E+4
4.660000E-3	0.000000E+0	1.976200E+4
4.680000E-3	0.000000E+0	1.974400E+4
4.700000E-3	0.000000E+0	1.971800E+4
4.720000E-3	0.000000E+0	1.978900E+4
4.740000E-3	0.000000E+0	1.964000E+4
4.760000E-3	0.000000E+0	1.968700E+4
4.780000E-3	0.000000E+0	1.985100E+4
4.800000E-3	0.000000E+0	1.957300E+4
4.820000E-3	0.000000E+0	1.943800E+4
4.840000E-3	0.000000E+0	1.970100E+4
4.860000E-3	0.000000E+0	1.949000E+4
4.880000E-3	0.000000E+0	1.969300E+4
4.900000E-3	0.000000E+0	1.963400E+4
4.920000E-3	0.000000E+0	1.959100E+4
4.940000E-3	0.000000E+0	1.958000E+4
4.960000E-3	0.000000E+0	1.960300E+4
4.980000E-3	0.000000E+0	1.922700E+4
5.000000E-3	0.000000E+0	1.945100E+4
5.020000E-3	0.000000E+0	1.947200E+4
5.040000E-3	0.000000E+0	1.934200E+4
5.060000E-3	0.000000E+0	1.943900E+4
5.080000E-3	0.000000E+0	1.950900E+4
5.100000E-3	0.000000E+0	1.967200E+4
5.120000E-3	0.000000E+0	1.948800E+4
5.140000E-3	0.000000E+0	1.940800E+4
5.160000E-3	0.000000E+0	1.966600E+4
5.180000E-3	0.000000E+0	1.979600E+4
5.200000E-3	0.000000E+0	1.978200E+4
5.220000E-3	0.000000E+0	1.962600E+4
5.240000E-3	0.000000E+0	1.962300E+4
5.260000E-3	0.000000E+0	1.964800E+4
5.280000E-3	0.000000E+0	1.960100E+4
5.300000E-3	0.000000E+0	1.978900E+4
5.320000E-3	0.000000E+0	1.971400E+4
5.340000E-3	0.000000E+0	1.963700E+4
5.360000E-3	0.000000E+0	1.977300E+4
5.380000E-3	0.000000E+0	1.958300E+4
5.400000E-3	0.000000E+0	1.975200E+4
5.420000E-3	0.000000E+0	1.946200E+4
5.440000E-3	0.000000E+0	1.979900E+4
5.460000E-3	0.000000E+0	1.976400E+4
5.480000E-3	0.000000E+0	1.968600E+4
5.500000E-3	0.000000E+0	1.943300E+4
5.520000E-3	0.000000E+0	1.967000E+4
5.540000E-3	0.000000E+0	1.976600E+4
5.560000E-3	0.000000E+0	1.978700E+4
5.580000E-3	0.000000E+0	1.954800E+4
5.600000E-3	0.000000E+0	1.963900E+4
5.620000E-3	0.000000E+0	1.944500E+4
5.640000E-3	0.000000E+0	1.991000E+4
5.660000E-3	0.000000E+0	1.979700E+4
5.680000E-3	0.000000E+0	1.957300E+4
5.700000E-3	0.000000E+0	1.933000E+4
5.720000E-3	0.000000E+0	1.976100E+4
5.740000E-3	0.000000E+0	1.962300E+4
5.760000E-3	0.000000E+0	1.984200E+4
5.780000E-3	0.000000E+0	1.988500E+4
5.800000E-3	0.000000E+0	1.961900E+4
5.820000E-3	0.000000E+0	1.951600E+4
5.840000E-3	0.000000E+0	1.976600E+4
5.860000E-3	0.000000E+0	1.967900E+4
5.880000E-3	0.000000E+0	1.960100E+4
5.900000E-3	0.000000E+0	1.980000E+4
5.920000E-3	0.000000E+0	1.973400E+4
5.940000E-3	0.000000E+0	1.965800E+4
5.960000E-3	0.000000E+0	1.949200E+4
5.980000E-3	0.000000E+0	1.952900E+4
6.000000E-3	0.000000E+0	1.976100E+4
6.020000E-3	0.000000E+0	1.952900E+4
6.040000E-3	0.000000E+0	1.948800E+4
6.060000E-3	0.000000E+0	1.956100E+4
6.080000E-3	0.000000E+0	1.924600E+4
6.100000E-3	0.000000E+0	1.956100E+4
6.120000E-3	0.000000E+0	1.957600E+4
6.140000E-3	0.000000E+0	1.947200E+4
6.160000E-3	0.000000E+0	1.919400E+4
6.180000E-3	0.000000E+0	1.929700E+4
6.200000E-3	0.000000E+0	1.951600E+4
6.220000E-3	0.000000E+0	1.945700E+4
6.240000E-3	0.000000E+0	1.948600E+4
6.260000E-3	0.000000E+0	1.975900E+4
6.280000E-3	0.000000E+0	1.955500E+4
6.300000E-3	0.000000E+0	1.951100E+4
6.320000E-3	0.000000E+0	1.965900E+4
6.340000E-3	0.000000E+0	1.955300E+4
6.360000E-3	0.000000E+0	1.971300E+4
6.380000E-3	0.000000E+0	1.960500E+4
6.400000E-3	0.000000E+0	1.948200E+4
6.420000E-3	0.000000E+0	1.967300E+4
6.440000E-3	0.000000E+0	1.949300E+4
6.460000E-3	0.000000E+0	1.965300E+4
6.480000E-3	0.000000E+0	1.982900E+4
6.500000E-3	0.000000E+0	1.994800E+4
6.520000E-3	0.000000E+0	1.969300E+4
6.540000E-3	0.000000E+0	1.957900E+4
6.560000E-3	0.000000E+0	1.976000E+4
6.580000E-3	0.000000E+0	1.974100E+4
6.600000E-3	0.000000E+0	1.976800E+4
6.620000E-3	0.000000E+0	1.970700E+4
6.640000E-3	0.000000E+0	1.928600E+4
6.660000E-3	0.000000E+0	1.948300E+4
6.680000E-3	0.000000E+0	1.968200E+4
6.700000E-3	0.000000E+0	1.939400E+4
6.720000E-3	0.000000E+0	1.937200E+4
6.740000E-3	0.000000E+0	1.941800E+4
6.760000E-3	0.000000E+0	1.954900E+4
6.780000E-3	0.000000E+0	1.916500E+4
6.800000E-3	0.000000E+0	1.919000E+4
6.820000E-3	0.000000E+0	1.897100E+4
6.840000E-3	0.000000E+0	1.927700E+4
6.860000E-3	0.000000E+0	1.934900E+4
6.880000E-3	0.000000E+0	1.899700E+4
6.900000E-3	0.000000E+0	1.942100E+4
6.920000E-3	0.000000E+0	1.957200E+4
6.940000E-3	0.000000E+0	1.967700E+4
6.960000E-3	0.000000E+0	1.977000E+4
6.980000E-3	0.000000E+0	1.955700E+4
7.000000E-3	0.000000E+0	1.951000E+4
7.020000E-3	0.000000E+0	1.984800E+4
7.040000E-3	0.000000E+0	1.952400E+4
7.060000E-3	0.000000E+0	1.991500E+4
7.080000E-3	0.000000E+0	1.986300E+4
7.100000E-3	0.000000E+0	1.965300E+4
7.120000E-3	0.000000E+0	1.946500E+4
7.140000E-3	0.000000E+0	1.954200E+4
7.160000E-3	0.000000E+0	1.994000E+4
7.180000E-3	0.000000E+0	1.972000E+4
7.200000E-3	0.000000E+0	1.966600E+4
7.220000E-3	0.000000E+0	1.967800E+4
7.240000E-3	0.000000E+0	1.941100E+4
7.260000E-3	0.000000E+0	1.982300E+4
7.280000E-3	0.000000E+0	1.942300E+4
7.300000E-3	0.000000E+0	1.997600E+4
7.320000E-3	0.000000E+0	1.961900E+4
7.340000E-3	0.000000E+0	1.990100E+4
7.360000E-3	0.000000E+0	1.960700E+4
7.380000E-3	0.000000E+0	1.948800E+4
7.400000E-3	0.000000E+0	1.988100E+4
7.420000E-3	0.000000E+0	1.957100E+4
7.440000E-3	0.000000E+0	1.988100E+4
7.460000E-3	0.000000E+0	1.965800E+4
7.480000E-3	0.000000E+0	1.996800E+4
7.500000E-3	0.000000E+0	2.002800E+4
7.520000E-3	0.000000E+0	1.985800E+4
7.540000E-3	0.000000E+0	1.981000E+4
7.560000E-3	0.000000E+0	1.973200E+4
7.580000E-3	0.000000E+0	1.995900E+4
7.600000E-3	0.000000E+0	1.987100E+4
7.620000E-3	0.000000E+0	1.958100E+4
7.640000E-3	0.000000E+0	1.958500E+4
7.660000E-3	0.000000E+0	1.966100E+4
7.680000E-3	0.000000E+0	1.964200E+4
7.700000E-3	0.000000E+0	1.995900E+4
7.720000E-3	0.000000E+0	1.961600E+4
7.740000E-3	0.000000E+0	1.993400E+4
7.760000E-3	0.000000E+0	1.984800E+4
7.780000E-3	0.000000E+0	1.962700E+4
7.800000E-3	0.000000E+0	1.967500E+4
7.820000E-3	0.000000E+0	1.978300E+4
7.840000E-3	0.000000E+0	1.976200E+4
7.860000E-3	0.000000E+0	1.999000E+4
7.880000E-3	0.000000E+0	1.972800E+4
7.900000E-3	0.000000E+0	1.971500E+4
7.920000E-3	0.000000E+0	1.985400E+4
7.940000E-3	0.000000E+0	1.972000E+4
7.960000E-3	0.000000E+0	1.973100E+4
7.980000E-3	0.000000E+0	1.963500E+4
8.000000E-3	0.000000E+0	1.968400E+4
8.020000E-3	0.000000E+0	1.973400E+4
8.040000E-3	0.000000E+0	1.978100E+4
8.060000E-3	0.000000E+0	1.981900E+4
8.080000E-3	0.000000E+0	1.963400E+4
8.100000E-3	0.000000E+0	1.972000E+4
8.120000E-3	0.000000E+0	1.975100E+4
8.140000E-3	0.000000E+0	1.970300E+4
8.160000E-3	0.000000E+0	1.991000E+4
8.180000E-3	0.000000E+0	1.985700E+4
8.200000E-3	0.000000E+0	1.983800E+4
8.220000E-3	0.000000E+0	1.986400E+4
8.240000E-3	0.000000E+0	1.949700E+4
8.260000E-3	0.000000E+0	1.968200E+4
8.280000E-3	0.000000E+0	1.955000E+4
8.300000E-3	0.000000E+0	1.953100E+4
8.320000E-3	0.000000E+0	1.959000E+4
8.340000E-3	0.000000E+0	2.002700E+4
8.360000E-3	0.000000E+0	1.993400E+4
8.380000E-3	0.000000E+0	1.976200E+4
8.400000E-3	0.000000E+0	1.975000E+4
8.420000E-3	0.000000E+0	1.970700E+4
8.440000E-3	0.000000E+0	1.993200E+4
8.460000E-3	0.000000E+0	1.974100E+4
8.480000E-3	0.000000E+0	1.980300E+4
8.500000E-3	0.000000E+0	1.996200E+4
8.520000E-3	0.000000E+0	1.950100E+4
8.540000E-3	0.000000E+0	1.965800E+4
8.560000E-3	0.000000E+0	1.959700E+4
8.580000E-3	0.000000E+0	1.992300E+4
8.600000E-3	0.000000E+0	1.977700E+4
8.620000E-3	0.000000E+0	1.978400E+4
8.640000E-3	0.000000E+0	1.966300E+4
8.660000E-3	0.000000E+0	1.988900E+4
8.680000E-3	0.000000E+0	1.987500E+4
8.700000E-3	0.000000E+0	1.989400E+4
8.720000E-3	0.000000E+0	1.967200E+4
8.740000E-3	0.000000E+0	1.975700E+4
8.760000E-3	0.000000E+0	1.968300E+4
8.780000E-3	0.000000E+0	1.952100E+4
8.800000E-3	0.000000E+0	1.967500E+4
8.820000E-3	0.000000E+0	1.969800E+4
8.840000E-3	0.000000E+0	1.970300E+4
8.860000E-3	0.000000E+0	1.982400E+4
8.880000E-3	0.000000E+0	1.964900E+4
8.900000E-3	0.000000E+0	1.971900E+4
8.920000E-3	0.000000E+0	1.970600E+4
8.940000E-3	0.000000E+0	1.987500E+4
8.960000E-3	0.000000E+0	1.980200E+4
8.980000E-3	0.000000E+0	1.995700E+4
9.000000E-3	0.000000E+0	2.013800E+4
9.020000E-3	0.000000E+0	1.976300E+4
9.040000E-3	0.000000E+0	1.986000E+4
9.060000E-3	0.000000E+0	1.965400E+4
9.080000E-3	0.000000E+0	1.982300E+4
9.100000E-3	0.000000E+0	1.969900E+4
9.120000E-3	0.000000E+0	1.978900E+4
9.140000E-3	0.000000E+0	1.972700E+4
9.160000E-3	0.000000E+0	1.979500E+4
9.180000E-3	0.000000E+0	1.962600E+4
9.200000E-3	0.000000E+0	1.964100E+4
9.220000E-3	0.000000E+0	1.971200E+4
9.240000E-3	0.000000E+0	1.969200E+4
9.260000E-3	0.000000E+0	1.981600E+4
9.280000E-3	0.000000E+0	1.984300E+4
9.300000E-3	0.000000E+0	1.974600E+4
9.320000E-3	0.000000E+0	1.996400E+4
9.340000E-3	0.000000E+0	1.967200E+4
9.360000E-3	0.000000E+0	1.960200E+4
9.380000E-3	0.000000E+0	1.974400E+4
9.400000E-3	0.000000E+0	1.943300E+4
9.420000E-3	0.000000E+0	1.963300E+4
9.440000E-3	0.000000E+0	1.980700E+4
9.460000E-3	0.000000E+0	1.964700E+4
9.480000E-3	0.000000E+0	1.976600E+4
9.500000E-3	0.000000E+0	1.951400E+4
9.520000E-3	0.000000E+0	1.966100E+4
9.540000E-3	0.000000E+0	1.968400E+4
9.560000E-3	0.000000E+0	1.975200E+4
9.580000E-3	0.000000E+0	1.960800E+4
9.600000E-3	0.000000E+0	1.978800E+4
9.620000E-3	0.000000E+0	1.945900E+4
9.640000E-3	0.000000E+0	1.973300E+4
9.660000E-3	0.000000E+0	1.960400E+4
9.680000E-3	0.000000E+0	1.964200E+4
9.700000E-3	0.000000E+0	2.003700E+4
9.720000E-3	0.000000E+0	1.944800E+4
9.740000E-3	0.000000E+0	1.976000E+4
9.760000E-3	0.000000E+0	1.962200E+4
9.780000E-3	0.000000E+0	1.955800E+4
9.800000E-3	0.000000E+0	1.982900E+4
9.820000E-3	0.000000E+0	1.988600E+4
9.840000E-3	0.000000E+0	1.969900E+4
9.860000E-3	0.000000E+0	1.985500E+4
9.880000E-3	0.000000E+0	1.974100E+4
9.900000E-3	0.000000E+0	1.989800E+4
9.920000E-3	0.000000E+0	1.971300E+4
9.940000E-3	0.000000E+0	1.981300E+4
9.960000E-3	0.000000E+0	1.980700E+4
9.980000E-3	0.000000E+0	2.000100E+4
1.000000E-2	0.000000E+0	1.961600E+4
1.002000E-2	0.000000E+0	1.989300E+4
1.004000E-2	0.000000E+0	1.940400E+4
1.006000E-2	0.000000E+0	2.001400E+4
1.008000E-2	0.000000E+0	1.991400E+4
1.010000E-2	0.000000E+0	1.976400E+4
1.012000E-2	0.000000E+0	1.969700E+4
1.014000E-2	0.000000E+0	1.970800E+4
1.016000E-2	0.000000E+0	1.992200E+4
1.018000E-2	0.000000E+0	1.991800E+4
1.020000E-2	0.000000E+0	1.983300E+4
1.022000E-2	0.000000E+0	1.976500E+4
1.024000E-2	0.000000E+0	1.994600E+4
1.026000E-2	0.000000E+0	1.980200E+4
1.028000E-2	0.000000E+0	1.984100E+4
1.030000E-2	0.000000E+0	1.988600E+4
1.032000E-2	0.000000E+0	1.972800E+4
1.034000E-2	0.000000E+0	1.951100E+4
1.036000E-2	0.000000E+0	2.004900E+4
1.038000E-2	0.000000E+0	1.969300E+4
1.040000E-2	0.000000E+0	1.998300E+4
1.042000E-2	0.000000E+0	1.977500E+4
1.044000E-2	0.000000E+0	1.960300E+4
1.046000E-2	0.000000E+0	1.983800E+4
1.048000E-2	0.000000E+0	1.965400E+4
1.050000E-2	0.000000E+0	1.965800E+4
1.052000E-2	0.000000E+0	1.970300E+4
1.054000E-2	0.000000E+0	1.963400E+4
1.056000E-2	0.000000E+0	1.977600E+4
1.058000E-2	0.000000E+0	1.968300E+4
1.060000E-2	0.000000E+0	1.991500E+4
1.062000E-2	0.000000E+0	1.955400E+4
1.064000E-2	0.000000E+0	1.947200E+4
1.066000E-2	0.000000E+0	1.996700E+4
1.068000E-2	0.000000E+0	1.952600E+4
1.070000E-2	0.000000E+0	1.987600E+4
1.072000E-2	0.000000E+0	1.975300E+4
1.074000E-2	0.000000E+0	1.992200E+4
1.076000E-2	0.000000E+0	1.960000E+4
1.078000E-2	0.000000E+0	1.939500E+4
1.080000E-2	0.000000E+0	1.979600E+4
1.082000E-2	0.000000E+0	1.974300E+4
1.084000E-2	0.000000E+0	1.949600E+4
1.086000E-2	0.000000E+0	1.970900E+4
1.088000E-2	0.000000E+0	1.970800E+4
1.090000E-2	0.000000E+0	1.965900E+4
1.092000E-2	0.000000E+0	1.972800E+4
1.094000E-2	0.000000E+0	1.968700E+4
1.096000E-2	0.000000E+0	1.980300E+4
1.098000E-2	0.000000E+0	1.960300E+4
1.100000E-2	0.000000E+0	1.963600E+4
1.102000E-2	0.000000E+0	1.962700E+4
1.104000E-2	0.000000E+0	1.954700E+4
1.106000E-2	0.000000E+0	1.967200E+4
1.108000E-2	0.000000E+0	1.976600E+4
1.110000E-2	0.000000E+0	1.986200E+4
1.112000E-2	0.000000E+0	1.984000E+4
1.114000E-2	0.000000E+0	1.984200E+4
1.116000E-2	0.000000E+0	1.985600E+4
1.118000E-2	0.000000E+0	1.984500E+4
1.120000E-2	0.000000E+0	1.964000E+4
1.122000E-2	0.000000E+0	1.985700E+4
1.124000E-2	0.000000E+0	1.999400E+4
1.126000E-2	0.000000E+0	1.981800E+4
1.128000E-2	0.000000E+0	1.968000E+4
1.130000E-2	0.000000E+0	1.967200E+4
1.132000E-2	0.000000E+0	1.956500E+4
1.134000E-2	0.000000E+0	1.979500E+4
1.136000E-2	0.000000E+0	1.967000E+4
1.138000E-2	0.000000E+0	1.996400E+4
1.140000E-2	0.000000E+0	1.975700E+4
1.142000E-2	0.000000E+0	1.951300E+4
1.144000E-2	0.000000E+0	1.965600E+4
1.146000E-2	0.000000E+0	1.970400E+4
1.148000E-2	0.000000E+0	1.961700E+4
1.150000E-2	0.000000E+0	1.971100E+4
1.152000E-2	0.000000E+0	2.002100E+4
1.154000E-2	0.000000E+0	1.966600E+4
1.156000E-2	0.000000E+0	1.973800E+4
1.158000E-2	0.000000E+0	1.983500E+4
1.160000E-2	0.000000E+0	1.975200E+4
1.162000E-2	0.000000E+0	1.943700E+4
1.164000E-2	0.000000E+0	1.964700E+4
1.166000E-2	0.000000E+0	1.969900E+4
1.168000E-2	0.000000E+0	1.968600E+4
1.170000E-2	0.000000E+0	2.001600E+4
1.172000E-2	0.000000E+0	1.977000E+4
1.174000E-2	0.000000E+0	1.973400E+4
1.176000E-2	0.000000E+0	1.964300E+4
1.178000E-2	0.000000E+0	1.977800E+4
1.180000E-2	0.000000E+0	1.962500E+4
1.182000E-2	0.000000E+0	1.974600E+4
1.184000E-2	0.000000E+0	1.979400E+4
1.186000E-2	0.000000E+0	2.009200E+4
1.188000E-2	0.000000E+0	1.978100E+4
1.190000E-2	0.000000E+0	1.958300E+4
1.192000E-2	0.000000E+0	1.986400E+4
1.194000E-2	0.000000E+0	1.952800E+4
1.196000E-2	0.000000E+0	1.986800E+4
1.198000E-2	0.000000E+0	1.984800E+4
1.200000E-2	0.000000E+0	1.990600E+4
1.202000E-2	0.000000E+0	1.965000E+4
1.204000E-2	0.000000E+0	1.969300E+4
1.206000E-2	0.000000E+0	1.950700E+4
1.208000E-2	0.000000E+0	1.951800E+4
1.210000E-2	0.000000E+0	1.965200E+4
1.212000E-2	0.000000E+0	1.968700E+4
1.214000E-2	0.000000E+0	1.974600E+4
1.216000E-2	0.000000E+0	1.964300E+4
1.218000E-2	0.000000E+0	1.962400E+4
1.220000E-2	0.000000E+0	1.984700E+4
1.222000E-2	0.000000E+0	1.974600E+4
1.224000E-2	0.000000E+0	1.974700E+4
1.226000E-2	0.000000E+0	2.001700E+4
1.228000E-2	0.000000E+0	1.938600E+4
1.230000E-2	0.000000E+0	1.989700E+4
1.232000E-2	0.000000E+0	1.971800E+4
1.234000E-2	0.000000E+0	1.962000E+4
1.236000E-2	0.000000E+0	1.984300E+4
1.238000E-2	0.000000E+0	1.945000E+4
1.240000E-2	0.000000E+0	1.961200E+4
1.242000E-2	0.000000E+0	2.000700E+4
1.244000E-2	0.000000E+0	1.996600E+4
1.246000E-2	0.000000E+0	1.975600E+4
1.248000E-2	0.000000E+0	1.956800E+4
1.250000E-2	0.000000E+0	1.976900E+4
1.252000E-2	0.000000E+0	1.961100E+4
1.254000E-2	0.000000E+0	1.971300E+4
1.256000E-2	0.000000E+0	1.956800E+4
1.258000E-2	0.000000E+0	1.969200E+4
1.260000E-2	0.000000E+0	1.966700E+4
1.262000E-2	0.000000E+0	1.970300E+4
1.264000E-2	0.000000E+0	1.955000E+4
1.266000E-2	0.000000E+0	1.971900E+4
1.268000E-2	0.000000E+0	1.973800E+4
1.270000E-2	0.000000E+0	1.967400E+4
1.272000E-2	0.000000E+0	1.967400E+4
1.274000E-2	0.000000E+0	1.995400E+4
1.276000E-2	0.000000E+0	1.980700E+4
1.278000E-2	0.000000E+0	1.977100E+4
1.280000E-2	0.000000E+0	1.985800E+4
1.282000E-2	0.000000E+0	1.978500E+4
1.284000E-2	0.000000E+0	1.983700E+4
1.286000E-2	0.000000E+0	1.987600E+4
1.288000E-2	0.000000E+0	1.975900E+4
1.290000E-2	0.000000E+0	1.982200E+4
1.292000E-2	0.000000E+0	1.959800E+4
1.294000E-2	0.000000E+0	1.950700E+4
1.296000E-2	0.000000E+0	2.004700E+4
1.298000E-2	0.000000E+0	1.951900E+4
1.300000E-2	0.000000E+0	1.972200E+4
1.302000E-2	0.000000E+0	1.970700E+4
1.304000E-2	0.000000E+0	1.970700E+4
1.306000E-2	0.000000E+0	1.981700E+4
1.308000E-2	0.000000E+0	1.968600E+4
1.310000E-2	0.000000E+0	1.986700E+4
1.312000E-2	0.000000E+0	1.997200E+4
1.314000E-2	0.000000E+0	1.968600E+4
1.316000E-2	0.000000E+0	1.971400E+4
1.318000E-2	0.000000E+0	1.973300E+4
1.320000E-2	0.000000E+0	1.987300E+4
1.322000E-2	0.000000E+0	1.980200E+4
1.324000E-2	0.000000E+0	1.985200E+4
1.326000E-2	0.000000E+0	1.947400E+4
1.328000E-2	0.000000E+0	1.972700E+4
1.330000E-2	0.000000E+0	1.995000E+4
1.332000E-2	0.000000E+0	1.974300E+4
1.334000E-2	0.000000E+0	1.993100E+4
1.336000E-2	0.000000E+0	1.988000E+4
1.338000E-2	0.000000E+0	1.969600E+4
1.340000E-2	0.000000E+0	1.971200E+4
1.342000E-2	0.000000E+0	2.007400E+4
1.344000E-2	0.000000E+0	1.959200E+4
1.346000E-2	0.000000E+0	1.952900E+4
1.348000E-2	0.000000E+0	1.960700E+4
1.350000E-2	0.000000E+0	1.973600E+4
1.352000E-2	0.000000E+0	1.968800E+4
1.354000E-2	0.000000E+0	1.969400E+4
1.356000E-2	0.000000E+0	1.995800E+4
1.358000E-2	0.000000E+0	2.004900E+4
1.360000E-2	0.000000E+0	1.974600E+4
1.362000E-2	0.000000E+0	1.967900E+4
1.364000E-2	0.000000E+0	1.972700E+4
1.366000E-2	0.000000E+0	1.972500E+4
1.368000E-2	0.000000E+0	2.005800E+4
1.370000E-2	0.000000E+0	1.949600E+4
1.372000E-2	0.000000E+0	1.979100E+4
1.374000E-2	0.000000E+0	1.970200E+4
1.376000E-2	0.000000E+0	2.005500E+4
1.378000E-2	0.000000E+0	1.974600E+4
1.380000E-2	0.000000E+0	1.935900E+4
1.382000E-2	0.000000E+0	1.982300E+4
1.384000E-2	0.000000E+0	1.950700E+4
1.386000E-2	0.000000E+0	1.969300E+4
1.388000E-2	0.000000E+0	1.950700E+4
1.390000E-2	0.000000E+0	1.941200E+4
1.392000E-2	0.000000E+0	1.929300E+4
1.394000E-2	0.000000E+0	1.959100E+4
1.396000E-2	0.000000E+0	1.941000E+4
1.398000E-2	0.000000E+0	1.945200E+4
1.400000E-2	0.000000E+0	1.941700E+4
1.402000E-2	0.000000E+0	1.926300E+4
1.404000E-2	0.000000E+0	1.932800E+4
1.406000E-2	0.000000E+0	1.938100E+4
1.408000E-2	0.000000E+0	1.937300E+4
1.410000E-2	0.000000E+0	1.926900E+4
1.412000E-2	0.000000E+0	1.923300E+4
1.414000E-2	0.000000E+0	1.970200E+4
1.416000E-2	0.000000E+0	1.944700E+4
1.418000E-2	0.000000E+0	1.961000E+4
1.420000E-2	0.000000E+0	1.970900E+4
1.422000E-2	0.000000E+0	1.971300E+4
1.424000E-2	0.000000E+0	1.982700E+4
1.426000E-2	0.000000E+0	1.956700E+4
1.428000E-2	0.000000E+0	1.979400E+4
1.430000E-2	0.000000E+0	1.987200E+4
1.432000E-2	0.000000E+0	1.978100E+4
1.434000E-2	0.000000E+0	1.978200E+4
1.436000E-2	0.000000E+0	1.982700E+4
1.438000E-2	0.000000E+0	1.971100E+4
1.440000E-2	0.000000E+0	1.957600E+4
1.442000E-2	0.000000E+0	1.959400E+4
1.444000E-2	0.000000E+0	1.946900E+4
1.446000E-2	0.000000E+0	1.967900E+4
1.448000E-2	0.000000E+0	1.986700E+4
1.450000E-2	0.000000E+0	1.964600E+4
1.452000E-2	0.000000E+0	1.950600E+4
1.454000E-2	0.000000E+0	1.955300E+4
1.456000E-2	0.000000E+0	1.977200E+4
1.458000E-2	0.000000E+0	1.972200E+4
1.460000E-2	0.000000E+0	1.970800E+4
1.462000E-2	0.000000E+0	1.960000E+4
1.464000E-2	0.000000E+0	1.945400E+4
1.466000E-2	0.000000E+0	1.958400E+4
1.468000E-2	0.000000E+0	1.920000E+4
1.470000E-2	0.000000E+0	1.941700E+4
1.472000E-2	0.000000E+0	1.974800E+4
1.474000E-2	0.000000E+0	1.939100E+4
1.476000E-2	0.000000E+0	1.948000E+4
1.478000E-2	0.000000E+0	1.958300E+4
1.480000E-2	0.000000E+0	1.946900E+4
1.482000E-2	0.000000E+0	1.964600E+4
1.484000E-2	0.000000E+0	1.958300E+4
1.486000E-2	0.000000E+0	1.968300E+4
1.488000E-2	0.000000E+0	1.974800E+4
1.490000E-2	0.000000E+0	1.952600E+4
1.492000E-2	0.000000E+0	1.985600E+4
1.494000E-2	0.000000E+0	1.993600E+4
1.496000E-2	0.000000E+0	1.955900E+4
1.498000E-2	0.000000E+0	1.974200E+4
1.500000E-2	0.000000E+0	1.964500E+4
1.502000E-2	0.000000E+0	1.962800E+4
1.504000E-2	0.000000E+0	1.976400E+4
1.506000E-2	0.000000E+0	1.984900E+4
1.508000E-2	0.000000E+0	1.996800E+4
1.510000E-2	0.000000E+0	1.995500E+4
1.512000E-2	0.000000E+0	1.967500E+4
1.514000E-2	0.000000E+0	1.962800E+4
1.516000E-2	0.000000E+0	1.963800E+4
1.518000E-2	0.000000E+0	2.009200E+4
1.520000E-2	0.000000E+0	1.958600E+4
1.522000E-2	0.000000E+0	1.980900E+4
1.524000E-2	0.000000E+0	1.962100E+4
1.526000E-2	0.000000E+0	1.973000E+4
1.528000E-2	0.000000E+0	1.989100E+4
1.530000E-2	0.000000E+0	1.970400E+4
1.532000E-2	0.000000E+0	1.954300E+4
1.534000E-2	0.000000E+0	1.969000E+4
1.536000E-2	0.000000E+0	1.968500E+4
1.538000E-2	0.000000E+0	1.951100E+4
1.540000E-2	0.000000E+0	1.985900E+4
1.542000E-2	0.000000E+0	1.953300E+4
1.544000E-2	0.000000E+0	1.958600E+4
1.546000E-2	0.000000E+0	1.985600E+4
1.548000E-2	0.000000E+0	1.955200E+4
1.550000E-2	0.000000E+0	1.966400E+4
1.552000E-2	0.000000E+0	1.958200E+4
1.554000E-2	0.000000E+0	1.956300E+4
1.556000E-2	0.000000E+0	1.968500E+4
1.558000E-2	0.000000E+0	1.959400E+4
1.560000E-2	0.000000E+0	1.987600E+4
1.562000E-2	0.000000E+0	1.971400E+4
1.564000E-2	0.000000E+0	1.982100E+4
1.566000E-2	0.000000E+0	1.966700E+4
1.568000E-2	0.000000E+0	1.971100E+4
1.570000E-2	0.000000E+0	1.960800E+4
1.572000E-2	0.000000E+0	1.980700E+4
1.574000E-2	0.000000E+0	1.960600E+4
1.576000E-2	0.000000E+0	1.976700E+4
1.578000E-2	0.000000E+0	1.988100E+4
1.580000E-2	0.000000E+0	1.979000E+4
1.582000E-2	0.000000E+0	1.954400E+4
1.584000E-2	0.000000E+0	1.941000E+4
1.586000E-2	0.000000E+0	1.988000E+4
1.588000E-2	0.000000E+0	1.972000E+4
1.590000E-2	0.000000E+0	1.977000E+4
1.592000E-2	0.000000E+0	1.961600E+4
1.594000E-2	0.000000E+0	1.969900E+4
1.596000E-2	0.000000E+0	1.991600E+4
1.598000E-2	0.000000E+0	1.986800E+4
1.600000E-2	0.000000E+0	2.004200E+4
1.602000E-2	0.000000E+0	1.971400E+4
1.604000E-2	0.000000E+0	1.984700E+4
1.606000E-2	0.000000E+0	1.963000E+4
1.608000E-2	0.000000E+0	1.988400E+4
1.610000E-2	0.000000E+0	1.973000E+4
1.612000E-2	0.000000E+0	1.971000E+4
1.614000E-2	0.000000E+0	1.952800E+4
1.616000E-2	0.000000E+0	1.990900E+4
1.618000E-2	0.000000E+0	1.966500E+4
1.620000E-2	0.000000E+0	2.007800E+4
1.622000E-2	0.000000E+0	1.961600E+4
1.624000E-2	0.000000E+0	1.982300E+4
1.626000E-2	0.000000E+0	1.961000E+4
1.628000E-2	0.000000E+0	2.001300E+4
1.630000E-2	0.000000E+0	1.950700E+4
1.632000E-2	0.000000E+0	1.963100E+4
1.634000E-2	0.000000E+0	1.955200E+4
1.636000E-2	0.000000E+0	1.986400E+4
1.638000E-2	0.000000E+0	1.963000E+4
1.640000E-2	0.000000E+0	1.933800E+4
1.642000E-2	0.000000E+0	1.975900E+4
1.644000E-2	0.000000E+0	1.985200E+4
1.646000E-2	0.000000E+0	1.953800E+4
1.648000E-2	0.000000E+0	1.977600E+4
1.650000E-2	0.000000E+0	1.938200E+4
1.652000E-2	0.000000E+0	1.950900E+4
1.654000E-2	0.000000E+0	1.951800E+4
1.656000E-2	0.000000E+0	1.969100E+4
1.658000E-2	0.000000E+0	1.940100E+4
1.660000E-2	0.000000E+0	1.960700E+4
1.662000E-2	0.000000E+0	1.971600E+4
1.664000E-2	0.000000E+0	1.957500E+4
1.666000E-2	0.000000E+0	1.943300E+4
1.668000E-2	0.000000E+0	1.979900E+4
1.670000E-2	0.000000E+0	1.955800E+4
1.672000E-2	0.000000E+0	1.958800E+4
1.674000E-2	0.000000E+0	1.965400E+4
1.676000E-2	0.000000E+0	1.966400E+4
1.678000E-2	0.000000E+0	1.998700E+4
1.680000E-2	0.000000E+0	1.989200E+4
1.682000E-2	0.000000E+0	1.988300E+4
1.684000E-2	0.000000E+0	1.972600E+4
1.686000E-2	0.000000E+0	1.989100E+4
1.688000E-2	0.000000E+0	1.947200E+4
1.690000E-2	0.000000E+0	1.969400E+4
1.692000E-2	0.000000E+0	1.954900E+4
1.694000E-2	0.000000E+0	1.966100E+4
1.696000E-2	0.000000E+0	1.971600E+4
1.698000E-2	0.000000E+0	1.969000E+4
1.700000E-2	0.000000E+0	1.960000E+4
1.702000E-2	0.000000E+0	1.995300E+4
1.704000E-2	0.000000E+0	1.957600E+4
1.706000E-2	0.000000E+0	1.961400E+4
1.708000E-2	0.000000E+0	1.957400E+4
1.710000E-2	0.000000E+0	1.915500E+4
1.712000E-2	0.000000E+0	1.936400E+4
1.714000E-2	0.000000E+0	1.930000E+4
1.716000E-2	0.000000E+0	1.952900E+4
1.718000E-2	0.000000E+0	1.917100E+4
1.720000E-2	0.000000E+0	1.932800E+4
1.722000E-2	0.000000E+0	1.931200E+4
1.724000E-2	0.000000E+0	1.921800E+4
1.726000E-2	0.000000E+0	1.922300E+4
1.728000E-2	0.000000E+0	1.934900E+4
1.730000E-2	0.000000E+0	1.949700E+4
1.732000E-2	0.000000E+0	1.948800E+4
1.734000E-2	0.000000E+0	1.953800E+4
1.736000E-2	0.000000E+0	1.968500E+4
1.738000E-2	0.000000E+0	1.967900E+4
1.740000E-2	0.000000E+0	1.980200E+4
1.742000E-2	0.000000E+0	1.973600E+4
1.744000E-2	0.000000E+0	1.955800E+4
1.746000E-2	0.000000E+0	1.971900E+4
1.748000E-2	0.000000E+0	1.971100E+4
1.750000E-2	0.000000E+0	1.957100E+4
1.752000E-2	0.000000E+0	1.968900E+4
1.754000E-2	0.000000E+0	1.977100E+4
1.756000E-2	0.000000E+0	2.008000E+4
1.758000E-2	0.000000E+0	1.995400E+4
1.760000E-2	0.000000E+0	1.982100E+4
1.762000E-2	0.000000E+0	1.962500E+4
1.764000E-2	0.000000E+0	1.973600E+4
1.766000E-2	0.000000E+0	1.966600E+4
1.768000E-2	0.000000E+0	1.979400E+4
1.770000E-2	0.000000E+0	1.969400E+4
1.772000E-2	0.000000E+0	1.978600E+4
1.774000E-2	0.000000E+0	1.980700E+4
1.776000E-2	0.000000E+0	2.006800E+4
1.778000E-2	0.000000E+0	1.972700E+4
1.780000E-2	0.000000E+0	1.951500E+4
1.782000E-2	0.000000E+0	1.977000E+4
1.784000E-2	0.000000E+0	1.976000E+4
1.786000E-2	0.000000E+0	1.968500E+4
1.788000E-2	0.000000E+0	1.972400E+4
1.790000E-2	0.000000E+0	1.965700E+4
1.792000E-2	0.000000E+0	1.982600E+4
1.794000E-2	0.000000E+0	1.971600E+4
1.796000E-2	0.000000E+0	1.993600E+4
1.798000E-2	0.000000E+0	1.976600E+4
1.800000E-2	0.000000E+0	2.001500E+4
1.802000E-2	0.000000E+0	1.960200E+4
1.804000E-2	0.000000E+0	1.992900E+4
1.806000E-2	0.000000E+0	1.988800E+4
1.808000E-2	0.000000E+0	1.970100E+4
1.810000E-2	0.000000E+0	1.983700E+4
1.812000E-2	0.000000E+0	1.972000E+4
1.814000E-2	0.000000E+0	1.967600E+4
1.816000E-2	0.000000E+0	1.985500E+4
1.818000E-2	0.000000E+0	1.964200E+4
1.820000E-2	0.000000E+0	1.962900E+4
1.822000E-2	0.000000E+0	1.990600E+4
1.824000E-2	0.000000E+0	1.985900E+4
1.826000E-2	0.000000E+0	1.950900E+4
1.828000E-2	0.000000E+0	1.968700E+4
1.830000E-2	0.000000E+0	1.971200E+4
1.832000E-2	0.000000E+0	1.970000E+4
1.834000E-2	0.000000E+0	1.989900E+4
1.836000E-2	0.000000E+0	1.943400E+4
1.838000E-2	0.000000E+0	1.961800E+4
1.840000E-2	0.000000E+0	1.973100E+4
1.842000E-2	0.000000E+0	1.976100E+4
1.844000E-2	0.000000E+0	1.979600E+4
1.846000E-2	0.000000E+0	1.988000E+4
1.848000E-2	0.000000E+0	1.957600E+4
1.850000E-2	0.000000E+0	1.979700E+4
1.852000E-2	0.000000E+0	1.972000E+4
1.854000E-2	0.000000E+0	1.975500E+4
1.856000E-2	0.000000E+0	1.986800E+4
1.858000E-2	0.000000E+0	1.982100E+4
1.860000E-2	0.000000E+0	1.962200E+4
1.862000E-2	0.000000E+0	1.954300E+4
1.864000E-2	0.000000E+0	1.986100E+4
1.866000E-2	0.000000E+0	1.968400E+4
1.868000E-2	0.000000E+0	1.964600E+4
1.870000E-2	0.000000E+0	1.976200E+4
1.872000E-2	0.000000E+0	1.965900E+4
1.874000E-2	0.000000E+0	1.977400E+4
1.876000E-2	0.000000E+0	1.971900E+4
1.878000E-2	0.000000E+0	1.976300E+4
1.880000E-2	0.000000E+0	1.964700E+4
1.882000E-2	0.000000E+0	1.977500E+4
1.884000E-2	0.000000E+0	1.961400E+4
1.886000E-2	0.000000E+0	1.947700E+4
1.888000E-2	0.000000E+0	1.979200E+4
1.890000E-2	0.000000E+0	1.972600E+4
1.892000E-2	0.000000E+0	1.972500E+4
1.894000E-2	0.000000E+0	1.950300E+4
1.896000E-2	0.000000E+0	1.976600E+4
1.898000E-2	0.000000E+0	1.953500E+4
1.900000E-2	0.000000E+0	2.000100E+4
1.902000E-2	0.000000E+0	1.990200E+4
1.904000E-2	0.000000E+0	1.990700E+4
1.906000E-2	0.000000E+0	1.967400E+4
1.908000E-2	0.000000E+0	1.979000E+4
1.910000E-2	0.000000E+0	1.965400E+4
1.912000E-2	0.000000E+0	1.974100E+4
1.914000E-2	0.000000E+0	1.991700E+4
1.916000E-2	0.000000E+0	1.949100E+4
1.918000E-2	0.000000E+0	2.001400E+4
1.920000E-2	0.000000E+0	1.984200E+4
1.922000E-2	0.000000E+0	1.958100E+4
1.924000E-2	0.000000E+0	1.966100E+4
1.926000E-2	0.000000E+0	1.982400E+4
1.928000E-2	0.000000E+0	1.966000E+4
1.930000E-2	0.000000E+0	1.963400E+4
1.932000E-2	0.000000E+0	1.982200E+4
1.934000E-2	0.000000E+0	1.998700E+4
1.936000E-2	0.000000E+0	1.968300E+4
1.938000E-2	0.000000E+0	1.968500E+4
1.940000E-2	0.000000E+0	1.972300E+4
1.942000E-2	0.000000E+0	1.989400E+4
1.944000E-2	0.000000E+0	1.967800E+4
1.946000E-2	0.000000E+0	1.976800E+4
1.948000E-2	0.000000E+0	1.968800E+4
1.950000E-2	0.000000E+0	1.967500E+4
1.952000E-2	0.000000E+0	1.977300E+4
1.954000E-2	0.000000E+0	1.968300E+4
1.956000E-2	0.000000E+0	1.978200E+4
1.958000E-2	0.000000E+0	1.963500E+4
1.960000E-2	0.000000E+0	1.995600E+4
1.962000E-2	0.000000E+0	1.992100E+4
1.964000E-2	0.000000E+0	1.980700E+4
1.966000E-2	0.000000E+0	1.972600E+4
1.968000E-2	0.000000E+0	1.954900E+4
1.970000E-2	0.000000E+0	1.991600E+4
1.972000E-2	0.000000E+0	1.964000E+4
1.974000E-2	0.000000E+0	1.991300E+4
1.976000E-2	0.000000E+0	1.975300E+4
1.978000E-2	0.000000E+0	1.957300E+4
1.980000E-2	0.000000E+0	1.971500E+4
1.982000E-2	0.000000E+0	1.977500E+4
1.984000E-2	0.000000E+0	1.989900E+4
1.986000E-2	0.000000E+0	1.992100E+4
1.988000E-2	0.000000E+0	1.976000E+4
1.990000E-2	0.000000E+0	1.961600E+4
1.992000E-2	0.000000E+0	1.968900E+4
1.994000E-2	0.000000E+0	1.964300E+4
1.996000E-2	0.000000E+0	1.986300E+4
1.998000E-2	0.000000E+0	1.955500E+4
