

live time:  36177.240000
real time:  50408.136000
sweeps:  1808862.000000
0.000000E+0	0.000000E+0	0.000000E+0
2.000000E-5	0.000000E+0	7.950500E+4
4.000000E-5	0.000000E+0	7.975200E+4
6.000000E-5	0.000000E+0	7.934100E+4
8.000000E-5	0.000000E+0	7.973400E+4
1.000000E-4	0.000000E+0	7.935000E+4
1.200000E-4	0.000000E+0	7.946400E+4
1.400000E-4	0.000000E+0	7.956500E+4
1.600000E-4	0.000000E+0	7.965500E+4
1.800000E-4	0.000000E+0	7.940600E+4
2.000000E-4	0.000000E+0	7.938400E+4
2.200000E-4	0.000000E+0	7.905800E+4
2.400000E-4	0.000000E+0	7.904900E+4
2.600000E-4	0.000000E+0	7.914900E+4
2.800000E-4	0.000000E+0	7.923600E+4
3.000000E-4	0.000000E+0	7.978500E+4
3.200000E-4	0.000000E+0	7.980800E+4
3.400000E-4	0.000000E+0	7.920100E+4
3.600000E-4	0.000000E+0	7.936500E+4
3.800000E-4	0.000000E+0	7.863800E+4
4.000000E-4	0.000000E+0	7.955800E+4
4.200000E-4	0.000000E+0	7.912100E+4
4.400000E-4	0.000000E+0	7.936700E+4
4.600000E-4	0.000000E+0	7.969500E+4
4.800000E-4	0.000000E+0	7.932600E+4
5.000000E-4	0.000000E+0	7.977100E+4
5.200000E-4	0.000000E+0	7.949200E+4
5.400000E-4	0.000000E+0	7.903600E+4
5.600000E-4	0.000000E+0	7.874800E+4
5.800000E-4	0.000000E+0	7.944000E+4
6.000000E-4	0.000000E+0	7.962800E+4
6.200000E-4	0.000000E+0	7.916400E+4
6.400000E-4	0.000000E+0	7.973400E+4
6.600000E-4	0.000000E+0	7.915800E+4
6.800000E-4	0.000000E+0	7.945600E+4
7.000000E-4	0.000000E+0	7.958900E+4
7.200000E-4	0.000000E+0	7.991900E+4
7.400000E-4	0.000000E+0	7.939400E+4
7.600000E-4	0.000000E+0	7.936400E+4
7.800000E-4	0.000000E+0	7.903600E+4
8.000000E-4	0.000000E+0	7.923900E+4
8.200000E-4	0.000000E+0	7.950800E+4
8.400000E-4	0.000000E+0	7.930600E+4
8.600000E-4	0.000000E+0	7.898700E+4
8.800000E-4	0.000000E+0	7.928200E+4
9.000000E-4	0.000000E+0	7.941100E+4
9.200000E-4	0.000000E+0	7.906300E+4
9.400000E-4	0.000000E+0	7.943300E+4
9.600000E-4	0.000000E+0	7.915300E+4
9.800000E-4	0.000000E+0	7.995500E+4
1.000000E-3	0.000000E+0	7.952600E+4
1.020000E-3	0.000000E+0	7.933000E+4
1.040000E-3	0.000000E+0	7.941900E+4
1.060000E-3	0.000000E+0	7.910300E+4
1.080000E-3	0.000000E+0	7.956400E+4
1.100000E-3	0.000000E+0	7.908600E+4
1.120000E-3	0.000000E+0	7.938900E+4
1.140000E-3	0.000000E+0	7.902300E+4
1.160000E-3	0.000000E+0	7.936100E+4
1.180000E-3	0.000000E+0	7.892600E+4
1.200000E-3	0.000000E+0	7.945000E+4
1.220000E-3	0.000000E+0	7.936400E+4
1.240000E-3	0.000000E+0	7.924400E+4
1.260000E-3	0.000000E+0	7.895200E+4
1.280000E-3	0.000000E+0	7.981600E+4
1.300000E-3	0.000000E+0	7.862500E+4
1.320000E-3	0.000000E+0	7.966700E+4
1.340000E-3	0.000000E+0	7.918600E+4
1.360000E-3	0.000000E+0	7.885500E+4
1.380000E-3	0.000000E+0	7.957500E+4
1.400000E-3	0.000000E+0	7.958700E+4
1.420000E-3	0.000000E+0	7.935300E+4
1.440000E-3	0.000000E+0	7.905400E+4
1.460000E-3	0.000000E+0	7.889100E+4
1.480000E-3	0.000000E+0	7.924900E+4
1.500000E-3	0.000000E+0	7.946000E+4
1.520000E-3	0.000000E+0	7.998600E+4
1.540000E-3	0.000000E+0	7.973500E+4
1.560000E-3	0.000000E+0	7.909800E+4
1.580000E-3	0.000000E+0	7.956700E+4
1.600000E-3	0.000000E+0	7.959200E+4
1.620000E-3	0.000000E+0	7.908100E+4
1.640000E-3	0.000000E+0	7.910900E+4
1.660000E-3	0.000000E+0	7.965900E+4
1.680000E-3	0.000000E+0	7.959000E+4
1.700000E-3	0.000000E+0	7.891000E+4
1.720000E-3	0.000000E+0	7.970700E+4
1.740000E-3	0.000000E+0	7.996400E+4
1.760000E-3	0.000000E+0	7.974900E+4
1.780000E-3	0.000000E+0	8.006000E+4
1.800000E-3	0.000000E+0	7.959900E+4
1.820000E-3	0.000000E+0	7.931400E+4
1.840000E-3	0.000000E+0	7.954100E+4
1.860000E-3	0.000000E+0	7.999800E+4
1.880000E-3	0.000000E+0	7.966900E+4
1.900000E-3	0.000000E+0	7.962200E+4
1.920000E-3	0.000000E+0	7.929200E+4
1.940000E-3	0.000000E+0	7.947200E+4
1.960000E-3	0.000000E+0	7.949400E+4
1.980000E-3	0.000000E+0	8.002500E+4
2.000000E-3	0.000000E+0	7.939300E+4
2.020000E-3	0.000000E+0	7.951400E+4
2.040000E-3	0.000000E+0	7.933000E+4
2.060000E-3	0.000000E+0	7.957800E+4
2.080000E-3	0.000000E+0	7.959000E+4
2.100000E-3	0.000000E+0	7.957600E+4
2.120000E-3	0.000000E+0	7.940100E+4
2.140000E-3	0.000000E+0	7.991600E+4
2.160000E-3	0.000000E+0	7.925200E+4
2.180000E-3	0.000000E+0	7.984400E+4
2.200000E-3	0.000000E+0	7.980300E+4
2.220000E-3	0.000000E+0	7.974800E+4
2.240000E-3	0.000000E+0	7.959000E+4
2.260000E-3	0.000000E+0	7.976200E+4
2.280000E-3	0.000000E+0	7.947000E+4
2.300000E-3	0.000000E+0	7.948400E+4
2.320000E-3	0.000000E+0	7.979200E+4
2.340000E-3	0.000000E+0	7.944600E+4
2.360000E-3	0.000000E+0	7.952600E+4
2.380000E-3	0.000000E+0	8.001800E+4
2.400000E-3	0.000000E+0	7.927200E+4
2.420000E-3	0.000000E+0	7.934600E+4
2.440000E-3	0.000000E+0	7.865900E+4
2.460000E-3	0.000000E+0	7.931400E+4
2.480000E-3	0.000000E+0	7.956600E+4
2.500000E-3	0.000000E+0	7.961400E+4
2.520000E-3	0.000000E+0	7.927800E+4
2.540000E-3	0.000000E+0	7.934200E+4
2.560000E-3	0.000000E+0	7.992200E+4
2.580000E-3	0.000000E+0	7.913900E+4
2.600000E-3	0.000000E+0	7.961400E+4
2.620000E-3	0.000000E+0	7.958000E+4
2.640000E-3	0.000000E+0	7.939400E+4
2.660000E-3	0.000000E+0	7.941000E+4
2.680000E-3	0.000000E+0	7.955700E+4
2.700000E-3	0.000000E+0	7.975900E+4
2.720000E-3	0.000000E+0	7.969400E+4
2.740000E-3	0.000000E+0	7.966800E+4
2.760000E-3	0.000000E+0	7.956500E+4
2.780000E-3	0.000000E+0	7.975400E+4
2.800000E-3	0.000000E+0	7.923300E+4
2.820000E-3	0.000000E+0	7.943800E+4
2.840000E-3	0.000000E+0	7.909200E+4
2.860000E-3	0.000000E+0	7.945900E+4
2.880000E-3	0.000000E+0	7.978600E+4
2.900000E-3	0.000000E+0	7.942900E+4
2.920000E-3	0.000000E+0	7.978900E+4
2.940000E-3	0.000000E+0	7.958300E+4
2.960000E-3	0.000000E+0	7.944700E+4
2.980000E-3	0.000000E+0	7.938800E+4
3.000000E-3	0.000000E+0	7.952600E+4
3.020000E-3	0.000000E+0	7.939400E+4
3.040000E-3	0.000000E+0	7.952000E+4
3.060000E-3	0.000000E+0	8.003500E+4
3.080000E-3	0.000000E+0	7.962900E+4
3.100000E-3	0.000000E+0	7.895200E+4
3.120000E-3	0.000000E+0	7.916200E+4
3.140000E-3	0.000000E+0	7.961800E+4
3.160000E-3	0.000000E+0	7.971600E+4
3.180000E-3	0.000000E+0	8.001000E+4
3.200000E-3	0.000000E+0	7.982400E+4
3.220000E-3	0.000000E+0	7.946100E+4
3.240000E-3	0.000000E+0	7.891100E+4
3.260000E-3	0.000000E+0	7.974400E+4
3.280000E-3	0.000000E+0	7.919700E+4
3.300000E-3	0.000000E+0	7.901800E+4
3.320000E-3	0.000000E+0	7.954000E+4
3.340000E-3	0.000000E+0	7.932600E+4
3.360000E-3	0.000000E+0	7.954700E+4
3.380000E-3	0.000000E+0	7.893500E+4
3.400000E-3	0.000000E+0	7.979800E+4
3.420000E-3	0.000000E+0	7.928500E+4
3.440000E-3	0.000000E+0	7.934500E+4
3.460000E-3	0.000000E+0	7.975700E+4
3.480000E-3	0.000000E+0	7.928600E+4
3.500000E-3	0.000000E+0	7.998800E+4
3.520000E-3	0.000000E+0	7.945400E+4
3.540000E-3	0.000000E+0	7.922900E+4
3.560000E-3	0.000000E+0	7.906200E+4
3.580000E-3	0.000000E+0	7.947400E+4
3.600000E-3	0.000000E+0	7.946500E+4
3.620000E-3	0.000000E+0	7.886100E+4
3.640000E-3	0.000000E+0	7.945300E+4
3.660000E-3	0.000000E+0	7.930900E+4
3.680000E-3	0.000000E+0	7.899400E+4
3.700000E-3	0.000000E+0	7.929000E+4
3.720000E-3	0.000000E+0	7.964600E+4
3.740000E-3	0.000000E+0	7.973200E+4
3.760000E-3	0.000000E+0	7.986200E+4
3.780000E-3	0.000000E+0	7.968900E+4
3.800000E-3	0.000000E+0	7.965800E+4
3.820000E-3	0.000000E+0	7.900400E+4
3.840000E-3	0.000000E+0	7.972000E+4
3.860000E-3	0.000000E+0	7.928900E+4
3.880000E-3	0.000000E+0	7.952000E+4
3.900000E-3	0.000000E+0	7.931600E+4
3.920000E-3	0.000000E+0	7.982600E+4
3.940000E-3	0.000000E+0	8.008000E+4
3.960000E-3	0.000000E+0	7.972600E+4
3.980000E-3	0.000000E+0	7.935900E+4
4.000000E-3	0.000000E+0	7.990100E+4
4.020000E-3	0.000000E+0	7.934700E+4
4.040000E-3	0.000000E+0	7.923900E+4
4.060000E-3	0.000000E+0	7.919500E+4
4.080000E-3	0.000000E+0	7.953900E+4
4.100000E-3	0.000000E+0	7.958100E+4
4.120000E-3	0.000000E+0	7.932300E+4
4.140000E-3	0.000000E+0	7.958000E+4
4.160000E-3	0.000000E+0	7.956300E+4
4.180000E-3	0.000000E+0	7.877500E+4
4.200000E-3	0.000000E+0	7.894500E+4
4.220000E-3	0.000000E+0	7.880700E+4
4.240000E-3	0.000000E+0	8.002700E+4
4.260000E-3	0.000000E+0	7.885400E+4
4.280000E-3	0.000000E+0	7.941000E+4
4.300000E-3	0.000000E+0	7.979800E+4
4.320000E-3	0.000000E+0	7.911400E+4
4.340000E-3	0.000000E+0	7.952400E+4
4.360000E-3	0.000000E+0	7.973900E+4
4.380000E-3	0.000000E+0	7.897700E+4
4.400000E-3	0.000000E+0	7.994700E+4
4.420000E-3	0.000000E+0	7.934600E+4
4.440000E-3	0.000000E+0	7.923200E+4
4.460000E-3	0.000000E+0	7.967000E+4
4.480000E-3	0.000000E+0	7.901600E+4
4.500000E-3	0.000000E+0	7.911000E+4
4.520000E-3	0.000000E+0	7.952500E+4
4.540000E-3	0.000000E+0	7.962100E+4
4.560000E-3	0.000000E+0	7.909300E+4
4.580000E-3	0.000000E+0	7.921900E+4
4.600000E-3	0.000000E+0	7.928100E+4
4.620000E-3	0.000000E+0	7.923500E+4
4.640000E-3	0.000000E+0	7.924400E+4
4.660000E-3	0.000000E+0	7.923100E+4
4.680000E-3	0.000000E+0	7.945100E+4
4.700000E-3	0.000000E+0	7.938500E+4
4.720000E-3	0.000000E+0	7.957300E+4
4.740000E-3	0.000000E+0	7.875500E+4
4.760000E-3	0.000000E+0	7.952900E+4
4.780000E-3	0.000000E+0	7.939900E+4
4.800000E-3	0.000000E+0	7.940100E+4
4.820000E-3	0.000000E+0	7.910100E+4
4.840000E-3	0.000000E+0	7.974500E+4
4.860000E-3	0.000000E+0	7.954500E+4
4.880000E-3	0.000000E+0	7.937700E+4
4.900000E-3	0.000000E+0	7.883700E+4
4.920000E-3	0.000000E+0	7.866500E+4
4.940000E-3	0.000000E+0	7.843300E+4
4.960000E-3	0.000000E+0	7.815800E+4
4.980000E-3	0.000000E+0	7.845100E+4
5.000000E-3	0.000000E+0	7.826500E+4
5.020000E-3	0.000000E+0	7.830700E+4
5.040000E-3	0.000000E+0	7.735100E+4
5.060000E-3	0.000000E+0	7.741200E+4
5.080000E-3	0.000000E+0	7.688100E+4
5.100000E-3	0.000000E+0	7.679600E+4
5.120000E-3	0.000000E+0	7.684300E+4
5.140000E-3	0.000000E+0	7.741300E+4
5.160000E-3	0.000000E+0	7.736700E+4
5.180000E-3	0.000000E+0	7.762800E+4
5.200000E-3	0.000000E+0	7.783900E+4
5.220000E-3	0.000000E+0	7.806000E+4
5.240000E-3	0.000000E+0	7.829300E+4
5.260000E-3	0.000000E+0	7.873300E+4
5.280000E-3	0.000000E+0	7.857600E+4
5.300000E-3	0.000000E+0	7.878800E+4
5.320000E-3	0.000000E+0	7.883200E+4
5.340000E-3	0.000000E+0	7.901600E+4
5.360000E-3	0.000000E+0	7.915700E+4
5.380000E-3	0.000000E+0	7.930300E+4
5.400000E-3	0.000000E+0	7.950800E+4
5.420000E-3	0.000000E+0	7.955500E+4
5.440000E-3	0.000000E+0	7.891200E+4
5.460000E-3	0.000000E+0	7.921100E+4
5.480000E-3	0.000000E+0	7.898200E+4
5.500000E-3	0.000000E+0	7.922900E+4
5.520000E-3	0.000000E+0	7.878400E+4
5.540000E-3	0.000000E+0	7.907900E+4
5.560000E-3	0.000000E+0	7.872100E+4
5.580000E-3	0.000000E+0	7.853700E+4
5.600000E-3	0.000000E+0	7.786400E+4
5.620000E-3	0.000000E+0	7.791000E+4
5.640000E-3	0.000000E+0	7.814700E+4
5.660000E-3	0.000000E+0	7.805000E+4
5.680000E-3	0.000000E+0	7.833200E+4
5.700000E-3	0.000000E+0	7.779800E+4
5.720000E-3	0.000000E+0	7.737700E+4
5.740000E-3	0.000000E+0	7.677800E+4
5.760000E-3	0.000000E+0	7.697200E+4
5.780000E-3	0.000000E+0	7.754800E+4
5.800000E-3	0.000000E+0	7.757800E+4
5.820000E-3	0.000000E+0	7.793200E+4
5.840000E-3	0.000000E+0	7.783600E+4
5.860000E-3	0.000000E+0	7.827600E+4
5.880000E-3	0.000000E+0	7.824000E+4
5.900000E-3	0.000000E+0	7.869200E+4
5.920000E-3	0.000000E+0	7.893900E+4
5.940000E-3	0.000000E+0	7.863400E+4
5.960000E-3	0.000000E+0	7.915700E+4
5.980000E-3	0.000000E+0	7.961800E+4
6.000000E-3	0.000000E+0	7.920400E+4
6.020000E-3	0.000000E+0	7.995900E+4
6.040000E-3	0.000000E+0	7.971000E+4
6.060000E-3	0.000000E+0	7.944100E+4
6.080000E-3	0.000000E+0	7.943200E+4
6.100000E-3	0.000000E+0	7.943000E+4
6.120000E-3	0.000000E+0	7.921500E+4
6.140000E-3	0.000000E+0	7.885200E+4
6.160000E-3	0.000000E+0	7.926400E+4
6.180000E-3	0.000000E+0	7.922000E+4
6.200000E-3	0.000000E+0	7.957100E+4
6.220000E-3	0.000000E+0	7.918800E+4
6.240000E-3	0.000000E+0	7.883100E+4
6.260000E-3	0.000000E+0	7.934000E+4
6.280000E-3	0.000000E+0	7.968700E+4
6.300000E-3	0.000000E+0	7.926300E+4
6.320000E-3	0.000000E+0	7.929300E+4
6.340000E-3	0.000000E+0	7.957200E+4
6.360000E-3	0.000000E+0	7.895500E+4
6.380000E-3	0.000000E+0	7.931000E+4
6.400000E-3	0.000000E+0	7.953300E+4
6.420000E-3	0.000000E+0	7.947900E+4
6.440000E-3	0.000000E+0	7.951200E+4
6.460000E-3	0.000000E+0	7.937700E+4
6.480000E-3	0.000000E+0	7.940900E+4
6.500000E-3	0.000000E+0	7.915500E+4
6.520000E-3	0.000000E+0	7.938000E+4
6.540000E-3	0.000000E+0	7.908800E+4
6.560000E-3	0.000000E+0	7.991600E+4
6.580000E-3	0.000000E+0	7.959400E+4
6.600000E-3	0.000000E+0	8.022200E+4
6.620000E-3	0.000000E+0	7.957000E+4
6.640000E-3	0.000000E+0	7.904600E+4
6.660000E-3	0.000000E+0	7.868700E+4
6.680000E-3	0.000000E+0	7.916900E+4
6.700000E-3	0.000000E+0	7.915200E+4
6.720000E-3	0.000000E+0	7.890700E+4
6.740000E-3	0.000000E+0	7.929800E+4
6.760000E-3	0.000000E+0	7.988300E+4
6.780000E-3	0.000000E+0	7.899100E+4
6.800000E-3	0.000000E+0	7.942800E+4
6.820000E-3	0.000000E+0	7.937800E+4
6.840000E-3	0.000000E+0	7.914300E+4
6.860000E-3	0.000000E+0	7.959000E+4
6.880000E-3	0.000000E+0	7.970700E+4
6.900000E-3	0.000000E+0	7.939800E+4
6.920000E-3	0.000000E+0	7.971500E+4
6.940000E-3	0.000000E+0	7.932600E+4
6.960000E-3	0.000000E+0	7.949100E+4
6.980000E-3	0.000000E+0	7.938900E+4
7.000000E-3	0.000000E+0	7.949200E+4
7.020000E-3	0.000000E+0	7.905700E+4
7.040000E-3	0.000000E+0	7.916000E+4
7.060000E-3	0.000000E+0	7.893200E+4
7.080000E-3	0.000000E+0	7.935500E+4
7.100000E-3	0.000000E+0	7.962000E+4
7.120000E-3	0.000000E+0	7.953500E+4
7.140000E-3	0.000000E+0	7.980800E+4
7.160000E-3	0.000000E+0	7.942900E+4
7.180000E-3	0.000000E+0	7.901900E+4
7.200000E-3	0.000000E+0	7.936800E+4
7.220000E-3	0.000000E+0	7.901900E+4
7.240000E-3	0.000000E+0	7.943300E+4
7.260000E-3	0.000000E+0	7.912200E+4
7.280000E-3	0.000000E+0	7.901800E+4
7.300000E-3	0.000000E+0	7.950000E+4
7.320000E-3	0.000000E+0	7.973600E+4
7.340000E-3	0.000000E+0	7.996400E+4
7.360000E-3	0.000000E+0	7.927300E+4
7.380000E-3	0.000000E+0	7.944400E+4
7.400000E-3	0.000000E+0	7.919000E+4
7.420000E-3	0.000000E+0	7.944900E+4
7.440000E-3	0.000000E+0	7.937200E+4
7.460000E-3	0.000000E+0	7.952300E+4
7.480000E-3	0.000000E+0	7.937800E+4
7.500000E-3	0.000000E+0	7.981100E+4
7.520000E-3	0.000000E+0	7.972500E+4
7.540000E-3	0.000000E+0	7.937900E+4
7.560000E-3	0.000000E+0	7.958200E+4
7.580000E-3	0.000000E+0	7.943900E+4
7.600000E-3	0.000000E+0	7.920900E+4
7.620000E-3	0.000000E+0	7.930400E+4
7.640000E-3	0.000000E+0	7.984800E+4
7.660000E-3	0.000000E+0	7.918700E+4
7.680000E-3	0.000000E+0	7.917300E+4
7.700000E-3	0.000000E+0	7.904400E+4
7.720000E-3	0.000000E+0	7.907900E+4
7.740000E-3	0.000000E+0	7.924000E+4
7.760000E-3	0.000000E+0	7.910600E+4
7.780000E-3	0.000000E+0	7.977000E+4
7.800000E-3	0.000000E+0	7.947300E+4
7.820000E-3	0.000000E+0	7.940300E+4
7.840000E-3	0.000000E+0	7.948500E+4
7.860000E-3	0.000000E+0	7.952200E+4
7.880000E-3	0.000000E+0	7.959800E+4
7.900000E-3	0.000000E+0	7.955600E+4
7.920000E-3	0.000000E+0	7.912600E+4
7.940000E-3	0.000000E+0	7.937500E+4
7.960000E-3	0.000000E+0	7.931400E+4
7.980000E-3	0.000000E+0	7.914000E+4
8.000000E-3	0.000000E+0	7.941300E+4
8.020000E-3	0.000000E+0	7.979700E+4
8.040000E-3	0.000000E+0	7.905200E+4
8.060000E-3	0.000000E+0	7.945100E+4
8.080000E-3	0.000000E+0	7.922600E+4
8.100000E-3	0.000000E+0	7.915800E+4
8.120000E-3	0.000000E+0	7.963100E+4
8.140000E-3	0.000000E+0	7.906700E+4
8.160000E-3	0.000000E+0	7.985200E+4
8.180000E-3	0.000000E+0	7.912200E+4
8.200000E-3	0.000000E+0	7.893000E+4
8.220000E-3	0.000000E+0	7.932000E+4
8.240000E-3	0.000000E+0	7.932600E+4
8.260000E-3	0.000000E+0	7.976200E+4
8.280000E-3	0.000000E+0	7.933900E+4
8.300000E-3	0.000000E+0	7.953000E+4
8.320000E-3	0.000000E+0	7.907500E+4
8.340000E-3	0.000000E+0	7.963800E+4
8.360000E-3	0.000000E+0	7.900200E+4
8.380000E-3	0.000000E+0	7.926800E+4
8.400000E-3	0.000000E+0	7.932700E+4
8.420000E-3	0.000000E+0	7.991400E+4
8.440000E-3	0.000000E+0	7.932400E+4
8.460000E-3	0.000000E+0	7.978300E+4
8.480000E-3	0.000000E+0	7.999800E+4
8.500000E-3	0.000000E+0	7.900300E+4
8.520000E-3	0.000000E+0	7.950200E+4
8.540000E-3	0.000000E+0	7.951400E+4
8.560000E-3	0.000000E+0	7.937000E+4
8.580000E-3	0.000000E+0	7.958800E+4
8.600000E-3	0.000000E+0	7.910000E+4
8.620000E-3	0.000000E+0	7.983900E+4
8.640000E-3	0.000000E+0	7.961000E+4
8.660000E-3	0.000000E+0	7.903400E+4
8.680000E-3	0.000000E+0	7.964400E+4
8.700000E-3	0.000000E+0	7.929900E+4
8.720000E-3	0.000000E+0	7.968100E+4
8.740000E-3	0.000000E+0	7.904300E+4
8.760000E-3	0.000000E+0	7.963900E+4
8.780000E-3	0.000000E+0	7.964800E+4
8.800000E-3	0.000000E+0	7.964300E+4
8.820000E-3	0.000000E+0	7.912800E+4
8.840000E-3	0.000000E+0	7.958100E+4
8.860000E-3	0.000000E+0	7.970700E+4
8.880000E-3	0.000000E+0	7.936300E+4
8.900000E-3	0.000000E+0	7.946900E+4
8.920000E-3	0.000000E+0	7.900700E+4
8.940000E-3	0.000000E+0	7.901400E+4
8.960000E-3	0.000000E+0	8.002000E+4
8.980000E-3	0.000000E+0	7.904400E+4
9.000000E-3	0.000000E+0	7.907700E+4
9.020000E-3	0.000000E+0	7.968600E+4
9.040000E-3	0.000000E+0	7.945100E+4
9.060000E-3	0.000000E+0	8.007800E+4
9.080000E-3	0.000000E+0	7.955600E+4
9.100000E-3	0.000000E+0	7.950900E+4
9.120000E-3	0.000000E+0	7.967500E+4
9.140000E-3	0.000000E+0	7.915100E+4
9.160000E-3	0.000000E+0	7.969400E+4
9.180000E-3	0.000000E+0	7.943500E+4
9.200000E-3	0.000000E+0	7.982900E+4
9.220000E-3	0.000000E+0	7.922600E+4
9.240000E-3	0.000000E+0	7.919600E+4
9.260000E-3	0.000000E+0	8.008000E+4
9.280000E-3	0.000000E+0	7.934000E+4
9.300000E-3	0.000000E+0	7.964900E+4
9.320000E-3	0.000000E+0	7.886000E+4
9.340000E-3	0.000000E+0	7.945000E+4
9.360000E-3	0.000000E+0	7.915300E+4
9.380000E-3	0.000000E+0	7.964500E+4
9.400000E-3	0.000000E+0	7.975700E+4
9.420000E-3	0.000000E+0	7.955600E+4
9.440000E-3	0.000000E+0	7.956200E+4
9.460000E-3	0.000000E+0	7.994600E+4
9.480000E-3	0.000000E+0	7.899600E+4
9.500000E-3	0.000000E+0	7.943700E+4
9.520000E-3	0.000000E+0	7.967000E+4
9.540000E-3	0.000000E+0	7.880800E+4
9.560000E-3	0.000000E+0	7.949400E+4
9.580000E-3	0.000000E+0	7.952700E+4
9.600000E-3	0.000000E+0	7.968700E+4
9.620000E-3	0.000000E+0	7.902400E+4
9.640000E-3	0.000000E+0	7.955500E+4
9.660000E-3	0.000000E+0	7.973400E+4
9.680000E-3	0.000000E+0	7.904200E+4
9.700000E-3	0.000000E+0	7.961400E+4
9.720000E-3	0.000000E+0	7.960800E+4
9.740000E-3	0.000000E+0	7.940700E+4
9.760000E-3	0.000000E+0	7.902200E+4
9.780000E-3	0.000000E+0	7.958400E+4
9.800000E-3	0.000000E+0	7.911400E+4
9.820000E-3	0.000000E+0	7.973000E+4
9.840000E-3	0.000000E+0	7.941300E+4
9.860000E-3	0.000000E+0	7.941800E+4
9.880000E-3	0.000000E+0	7.967800E+4
9.900000E-3	0.000000E+0	7.952100E+4
9.920000E-3	0.000000E+0	7.935300E+4
9.940000E-3	0.000000E+0	7.883200E+4
9.960000E-3	0.000000E+0	7.922400E+4
9.980000E-3	0.000000E+0	7.970000E+4
1.000000E-2	0.000000E+0	7.929900E+4
1.002000E-2	0.000000E+0	7.911000E+4
1.004000E-2	0.000000E+0	7.941300E+4
1.006000E-2	0.000000E+0	7.991400E+4
1.008000E-2	0.000000E+0	7.956200E+4
1.010000E-2	0.000000E+0	7.908200E+4
1.012000E-2	0.000000E+0	7.984000E+4
1.014000E-2	0.000000E+0	7.958000E+4
1.016000E-2	0.000000E+0	7.969200E+4
1.018000E-2	0.000000E+0	7.968100E+4
1.020000E-2	0.000000E+0	7.921500E+4
1.022000E-2	0.000000E+0	7.959100E+4
1.024000E-2	0.000000E+0	7.918500E+4
1.026000E-2	0.000000E+0	8.009100E+4
1.028000E-2	0.000000E+0	7.942300E+4
1.030000E-2	0.000000E+0	7.961400E+4
1.032000E-2	0.000000E+0	7.981600E+4
1.034000E-2	0.000000E+0	7.924000E+4
1.036000E-2	0.000000E+0	7.911600E+4
1.038000E-2	0.000000E+0	7.958700E+4
1.040000E-2	0.000000E+0	7.969300E+4
1.042000E-2	0.000000E+0	7.941100E+4
1.044000E-2	0.000000E+0	7.938100E+4
1.046000E-2	0.000000E+0	7.933600E+4
1.048000E-2	0.000000E+0	7.955800E+4
1.050000E-2	0.000000E+0	7.938800E+4
1.052000E-2	0.000000E+0	7.951200E+4
1.054000E-2	0.000000E+0	7.971400E+4
1.056000E-2	0.000000E+0	7.974700E+4
1.058000E-2	0.000000E+0	7.957300E+4
1.060000E-2	0.000000E+0	7.938400E+4
1.062000E-2	0.000000E+0	7.922400E+4
1.064000E-2	0.000000E+0	7.959000E+4
1.066000E-2	0.000000E+0	7.969200E+4
1.068000E-2	0.000000E+0	7.986800E+4
1.070000E-2	0.000000E+0	7.910500E+4
1.072000E-2	0.000000E+0	7.945400E+4
1.074000E-2	0.000000E+0	7.973500E+4
1.076000E-2	0.000000E+0	7.941500E+4
1.078000E-2	0.000000E+0	7.963800E+4
1.080000E-2	0.000000E+0	7.947500E+4
1.082000E-2	0.000000E+0	8.020300E+4
1.084000E-2	0.000000E+0	7.894700E+4
1.086000E-2	0.000000E+0	7.914900E+4
1.088000E-2	0.000000E+0	7.943300E+4
1.090000E-2	0.000000E+0	7.953800E+4
1.092000E-2	0.000000E+0	7.960000E+4
1.094000E-2	0.000000E+0	7.902100E+4
1.096000E-2	0.000000E+0	7.973800E+4
1.098000E-2	0.000000E+0	7.934500E+4
1.100000E-2	0.000000E+0	7.970700E+4
1.102000E-2	0.000000E+0	7.937400E+4
1.104000E-2	0.000000E+0	7.980400E+4
1.106000E-2	0.000000E+0	7.996300E+4
1.108000E-2	0.000000E+0	7.919500E+4
1.110000E-2	0.000000E+0	7.941700E+4
1.112000E-2	0.000000E+0	7.952000E+4
1.114000E-2	0.000000E+0	7.983300E+4
1.116000E-2	0.000000E+0	7.924900E+4
1.118000E-2	0.000000E+0	7.948400E+4
1.120000E-2	0.000000E+0	7.919400E+4
1.122000E-2	0.000000E+0	7.990800E+4
1.124000E-2	0.000000E+0	7.966600E+4
1.126000E-2	0.000000E+0	7.889900E+4
1.128000E-2	0.000000E+0	7.896100E+4
1.130000E-2	0.000000E+0	7.912100E+4
1.132000E-2	0.000000E+0	7.977600E+4
1.134000E-2	0.000000E+0	7.923100E+4
1.136000E-2	0.000000E+0	7.982900E+4
1.138000E-2	0.000000E+0	7.949300E+4
1.140000E-2	0.000000E+0	7.982500E+4
1.142000E-2	0.000000E+0	7.950800E+4
1.144000E-2	0.000000E+0	7.930800E+4
1.146000E-2	0.000000E+0	7.956800E+4
1.148000E-2	0.000000E+0	7.952600E+4
1.150000E-2	0.000000E+0	7.950100E+4
1.152000E-2	0.000000E+0	7.938700E+4
1.154000E-2	0.000000E+0	7.920200E+4
1.156000E-2	0.000000E+0	7.927600E+4
1.158000E-2	0.000000E+0	7.917800E+4
1.160000E-2	0.000000E+0	7.943100E+4
1.162000E-2	0.000000E+0	7.958200E+4
1.164000E-2	0.000000E+0	7.963900E+4
1.166000E-2	0.000000E+0	7.977700E+4
1.168000E-2	0.000000E+0	7.963900E+4
1.170000E-2	0.000000E+0	7.959400E+4
1.172000E-2	0.000000E+0	7.922300E+4
1.174000E-2	0.000000E+0	7.951800E+4
1.176000E-2	0.000000E+0	7.938000E+4
1.178000E-2	0.000000E+0	7.895600E+4
1.180000E-2	0.000000E+0	7.989400E+4
1.182000E-2	0.000000E+0	7.888700E+4
1.184000E-2	0.000000E+0	7.914200E+4
1.186000E-2	0.000000E+0	7.970200E+4
1.188000E-2	0.000000E+0	7.955500E+4
1.190000E-2	0.000000E+0	7.906000E+4
1.192000E-2	0.000000E+0	7.932900E+4
1.194000E-2	0.000000E+0	7.977200E+4
1.196000E-2	0.000000E+0	7.939900E+4
1.198000E-2	0.000000E+0	7.922500E+4
1.200000E-2	0.000000E+0	7.935400E+4
1.202000E-2	0.000000E+0	8.011000E+4
1.204000E-2	0.000000E+0	7.970500E+4
1.206000E-2	0.000000E+0	7.944400E+4
1.208000E-2	0.000000E+0	7.976400E+4
1.210000E-2	0.000000E+0	7.911700E+4
1.212000E-2	0.000000E+0	7.933200E+4
1.214000E-2	0.000000E+0	7.879300E+4
1.216000E-2	0.000000E+0	7.927400E+4
1.218000E-2	0.000000E+0	7.993100E+4
1.220000E-2	0.000000E+0	7.912000E+4
1.222000E-2	0.000000E+0	7.920800E+4
1.224000E-2	0.000000E+0	7.969100E+4
1.226000E-2	0.000000E+0	7.954300E+4
1.228000E-2	0.000000E+0	7.977700E+4
1.230000E-2	0.000000E+0	7.953500E+4
1.232000E-2	0.000000E+0	7.941200E+4
1.234000E-2	0.000000E+0	7.957300E+4
1.236000E-2	0.000000E+0	7.938100E+4
1.238000E-2	0.000000E+0	7.948100E+4
1.240000E-2	0.000000E+0	7.968400E+4
1.242000E-2	0.000000E+0	7.980000E+4
1.244000E-2	0.000000E+0	7.907300E+4
1.246000E-2	0.000000E+0	7.906900E+4
1.248000E-2	0.000000E+0	7.946200E+4
1.250000E-2	0.000000E+0	7.886200E+4
1.252000E-2	0.000000E+0	7.990800E+4
1.254000E-2	0.000000E+0	7.967200E+4
1.256000E-2	0.000000E+0	7.924100E+4
1.258000E-2	0.000000E+0	7.923100E+4
1.260000E-2	0.000000E+0	7.974600E+4
1.262000E-2	0.000000E+0	7.933000E+4
1.264000E-2	0.000000E+0	7.920000E+4
1.266000E-2	0.000000E+0	8.015400E+4
1.268000E-2	0.000000E+0	7.949900E+4
1.270000E-2	0.000000E+0	7.957900E+4
1.272000E-2	0.000000E+0	7.973500E+4
1.274000E-2	0.000000E+0	7.922400E+4
1.276000E-2	0.000000E+0	7.947800E+4
1.278000E-2	0.000000E+0	7.958400E+4
1.280000E-2	0.000000E+0	7.920800E+4
1.282000E-2	0.000000E+0	7.968300E+4
1.284000E-2	0.000000E+0	7.959400E+4
1.286000E-2	0.000000E+0	7.995700E+4
1.288000E-2	0.000000E+0	7.981400E+4
1.290000E-2	0.000000E+0	7.960200E+4
1.292000E-2	0.000000E+0	7.961500E+4
1.294000E-2	0.000000E+0	7.950600E+4
1.296000E-2	0.000000E+0	7.963100E+4
1.298000E-2	0.000000E+0	7.935000E+4
1.300000E-2	0.000000E+0	7.959400E+4
1.302000E-2	0.000000E+0	7.971500E+4
1.304000E-2	0.000000E+0	7.955100E+4
1.306000E-2	0.000000E+0	7.905900E+4
1.308000E-2	0.000000E+0	7.965400E+4
1.310000E-2	0.000000E+0	7.987900E+4
1.312000E-2	0.000000E+0	7.948900E+4
1.314000E-2	0.000000E+0	7.972300E+4
1.316000E-2	0.000000E+0	7.894900E+4
1.318000E-2	0.000000E+0	7.952800E+4
1.320000E-2	0.000000E+0	7.971900E+4
1.322000E-2	0.000000E+0	7.989200E+4
1.324000E-2	0.000000E+0	7.928400E+4
1.326000E-2	0.000000E+0	7.962500E+4
1.328000E-2	0.000000E+0	7.993800E+4
1.330000E-2	0.000000E+0	7.951300E+4
1.332000E-2	0.000000E+0	7.973500E+4
1.334000E-2	0.000000E+0	7.939200E+4
1.336000E-2	0.000000E+0	7.952700E+4
1.338000E-2	0.000000E+0	7.988000E+4
1.340000E-2	0.000000E+0	7.948500E+4
1.342000E-2	0.000000E+0	7.929800E+4
1.344000E-2	0.000000E+0	7.942400E+4
1.346000E-2	0.000000E+0	7.929800E+4
1.348000E-2	0.000000E+0	7.948400E+4
1.350000E-2	0.000000E+0	7.963700E+4
1.352000E-2	0.000000E+0	7.950500E+4
1.354000E-2	0.000000E+0	7.965500E+4
1.356000E-2	0.000000E+0	7.977700E+4
1.358000E-2	0.000000E+0	7.978700E+4
1.360000E-2	0.000000E+0	7.923100E+4
1.362000E-2	0.000000E+0	7.986900E+4
1.364000E-2	0.000000E+0	7.919500E+4
1.366000E-2	0.000000E+0	7.978600E+4
1.368000E-2	0.000000E+0	8.002700E+4
1.370000E-2	0.000000E+0	7.964000E+4
1.372000E-2	0.000000E+0	7.961700E+4
1.374000E-2	0.000000E+0	7.922900E+4
1.376000E-2	0.000000E+0	7.928100E+4
1.378000E-2	0.000000E+0	7.900900E+4
1.380000E-2	0.000000E+0	7.961800E+4
1.382000E-2	0.000000E+0	7.961600E+4
1.384000E-2	0.000000E+0	7.981900E+4
1.386000E-2	0.000000E+0	7.948200E+4
1.388000E-2	0.000000E+0	7.948600E+4
1.390000E-2	0.000000E+0	7.945500E+4
1.392000E-2	0.000000E+0	7.982300E+4
1.394000E-2	0.000000E+0	7.982700E+4
1.396000E-2	0.000000E+0	7.951300E+4
1.398000E-2	0.000000E+0	7.959900E+4
1.400000E-2	0.000000E+0	8.002500E+4
1.402000E-2	0.000000E+0	7.918100E+4
1.404000E-2	0.000000E+0	7.951600E+4
1.406000E-2	0.000000E+0	7.938800E+4
1.408000E-2	0.000000E+0	7.961200E+4
1.410000E-2	0.000000E+0	7.905200E+4
1.412000E-2	0.000000E+0	7.965000E+4
1.414000E-2	0.000000E+0	7.927500E+4
1.416000E-2	0.000000E+0	7.924500E+4
1.418000E-2	0.000000E+0	7.943700E+4
1.420000E-2	0.000000E+0	7.983800E+4
1.422000E-2	0.000000E+0	7.951700E+4
1.424000E-2	0.000000E+0	7.906000E+4
1.426000E-2	0.000000E+0	7.923800E+4
1.428000E-2	0.000000E+0	7.973600E+4
1.430000E-2	0.000000E+0	7.959800E+4
1.432000E-2	0.000000E+0	7.998800E+4
1.434000E-2	0.000000E+0	7.907900E+4
1.436000E-2	0.000000E+0	7.939500E+4
1.438000E-2	0.000000E+0	7.964800E+4
1.440000E-2	0.000000E+0	7.968900E+4
1.442000E-2	0.000000E+0	7.971800E+4
1.444000E-2	0.000000E+0	7.898300E+4
1.446000E-2	0.000000E+0	7.981000E+4
1.448000E-2	0.000000E+0	7.953400E+4
1.450000E-2	0.000000E+0	7.916800E+4
1.452000E-2	0.000000E+0	7.915200E+4
1.454000E-2	0.000000E+0	7.909600E+4
1.456000E-2	0.000000E+0	7.968100E+4
1.458000E-2	0.000000E+0	7.890100E+4
1.460000E-2	0.000000E+0	7.951800E+4
1.462000E-2	0.000000E+0	7.932500E+4
1.464000E-2	0.000000E+0	7.919600E+4
1.466000E-2	0.000000E+0	7.970700E+4
1.468000E-2	0.000000E+0	7.936300E+4
1.470000E-2	0.000000E+0	7.941900E+4
1.472000E-2	0.000000E+0	7.928500E+4
1.474000E-2	0.000000E+0	7.947200E+4
1.476000E-2	0.000000E+0	8.017700E+4
1.478000E-2	0.000000E+0	7.987600E+4
1.480000E-2	0.000000E+0	7.891600E+4
1.482000E-2	0.000000E+0	7.938200E+4
1.484000E-2	0.000000E+0	7.953400E+4
1.486000E-2	0.000000E+0	7.907200E+4
1.488000E-2	0.000000E+0	7.963300E+4
1.490000E-2	0.000000E+0	7.937300E+4
1.492000E-2	0.000000E+0	7.922500E+4
1.494000E-2	0.000000E+0	7.969000E+4
1.496000E-2	0.000000E+0	7.847500E+4
1.498000E-2	0.000000E+0	7.884500E+4
1.500000E-2	0.000000E+0	7.823200E+4
1.502000E-2	0.000000E+0	7.850700E+4
1.504000E-2	0.000000E+0	7.817400E+4
1.506000E-2	0.000000E+0	7.855000E+4
1.508000E-2	0.000000E+0	7.825600E+4
1.510000E-2	0.000000E+0	7.783100E+4
1.512000E-2	0.000000E+0	7.697500E+4
1.514000E-2	0.000000E+0	7.738700E+4
1.516000E-2	0.000000E+0	7.726700E+4
1.518000E-2	0.000000E+0	7.730900E+4
1.520000E-2	0.000000E+0	7.760400E+4
1.522000E-2	0.000000E+0	7.789900E+4
1.524000E-2	0.000000E+0	7.838800E+4
1.526000E-2	0.000000E+0	7.856000E+4
1.528000E-2	0.000000E+0	7.895200E+4
1.530000E-2	0.000000E+0	7.875100E+4
1.532000E-2	0.000000E+0	7.938400E+4
1.534000E-2	0.000000E+0	7.958800E+4
1.536000E-2	0.000000E+0	7.895700E+4
1.538000E-2	0.000000E+0	7.963100E+4
1.540000E-2	0.000000E+0	7.933000E+4
1.542000E-2	0.000000E+0	7.921000E+4
1.544000E-2	0.000000E+0	7.913300E+4
1.546000E-2	0.000000E+0	7.959400E+4
1.548000E-2	0.000000E+0	7.912500E+4
1.550000E-2	0.000000E+0	7.906200E+4
1.552000E-2	0.000000E+0	7.972800E+4
1.554000E-2	0.000000E+0	7.922600E+4
1.556000E-2	0.000000E+0	7.902100E+4
1.558000E-2	0.000000E+0	7.897700E+4
1.560000E-2	0.000000E+0	7.910900E+4
1.562000E-2	0.000000E+0	7.854800E+4
1.564000E-2	0.000000E+0	7.850400E+4
1.566000E-2	0.000000E+0	7.797000E+4
1.568000E-2	0.000000E+0	7.780300E+4
1.570000E-2	0.000000E+0	7.795500E+4
1.572000E-2	0.000000E+0	7.764900E+4
1.574000E-2	0.000000E+0	7.780600E+4
1.576000E-2	0.000000E+0	7.727200E+4
1.578000E-2	0.000000E+0	7.679200E+4
1.580000E-2	0.000000E+0	7.708900E+4
1.582000E-2	0.000000E+0	7.751600E+4
1.584000E-2	0.000000E+0	7.795100E+4
1.586000E-2	0.000000E+0	7.747000E+4
1.588000E-2	0.000000E+0	7.821000E+4
1.590000E-2	0.000000E+0	7.825300E+4
1.592000E-2	0.000000E+0	7.899600E+4
1.594000E-2	0.000000E+0	7.867700E+4
1.596000E-2	0.000000E+0	7.899400E+4
1.598000E-2	0.000000E+0	7.931800E+4
1.600000E-2	0.000000E+0	7.966000E+4
1.602000E-2	0.000000E+0	7.947500E+4
1.604000E-2	0.000000E+0	7.926900E+4
1.606000E-2	0.000000E+0	7.939900E+4
1.608000E-2	0.000000E+0	7.947900E+4
1.610000E-2	0.000000E+0	7.939900E+4
1.612000E-2	0.000000E+0	7.958800E+4
1.614000E-2	0.000000E+0	7.976300E+4
1.616000E-2	0.000000E+0	7.938900E+4
1.618000E-2	0.000000E+0	7.918800E+4
1.620000E-2	0.000000E+0	7.963800E+4
1.622000E-2	0.000000E+0	7.938600E+4
1.624000E-2	0.000000E+0	7.906100E+4
1.626000E-2	0.000000E+0	7.969500E+4
1.628000E-2	0.000000E+0	7.986600E+4
1.630000E-2	0.000000E+0	7.955100E+4
1.632000E-2	0.000000E+0	7.977300E+4
1.634000E-2	0.000000E+0	7.937200E+4
1.636000E-2	0.000000E+0	7.995100E+4
1.638000E-2	0.000000E+0	7.914200E+4
1.640000E-2	0.000000E+0	7.943000E+4
1.642000E-2	0.000000E+0	7.970200E+4
1.644000E-2	0.000000E+0	7.939300E+4
1.646000E-2	0.000000E+0	7.959200E+4
1.648000E-2	0.000000E+0	7.929100E+4
1.650000E-2	0.000000E+0	7.965700E+4
1.652000E-2	0.000000E+0	7.973900E+4
1.654000E-2	0.000000E+0	7.954000E+4
1.656000E-2	0.000000E+0	7.925200E+4
1.658000E-2	0.000000E+0	7.938500E+4
1.660000E-2	0.000000E+0	7.984200E+4
1.662000E-2	0.000000E+0	7.950900E+4
1.664000E-2	0.000000E+0	7.941400E+4
1.666000E-2	0.000000E+0	7.964400E+4
1.668000E-2	0.000000E+0	7.949000E+4
1.670000E-2	0.000000E+0	7.937000E+4
1.672000E-2	0.000000E+0	7.985100E+4
1.674000E-2	0.000000E+0	7.969200E+4
1.676000E-2	0.000000E+0	7.931600E+4
1.678000E-2	0.000000E+0	7.938300E+4
1.680000E-2	0.000000E+0	7.938800E+4
1.682000E-2	0.000000E+0	7.941800E+4
1.684000E-2	0.000000E+0	7.926600E+4
1.686000E-2	0.000000E+0	7.951100E+4
1.688000E-2	0.000000E+0	7.949700E+4
1.690000E-2	0.000000E+0	7.917000E+4
1.692000E-2	0.000000E+0	7.939100E+4
1.694000E-2	0.000000E+0	7.957100E+4
1.696000E-2	0.000000E+0	7.965200E+4
1.698000E-2	0.000000E+0	7.959100E+4
1.700000E-2	0.000000E+0	7.955700E+4
1.702000E-2	0.000000E+0	7.992100E+4
1.704000E-2	0.000000E+0	7.941400E+4
1.706000E-2	0.000000E+0	7.941200E+4
1.708000E-2	0.000000E+0	7.928400E+4
1.710000E-2	0.000000E+0	7.968800E+4
1.712000E-2	0.000000E+0	7.970900E+4
1.714000E-2	0.000000E+0	7.964800E+4
1.716000E-2	0.000000E+0	7.958600E+4
1.718000E-2	0.000000E+0	7.895800E+4
1.720000E-2	0.000000E+0	7.964900E+4
1.722000E-2	0.000000E+0	7.988500E+4
1.724000E-2	0.000000E+0	7.908800E+4
1.726000E-2	0.000000E+0	7.954500E+4
1.728000E-2	0.000000E+0	7.944500E+4
1.730000E-2	0.000000E+0	7.966200E+4
1.732000E-2	0.000000E+0	7.939500E+4
1.734000E-2	0.000000E+0	7.949200E+4
1.736000E-2	0.000000E+0	7.993000E+4
1.738000E-2	0.000000E+0	8.000900E+4
1.740000E-2	0.000000E+0	7.991700E+4
1.742000E-2	0.000000E+0	7.927100E+4
1.744000E-2	0.000000E+0	7.950700E+4
1.746000E-2	0.000000E+0	7.945700E+4
1.748000E-2	0.000000E+0	7.942700E+4
1.750000E-2	0.000000E+0	7.969600E+4
1.752000E-2	0.000000E+0	7.941500E+4
1.754000E-2	0.000000E+0	7.915900E+4
1.756000E-2	0.000000E+0	7.920500E+4
1.758000E-2	0.000000E+0	7.953600E+4
1.760000E-2	0.000000E+0	7.926600E+4
1.762000E-2	0.000000E+0	7.934600E+4
1.764000E-2	0.000000E+0	7.970900E+4
1.766000E-2	0.000000E+0	7.929200E+4
1.768000E-2	0.000000E+0	7.923200E+4
1.770000E-2	0.000000E+0	7.981100E+4
1.772000E-2	0.000000E+0	8.001600E+4
1.774000E-2	0.000000E+0	7.964500E+4
1.776000E-2	0.000000E+0	7.924100E+4
1.778000E-2	0.000000E+0	7.996100E+4
1.780000E-2	0.000000E+0	7.950400E+4
1.782000E-2	0.000000E+0	7.956700E+4
1.784000E-2	0.000000E+0	7.906300E+4
1.786000E-2	0.000000E+0	8.005200E+4
1.788000E-2	0.000000E+0	7.934700E+4
1.790000E-2	0.000000E+0	7.932700E+4
1.792000E-2	0.000000E+0	7.955800E+4
1.794000E-2	0.000000E+0	7.954500E+4
1.796000E-2	0.000000E+0	7.922100E+4
1.798000E-2	0.000000E+0	7.947300E+4
1.800000E-2	0.000000E+0	7.907200E+4
1.802000E-2	0.000000E+0	7.922500E+4
1.804000E-2	0.000000E+0	7.900000E+4
1.806000E-2	0.000000E+0	7.912100E+4
1.808000E-2	0.000000E+0	7.935000E+4
1.810000E-2	0.000000E+0	7.954200E+4
1.812000E-2	0.000000E+0	7.986400E+4
1.814000E-2	0.000000E+0	7.960700E+4
1.816000E-2	0.000000E+0	7.937500E+4
1.818000E-2	0.000000E+0	7.953000E+4
1.820000E-2	0.000000E+0	7.969400E+4
1.822000E-2	0.000000E+0	7.931700E+4
1.824000E-2	0.000000E+0	7.923000E+4
1.826000E-2	0.000000E+0	7.973900E+4
1.828000E-2	0.000000E+0	7.906000E+4
1.830000E-2	0.000000E+0	7.941700E+4
1.832000E-2	0.000000E+0	7.970700E+4
1.834000E-2	0.000000E+0	7.949500E+4
1.836000E-2	0.000000E+0	7.962300E+4
1.838000E-2	0.000000E+0	7.966600E+4
1.840000E-2	0.000000E+0	7.945000E+4
1.842000E-2	0.000000E+0	7.920100E+4
1.844000E-2	0.000000E+0	7.940800E+4
1.846000E-2	0.000000E+0	7.909600E+4
1.848000E-2	0.000000E+0	7.929200E+4
1.850000E-2	0.000000E+0	7.969700E+4
1.852000E-2	0.000000E+0	7.941600E+4
1.854000E-2	0.000000E+0	7.973200E+4
1.856000E-2	0.000000E+0	7.933800E+4
1.858000E-2	0.000000E+0	7.967100E+4
1.860000E-2	0.000000E+0	7.932800E+4
1.862000E-2	0.000000E+0	7.935800E+4
1.864000E-2	0.000000E+0	7.918500E+4
1.866000E-2	0.000000E+0	7.932000E+4
1.868000E-2	0.000000E+0	7.960800E+4
1.870000E-2	0.000000E+0	7.934100E+4
1.872000E-2	0.000000E+0	8.008200E+4
1.874000E-2	0.000000E+0	7.937000E+4
1.876000E-2	0.000000E+0	7.954200E+4
1.878000E-2	0.000000E+0	7.994300E+4
1.880000E-2	0.000000E+0	7.937800E+4
1.882000E-2	0.000000E+0	7.893100E+4
1.884000E-2	0.000000E+0	7.985300E+4
1.886000E-2	0.000000E+0	7.933900E+4
1.888000E-2	0.000000E+0	7.940200E+4
1.890000E-2	0.000000E+0	7.954600E+4
1.892000E-2	0.000000E+0	7.965000E+4
1.894000E-2	0.000000E+0	7.975400E+4
1.896000E-2	0.000000E+0	7.941500E+4
1.898000E-2	0.000000E+0	7.918100E+4
1.900000E-2	0.000000E+0	7.941500E+4
1.902000E-2	0.000000E+0	7.939100E+4
1.904000E-2	0.000000E+0	7.981300E+4
1.906000E-2	0.000000E+0	7.936400E+4
1.908000E-2	0.000000E+0	8.008900E+4
1.910000E-2	0.000000E+0	7.913800E+4
1.912000E-2	0.000000E+0	7.951900E+4
1.914000E-2	0.000000E+0	7.967600E+4
1.916000E-2	0.000000E+0	7.884700E+4
1.918000E-2	0.000000E+0	7.953400E+4
1.920000E-2	0.000000E+0	7.986500E+4
1.922000E-2	0.000000E+0	7.918600E+4
1.924000E-2	0.000000E+0	7.914800E+4
1.926000E-2	0.000000E+0	7.930300E+4
1.928000E-2	0.000000E+0	7.983700E+4
1.930000E-2	0.000000E+0	7.954700E+4
1.932000E-2	0.000000E+0	7.932900E+4
1.934000E-2	0.000000E+0	7.923000E+4
1.936000E-2	0.000000E+0	7.931600E+4
1.938000E-2	0.000000E+0	7.974900E+4
1.940000E-2	0.000000E+0	7.933700E+4
1.942000E-2	0.000000E+0	7.965900E+4
1.944000E-2	0.000000E+0	7.980300E+4
1.946000E-2	0.000000E+0	7.929100E+4
1.948000E-2	0.000000E+0	7.950000E+4
1.950000E-2	0.000000E+0	7.952600E+4
1.952000E-2	0.000000E+0	7.998300E+4
1.954000E-2	0.000000E+0	7.972300E+4
1.956000E-2	0.000000E+0	7.983800E+4
1.958000E-2	0.000000E+0	7.982400E+4
1.960000E-2	0.000000E+0	7.960400E+4
1.962000E-2	0.000000E+0	7.944800E+4
1.964000E-2	0.000000E+0	7.954000E+4
1.966000E-2	0.000000E+0	7.970500E+4
1.968000E-2	0.000000E+0	7.975900E+4
1.970000E-2	0.000000E+0	7.924900E+4
1.972000E-2	0.000000E+0	7.954100E+4
1.974000E-2	0.000000E+0	7.935100E+4
1.976000E-2	0.000000E+0	7.958000E+4
1.978000E-2	0.000000E+0	7.951200E+4
1.980000E-2	0.000000E+0	7.943700E+4
1.982000E-2	0.000000E+0	7.967900E+4
1.984000E-2	0.000000E+0	7.993200E+4
1.986000E-2	0.000000E+0	7.941700E+4
1.988000E-2	0.000000E+0	7.921400E+4
1.990000E-2	0.000000E+0	8.009300E+4
1.992000E-2	0.000000E+0	7.933100E+4
1.994000E-2	0.000000E+0	7.985800E+4
1.996000E-2	0.000000E+0	7.959600E+4
1.998000E-2	0.000000E+0	7.912400E+4
