

live time:  265279.880000
real time:  370804.451000
sweeps:  13263994.000000
0.000000E+0	0.000000E+0	0.000000E+0
2.000000E-5	0.000000E+0	5.803690E+5
4.000000E-5	0.000000E+0	5.809780E+5
6.000000E-5	0.000000E+0	5.802230E+5
8.000000E-5	0.000000E+0	5.819990E+5
1.000000E-4	0.000000E+0	5.797700E+5
1.200000E-4	0.000000E+0	5.814590E+5
1.400000E-4	0.000000E+0	5.811630E+5
1.600000E-4	0.000000E+0	5.816060E+5
1.800000E-4	0.000000E+0	5.811310E+5
2.000000E-4	0.000000E+0	5.808230E+5
2.200000E-4	0.000000E+0	5.816500E+5
2.400000E-4	0.000000E+0	5.794800E+5
2.600000E-4	0.000000E+0	5.803160E+5
2.800000E-4	0.000000E+0	5.804590E+5
3.000000E-4	0.000000E+0	5.820310E+5
3.200000E-4	0.000000E+0	5.808560E+5
3.400000E-4	0.000000E+0	5.796610E+5
3.600000E-4	0.000000E+0	5.814380E+5
3.800000E-4	0.000000E+0	5.797520E+5
4.000000E-4	0.000000E+0	5.799400E+5
4.200000E-4	0.000000E+0	5.806560E+5
4.400000E-4	0.000000E+0	5.804200E+5
4.600000E-4	0.000000E+0	5.818090E+5
4.800000E-4	0.000000E+0	5.799440E+5
5.000000E-4	0.000000E+0	5.806930E+5
5.200000E-4	0.000000E+0	5.811670E+5
5.400000E-4	0.000000E+0	5.802940E+5
5.600000E-4	0.000000E+0	5.794520E+5
5.800000E-4	0.000000E+0	5.809650E+5
6.000000E-4	0.000000E+0	5.814770E+5
6.200000E-4	0.000000E+0	5.801090E+5
6.400000E-4	0.000000E+0	5.809240E+5
6.600000E-4	0.000000E+0	5.795240E+5
6.800000E-4	0.000000E+0	5.795980E+5
7.000000E-4	0.000000E+0	5.807060E+5
7.200000E-4	0.000000E+0	5.816270E+5
7.400000E-4	0.000000E+0	5.800160E+5
7.600000E-4	0.000000E+0	5.802130E+5
7.800000E-4	0.000000E+0	5.797150E+5
8.000000E-4	0.000000E+0	5.810210E+5
8.200000E-4	0.000000E+0	5.799610E+5
8.400000E-4	0.000000E+0	5.801570E+5
8.600000E-4	0.000000E+0	5.810030E+5
8.800000E-4	0.000000E+0	5.794950E+5
9.000000E-4	0.000000E+0	5.818440E+5
9.200000E-4	0.000000E+0	5.798820E+5
9.400000E-4	0.000000E+0	5.808890E+5
9.600000E-4	0.000000E+0	5.798870E+5
9.800000E-4	0.000000E+0	5.815300E+5
1.000000E-3	0.000000E+0	5.806950E+5
1.020000E-3	0.000000E+0	5.803850E+5
1.040000E-3	0.000000E+0	5.804760E+5
1.060000E-3	0.000000E+0	5.805740E+5
1.080000E-3	0.000000E+0	5.803030E+5
1.100000E-3	0.000000E+0	5.804920E+5
1.120000E-3	0.000000E+0	5.810220E+5
1.140000E-3	0.000000E+0	5.792300E+5
1.160000E-3	0.000000E+0	5.802340E+5
1.180000E-3	0.000000E+0	5.799260E+5
1.200000E-3	0.000000E+0	5.812360E+5
1.220000E-3	0.000000E+0	5.816950E+5
1.240000E-3	0.000000E+0	5.809740E+5
1.260000E-3	0.000000E+0	5.809340E+5
1.280000E-3	0.000000E+0	5.808490E+5
1.300000E-3	0.000000E+0	5.793740E+5
1.320000E-3	0.000000E+0	5.818540E+5
1.340000E-3	0.000000E+0	5.805760E+5
1.360000E-3	0.000000E+0	5.796180E+5
1.380000E-3	0.000000E+0	5.812870E+5
1.400000E-3	0.000000E+0	5.805870E+5
1.420000E-3	0.000000E+0	5.809510E+5
1.440000E-3	0.000000E+0	5.803470E+5
1.460000E-3	0.000000E+0	5.795830E+5
1.480000E-3	0.000000E+0	5.811190E+5
1.500000E-3	0.000000E+0	5.803070E+5
1.520000E-3	0.000000E+0	5.795110E+5
1.540000E-3	0.000000E+0	5.809660E+5
1.560000E-3	0.000000E+0	5.799610E+5
1.580000E-3	0.000000E+0	5.811550E+5
1.600000E-3	0.000000E+0	5.802580E+5
1.620000E-3	0.000000E+0	5.799250E+5
1.640000E-3	0.000000E+0	5.794870E+5
1.660000E-3	0.000000E+0	5.807930E+5
1.680000E-3	0.000000E+0	5.808610E+5
1.700000E-3	0.000000E+0	5.793400E+5
1.720000E-3	0.000000E+0	5.812800E+5
1.740000E-3	0.000000E+0	5.817700E+5
1.760000E-3	0.000000E+0	5.801710E+5
1.780000E-3	0.000000E+0	5.819730E+5
1.800000E-3	0.000000E+0	5.816550E+5
1.820000E-3	0.000000E+0	5.796570E+5
1.840000E-3	0.000000E+0	5.792270E+5
1.860000E-3	0.000000E+0	5.803450E+5
1.880000E-3	0.000000E+0	5.805410E+5
1.900000E-3	0.000000E+0	5.794940E+5
1.920000E-3	0.000000E+0	5.805580E+5
1.940000E-3	0.000000E+0	5.802560E+5
1.960000E-3	0.000000E+0	5.806730E+5
1.980000E-3	0.000000E+0	5.810640E+5
2.000000E-3	0.000000E+0	5.798260E+5
2.020000E-3	0.000000E+0	5.801060E+5
2.040000E-3	0.000000E+0	5.800360E+5
2.060000E-3	0.000000E+0	5.817320E+5
2.080000E-3	0.000000E+0	5.819260E+5
2.100000E-3	0.000000E+0	5.810990E+5
2.120000E-3	0.000000E+0	5.810800E+5
2.140000E-3	0.000000E+0	5.791510E+5
2.160000E-3	0.000000E+0	5.798050E+5
2.180000E-3	0.000000E+0	5.804580E+5
2.200000E-3	0.000000E+0	5.813570E+5
2.220000E-3	0.000000E+0	5.812270E+5
2.240000E-3	0.000000E+0	5.803420E+5
2.260000E-3	0.000000E+0	5.808500E+5
2.280000E-3	0.000000E+0	5.805860E+5
2.300000E-3	0.000000E+0	5.815550E+5
2.320000E-3	0.000000E+0	5.803180E+5
2.340000E-3	0.000000E+0	5.806160E+5
2.360000E-3	0.000000E+0	5.805690E+5
2.380000E-3	0.000000E+0	5.824310E+5
2.400000E-3	0.000000E+0	5.789220E+5
2.420000E-3	0.000000E+0	5.801130E+5
2.440000E-3	0.000000E+0	5.800140E+5
2.460000E-3	0.000000E+0	5.810380E+5
2.480000E-3	0.000000E+0	5.821010E+5
2.500000E-3	0.000000E+0	5.806420E+5
2.520000E-3	0.000000E+0	5.805150E+5
2.540000E-3	0.000000E+0	5.796910E+5
2.560000E-3	0.000000E+0	5.807300E+5
2.580000E-3	0.000000E+0	5.802030E+5
2.600000E-3	0.000000E+0	5.817730E+5
2.620000E-3	0.000000E+0	5.804340E+5
2.640000E-3	0.000000E+0	5.788540E+5
2.660000E-3	0.000000E+0	5.815560E+5
2.680000E-3	0.000000E+0	5.805930E+5
2.700000E-3	0.000000E+0	5.810110E+5
2.720000E-3	0.000000E+0	5.788240E+5
2.740000E-3	0.000000E+0	5.800800E+5
2.760000E-3	0.000000E+0	5.801910E+5
2.780000E-3	0.000000E+0	5.804380E+5
2.800000E-3	0.000000E+0	5.810370E+5
2.820000E-3	0.000000E+0	5.798940E+5
2.840000E-3	0.000000E+0	5.794250E+5
2.860000E-3	0.000000E+0	5.813940E+5
2.880000E-3	0.000000E+0	5.804210E+5
2.900000E-3	0.000000E+0	5.802150E+5
2.920000E-3	0.000000E+0	5.792910E+5
2.940000E-3	0.000000E+0	5.808000E+5
2.960000E-3	0.000000E+0	5.805600E+5
2.980000E-3	0.000000E+0	5.803130E+5
3.000000E-3	0.000000E+0	5.803710E+5
3.020000E-3	0.000000E+0	5.808740E+5
3.040000E-3	0.000000E+0	5.813090E+5
3.060000E-3	0.000000E+0	5.823430E+5
3.080000E-3	0.000000E+0	5.800320E+5
3.100000E-3	0.000000E+0	5.801080E+5
3.120000E-3	0.000000E+0	5.808010E+5
3.140000E-3	0.000000E+0	5.814040E+5
3.160000E-3	0.000000E+0	5.794850E+5
3.180000E-3	0.000000E+0	5.806800E+5
3.200000E-3	0.000000E+0	5.804870E+5
3.220000E-3	0.000000E+0	5.808850E+5
3.240000E-3	0.000000E+0	5.818070E+5
3.260000E-3	0.000000E+0	5.810330E+5
3.280000E-3	0.000000E+0	5.805660E+5
3.300000E-3	0.000000E+0	5.803130E+5
3.320000E-3	0.000000E+0	5.807550E+5
3.340000E-3	0.000000E+0	5.796560E+5
3.360000E-3	0.000000E+0	5.802510E+5
3.380000E-3	0.000000E+0	5.793190E+5
3.400000E-3	0.000000E+0	5.800750E+5
3.420000E-3	0.000000E+0	5.821680E+5
3.440000E-3	0.000000E+0	5.801240E+5
3.460000E-3	0.000000E+0	5.807670E+5
3.480000E-3	0.000000E+0	5.797740E+5
3.500000E-3	0.000000E+0	5.806470E+5
3.520000E-3	0.000000E+0	5.795450E+5
3.540000E-3	0.000000E+0	5.803200E+5
3.560000E-3	0.000000E+0	5.804850E+5
3.580000E-3	0.000000E+0	5.800390E+5
3.600000E-3	0.000000E+0	5.799570E+5
3.620000E-3	0.000000E+0	5.780610E+5
3.640000E-3	0.000000E+0	5.815200E+5
3.660000E-3	0.000000E+0	5.803430E+5
3.680000E-3	0.000000E+0	5.802990E+5
3.700000E-3	0.000000E+0	5.797920E+5
3.720000E-3	0.000000E+0	5.797540E+5
3.740000E-3	0.000000E+0	5.802910E+5
3.760000E-3	0.000000E+0	5.802110E+5
3.780000E-3	0.000000E+0	5.796070E+5
3.800000E-3	0.000000E+0	5.794340E+5
3.820000E-3	0.000000E+0	5.800880E+5
3.840000E-3	0.000000E+0	5.801420E+5
3.860000E-3	0.000000E+0	5.802100E+5
3.880000E-3	0.000000E+0	5.792770E+5
3.900000E-3	0.000000E+0	5.805470E+5
3.920000E-3	0.000000E+0	5.821640E+5
3.940000E-3	0.000000E+0	5.807960E+5
3.960000E-3	0.000000E+0	5.811300E+5
3.980000E-3	0.000000E+0	5.809190E+5
4.000000E-3	0.000000E+0	5.797820E+5
4.020000E-3	0.000000E+0	5.812320E+5
4.040000E-3	0.000000E+0	5.802070E+5
4.060000E-3	0.000000E+0	5.808660E+5
4.080000E-3	0.000000E+0	5.807490E+5
4.100000E-3	0.000000E+0	5.803480E+5
4.120000E-3	0.000000E+0	5.804930E+5
4.140000E-3	0.000000E+0	5.798190E+5
4.160000E-3	0.000000E+0	5.804620E+5
4.180000E-3	0.000000E+0	5.792090E+5
4.200000E-3	0.000000E+0	5.806570E+5
4.220000E-3	0.000000E+0	5.801510E+5
4.240000E-3	0.000000E+0	5.796150E+5
4.260000E-3	0.000000E+0	5.796090E+5
4.280000E-3	0.000000E+0	5.805800E+5
4.300000E-3	0.000000E+0	5.803850E+5
4.320000E-3	0.000000E+0	5.797810E+5
4.340000E-3	0.000000E+0	5.800700E+5
4.360000E-3	0.000000E+0	5.804390E+5
4.380000E-3	0.000000E+0	5.798470E+5
4.400000E-3	0.000000E+0	5.811260E+5
4.420000E-3	0.000000E+0	5.803200E+5
4.440000E-3	0.000000E+0	5.802170E+5
4.460000E-3	0.000000E+0	5.807720E+5
4.480000E-3	0.000000E+0	5.792360E+5
4.500000E-3	0.000000E+0	5.801760E+5
4.520000E-3	0.000000E+0	5.797950E+5
4.540000E-3	0.000000E+0	5.787970E+5
4.560000E-3	0.000000E+0	5.797760E+5
4.580000E-3	0.000000E+0	5.803290E+5
4.600000E-3	0.000000E+0	5.805230E+5
4.620000E-3	0.000000E+0	5.795020E+5
4.640000E-3	0.000000E+0	5.800930E+5
4.660000E-3	0.000000E+0	5.806360E+5
4.680000E-3	0.000000E+0	5.798490E+5
4.700000E-3	0.000000E+0	5.805870E+5
4.720000E-3	0.000000E+0	5.797860E+5
4.740000E-3	0.000000E+0	5.792670E+5
4.760000E-3	0.000000E+0	5.808040E+5
4.780000E-3	0.000000E+0	5.787480E+5
4.800000E-3	0.000000E+0	5.789980E+5
4.820000E-3	0.000000E+0	5.785350E+5
4.840000E-3	0.000000E+0	5.786480E+5
4.860000E-3	0.000000E+0	5.767670E+5
4.880000E-3	0.000000E+0	5.758460E+5
4.900000E-3	0.000000E+0	5.756370E+5
4.920000E-3	0.000000E+0	5.722800E+5
4.940000E-3	0.000000E+0	5.715210E+5
4.960000E-3	0.000000E+0	5.707910E+5
4.980000E-3	0.000000E+0	5.715230E+5
5.000000E-3	0.000000E+0	5.695370E+5
5.020000E-3	0.000000E+0	5.673480E+5
5.040000E-3	0.000000E+0	5.652350E+5
5.060000E-3	0.000000E+0	5.632530E+5
5.080000E-3	0.000000E+0	5.649340E+5
5.100000E-3	0.000000E+0	5.648000E+5
5.120000E-3	0.000000E+0	5.642930E+5
5.140000E-3	0.000000E+0	5.663980E+5
5.160000E-3	0.000000E+0	5.689770E+5
5.180000E-3	0.000000E+0	5.700350E+5
5.200000E-3	0.000000E+0	5.714320E+5
5.220000E-3	0.000000E+0	5.736220E+5
5.240000E-3	0.000000E+0	5.729850E+5
5.260000E-3	0.000000E+0	5.772010E+5
5.280000E-3	0.000000E+0	5.743980E+5
5.300000E-3	0.000000E+0	5.765440E+5
5.320000E-3	0.000000E+0	5.782770E+5
5.340000E-3	0.000000E+0	5.787320E+5
5.360000E-3	0.000000E+0	5.796510E+5
5.380000E-3	0.000000E+0	5.781920E+5
5.400000E-3	0.000000E+0	5.801650E+5
5.420000E-3	0.000000E+0	5.796110E+5
5.440000E-3	0.000000E+0	5.789140E+5
5.460000E-3	0.000000E+0	5.779620E+5
5.480000E-3	0.000000E+0	5.779530E+5
5.500000E-3	0.000000E+0	5.780340E+5
5.520000E-3	0.000000E+0	5.758770E+5
5.540000E-3	0.000000E+0	5.754970E+5
5.560000E-3	0.000000E+0	5.722800E+5
5.580000E-3	0.000000E+0	5.717060E+5
5.600000E-3	0.000000E+0	5.703070E+5
5.620000E-3	0.000000E+0	5.707360E+5
5.640000E-3	0.000000E+0	5.711320E+5
5.660000E-3	0.000000E+0	5.687660E+5
5.680000E-3	0.000000E+0	5.682040E+5
5.700000E-3	0.000000E+0	5.648620E+5
5.720000E-3	0.000000E+0	5.646880E+5
5.740000E-3	0.000000E+0	5.660710E+5
5.760000E-3	0.000000E+0	5.663270E+5
5.780000E-3	0.000000E+0	5.669630E+5
5.800000E-3	0.000000E+0	5.695490E+5
5.820000E-3	0.000000E+0	5.713000E+5
5.840000E-3	0.000000E+0	5.726330E+5
5.860000E-3	0.000000E+0	5.725800E+5
5.880000E-3	0.000000E+0	5.747430E+5
5.900000E-3	0.000000E+0	5.767900E+5
5.920000E-3	0.000000E+0	5.786320E+5
5.940000E-3	0.000000E+0	5.780080E+5
5.960000E-3	0.000000E+0	5.783630E+5
5.980000E-3	0.000000E+0	5.798180E+5
6.000000E-3	0.000000E+0	5.793810E+5
6.020000E-3	0.000000E+0	5.790830E+5
6.040000E-3	0.000000E+0	5.795490E+5
6.060000E-3	0.000000E+0	5.798040E+5
6.080000E-3	0.000000E+0	5.800650E+5
6.100000E-3	0.000000E+0	5.784370E+5
6.120000E-3	0.000000E+0	5.798680E+5
6.140000E-3	0.000000E+0	5.798390E+5
6.160000E-3	0.000000E+0	5.790910E+5
6.180000E-3	0.000000E+0	5.805880E+5
6.200000E-3	0.000000E+0	5.798640E+5
6.220000E-3	0.000000E+0	5.803320E+5
6.240000E-3	0.000000E+0	5.792510E+5
6.260000E-3	0.000000E+0	5.805470E+5
6.280000E-3	0.000000E+0	5.811980E+5
6.300000E-3	0.000000E+0	5.810720E+5
6.320000E-3	0.000000E+0	5.804220E+5
6.340000E-3	0.000000E+0	5.801970E+5
6.360000E-3	0.000000E+0	5.798500E+5
6.380000E-3	0.000000E+0	5.813830E+5
6.400000E-3	0.000000E+0	5.798230E+5
6.420000E-3	0.000000E+0	5.788900E+5
6.440000E-3	0.000000E+0	5.820330E+5
6.460000E-3	0.000000E+0	5.793060E+5
6.480000E-3	0.000000E+0	5.798070E+5
6.500000E-3	0.000000E+0	5.793640E+5
6.520000E-3	0.000000E+0	5.807010E+5
6.540000E-3	0.000000E+0	5.800860E+5
6.560000E-3	0.000000E+0	5.810200E+5
6.580000E-3	0.000000E+0	5.792650E+5
6.600000E-3	0.000000E+0	5.809040E+5
6.620000E-3	0.000000E+0	5.802500E+5
6.640000E-3	0.000000E+0	5.806760E+5
6.660000E-3	0.000000E+0	5.793010E+5
6.680000E-3	0.000000E+0	5.804430E+5
6.700000E-3	0.000000E+0	5.811480E+5
6.720000E-3	0.000000E+0	5.803060E+5
6.740000E-3	0.000000E+0	5.804190E+5
6.760000E-3	0.000000E+0	5.811290E+5
6.780000E-3	0.000000E+0	5.796180E+5
6.800000E-3	0.000000E+0	5.809470E+5
6.820000E-3	0.000000E+0	5.805280E+5
6.840000E-3	0.000000E+0	5.802970E+5
6.860000E-3	0.000000E+0	5.805200E+5
6.880000E-3	0.000000E+0	5.811950E+5
6.900000E-3	0.000000E+0	5.802230E+5
6.920000E-3	0.000000E+0	5.791020E+5
6.940000E-3	0.000000E+0	5.805670E+5
6.960000E-3	0.000000E+0	5.785510E+5
6.980000E-3	0.000000E+0	5.799950E+5
7.000000E-3	0.000000E+0	5.796560E+5
7.020000E-3	0.000000E+0	5.807420E+5
7.040000E-3	0.000000E+0	5.804720E+5
7.060000E-3	0.000000E+0	5.810650E+5
7.080000E-3	0.000000E+0	5.801210E+5
7.100000E-3	0.000000E+0	5.792450E+5
7.120000E-3	0.000000E+0	5.810090E+5
7.140000E-3	0.000000E+0	5.796490E+5
7.160000E-3	0.000000E+0	5.798890E+5
7.180000E-3	0.000000E+0	5.796340E+5
7.200000E-3	0.000000E+0	5.800180E+5
7.220000E-3	0.000000E+0	5.814450E+5
7.240000E-3	0.000000E+0	5.800200E+5
7.260000E-3	0.000000E+0	5.804220E+5
7.280000E-3	0.000000E+0	5.805490E+5
7.300000E-3	0.000000E+0	5.806330E+5
7.320000E-3	0.000000E+0	5.802750E+5
7.340000E-3	0.000000E+0	5.816070E+5
7.360000E-3	0.000000E+0	5.800370E+5
7.380000E-3	0.000000E+0	5.813880E+5
7.400000E-3	0.000000E+0	5.809440E+5
7.420000E-3	0.000000E+0	5.800190E+5
7.440000E-3	0.000000E+0	5.802330E+5
7.460000E-3	0.000000E+0	5.800580E+5
7.480000E-3	0.000000E+0	5.794380E+5
7.500000E-3	0.000000E+0	5.816260E+5
7.520000E-3	0.000000E+0	5.807870E+5
7.540000E-3	0.000000E+0	5.804510E+5
7.560000E-3	0.000000E+0	5.808730E+5
7.580000E-3	0.000000E+0	5.804620E+5
7.600000E-3	0.000000E+0	5.804520E+5
7.620000E-3	0.000000E+0	5.809500E+5
7.640000E-3	0.000000E+0	5.815590E+5
7.660000E-3	0.000000E+0	5.800500E+5
7.680000E-3	0.000000E+0	5.804170E+5
7.700000E-3	0.000000E+0	5.802550E+5
7.720000E-3	0.000000E+0	5.811610E+5
7.740000E-3	0.000000E+0	5.798990E+5
7.760000E-3	0.000000E+0	5.808900E+5
7.780000E-3	0.000000E+0	5.818640E+5
7.800000E-3	0.000000E+0	5.802510E+5
7.820000E-3	0.000000E+0	5.800060E+5
7.840000E-3	0.000000E+0	5.820370E+5
7.860000E-3	0.000000E+0	5.804450E+5
7.880000E-3	0.000000E+0	5.798590E+5
7.900000E-3	0.000000E+0	5.806230E+5
7.920000E-3	0.000000E+0	5.802070E+5
7.940000E-3	0.000000E+0	5.815130E+5
7.960000E-3	0.000000E+0	5.823270E+5
7.980000E-3	0.000000E+0	5.814490E+5
8.000000E-3	0.000000E+0	5.806370E+5
8.020000E-3	0.000000E+0	5.806190E+5
8.040000E-3	0.000000E+0	5.790170E+5
8.060000E-3	0.000000E+0	5.793680E+5
8.080000E-3	0.000000E+0	5.811600E+5
8.100000E-3	0.000000E+0	5.819840E+5
8.120000E-3	0.000000E+0	5.810830E+5
8.140000E-3	0.000000E+0	5.798340E+5
8.160000E-3	0.000000E+0	5.803160E+5
8.180000E-3	0.000000E+0	5.800690E+5
8.200000E-3	0.000000E+0	5.805030E+5
8.220000E-3	0.000000E+0	5.807130E+5
8.240000E-3	0.000000E+0	5.812580E+5
8.260000E-3	0.000000E+0	5.822290E+5
8.280000E-3	0.000000E+0	5.795480E+5
8.300000E-3	0.000000E+0	5.807690E+5
8.320000E-3	0.000000E+0	5.797980E+5
8.340000E-3	0.000000E+0	5.793930E+5
8.360000E-3	0.000000E+0	5.799850E+5
8.380000E-3	0.000000E+0	5.794340E+5
8.400000E-3	0.000000E+0	5.795680E+5
8.420000E-3	0.000000E+0	5.805910E+5
8.440000E-3	0.000000E+0	5.810150E+5
8.460000E-3	0.000000E+0	5.813590E+5
8.480000E-3	0.000000E+0	5.816370E+5
8.500000E-3	0.000000E+0	5.794730E+5
8.520000E-3	0.000000E+0	5.805250E+5
8.540000E-3	0.000000E+0	5.814170E+5
8.560000E-3	0.000000E+0	5.807290E+5
8.580000E-3	0.000000E+0	5.818700E+5
8.600000E-3	0.000000E+0	5.811460E+5
8.620000E-3	0.000000E+0	5.825130E+5
8.640000E-3	0.000000E+0	5.805810E+5
8.660000E-3	0.000000E+0	5.800180E+5
8.680000E-3	0.000000E+0	5.809210E+5
8.700000E-3	0.000000E+0	5.789280E+5
8.720000E-3	0.000000E+0	5.814820E+5
8.740000E-3	0.000000E+0	5.791750E+5
8.760000E-3	0.000000E+0	5.801600E+5
8.780000E-3	0.000000E+0	5.805450E+5
8.800000E-3	0.000000E+0	5.813780E+5
8.820000E-3	0.000000E+0	5.808330E+5
8.840000E-3	0.000000E+0	5.797520E+5
8.860000E-3	0.000000E+0	5.825110E+5
8.880000E-3	0.000000E+0	5.798960E+5
8.900000E-3	0.000000E+0	5.807040E+5
8.920000E-3	0.000000E+0	5.801030E+5
8.940000E-3	0.000000E+0	5.785730E+5
8.960000E-3	0.000000E+0	5.813390E+5
8.980000E-3	0.000000E+0	5.798250E+5
9.000000E-3	0.000000E+0	5.805590E+5
9.020000E-3	0.000000E+0	5.787850E+5
9.040000E-3	0.000000E+0	5.803640E+5
9.060000E-3	0.000000E+0	5.829180E+5
9.080000E-3	0.000000E+0	5.799990E+5
9.100000E-3	0.000000E+0	5.820690E+5
9.120000E-3	0.000000E+0	5.791740E+5
9.140000E-3	0.000000E+0	5.811060E+5
9.160000E-3	0.000000E+0	5.806490E+5
9.180000E-3	0.000000E+0	5.792980E+5
9.200000E-3	0.000000E+0	5.801820E+5
9.220000E-3	0.000000E+0	5.807290E+5
9.240000E-3	0.000000E+0	5.808080E+5
9.260000E-3	0.000000E+0	5.816690E+5
9.280000E-3	0.000000E+0	5.812270E+5
9.300000E-3	0.000000E+0	5.811160E+5
9.320000E-3	0.000000E+0	5.801550E+5
9.340000E-3	0.000000E+0	5.806150E+5
9.360000E-3	0.000000E+0	5.808640E+5
9.380000E-3	0.000000E+0	5.816160E+5
9.400000E-3	0.000000E+0	5.815070E+5
9.420000E-3	0.000000E+0	5.817670E+5
9.440000E-3	0.000000E+0	5.800240E+5
9.460000E-3	0.000000E+0	5.813730E+5
9.480000E-3	0.000000E+0	5.804920E+5
9.500000E-3	0.000000E+0	5.795450E+5
9.520000E-3	0.000000E+0	5.817090E+5
9.540000E-3	0.000000E+0	5.791930E+5
9.560000E-3	0.000000E+0	5.803540E+5
9.580000E-3	0.000000E+0	5.807280E+5
9.600000E-3	0.000000E+0	5.809020E+5
9.620000E-3	0.000000E+0	5.808680E+5
9.640000E-3	0.000000E+0	5.797990E+5
9.660000E-3	0.000000E+0	5.820860E+5
9.680000E-3	0.000000E+0	5.797790E+5
9.700000E-3	0.000000E+0	5.802290E+5
9.720000E-3	0.000000E+0	5.804410E+5
9.740000E-3	0.000000E+0	5.808300E+5
9.760000E-3	0.000000E+0	5.804280E+5
9.780000E-3	0.000000E+0	5.813230E+5
9.800000E-3	0.000000E+0	5.806820E+5
9.820000E-3	0.000000E+0	5.810050E+5
9.840000E-3	0.000000E+0	5.805270E+5
9.860000E-3	0.000000E+0	5.798030E+5
9.880000E-3	0.000000E+0	5.817240E+5
9.900000E-3	0.000000E+0	5.824140E+5
9.920000E-3	0.000000E+0	5.808090E+5
9.940000E-3	0.000000E+0	5.796530E+5
9.960000E-3	0.000000E+0	5.800490E+5
9.980000E-3	0.000000E+0	5.815330E+5
1.000000E-2	0.000000E+0	5.806890E+5
1.002000E-2	0.000000E+0	5.803060E+5
1.004000E-2	0.000000E+0	5.816400E+5
1.006000E-2	0.000000E+0	5.795110E+5
1.008000E-2	0.000000E+0	5.802520E+5
1.010000E-2	0.000000E+0	5.800820E+5
1.012000E-2	0.000000E+0	5.817670E+5
1.014000E-2	0.000000E+0	5.826050E+5
1.016000E-2	0.000000E+0	5.813620E+5
1.018000E-2	0.000000E+0	5.807200E+5
1.020000E-2	0.000000E+0	5.812410E+5
1.022000E-2	0.000000E+0	5.810880E+5
1.024000E-2	0.000000E+0	5.800910E+5
1.026000E-2	0.000000E+0	5.818070E+5
1.028000E-2	0.000000E+0	5.809490E+5
1.030000E-2	0.000000E+0	5.812420E+5
1.032000E-2	0.000000E+0	5.799530E+5
1.034000E-2	0.000000E+0	5.818420E+5
1.036000E-2	0.000000E+0	5.808310E+5
1.038000E-2	0.000000E+0	5.813380E+5
1.040000E-2	0.000000E+0	5.801360E+5
1.042000E-2	0.000000E+0	5.810440E+5
1.044000E-2	0.000000E+0	5.808930E+5
1.046000E-2	0.000000E+0	5.815860E+5
1.048000E-2	0.000000E+0	5.822820E+5
1.050000E-2	0.000000E+0	5.803200E+5
1.052000E-2	0.000000E+0	5.819040E+5
1.054000E-2	0.000000E+0	5.820890E+5
1.056000E-2	0.000000E+0	5.806850E+5
1.058000E-2	0.000000E+0	5.823930E+5
1.060000E-2	0.000000E+0	5.801370E+5
1.062000E-2	0.000000E+0	5.802990E+5
1.064000E-2	0.000000E+0	5.814260E+5
1.066000E-2	0.000000E+0	5.806230E+5
1.068000E-2	0.000000E+0	5.809250E+5
1.070000E-2	0.000000E+0	5.797630E+5
1.072000E-2	0.000000E+0	5.805670E+5
1.074000E-2	0.000000E+0	5.813990E+5
1.076000E-2	0.000000E+0	5.808210E+5
1.078000E-2	0.000000E+0	5.818540E+5
1.080000E-2	0.000000E+0	5.819940E+5
1.082000E-2	0.000000E+0	5.821090E+5
1.084000E-2	0.000000E+0	5.810350E+5
1.086000E-2	0.000000E+0	5.814070E+5
1.088000E-2	0.000000E+0	5.807610E+5
1.090000E-2	0.000000E+0	5.809960E+5
1.092000E-2	0.000000E+0	5.810640E+5
1.094000E-2	0.000000E+0	5.800840E+5
1.096000E-2	0.000000E+0	5.807810E+5
1.098000E-2	0.000000E+0	5.815110E+5
1.100000E-2	0.000000E+0	5.816140E+5
1.102000E-2	0.000000E+0	5.800310E+5
1.104000E-2	0.000000E+0	5.816810E+5
1.106000E-2	0.000000E+0	5.807760E+5
1.108000E-2	0.000000E+0	5.814370E+5
1.110000E-2	0.000000E+0	5.807010E+5
1.112000E-2	0.000000E+0	5.801910E+5
1.114000E-2	0.000000E+0	5.816060E+5
1.116000E-2	0.000000E+0	5.793430E+5
1.118000E-2	0.000000E+0	5.807450E+5
1.120000E-2	0.000000E+0	5.799280E+5
1.122000E-2	0.000000E+0	5.824080E+5
1.124000E-2	0.000000E+0	5.824930E+5
1.126000E-2	0.000000E+0	5.796250E+5
1.128000E-2	0.000000E+0	5.795630E+5
1.130000E-2	0.000000E+0	5.809760E+5
1.132000E-2	0.000000E+0	5.822910E+5
1.134000E-2	0.000000E+0	5.797490E+5
1.136000E-2	0.000000E+0	5.817120E+5
1.138000E-2	0.000000E+0	5.808290E+5
1.140000E-2	0.000000E+0	5.822410E+5
1.142000E-2	0.000000E+0	5.798720E+5
1.144000E-2	0.000000E+0	5.818680E+5
1.146000E-2	0.000000E+0	5.804040E+5
1.148000E-2	0.000000E+0	5.808130E+5
1.150000E-2	0.000000E+0	5.804770E+5
1.152000E-2	0.000000E+0	5.805570E+5
1.154000E-2	0.000000E+0	5.802620E+5
1.156000E-2	0.000000E+0	5.810450E+5
1.158000E-2	0.000000E+0	5.801840E+5
1.160000E-2	0.000000E+0	5.811910E+5
1.162000E-2	0.000000E+0	5.812530E+5
1.164000E-2	0.000000E+0	5.818100E+5
1.166000E-2	0.000000E+0	5.827920E+5
1.168000E-2	0.000000E+0	5.813340E+5
1.170000E-2	0.000000E+0	5.818780E+5
1.172000E-2	0.000000E+0	5.817740E+5
1.174000E-2	0.000000E+0	5.810800E+5
1.176000E-2	0.000000E+0	5.811240E+5
1.178000E-2	0.000000E+0	5.794090E+5
1.180000E-2	0.000000E+0	5.810250E+5
1.182000E-2	0.000000E+0	5.817880E+5
1.184000E-2	0.000000E+0	5.822270E+5
1.186000E-2	0.000000E+0	5.801940E+5
1.188000E-2	0.000000E+0	5.801370E+5
1.190000E-2	0.000000E+0	5.803600E+5
1.192000E-2	0.000000E+0	5.799730E+5
1.194000E-2	0.000000E+0	5.823060E+5
1.196000E-2	0.000000E+0	5.809670E+5
1.198000E-2	0.000000E+0	5.807090E+5
1.200000E-2	0.000000E+0	5.808070E+5
1.202000E-2	0.000000E+0	5.810510E+5
1.204000E-2	0.000000E+0	5.805470E+5
1.206000E-2	0.000000E+0	5.810170E+5
1.208000E-2	0.000000E+0	5.817590E+5
1.210000E-2	0.000000E+0	5.812770E+5
1.212000E-2	0.000000E+0	5.804160E+5
1.214000E-2	0.000000E+0	5.797020E+5
1.216000E-2	0.000000E+0	5.807560E+5
1.218000E-2	0.000000E+0	5.805060E+5
1.220000E-2	0.000000E+0	5.804420E+5
1.222000E-2	0.000000E+0	5.813860E+5
1.224000E-2	0.000000E+0	5.813650E+5
1.226000E-2	0.000000E+0	5.802120E+5
1.228000E-2	0.000000E+0	5.809670E+5
1.230000E-2	0.000000E+0	5.811730E+5
1.232000E-2	0.000000E+0	5.813100E+5
1.234000E-2	0.000000E+0	5.816920E+5
1.236000E-2	0.000000E+0	5.809590E+5
1.238000E-2	0.000000E+0	5.822930E+5
1.240000E-2	0.000000E+0	5.814610E+5
1.242000E-2	0.000000E+0	5.815640E+5
1.244000E-2	0.000000E+0	5.814540E+5
1.246000E-2	0.000000E+0	5.811390E+5
1.248000E-2	0.000000E+0	5.808630E+5
1.250000E-2	0.000000E+0	5.803330E+5
1.252000E-2	0.000000E+0	5.830420E+5
1.254000E-2	0.000000E+0	5.816420E+5
1.256000E-2	0.000000E+0	5.801160E+5
1.258000E-2	0.000000E+0	5.817700E+5
1.260000E-2	0.000000E+0	5.819570E+5
1.262000E-2	0.000000E+0	5.800590E+5
1.264000E-2	0.000000E+0	5.801650E+5
1.266000E-2	0.000000E+0	5.830700E+5
1.268000E-2	0.000000E+0	5.812430E+5
1.270000E-2	0.000000E+0	5.805380E+5
1.272000E-2	0.000000E+0	5.819300E+5
1.274000E-2	0.000000E+0	5.806600E+5
1.276000E-2	0.000000E+0	5.811390E+5
1.278000E-2	0.000000E+0	5.806220E+5
1.280000E-2	0.000000E+0	5.803910E+5
1.282000E-2	0.000000E+0	5.801260E+5
1.284000E-2	0.000000E+0	5.811430E+5
1.286000E-2	0.000000E+0	5.815300E+5
1.288000E-2	0.000000E+0	5.814950E+5
1.290000E-2	0.000000E+0	5.808320E+5
1.292000E-2	0.000000E+0	5.811520E+5
1.294000E-2	0.000000E+0	5.802920E+5
1.296000E-2	0.000000E+0	5.811490E+5
1.298000E-2	0.000000E+0	5.809950E+5
1.300000E-2	0.000000E+0	5.815020E+5
1.302000E-2	0.000000E+0	5.819070E+5
1.304000E-2	0.000000E+0	5.812930E+5
1.306000E-2	0.000000E+0	5.801170E+5
1.308000E-2	0.000000E+0	5.822460E+5
1.310000E-2	0.000000E+0	5.816750E+5
1.312000E-2	0.000000E+0	5.807150E+5
1.314000E-2	0.000000E+0	5.821440E+5
1.316000E-2	0.000000E+0	5.809620E+5
1.318000E-2	0.000000E+0	5.807840E+5
1.320000E-2	0.000000E+0	5.813810E+5
1.322000E-2	0.000000E+0	5.813180E+5
1.324000E-2	0.000000E+0	5.797700E+5
1.326000E-2	0.000000E+0	5.818940E+5
1.328000E-2	0.000000E+0	5.819050E+5
1.330000E-2	0.000000E+0	5.792820E+5
1.332000E-2	0.000000E+0	5.807430E+5
1.334000E-2	0.000000E+0	5.803970E+5
1.336000E-2	0.000000E+0	5.812300E+5
1.338000E-2	0.000000E+0	5.814370E+5
1.340000E-2	0.000000E+0	5.807960E+5
1.342000E-2	0.000000E+0	5.798630E+5
1.344000E-2	0.000000E+0	5.807130E+5
1.346000E-2	0.000000E+0	5.799540E+5
1.348000E-2	0.000000E+0	5.813810E+5
1.350000E-2	0.000000E+0	5.817800E+5
1.352000E-2	0.000000E+0	5.814210E+5
1.354000E-2	0.000000E+0	5.811260E+5
1.356000E-2	0.000000E+0	5.820480E+5
1.358000E-2	0.000000E+0	5.806230E+5
1.360000E-2	0.000000E+0	5.807000E+5
1.362000E-2	0.000000E+0	5.814770E+5
1.364000E-2	0.000000E+0	5.793770E+5
1.366000E-2	0.000000E+0	5.807550E+5
1.368000E-2	0.000000E+0	5.814280E+5
1.370000E-2	0.000000E+0	5.819370E+5
1.372000E-2	0.000000E+0	5.803320E+5
1.374000E-2	0.000000E+0	5.817980E+5
1.376000E-2	0.000000E+0	5.806710E+5
1.378000E-2	0.000000E+0	5.804080E+5
1.380000E-2	0.000000E+0	5.811510E+5
1.382000E-2	0.000000E+0	5.797580E+5
1.384000E-2	0.000000E+0	5.804970E+5
1.386000E-2	0.000000E+0	5.814290E+5
1.388000E-2	0.000000E+0	5.807870E+5
1.390000E-2	0.000000E+0	5.820720E+5
1.392000E-2	0.000000E+0	5.822230E+5
1.394000E-2	0.000000E+0	5.816550E+5
1.396000E-2	0.000000E+0	5.811330E+5
1.398000E-2	0.000000E+0	5.819860E+5
1.400000E-2	0.000000E+0	5.820300E+5
1.402000E-2	0.000000E+0	5.801110E+5
1.404000E-2	0.000000E+0	5.825040E+5
1.406000E-2	0.000000E+0	5.805300E+5
1.408000E-2	0.000000E+0	5.806660E+5
1.410000E-2	0.000000E+0	5.817310E+5
1.412000E-2	0.000000E+0	5.804200E+5
1.414000E-2	0.000000E+0	5.799830E+5
1.416000E-2	0.000000E+0	5.799550E+5
1.418000E-2	0.000000E+0	5.803870E+5
1.420000E-2	0.000000E+0	5.814530E+5
1.422000E-2	0.000000E+0	5.813830E+5
1.424000E-2	0.000000E+0	5.795440E+5
1.426000E-2	0.000000E+0	5.799990E+5
1.428000E-2	0.000000E+0	5.808390E+5
1.430000E-2	0.000000E+0	5.809430E+5
1.432000E-2	0.000000E+0	5.805330E+5
1.434000E-2	0.000000E+0	5.811800E+5
1.436000E-2	0.000000E+0	5.815150E+5
1.438000E-2	0.000000E+0	5.808160E+5
1.440000E-2	0.000000E+0	5.826310E+5
1.442000E-2	0.000000E+0	5.811900E+5
1.444000E-2	0.000000E+0	5.796790E+5
1.446000E-2	0.000000E+0	5.813890E+5
1.448000E-2	0.000000E+0	5.819770E+5
1.450000E-2	0.000000E+0	5.808250E+5
1.452000E-2	0.000000E+0	5.812660E+5
1.454000E-2	0.000000E+0	5.808080E+5
1.456000E-2	0.000000E+0	5.816040E+5
1.458000E-2	0.000000E+0	5.797730E+5
1.460000E-2	0.000000E+0	5.811730E+5
1.462000E-2	0.000000E+0	5.791480E+5
1.464000E-2	0.000000E+0	5.813740E+5
1.466000E-2	0.000000E+0	5.806210E+5
1.468000E-2	0.000000E+0	5.822510E+5
1.470000E-2	0.000000E+0	5.803770E+5
1.472000E-2	0.000000E+0	5.803990E+5
1.474000E-2	0.000000E+0	5.813550E+5
1.476000E-2	0.000000E+0	5.816900E+5
1.478000E-2	0.000000E+0	5.817130E+5
1.480000E-2	0.000000E+0	5.799390E+5
1.482000E-2	0.000000E+0	5.799830E+5
1.484000E-2	0.000000E+0	5.819330E+5
1.486000E-2	0.000000E+0	5.797690E+5
1.488000E-2	0.000000E+0	5.793410E+5
1.490000E-2	0.000000E+0	5.786270E+5
1.492000E-2	0.000000E+0	5.774430E+5
1.494000E-2	0.000000E+0	5.749090E+5
1.496000E-2	0.000000E+0	5.735050E+5
1.498000E-2	0.000000E+0	5.731830E+5
1.500000E-2	0.000000E+0	5.723390E+5
1.502000E-2	0.000000E+0	5.718820E+5
1.504000E-2	0.000000E+0	5.702370E+5
1.506000E-2	0.000000E+0	5.695120E+5
1.508000E-2	0.000000E+0	5.671980E+5
1.510000E-2	0.000000E+0	5.658090E+5
1.512000E-2	0.000000E+0	5.650990E+5
1.514000E-2	0.000000E+0	5.668370E+5
1.516000E-2	0.000000E+0	5.667770E+5
1.518000E-2	0.000000E+0	5.679220E+5
1.520000E-2	0.000000E+0	5.707680E+5
1.522000E-2	0.000000E+0	5.722500E+5
1.524000E-2	0.000000E+0	5.757160E+5
1.526000E-2	0.000000E+0	5.749620E+5
1.528000E-2	0.000000E+0	5.769980E+5
1.530000E-2	0.000000E+0	5.768400E+5
1.532000E-2	0.000000E+0	5.788210E+5
1.534000E-2	0.000000E+0	5.784900E+5
1.536000E-2	0.000000E+0	5.791000E+5
1.538000E-2	0.000000E+0	5.806160E+5
1.540000E-2	0.000000E+0	5.803040E+5
1.542000E-2	0.000000E+0	5.801240E+5
1.544000E-2	0.000000E+0	5.795240E+5
1.546000E-2	0.000000E+0	5.793930E+5
1.548000E-2	0.000000E+0	5.792100E+5
1.550000E-2	0.000000E+0	5.788320E+5
1.552000E-2	0.000000E+0	5.801770E+5
1.554000E-2	0.000000E+0	5.784950E+5
1.556000E-2	0.000000E+0	5.765460E+5
1.558000E-2	0.000000E+0	5.743400E+5
1.560000E-2	0.000000E+0	5.737850E+5
1.562000E-2	0.000000E+0	5.726110E+5
1.564000E-2	0.000000E+0	5.714120E+5
1.566000E-2	0.000000E+0	5.718670E+5
1.568000E-2	0.000000E+0	5.705450E+5
1.570000E-2	0.000000E+0	5.691540E+5
1.572000E-2	0.000000E+0	5.665270E+5
1.574000E-2	0.000000E+0	5.650590E+5
1.576000E-2	0.000000E+0	5.663230E+5
1.578000E-2	0.000000E+0	5.637530E+5
1.580000E-2	0.000000E+0	5.664860E+5
1.582000E-2	0.000000E+0	5.680950E+5
1.584000E-2	0.000000E+0	5.693470E+5
1.586000E-2	0.000000E+0	5.713770E+5
1.588000E-2	0.000000E+0	5.736150E+5
1.590000E-2	0.000000E+0	5.748350E+5
1.592000E-2	0.000000E+0	5.764200E+5
1.594000E-2	0.000000E+0	5.756460E+5
1.596000E-2	0.000000E+0	5.779830E+5
1.598000E-2	0.000000E+0	5.798770E+5
1.600000E-2	0.000000E+0	5.803120E+5
1.602000E-2	0.000000E+0	5.801170E+5
1.604000E-2	0.000000E+0	5.798250E+5
1.606000E-2	0.000000E+0	5.803470E+5
1.608000E-2	0.000000E+0	5.806050E+5
1.610000E-2	0.000000E+0	5.812090E+5
1.612000E-2	0.000000E+0	5.808140E+5
1.614000E-2	0.000000E+0	5.801130E+5
1.616000E-2	0.000000E+0	5.828530E+5
1.618000E-2	0.000000E+0	5.804930E+5
1.620000E-2	0.000000E+0	5.807400E+5
1.622000E-2	0.000000E+0	5.810790E+5
1.624000E-2	0.000000E+0	5.806540E+5
1.626000E-2	0.000000E+0	5.804710E+5
1.628000E-2	0.000000E+0	5.819990E+5
1.630000E-2	0.000000E+0	5.806870E+5
1.632000E-2	0.000000E+0	5.811500E+5
1.634000E-2	0.000000E+0	5.810530E+5
1.636000E-2	0.000000E+0	5.819890E+5
1.638000E-2	0.000000E+0	5.806000E+5
1.640000E-2	0.000000E+0	5.817290E+5
1.642000E-2	0.000000E+0	5.809900E+5
1.644000E-2	0.000000E+0	5.808220E+5
1.646000E-2	0.000000E+0	5.805390E+5
1.648000E-2	0.000000E+0	5.803950E+5
1.650000E-2	0.000000E+0	5.804220E+5
1.652000E-2	0.000000E+0	5.815000E+5
1.654000E-2	0.000000E+0	5.803380E+5
1.656000E-2	0.000000E+0	5.801770E+5
1.658000E-2	0.000000E+0	5.806010E+5
1.660000E-2	0.000000E+0	5.808520E+5
1.662000E-2	0.000000E+0	5.811450E+5
1.664000E-2	0.000000E+0	5.811680E+5
1.666000E-2	0.000000E+0	5.803640E+5
1.668000E-2	0.000000E+0	5.802100E+5
1.670000E-2	0.000000E+0	5.810780E+5
1.672000E-2	0.000000E+0	5.817950E+5
1.674000E-2	0.000000E+0	5.807040E+5
1.676000E-2	0.000000E+0	5.797760E+5
1.678000E-2	0.000000E+0	5.798300E+5
1.680000E-2	0.000000E+0	5.813210E+5
1.682000E-2	0.000000E+0	5.813260E+5
1.684000E-2	0.000000E+0	5.815060E+5
1.686000E-2	0.000000E+0	5.827470E+5
1.688000E-2	0.000000E+0	5.812620E+5
1.690000E-2	0.000000E+0	5.812590E+5
1.692000E-2	0.000000E+0	5.815660E+5
1.694000E-2	0.000000E+0	5.808350E+5
1.696000E-2	0.000000E+0	5.803260E+5
1.698000E-2	0.000000E+0	5.805430E+5
1.700000E-2	0.000000E+0	5.819120E+5
1.702000E-2	0.000000E+0	5.811870E+5
1.704000E-2	0.000000E+0	5.820580E+5
1.706000E-2	0.000000E+0	5.817220E+5
1.708000E-2	0.000000E+0	5.807070E+5
1.710000E-2	0.000000E+0	5.817300E+5
1.712000E-2	0.000000E+0	5.809710E+5
1.714000E-2	0.000000E+0	5.800930E+5
1.716000E-2	0.000000E+0	5.816360E+5
1.718000E-2	0.000000E+0	5.810530E+5
1.720000E-2	0.000000E+0	5.815280E+5
1.722000E-2	0.000000E+0	5.817460E+5
1.724000E-2	0.000000E+0	5.810350E+5
1.726000E-2	0.000000E+0	5.805330E+5
1.728000E-2	0.000000E+0	5.806290E+5
1.730000E-2	0.000000E+0	5.809070E+5
1.732000E-2	0.000000E+0	5.803150E+5
1.734000E-2	0.000000E+0	5.812950E+5
1.736000E-2	0.000000E+0	5.822950E+5
1.738000E-2	0.000000E+0	5.817540E+5
1.740000E-2	0.000000E+0	5.823970E+5
1.742000E-2	0.000000E+0	5.805650E+5
1.744000E-2	0.000000E+0	5.805750E+5
1.746000E-2	0.000000E+0	5.808060E+5
1.748000E-2	0.000000E+0	5.813700E+5
1.750000E-2	0.000000E+0	5.815480E+5
1.752000E-2	0.000000E+0	5.819270E+5
1.754000E-2	0.000000E+0	5.807780E+5
1.756000E-2	0.000000E+0	5.804630E+5
1.758000E-2	0.000000E+0	5.812230E+5
1.760000E-2	0.000000E+0	5.811770E+5
1.762000E-2	0.000000E+0	5.815070E+5
1.764000E-2	0.000000E+0	5.817290E+5
1.766000E-2	0.000000E+0	5.807320E+5
1.768000E-2	0.000000E+0	5.815270E+5
1.770000E-2	0.000000E+0	5.809800E+5
1.772000E-2	0.000000E+0	5.823010E+5
1.774000E-2	0.000000E+0	5.809600E+5
1.776000E-2	0.000000E+0	5.809660E+5
1.778000E-2	0.000000E+0	5.821510E+5
1.780000E-2	0.000000E+0	5.795820E+5
1.782000E-2	0.000000E+0	5.811490E+5
1.784000E-2	0.000000E+0	5.806780E+5
1.786000E-2	0.000000E+0	5.808550E+5
1.788000E-2	0.000000E+0	5.811010E+5
1.790000E-2	0.000000E+0	5.813100E+5
1.792000E-2	0.000000E+0	5.797760E+5
1.794000E-2	0.000000E+0	5.809760E+5
1.796000E-2	0.000000E+0	5.810930E+5
1.798000E-2	0.000000E+0	5.815550E+5
1.800000E-2	0.000000E+0	5.796150E+5
1.802000E-2	0.000000E+0	5.808910E+5
1.804000E-2	0.000000E+0	5.801340E+5
1.806000E-2	0.000000E+0	5.806440E+5
1.808000E-2	0.000000E+0	5.806400E+5
1.810000E-2	0.000000E+0	5.816120E+5
1.812000E-2	0.000000E+0	5.824660E+5
1.814000E-2	0.000000E+0	5.823160E+5
1.816000E-2	0.000000E+0	5.813070E+5
1.818000E-2	0.000000E+0	5.800730E+5
1.820000E-2	0.000000E+0	5.818500E+5
1.822000E-2	0.000000E+0	5.807290E+5
1.824000E-2	0.000000E+0	5.813150E+5
1.826000E-2	0.000000E+0	5.817420E+5
1.828000E-2	0.000000E+0	5.804560E+5
1.830000E-2	0.000000E+0	5.800520E+5
1.832000E-2	0.000000E+0	5.817250E+5
1.834000E-2	0.000000E+0	5.801990E+5
1.836000E-2	0.000000E+0	5.821220E+5
1.838000E-2	0.000000E+0	5.802530E+5
1.840000E-2	0.000000E+0	5.808180E+5
1.842000E-2	0.000000E+0	5.801950E+5
1.844000E-2	0.000000E+0	5.803110E+5
1.846000E-2	0.000000E+0	5.795030E+5
1.848000E-2	0.000000E+0	5.819950E+5
1.850000E-2	0.000000E+0	5.813660E+5
1.852000E-2	0.000000E+0	5.809750E+5
1.854000E-2	0.000000E+0	5.830480E+5
1.856000E-2	0.000000E+0	5.794190E+5
1.858000E-2	0.000000E+0	5.799420E+5
1.860000E-2	0.000000E+0	5.809290E+5
1.862000E-2	0.000000E+0	5.800180E+5
1.864000E-2	0.000000E+0	5.797190E+5
1.866000E-2	0.000000E+0	5.814280E+5
1.868000E-2	0.000000E+0	5.810600E+5
1.870000E-2	0.000000E+0	5.809660E+5
1.872000E-2	0.000000E+0	5.811940E+5
1.874000E-2	0.000000E+0	5.788920E+5
1.876000E-2	0.000000E+0	5.808680E+5
1.878000E-2	0.000000E+0	5.810550E+5
1.880000E-2	0.000000E+0	5.802890E+5
1.882000E-2	0.000000E+0	5.804670E+5
1.884000E-2	0.000000E+0	5.817020E+5
1.886000E-2	0.000000E+0	5.806710E+5
1.888000E-2	0.000000E+0	5.801390E+5
1.890000E-2	0.000000E+0	5.805000E+5
1.892000E-2	0.000000E+0	5.821860E+5
1.894000E-2	0.000000E+0	5.807990E+5
1.896000E-2	0.000000E+0	5.811550E+5
1.898000E-2	0.000000E+0	5.819310E+5
1.900000E-2	0.000000E+0	5.804550E+5
1.902000E-2	0.000000E+0	5.799620E+5
1.904000E-2	0.000000E+0	5.810400E+5
1.906000E-2	0.000000E+0	5.818080E+5
1.908000E-2	0.000000E+0	5.811860E+5
1.910000E-2	0.000000E+0	5.799320E+5
1.912000E-2	0.000000E+0	5.798450E+5
1.914000E-2	0.000000E+0	5.812230E+5
1.916000E-2	0.000000E+0	5.803380E+5
1.918000E-2	0.000000E+0	5.800750E+5
1.920000E-2	0.000000E+0	5.816820E+5
1.922000E-2	0.000000E+0	5.809900E+5
1.924000E-2	0.000000E+0	5.815000E+5
1.926000E-2	0.000000E+0	5.816050E+5
1.928000E-2	0.000000E+0	5.817470E+5
1.930000E-2	0.000000E+0	5.808310E+5
1.932000E-2	0.000000E+0	5.806300E+5
1.934000E-2	0.000000E+0	5.809880E+5
1.936000E-2	0.000000E+0	5.806470E+5
1.938000E-2	0.000000E+0	5.813860E+5
1.940000E-2	0.000000E+0	5.792200E+5
1.942000E-2	0.000000E+0	5.819640E+5
1.944000E-2	0.000000E+0	5.817230E+5
1.946000E-2	0.000000E+0	5.796850E+5
1.948000E-2	0.000000E+0	5.809160E+5
1.950000E-2	0.000000E+0	5.810780E+5
1.952000E-2	0.000000E+0	5.818910E+5
1.954000E-2	0.000000E+0	5.805290E+5
1.956000E-2	0.000000E+0	5.820810E+5
1.958000E-2	0.000000E+0	5.804920E+5
1.960000E-2	0.000000E+0	5.813930E+5
1.962000E-2	0.000000E+0	5.804770E+5
1.964000E-2	0.000000E+0	5.817300E+5
1.966000E-2	0.000000E+0	5.818680E+5
1.968000E-2	0.000000E+0	5.808730E+5
1.970000E-2	0.000000E+0	5.808790E+5
1.972000E-2	0.000000E+0	5.810900E+5
1.974000E-2	0.000000E+0	5.811940E+5
1.976000E-2	0.000000E+0	5.794070E+5
1.978000E-2	0.000000E+0	5.802010E+5
1.980000E-2	0.000000E+0	5.815600E+5
1.982000E-2	0.000000E+0	5.803580E+5
1.984000E-2	0.000000E+0	5.811870E+5
1.986000E-2	0.000000E+0	5.801220E+5
1.988000E-2	0.000000E+0	5.796130E+5
1.990000E-2	0.000000E+0	5.805800E+5
1.992000E-2	0.000000E+0	5.804840E+5
1.994000E-2	0.000000E+0	5.824500E+5
1.996000E-2	0.000000E+0	5.801290E+5
1.998000E-2	0.000000E+0	5.807800E+5
