

live time:  194623.460000
real time:  270008.453000
sweeps:  9731173.000000
0.000000E+0	0.000000E+0	0.000000E+0
2.000000E-5	0.000000E+0	4.267080E+5
4.000000E-5	0.000000E+0	4.270340E+5
6.000000E-5	0.000000E+0	4.265420E+5
8.000000E-5	0.000000E+0	4.267970E+5
1.000000E-4	0.000000E+0	4.256970E+5
1.200000E-4	0.000000E+0	4.269890E+5
1.400000E-4	0.000000E+0	4.270400E+5
1.600000E-4	0.000000E+0	4.267830E+5
1.800000E-4	0.000000E+0	4.267380E+5
2.000000E-4	0.000000E+0	4.266620E+5
2.200000E-4	0.000000E+0	4.269470E+5
2.400000E-4	0.000000E+0	4.255610E+5
2.600000E-4	0.000000E+0	4.253700E+5
2.800000E-4	0.000000E+0	4.263340E+5
3.000000E-4	0.000000E+0	4.278860E+5
3.200000E-4	0.000000E+0	4.264220E+5
3.400000E-4	0.000000E+0	4.263900E+5
3.600000E-4	0.000000E+0	4.273300E+5
3.800000E-4	0.000000E+0	4.261280E+5
4.000000E-4	0.000000E+0	4.256060E+5
4.200000E-4	0.000000E+0	4.267210E+5
4.400000E-4	0.000000E+0	4.261280E+5
4.600000E-4	0.000000E+0	4.273520E+5
4.800000E-4	0.000000E+0	4.259660E+5
5.000000E-4	0.000000E+0	4.263890E+5
5.200000E-4	0.000000E+0	4.267160E+5
5.400000E-4	0.000000E+0	4.260140E+5
5.600000E-4	0.000000E+0	4.257870E+5
5.800000E-4	0.000000E+0	4.263770E+5
6.000000E-4	0.000000E+0	4.271960E+5
6.200000E-4	0.000000E+0	4.262900E+5
6.400000E-4	0.000000E+0	4.277970E+5
6.600000E-4	0.000000E+0	4.255330E+5
6.800000E-4	0.000000E+0	4.262590E+5
7.000000E-4	0.000000E+0	4.268210E+5
7.200000E-4	0.000000E+0	4.276510E+5
7.400000E-4	0.000000E+0	4.255830E+5
7.600000E-4	0.000000E+0	4.260940E+5
7.800000E-4	0.000000E+0	4.250900E+5
8.000000E-4	0.000000E+0	4.270850E+5
8.200000E-4	0.000000E+0	4.263660E+5
8.400000E-4	0.000000E+0	4.260290E+5
8.600000E-4	0.000000E+0	4.273380E+5
8.800000E-4	0.000000E+0	4.261150E+5
9.000000E-4	0.000000E+0	4.278240E+5
9.200000E-4	0.000000E+0	4.260340E+5
9.400000E-4	0.000000E+0	4.266600E+5
9.600000E-4	0.000000E+0	4.254990E+5
9.800000E-4	0.000000E+0	4.278340E+5
1.000000E-3	0.000000E+0	4.267720E+5
1.020000E-3	0.000000E+0	4.262280E+5
1.040000E-3	0.000000E+0	4.261960E+5
1.060000E-3	0.000000E+0	4.262790E+5
1.080000E-3	0.000000E+0	4.264060E+5
1.100000E-3	0.000000E+0	4.256100E+5
1.120000E-3	0.000000E+0	4.271130E+5
1.140000E-3	0.000000E+0	4.254280E+5
1.160000E-3	0.000000E+0	4.262600E+5
1.180000E-3	0.000000E+0	4.260450E+5
1.200000E-3	0.000000E+0	4.266570E+5
1.220000E-3	0.000000E+0	4.272170E+5
1.240000E-3	0.000000E+0	4.266780E+5
1.260000E-3	0.000000E+0	4.264390E+5
1.280000E-3	0.000000E+0	4.266710E+5
1.300000E-3	0.000000E+0	4.252460E+5
1.320000E-3	0.000000E+0	4.276410E+5
1.340000E-3	0.000000E+0	4.268620E+5
1.360000E-3	0.000000E+0	4.260140E+5
1.380000E-3	0.000000E+0	4.277240E+5
1.400000E-3	0.000000E+0	4.265040E+5
1.420000E-3	0.000000E+0	4.266520E+5
1.440000E-3	0.000000E+0	4.264210E+5
1.460000E-3	0.000000E+0	4.253760E+5
1.480000E-3	0.000000E+0	4.275300E+5
1.500000E-3	0.000000E+0	4.264660E+5
1.520000E-3	0.000000E+0	4.262490E+5
1.540000E-3	0.000000E+0	4.268860E+5
1.560000E-3	0.000000E+0	4.265750E+5
1.580000E-3	0.000000E+0	4.270450E+5
1.600000E-3	0.000000E+0	4.263260E+5
1.620000E-3	0.000000E+0	4.261610E+5
1.640000E-3	0.000000E+0	4.259730E+5
1.660000E-3	0.000000E+0	4.266300E+5
1.680000E-3	0.000000E+0	4.263340E+5
1.700000E-3	0.000000E+0	4.256360E+5
1.720000E-3	0.000000E+0	4.267500E+5
1.740000E-3	0.000000E+0	4.277970E+5
1.760000E-3	0.000000E+0	4.271250E+5
1.780000E-3	0.000000E+0	4.273250E+5
1.800000E-3	0.000000E+0	4.273360E+5
1.820000E-3	0.000000E+0	4.261100E+5
1.840000E-3	0.000000E+0	4.253960E+5
1.860000E-3	0.000000E+0	4.264960E+5
1.880000E-3	0.000000E+0	4.263330E+5
1.900000E-3	0.000000E+0	4.257490E+5
1.920000E-3	0.000000E+0	4.261250E+5
1.940000E-3	0.000000E+0	4.261420E+5
1.960000E-3	0.000000E+0	4.267540E+5
1.980000E-3	0.000000E+0	4.270690E+5
2.000000E-3	0.000000E+0	4.260050E+5
2.020000E-3	0.000000E+0	4.265430E+5
2.040000E-3	0.000000E+0	4.259240E+5
2.060000E-3	0.000000E+0	4.271950E+5
2.080000E-3	0.000000E+0	4.275000E+5
2.100000E-3	0.000000E+0	4.273160E+5
2.120000E-3	0.000000E+0	4.270290E+5
2.140000E-3	0.000000E+0	4.253070E+5
2.160000E-3	0.000000E+0	4.255130E+5
2.180000E-3	0.000000E+0	4.265730E+5
2.200000E-3	0.000000E+0	4.274030E+5
2.220000E-3	0.000000E+0	4.270020E+5
2.240000E-3	0.000000E+0	4.261090E+5
2.260000E-3	0.000000E+0	4.266270E+5
2.280000E-3	0.000000E+0	4.266680E+5
2.300000E-3	0.000000E+0	4.267540E+5
2.320000E-3	0.000000E+0	4.266390E+5
2.340000E-3	0.000000E+0	4.261450E+5
2.360000E-3	0.000000E+0	4.267110E+5
2.380000E-3	0.000000E+0	4.278480E+5
2.400000E-3	0.000000E+0	4.251320E+5
2.420000E-3	0.000000E+0	4.262570E+5
2.440000E-3	0.000000E+0	4.257210E+5
2.460000E-3	0.000000E+0	4.268170E+5
2.480000E-3	0.000000E+0	4.279320E+5
2.500000E-3	0.000000E+0	4.261090E+5
2.520000E-3	0.000000E+0	4.270650E+5
2.540000E-3	0.000000E+0	4.255000E+5
2.560000E-3	0.000000E+0	4.264830E+5
2.580000E-3	0.000000E+0	4.259730E+5
2.600000E-3	0.000000E+0	4.273150E+5
2.620000E-3	0.000000E+0	4.263430E+5
2.640000E-3	0.000000E+0	4.254630E+5
2.660000E-3	0.000000E+0	4.272690E+5
2.680000E-3	0.000000E+0	4.260540E+5
2.700000E-3	0.000000E+0	4.266190E+5
2.720000E-3	0.000000E+0	4.246890E+5
2.740000E-3	0.000000E+0	4.266690E+5
2.760000E-3	0.000000E+0	4.262170E+5
2.780000E-3	0.000000E+0	4.262930E+5
2.800000E-3	0.000000E+0	4.262910E+5
2.820000E-3	0.000000E+0	4.262300E+5
2.840000E-3	0.000000E+0	4.255560E+5
2.860000E-3	0.000000E+0	4.274340E+5
2.880000E-3	0.000000E+0	4.265780E+5
2.900000E-3	0.000000E+0	4.267040E+5
2.920000E-3	0.000000E+0	4.253260E+5
2.940000E-3	0.000000E+0	4.266070E+5
2.960000E-3	0.000000E+0	4.263480E+5
2.980000E-3	0.000000E+0	4.254530E+5
3.000000E-3	0.000000E+0	4.265450E+5
3.020000E-3	0.000000E+0	4.264400E+5
3.040000E-3	0.000000E+0	4.272150E+5
3.060000E-3	0.000000E+0	4.278670E+5
3.080000E-3	0.000000E+0	4.265980E+5
3.100000E-3	0.000000E+0	4.255210E+5
3.120000E-3	0.000000E+0	4.266170E+5
3.140000E-3	0.000000E+0	4.269540E+5
3.160000E-3	0.000000E+0	4.257900E+5
3.180000E-3	0.000000E+0	4.267030E+5
3.200000E-3	0.000000E+0	4.261240E+5
3.220000E-3	0.000000E+0	4.270950E+5
3.240000E-3	0.000000E+0	4.275040E+5
3.260000E-3	0.000000E+0	4.270540E+5
3.280000E-3	0.000000E+0	4.269400E+5
3.300000E-3	0.000000E+0	4.261010E+5
3.320000E-3	0.000000E+0	4.267830E+5
3.340000E-3	0.000000E+0	4.257530E+5
3.360000E-3	0.000000E+0	4.257650E+5
3.380000E-3	0.000000E+0	4.253250E+5
3.400000E-3	0.000000E+0	4.261720E+5
3.420000E-3	0.000000E+0	4.275830E+5
3.440000E-3	0.000000E+0	4.258420E+5
3.460000E-3	0.000000E+0	4.269690E+5
3.480000E-3	0.000000E+0	4.261870E+5
3.500000E-3	0.000000E+0	4.264180E+5
3.520000E-3	0.000000E+0	4.256820E+5
3.540000E-3	0.000000E+0	4.262390E+5
3.560000E-3	0.000000E+0	4.262440E+5
3.580000E-3	0.000000E+0	4.253760E+5
3.600000E-3	0.000000E+0	4.260900E+5
3.620000E-3	0.000000E+0	4.242480E+5
3.640000E-3	0.000000E+0	4.270660E+5
3.660000E-3	0.000000E+0	4.264730E+5
3.680000E-3	0.000000E+0	4.261370E+5
3.700000E-3	0.000000E+0	4.256230E+5
3.720000E-3	0.000000E+0	4.263070E+5
3.740000E-3	0.000000E+0	4.259990E+5
3.760000E-3	0.000000E+0	4.262780E+5
3.780000E-3	0.000000E+0	4.257180E+5
3.800000E-3	0.000000E+0	4.257740E+5
3.820000E-3	0.000000E+0	4.257210E+5
3.840000E-3	0.000000E+0	4.262820E+5
3.860000E-3	0.000000E+0	4.258600E+5
3.880000E-3	0.000000E+0	4.254470E+5
3.900000E-3	0.000000E+0	4.270470E+5
3.920000E-3	0.000000E+0	4.278760E+5
3.940000E-3	0.000000E+0	4.271870E+5
3.960000E-3	0.000000E+0	4.272590E+5
3.980000E-3	0.000000E+0	4.265030E+5
4.000000E-3	0.000000E+0	4.263610E+5
4.020000E-3	0.000000E+0	4.268970E+5
4.040000E-3	0.000000E+0	4.256810E+5
4.060000E-3	0.000000E+0	4.268150E+5
4.080000E-3	0.000000E+0	4.266220E+5
4.100000E-3	0.000000E+0	4.268430E+5
4.120000E-3	0.000000E+0	4.259810E+5
4.140000E-3	0.000000E+0	4.254990E+5
4.160000E-3	0.000000E+0	4.271350E+5
4.180000E-3	0.000000E+0	4.255430E+5
4.200000E-3	0.000000E+0	4.265730E+5
4.220000E-3	0.000000E+0	4.261460E+5
4.240000E-3	0.000000E+0	4.262720E+5
4.260000E-3	0.000000E+0	4.254840E+5
4.280000E-3	0.000000E+0	4.271930E+5
4.300000E-3	0.000000E+0	4.265980E+5
4.320000E-3	0.000000E+0	4.258010E+5
4.340000E-3	0.000000E+0	4.255190E+5
4.360000E-3	0.000000E+0	4.260120E+5
4.380000E-3	0.000000E+0	4.256800E+5
4.400000E-3	0.000000E+0	4.266530E+5
4.420000E-3	0.000000E+0	4.261020E+5
4.440000E-3	0.000000E+0	4.260550E+5
4.460000E-3	0.000000E+0	4.258960E+5
4.480000E-3	0.000000E+0	4.254770E+5
4.500000E-3	0.000000E+0	4.260860E+5
4.520000E-3	0.000000E+0	4.252990E+5
4.540000E-3	0.000000E+0	4.250150E+5
4.560000E-3	0.000000E+0	4.255610E+5
4.580000E-3	0.000000E+0	4.264260E+5
4.600000E-3	0.000000E+0	4.260470E+5
4.620000E-3	0.000000E+0	4.256240E+5
4.640000E-3	0.000000E+0	4.265770E+5
4.660000E-3	0.000000E+0	4.264790E+5
4.680000E-3	0.000000E+0	4.258220E+5
4.700000E-3	0.000000E+0	4.264760E+5
4.720000E-3	0.000000E+0	4.263770E+5
4.740000E-3	0.000000E+0	4.253570E+5
4.760000E-3	0.000000E+0	4.269490E+5
4.780000E-3	0.000000E+0	4.252840E+5
4.800000E-3	0.000000E+0	4.257200E+5
4.820000E-3	0.000000E+0	4.253710E+5
4.840000E-3	0.000000E+0	4.253900E+5
4.860000E-3	0.000000E+0	4.239230E+5
4.880000E-3	0.000000E+0	4.235170E+5
4.900000E-3	0.000000E+0	4.234300E+5
4.920000E-3	0.000000E+0	4.205050E+5
4.940000E-3	0.000000E+0	4.198470E+5
4.960000E-3	0.000000E+0	4.196180E+5
4.980000E-3	0.000000E+0	4.200200E+5
5.000000E-3	0.000000E+0	4.182180E+5
5.020000E-3	0.000000E+0	4.174430E+5
5.040000E-3	0.000000E+0	4.152820E+5
5.060000E-3	0.000000E+0	4.145550E+5
5.080000E-3	0.000000E+0	4.143590E+5
5.100000E-3	0.000000E+0	4.148680E+5
5.120000E-3	0.000000E+0	4.145520E+5
5.140000E-3	0.000000E+0	4.157100E+5
5.160000E-3	0.000000E+0	4.177210E+5
5.180000E-3	0.000000E+0	4.183050E+5
5.200000E-3	0.000000E+0	4.200160E+5
5.220000E-3	0.000000E+0	4.207310E+5
5.240000E-3	0.000000E+0	4.203960E+5
5.260000E-3	0.000000E+0	4.237370E+5
5.280000E-3	0.000000E+0	4.217590E+5
5.300000E-3	0.000000E+0	4.235710E+5
5.320000E-3	0.000000E+0	4.250270E+5
5.340000E-3	0.000000E+0	4.250150E+5
5.360000E-3	0.000000E+0	4.258360E+5
5.380000E-3	0.000000E+0	4.245040E+5
5.400000E-3	0.000000E+0	4.265030E+5
5.420000E-3	0.000000E+0	4.256850E+5
5.440000E-3	0.000000E+0	4.250130E+5
5.460000E-3	0.000000E+0	4.246820E+5
5.480000E-3	0.000000E+0	4.242110E+5
5.500000E-3	0.000000E+0	4.247020E+5
5.520000E-3	0.000000E+0	4.237420E+5
5.540000E-3	0.000000E+0	4.230060E+5
5.560000E-3	0.000000E+0	4.209030E+5
5.580000E-3	0.000000E+0	4.209310E+5
5.600000E-3	0.000000E+0	4.186360E+5
5.620000E-3	0.000000E+0	4.194590E+5
5.640000E-3	0.000000E+0	4.203180E+5
5.660000E-3	0.000000E+0	4.183300E+5
5.680000E-3	0.000000E+0	4.180340E+5
5.700000E-3	0.000000E+0	4.160630E+5
5.720000E-3	0.000000E+0	4.153330E+5
5.740000E-3	0.000000E+0	4.153900E+5
5.760000E-3	0.000000E+0	4.160850E+5
5.780000E-3	0.000000E+0	4.160590E+5
5.800000E-3	0.000000E+0	4.171480E+5
5.820000E-3	0.000000E+0	4.188980E+5
5.840000E-3	0.000000E+0	4.200770E+5
5.860000E-3	0.000000E+0	4.204740E+5
5.880000E-3	0.000000E+0	4.220160E+5
5.900000E-3	0.000000E+0	4.233510E+5
5.920000E-3	0.000000E+0	4.248410E+5
5.940000E-3	0.000000E+0	4.239150E+5
5.960000E-3	0.000000E+0	4.246100E+5
5.980000E-3	0.000000E+0	4.255730E+5
6.000000E-3	0.000000E+0	4.256530E+5
6.020000E-3	0.000000E+0	4.255660E+5
6.040000E-3	0.000000E+0	4.259990E+5
6.060000E-3	0.000000E+0	4.257250E+5
6.080000E-3	0.000000E+0	4.260480E+5
6.100000E-3	0.000000E+0	4.250010E+5
6.120000E-3	0.000000E+0	4.260760E+5
6.140000E-3	0.000000E+0	4.259120E+5
6.160000E-3	0.000000E+0	4.254620E+5
6.180000E-3	0.000000E+0	4.265830E+5
6.200000E-3	0.000000E+0	4.259900E+5
6.220000E-3	0.000000E+0	4.264160E+5
6.240000E-3	0.000000E+0	4.252300E+5
6.260000E-3	0.000000E+0	4.256710E+5
6.280000E-3	0.000000E+0	4.277560E+5
6.300000E-3	0.000000E+0	4.272930E+5
6.320000E-3	0.000000E+0	4.266850E+5
6.340000E-3	0.000000E+0	4.265150E+5
6.360000E-3	0.000000E+0	4.258430E+5
6.380000E-3	0.000000E+0	4.268820E+5
6.400000E-3	0.000000E+0	4.257890E+5
6.420000E-3	0.000000E+0	4.252380E+5
6.440000E-3	0.000000E+0	4.277970E+5
6.460000E-3	0.000000E+0	4.261220E+5
6.480000E-3	0.000000E+0	4.256570E+5
6.500000E-3	0.000000E+0	4.259610E+5
6.520000E-3	0.000000E+0	4.262520E+5
6.540000E-3	0.000000E+0	4.257610E+5
6.560000E-3	0.000000E+0	4.271890E+5
6.580000E-3	0.000000E+0	4.257940E+5
6.600000E-3	0.000000E+0	4.268310E+5
6.620000E-3	0.000000E+0	4.261870E+5
6.640000E-3	0.000000E+0	4.262530E+5
6.660000E-3	0.000000E+0	4.257040E+5
6.680000E-3	0.000000E+0	4.262520E+5
6.700000E-3	0.000000E+0	4.264710E+5
6.720000E-3	0.000000E+0	4.262680E+5
6.740000E-3	0.000000E+0	4.269570E+5
6.760000E-3	0.000000E+0	4.271720E+5
6.780000E-3	0.000000E+0	4.256400E+5
6.800000E-3	0.000000E+0	4.267080E+5
6.820000E-3	0.000000E+0	4.266060E+5
6.840000E-3	0.000000E+0	4.261070E+5
6.860000E-3	0.000000E+0	4.264310E+5
6.880000E-3	0.000000E+0	4.271540E+5
6.900000E-3	0.000000E+0	4.255700E+5
6.920000E-3	0.000000E+0	4.253230E+5
6.940000E-3	0.000000E+0	4.265690E+5
6.960000E-3	0.000000E+0	4.247620E+5
6.980000E-3	0.000000E+0	4.263590E+5
7.000000E-3	0.000000E+0	4.261920E+5
7.020000E-3	0.000000E+0	4.268970E+5
7.040000E-3	0.000000E+0	4.267440E+5
7.060000E-3	0.000000E+0	4.267340E+5
7.080000E-3	0.000000E+0	4.265160E+5
7.100000E-3	0.000000E+0	4.262460E+5
7.120000E-3	0.000000E+0	4.264060E+5
7.140000E-3	0.000000E+0	4.262970E+5
7.160000E-3	0.000000E+0	4.264240E+5
7.180000E-3	0.000000E+0	4.255500E+5
7.200000E-3	0.000000E+0	4.263550E+5
7.220000E-3	0.000000E+0	4.267660E+5
7.240000E-3	0.000000E+0	4.265320E+5
7.260000E-3	0.000000E+0	4.262100E+5
7.280000E-3	0.000000E+0	4.263820E+5
7.300000E-3	0.000000E+0	4.258760E+5
7.320000E-3	0.000000E+0	4.268940E+5
7.340000E-3	0.000000E+0	4.271270E+5
7.360000E-3	0.000000E+0	4.259700E+5
7.380000E-3	0.000000E+0	4.270360E+5
7.400000E-3	0.000000E+0	4.266020E+5
7.420000E-3	0.000000E+0	4.262200E+5
7.440000E-3	0.000000E+0	4.265420E+5
7.460000E-3	0.000000E+0	4.271450E+5
7.480000E-3	0.000000E+0	4.262180E+5
7.500000E-3	0.000000E+0	4.269030E+5
7.520000E-3	0.000000E+0	4.267960E+5
7.540000E-3	0.000000E+0	4.263930E+5
7.560000E-3	0.000000E+0	4.267550E+5
7.580000E-3	0.000000E+0	4.268310E+5
7.600000E-3	0.000000E+0	4.259350E+5
7.620000E-3	0.000000E+0	4.265180E+5
7.640000E-3	0.000000E+0	4.271150E+5
7.660000E-3	0.000000E+0	4.256930E+5
7.680000E-3	0.000000E+0	4.264140E+5
7.700000E-3	0.000000E+0	4.256700E+5
7.720000E-3	0.000000E+0	4.267810E+5
7.740000E-3	0.000000E+0	4.257380E+5
7.760000E-3	0.000000E+0	4.260660E+5
7.780000E-3	0.000000E+0	4.272850E+5
7.800000E-3	0.000000E+0	4.260930E+5
7.820000E-3	0.000000E+0	4.258610E+5
7.840000E-3	0.000000E+0	4.274160E+5
7.860000E-3	0.000000E+0	4.265450E+5
7.880000E-3	0.000000E+0	4.264940E+5
7.900000E-3	0.000000E+0	4.260210E+5
7.920000E-3	0.000000E+0	4.262310E+5
7.940000E-3	0.000000E+0	4.274270E+5
7.960000E-3	0.000000E+0	4.275460E+5
7.980000E-3	0.000000E+0	4.276030E+5
8.000000E-3	0.000000E+0	4.267930E+5
8.020000E-3	0.000000E+0	4.265740E+5
8.040000E-3	0.000000E+0	4.254100E+5
8.060000E-3	0.000000E+0	4.260480E+5
8.080000E-3	0.000000E+0	4.270240E+5
8.100000E-3	0.000000E+0	4.275180E+5
8.120000E-3	0.000000E+0	4.267750E+5
8.140000E-3	0.000000E+0	4.257190E+5
8.160000E-3	0.000000E+0	4.267110E+5
8.180000E-3	0.000000E+0	4.259620E+5
8.200000E-3	0.000000E+0	4.265240E+5
8.220000E-3	0.000000E+0	4.260750E+5
8.240000E-3	0.000000E+0	4.270160E+5
8.260000E-3	0.000000E+0	4.278450E+5
8.280000E-3	0.000000E+0	4.258090E+5
8.300000E-3	0.000000E+0	4.265770E+5
8.320000E-3	0.000000E+0	4.255990E+5
8.340000E-3	0.000000E+0	4.260210E+5
8.360000E-3	0.000000E+0	4.257580E+5
8.380000E-3	0.000000E+0	4.247090E+5
8.400000E-3	0.000000E+0	4.258230E+5
8.420000E-3	0.000000E+0	4.264870E+5
8.440000E-3	0.000000E+0	4.269980E+5
8.460000E-3	0.000000E+0	4.269270E+5
8.480000E-3	0.000000E+0	4.272410E+5
8.500000E-3	0.000000E+0	4.254320E+5
8.520000E-3	0.000000E+0	4.273310E+5
8.540000E-3	0.000000E+0	4.269040E+5
8.560000E-3	0.000000E+0	4.262060E+5
8.580000E-3	0.000000E+0	4.279490E+5
8.600000E-3	0.000000E+0	4.265550E+5
8.620000E-3	0.000000E+0	4.273340E+5
8.640000E-3	0.000000E+0	4.263370E+5
8.660000E-3	0.000000E+0	4.260450E+5
8.680000E-3	0.000000E+0	4.267790E+5
8.700000E-3	0.000000E+0	4.248910E+5
8.720000E-3	0.000000E+0	4.272700E+5
8.740000E-3	0.000000E+0	4.255310E+5
8.760000E-3	0.000000E+0	4.264490E+5
8.780000E-3	0.000000E+0	4.268070E+5
8.800000E-3	0.000000E+0	4.270150E+5
8.820000E-3	0.000000E+0	4.268240E+5
8.840000E-3	0.000000E+0	4.258280E+5
8.860000E-3	0.000000E+0	4.281640E+5
8.880000E-3	0.000000E+0	4.260320E+5
8.900000E-3	0.000000E+0	4.264230E+5
8.920000E-3	0.000000E+0	4.252940E+5
8.940000E-3	0.000000E+0	4.254240E+5
8.960000E-3	0.000000E+0	4.273180E+5
8.980000E-3	0.000000E+0	4.262420E+5
9.000000E-3	0.000000E+0	4.262000E+5
9.020000E-3	0.000000E+0	4.250120E+5
9.040000E-3	0.000000E+0	4.267190E+5
9.060000E-3	0.000000E+0	4.285280E+5
9.080000E-3	0.000000E+0	4.264360E+5
9.100000E-3	0.000000E+0	4.273780E+5
9.120000E-3	0.000000E+0	4.257810E+5
9.140000E-3	0.000000E+0	4.263890E+5
9.160000E-3	0.000000E+0	4.268170E+5
9.180000E-3	0.000000E+0	4.255320E+5
9.200000E-3	0.000000E+0	4.261850E+5
9.220000E-3	0.000000E+0	4.263150E+5
9.240000E-3	0.000000E+0	4.271580E+5
9.260000E-3	0.000000E+0	4.276790E+5
9.280000E-3	0.000000E+0	4.275220E+5
9.300000E-3	0.000000E+0	4.272360E+5
9.320000E-3	0.000000E+0	4.261790E+5
9.340000E-3	0.000000E+0	4.261990E+5
9.360000E-3	0.000000E+0	4.262290E+5
9.380000E-3	0.000000E+0	4.277130E+5
9.400000E-3	0.000000E+0	4.268260E+5
9.420000E-3	0.000000E+0	4.275900E+5
9.440000E-3	0.000000E+0	4.258710E+5
9.460000E-3	0.000000E+0	4.273030E+5
9.480000E-3	0.000000E+0	4.263630E+5
9.500000E-3	0.000000E+0	4.253510E+5
9.520000E-3	0.000000E+0	4.272860E+5
9.540000E-3	0.000000E+0	4.254610E+5
9.560000E-3	0.000000E+0	4.263540E+5
9.580000E-3	0.000000E+0	4.265250E+5
9.600000E-3	0.000000E+0	4.266520E+5
9.620000E-3	0.000000E+0	4.258820E+5
9.640000E-3	0.000000E+0	4.259440E+5
9.660000E-3	0.000000E+0	4.273020E+5
9.680000E-3	0.000000E+0	4.252910E+5
9.700000E-3	0.000000E+0	4.259190E+5
9.720000E-3	0.000000E+0	4.270690E+5
9.740000E-3	0.000000E+0	4.263280E+5
9.760000E-3	0.000000E+0	4.260590E+5
9.780000E-3	0.000000E+0	4.269220E+5
9.800000E-3	0.000000E+0	4.270630E+5
9.820000E-3	0.000000E+0	4.273200E+5
9.840000E-3	0.000000E+0	4.268350E+5
9.860000E-3	0.000000E+0	4.256040E+5
9.880000E-3	0.000000E+0	4.277040E+5
9.900000E-3	0.000000E+0	4.280340E+5
9.920000E-3	0.000000E+0	4.261940E+5
9.940000E-3	0.000000E+0	4.256670E+5
9.960000E-3	0.000000E+0	4.254900E+5
9.980000E-3	0.000000E+0	4.275980E+5
1.000000E-2	0.000000E+0	4.258880E+5
1.002000E-2	0.000000E+0	4.262350E+5
1.004000E-2	0.000000E+0	4.270980E+5
1.006000E-2	0.000000E+0	4.267430E+5
1.008000E-2	0.000000E+0	4.264750E+5
1.010000E-2	0.000000E+0	4.263960E+5
1.012000E-2	0.000000E+0	4.277630E+5
1.014000E-2	0.000000E+0	4.282690E+5
1.016000E-2	0.000000E+0	4.268640E+5
1.018000E-2	0.000000E+0	4.266520E+5
1.020000E-2	0.000000E+0	4.270950E+5
1.022000E-2	0.000000E+0	4.265940E+5
1.024000E-2	0.000000E+0	4.259540E+5
1.026000E-2	0.000000E+0	4.278320E+5
1.028000E-2	0.000000E+0	4.260590E+5
1.030000E-2	0.000000E+0	4.272740E+5
1.032000E-2	0.000000E+0	4.259280E+5
1.034000E-2	0.000000E+0	4.276560E+5
1.036000E-2	0.000000E+0	4.265760E+5
1.038000E-2	0.000000E+0	4.273010E+5
1.040000E-2	0.000000E+0	4.261070E+5
1.042000E-2	0.000000E+0	4.264230E+5
1.044000E-2	0.000000E+0	4.263550E+5
1.046000E-2	0.000000E+0	4.274900E+5
1.048000E-2	0.000000E+0	4.272230E+5
1.050000E-2	0.000000E+0	4.265330E+5
1.052000E-2	0.000000E+0	4.272470E+5
1.054000E-2	0.000000E+0	4.279660E+5
1.056000E-2	0.000000E+0	4.261060E+5
1.058000E-2	0.000000E+0	4.273100E+5
1.060000E-2	0.000000E+0	4.260490E+5
1.062000E-2	0.000000E+0	4.264180E+5
1.064000E-2	0.000000E+0	4.268120E+5
1.066000E-2	0.000000E+0	4.267850E+5
1.068000E-2	0.000000E+0	4.267330E+5
1.070000E-2	0.000000E+0	4.258020E+5
1.072000E-2	0.000000E+0	4.265080E+5
1.074000E-2	0.000000E+0	4.271370E+5
1.076000E-2	0.000000E+0	4.274120E+5
1.078000E-2	0.000000E+0	4.276370E+5
1.080000E-2	0.000000E+0	4.276360E+5
1.082000E-2	0.000000E+0	4.279990E+5
1.084000E-2	0.000000E+0	4.265580E+5
1.086000E-2	0.000000E+0	4.271230E+5
1.088000E-2	0.000000E+0	4.267250E+5
1.090000E-2	0.000000E+0	4.270900E+5
1.092000E-2	0.000000E+0	4.267170E+5
1.094000E-2	0.000000E+0	4.262360E+5
1.096000E-2	0.000000E+0	4.264350E+5
1.098000E-2	0.000000E+0	4.272220E+5
1.100000E-2	0.000000E+0	4.271530E+5
1.102000E-2	0.000000E+0	4.258910E+5
1.104000E-2	0.000000E+0	4.275270E+5
1.106000E-2	0.000000E+0	4.268110E+5
1.108000E-2	0.000000E+0	4.270800E+5
1.110000E-2	0.000000E+0	4.267340E+5
1.112000E-2	0.000000E+0	4.266510E+5
1.114000E-2	0.000000E+0	4.274060E+5
1.116000E-2	0.000000E+0	4.247430E+5
1.118000E-2	0.000000E+0	4.267560E+5
1.120000E-2	0.000000E+0	4.264260E+5
1.122000E-2	0.000000E+0	4.281170E+5
1.124000E-2	0.000000E+0	4.282990E+5
1.126000E-2	0.000000E+0	4.255160E+5
1.128000E-2	0.000000E+0	4.258060E+5
1.130000E-2	0.000000E+0	4.265290E+5
1.132000E-2	0.000000E+0	4.277610E+5
1.134000E-2	0.000000E+0	4.258280E+5
1.136000E-2	0.000000E+0	4.276920E+5
1.138000E-2	0.000000E+0	4.262600E+5
1.140000E-2	0.000000E+0	4.280380E+5
1.142000E-2	0.000000E+0	4.264360E+5
1.144000E-2	0.000000E+0	4.279760E+5
1.146000E-2	0.000000E+0	4.263540E+5
1.148000E-2	0.000000E+0	4.264730E+5
1.150000E-2	0.000000E+0	4.261980E+5
1.152000E-2	0.000000E+0	4.262520E+5
1.154000E-2	0.000000E+0	4.262550E+5
1.156000E-2	0.000000E+0	4.273190E+5
1.158000E-2	0.000000E+0	4.261760E+5
1.160000E-2	0.000000E+0	4.265830E+5
1.162000E-2	0.000000E+0	4.265470E+5
1.164000E-2	0.000000E+0	4.280490E+5
1.166000E-2	0.000000E+0	4.287250E+5
1.168000E-2	0.000000E+0	4.277680E+5
1.170000E-2	0.000000E+0	4.281540E+5
1.172000E-2	0.000000E+0	4.274560E+5
1.174000E-2	0.000000E+0	4.268570E+5
1.176000E-2	0.000000E+0	4.268470E+5
1.178000E-2	0.000000E+0	4.260260E+5
1.180000E-2	0.000000E+0	4.270970E+5
1.182000E-2	0.000000E+0	4.272870E+5
1.184000E-2	0.000000E+0	4.272690E+5
1.186000E-2	0.000000E+0	4.261010E+5
1.188000E-2	0.000000E+0	4.261490E+5
1.190000E-2	0.000000E+0	4.257690E+5
1.192000E-2	0.000000E+0	4.261860E+5
1.194000E-2	0.000000E+0	4.280790E+5
1.196000E-2	0.000000E+0	4.267510E+5
1.198000E-2	0.000000E+0	4.270420E+5
1.200000E-2	0.000000E+0	4.263510E+5
1.202000E-2	0.000000E+0	4.269110E+5
1.204000E-2	0.000000E+0	4.265610E+5
1.206000E-2	0.000000E+0	4.266870E+5
1.208000E-2	0.000000E+0	4.276800E+5
1.210000E-2	0.000000E+0	4.274060E+5
1.212000E-2	0.000000E+0	4.269200E+5
1.214000E-2	0.000000E+0	4.256060E+5
1.216000E-2	0.000000E+0	4.261070E+5
1.218000E-2	0.000000E+0	4.267200E+5
1.220000E-2	0.000000E+0	4.256140E+5
1.222000E-2	0.000000E+0	4.271360E+5
1.224000E-2	0.000000E+0	4.268610E+5
1.226000E-2	0.000000E+0	4.264370E+5
1.228000E-2	0.000000E+0	4.269190E+5
1.230000E-2	0.000000E+0	4.271720E+5
1.232000E-2	0.000000E+0	4.273610E+5
1.234000E-2	0.000000E+0	4.270740E+5
1.236000E-2	0.000000E+0	4.265810E+5
1.238000E-2	0.000000E+0	4.277770E+5
1.240000E-2	0.000000E+0	4.274210E+5
1.242000E-2	0.000000E+0	4.271360E+5
1.244000E-2	0.000000E+0	4.274610E+5
1.246000E-2	0.000000E+0	4.261170E+5
1.248000E-2	0.000000E+0	4.270400E+5
1.250000E-2	0.000000E+0	4.263590E+5
1.252000E-2	0.000000E+0	4.280860E+5
1.254000E-2	0.000000E+0	4.271200E+5
1.256000E-2	0.000000E+0	4.263950E+5
1.258000E-2	0.000000E+0	4.277690E+5
1.260000E-2	0.000000E+0	4.276160E+5
1.262000E-2	0.000000E+0	4.255800E+5
1.264000E-2	0.000000E+0	4.261920E+5
1.266000E-2	0.000000E+0	4.283470E+5
1.268000E-2	0.000000E+0	4.269090E+5
1.270000E-2	0.000000E+0	4.262350E+5
1.272000E-2	0.000000E+0	4.277450E+5
1.274000E-2	0.000000E+0	4.267220E+5
1.276000E-2	0.000000E+0	4.269110E+5
1.278000E-2	0.000000E+0	4.262300E+5
1.280000E-2	0.000000E+0	4.260720E+5
1.282000E-2	0.000000E+0	4.262080E+5
1.284000E-2	0.000000E+0	4.267870E+5
1.286000E-2	0.000000E+0	4.274310E+5
1.288000E-2	0.000000E+0	4.277780E+5
1.290000E-2	0.000000E+0	4.265300E+5
1.292000E-2	0.000000E+0	4.265380E+5
1.294000E-2	0.000000E+0	4.255580E+5
1.296000E-2	0.000000E+0	4.264070E+5
1.298000E-2	0.000000E+0	4.267460E+5
1.300000E-2	0.000000E+0	4.268630E+5
1.302000E-2	0.000000E+0	4.274800E+5
1.304000E-2	0.000000E+0	4.270450E+5
1.306000E-2	0.000000E+0	4.261440E+5
1.308000E-2	0.000000E+0	4.281580E+5
1.310000E-2	0.000000E+0	4.273520E+5
1.312000E-2	0.000000E+0	4.272310E+5
1.314000E-2	0.000000E+0	4.279580E+5
1.316000E-2	0.000000E+0	4.269610E+5
1.318000E-2	0.000000E+0	4.264890E+5
1.320000E-2	0.000000E+0	4.269660E+5
1.322000E-2	0.000000E+0	4.274150E+5
1.324000E-2	0.000000E+0	4.259560E+5
1.326000E-2	0.000000E+0	4.272760E+5
1.328000E-2	0.000000E+0	4.275670E+5
1.330000E-2	0.000000E+0	4.257360E+5
1.332000E-2	0.000000E+0	4.263780E+5
1.334000E-2	0.000000E+0	4.263250E+5
1.336000E-2	0.000000E+0	4.269670E+5
1.338000E-2	0.000000E+0	4.272900E+5
1.340000E-2	0.000000E+0	4.258020E+5
1.342000E-2	0.000000E+0	4.257830E+5
1.344000E-2	0.000000E+0	4.262450E+5
1.346000E-2	0.000000E+0	4.262060E+5
1.348000E-2	0.000000E+0	4.274490E+5
1.350000E-2	0.000000E+0	4.269850E+5
1.352000E-2	0.000000E+0	4.276470E+5
1.354000E-2	0.000000E+0	4.269280E+5
1.356000E-2	0.000000E+0	4.273130E+5
1.358000E-2	0.000000E+0	4.269460E+5
1.360000E-2	0.000000E+0	4.264370E+5
1.362000E-2	0.000000E+0	4.271680E+5
1.364000E-2	0.000000E+0	4.254930E+5
1.366000E-2	0.000000E+0	4.266460E+5
1.368000E-2	0.000000E+0	4.274270E+5
1.370000E-2	0.000000E+0	4.277420E+5
1.372000E-2	0.000000E+0	4.264650E+5
1.374000E-2	0.000000E+0	4.268460E+5
1.376000E-2	0.000000E+0	4.262950E+5
1.378000E-2	0.000000E+0	4.260860E+5
1.380000E-2	0.000000E+0	4.269440E+5
1.382000E-2	0.000000E+0	4.259980E+5
1.384000E-2	0.000000E+0	4.261690E+5
1.386000E-2	0.000000E+0	4.271170E+5
1.388000E-2	0.000000E+0	4.270120E+5
1.390000E-2	0.000000E+0	4.276370E+5
1.392000E-2	0.000000E+0	4.275680E+5
1.394000E-2	0.000000E+0	4.271350E+5
1.396000E-2	0.000000E+0	4.270700E+5
1.398000E-2	0.000000E+0	4.278940E+5
1.400000E-2	0.000000E+0	4.276550E+5
1.402000E-2	0.000000E+0	4.260930E+5
1.404000E-2	0.000000E+0	4.280840E+5
1.406000E-2	0.000000E+0	4.265390E+5
1.408000E-2	0.000000E+0	4.260810E+5
1.410000E-2	0.000000E+0	4.268040E+5
1.412000E-2	0.000000E+0	4.266990E+5
1.414000E-2	0.000000E+0	4.261700E+5
1.416000E-2	0.000000E+0	4.259690E+5
1.418000E-2	0.000000E+0	4.264430E+5
1.420000E-2	0.000000E+0	4.269310E+5
1.422000E-2	0.000000E+0	4.267420E+5
1.424000E-2	0.000000E+0	4.255050E+5
1.426000E-2	0.000000E+0	4.252090E+5
1.428000E-2	0.000000E+0	4.262790E+5
1.430000E-2	0.000000E+0	4.264210E+5
1.432000E-2	0.000000E+0	4.265730E+5
1.434000E-2	0.000000E+0	4.263370E+5
1.436000E-2	0.000000E+0	4.272700E+5
1.438000E-2	0.000000E+0	4.266300E+5
1.440000E-2	0.000000E+0	4.280860E+5
1.442000E-2	0.000000E+0	4.266810E+5
1.444000E-2	0.000000E+0	4.254510E+5
1.446000E-2	0.000000E+0	4.272740E+5
1.448000E-2	0.000000E+0	4.271850E+5
1.450000E-2	0.000000E+0	4.266990E+5
1.452000E-2	0.000000E+0	4.273300E+5
1.454000E-2	0.000000E+0	4.265320E+5
1.456000E-2	0.000000E+0	4.275440E+5
1.458000E-2	0.000000E+0	4.256590E+5
1.460000E-2	0.000000E+0	4.272850E+5
1.462000E-2	0.000000E+0	4.250750E+5
1.464000E-2	0.000000E+0	4.271710E+5
1.466000E-2	0.000000E+0	4.266290E+5
1.468000E-2	0.000000E+0	4.277820E+5
1.470000E-2	0.000000E+0	4.264120E+5
1.472000E-2	0.000000E+0	4.262020E+5
1.474000E-2	0.000000E+0	4.266910E+5
1.476000E-2	0.000000E+0	4.278540E+5
1.478000E-2	0.000000E+0	4.275560E+5
1.480000E-2	0.000000E+0	4.258380E+5
1.482000E-2	0.000000E+0	4.255730E+5
1.484000E-2	0.000000E+0	4.275380E+5
1.486000E-2	0.000000E+0	4.261810E+5
1.488000E-2	0.000000E+0	4.259080E+5
1.490000E-2	0.000000E+0	4.251870E+5
1.492000E-2	0.000000E+0	4.246390E+5
1.494000E-2	0.000000E+0	4.221900E+5
1.496000E-2	0.000000E+0	4.212320E+5
1.498000E-2	0.000000E+0	4.219870E+5
1.500000E-2	0.000000E+0	4.207400E+5
1.502000E-2	0.000000E+0	4.205220E+5
1.504000E-2	0.000000E+0	4.187770E+5
1.506000E-2	0.000000E+0	4.182660E+5
1.508000E-2	0.000000E+0	4.173870E+5
1.510000E-2	0.000000E+0	4.157450E+5
1.512000E-2	0.000000E+0	4.155030E+5
1.514000E-2	0.000000E+0	4.156440E+5
1.516000E-2	0.000000E+0	4.158400E+5
1.518000E-2	0.000000E+0	4.170140E+5
1.520000E-2	0.000000E+0	4.186190E+5
1.522000E-2	0.000000E+0	4.198930E+5
1.524000E-2	0.000000E+0	4.223670E+5
1.526000E-2	0.000000E+0	4.224870E+5
1.528000E-2	0.000000E+0	4.244170E+5
1.530000E-2	0.000000E+0	4.234430E+5
1.532000E-2	0.000000E+0	4.247250E+5
1.534000E-2	0.000000E+0	4.255850E+5
1.536000E-2	0.000000E+0	4.254970E+5
1.538000E-2	0.000000E+0	4.265380E+5
1.540000E-2	0.000000E+0	4.261210E+5
1.542000E-2	0.000000E+0	4.261420E+5
1.544000E-2	0.000000E+0	4.254090E+5
1.546000E-2	0.000000E+0	4.257440E+5
1.548000E-2	0.000000E+0	4.255160E+5
1.550000E-2	0.000000E+0	4.251980E+5
1.552000E-2	0.000000E+0	4.262370E+5
1.554000E-2	0.000000E+0	4.248350E+5
1.556000E-2	0.000000E+0	4.235070E+5
1.558000E-2	0.000000E+0	4.220870E+5
1.560000E-2	0.000000E+0	4.222740E+5
1.562000E-2	0.000000E+0	4.209940E+5
1.564000E-2	0.000000E+0	4.203450E+5
1.566000E-2	0.000000E+0	4.195910E+5
1.568000E-2	0.000000E+0	4.190050E+5
1.570000E-2	0.000000E+0	4.183590E+5
1.572000E-2	0.000000E+0	4.166900E+5
1.574000E-2	0.000000E+0	4.161320E+5
1.576000E-2	0.000000E+0	4.163780E+5
1.578000E-2	0.000000E+0	4.139690E+5
1.580000E-2	0.000000E+0	4.156290E+5
1.582000E-2	0.000000E+0	4.168120E+5
1.584000E-2	0.000000E+0	4.176310E+5
1.586000E-2	0.000000E+0	4.191880E+5
1.588000E-2	0.000000E+0	4.210220E+5
1.590000E-2	0.000000E+0	4.217880E+5
1.592000E-2	0.000000E+0	4.228720E+5
1.594000E-2	0.000000E+0	4.230750E+5
1.596000E-2	0.000000E+0	4.246350E+5
1.598000E-2	0.000000E+0	4.259830E+5
1.600000E-2	0.000000E+0	4.272700E+5
1.602000E-2	0.000000E+0	4.260300E+5
1.604000E-2	0.000000E+0	4.257150E+5
1.606000E-2	0.000000E+0	4.263090E+5
1.608000E-2	0.000000E+0	4.261090E+5
1.610000E-2	0.000000E+0	4.271440E+5
1.612000E-2	0.000000E+0	4.271500E+5
1.614000E-2	0.000000E+0	4.265330E+5
1.616000E-2	0.000000E+0	4.276390E+5
1.618000E-2	0.000000E+0	4.267470E+5
1.620000E-2	0.000000E+0	4.266100E+5
1.622000E-2	0.000000E+0	4.263790E+5
1.624000E-2	0.000000E+0	4.264190E+5
1.626000E-2	0.000000E+0	4.264030E+5
1.628000E-2	0.000000E+0	4.277700E+5
1.630000E-2	0.000000E+0	4.265120E+5
1.632000E-2	0.000000E+0	4.275630E+5
1.634000E-2	0.000000E+0	4.273190E+5
1.636000E-2	0.000000E+0	4.274440E+5
1.638000E-2	0.000000E+0	4.270750E+5
1.640000E-2	0.000000E+0	4.271720E+5
1.642000E-2	0.000000E+0	4.267030E+5
1.644000E-2	0.000000E+0	4.260380E+5
1.646000E-2	0.000000E+0	4.266930E+5
1.648000E-2	0.000000E+0	4.257220E+5
1.650000E-2	0.000000E+0	4.265340E+5
1.652000E-2	0.000000E+0	4.276560E+5
1.654000E-2	0.000000E+0	4.265760E+5
1.656000E-2	0.000000E+0	4.260740E+5
1.658000E-2	0.000000E+0	4.268220E+5
1.660000E-2	0.000000E+0	4.269880E+5
1.662000E-2	0.000000E+0	4.262840E+5
1.664000E-2	0.000000E+0	4.265640E+5
1.666000E-2	0.000000E+0	4.266330E+5
1.668000E-2	0.000000E+0	4.263050E+5
1.670000E-2	0.000000E+0	4.265380E+5
1.672000E-2	0.000000E+0	4.270900E+5
1.674000E-2	0.000000E+0	4.262260E+5
1.676000E-2	0.000000E+0	4.254560E+5
1.678000E-2	0.000000E+0	4.253160E+5
1.680000E-2	0.000000E+0	4.265260E+5
1.682000E-2	0.000000E+0	4.265400E+5
1.684000E-2	0.000000E+0	4.271320E+5
1.686000E-2	0.000000E+0	4.280810E+5
1.688000E-2	0.000000E+0	4.271250E+5
1.690000E-2	0.000000E+0	4.267610E+5
1.692000E-2	0.000000E+0	4.268510E+5
1.694000E-2	0.000000E+0	4.266310E+5
1.696000E-2	0.000000E+0	4.256790E+5
1.698000E-2	0.000000E+0	4.261200E+5
1.700000E-2	0.000000E+0	4.272070E+5
1.702000E-2	0.000000E+0	4.272850E+5
1.704000E-2	0.000000E+0	4.272260E+5
1.706000E-2	0.000000E+0	4.280150E+5
1.708000E-2	0.000000E+0	4.269510E+5
1.710000E-2	0.000000E+0	4.272530E+5
1.712000E-2	0.000000E+0	4.265000E+5
1.714000E-2	0.000000E+0	4.263640E+5
1.716000E-2	0.000000E+0	4.273260E+5
1.718000E-2	0.000000E+0	4.266810E+5
1.720000E-2	0.000000E+0	4.274460E+5
1.722000E-2	0.000000E+0	4.276470E+5
1.724000E-2	0.000000E+0	4.261940E+5
1.726000E-2	0.000000E+0	4.266740E+5
1.728000E-2	0.000000E+0	4.265720E+5
1.730000E-2	0.000000E+0	4.264150E+5
1.732000E-2	0.000000E+0	4.261250E+5
1.734000E-2	0.000000E+0	4.270490E+5
1.736000E-2	0.000000E+0	4.284460E+5
1.738000E-2	0.000000E+0	4.276380E+5
1.740000E-2	0.000000E+0	4.273290E+5
1.742000E-2	0.000000E+0	4.259290E+5
1.744000E-2	0.000000E+0	4.271740E+5
1.746000E-2	0.000000E+0	4.274850E+5
1.748000E-2	0.000000E+0	4.264690E+5
1.750000E-2	0.000000E+0	4.268310E+5
1.752000E-2	0.000000E+0	4.275470E+5
1.754000E-2	0.000000E+0	4.261130E+5
1.756000E-2	0.000000E+0	4.260350E+5
1.758000E-2	0.000000E+0	4.270960E+5
1.760000E-2	0.000000E+0	4.269330E+5
1.762000E-2	0.000000E+0	4.268840E+5
1.764000E-2	0.000000E+0	4.274760E+5
1.766000E-2	0.000000E+0	4.268730E+5
1.768000E-2	0.000000E+0	4.270670E+5
1.770000E-2	0.000000E+0	4.267880E+5
1.772000E-2	0.000000E+0	4.278160E+5
1.774000E-2	0.000000E+0	4.267280E+5
1.776000E-2	0.000000E+0	4.262100E+5
1.778000E-2	0.000000E+0	4.275830E+5
1.780000E-2	0.000000E+0	4.262030E+5
1.782000E-2	0.000000E+0	4.269460E+5
1.784000E-2	0.000000E+0	4.262290E+5
1.786000E-2	0.000000E+0	4.264220E+5
1.788000E-2	0.000000E+0	4.267580E+5
1.790000E-2	0.000000E+0	4.274910E+5
1.792000E-2	0.000000E+0	4.262310E+5
1.794000E-2	0.000000E+0	4.269640E+5
1.796000E-2	0.000000E+0	4.272810E+5
1.798000E-2	0.000000E+0	4.277220E+5
1.800000E-2	0.000000E+0	4.259470E+5
1.802000E-2	0.000000E+0	4.264120E+5
1.804000E-2	0.000000E+0	4.255330E+5
1.806000E-2	0.000000E+0	4.266920E+5
1.808000E-2	0.000000E+0	4.267460E+5
1.810000E-2	0.000000E+0	4.271020E+5
1.812000E-2	0.000000E+0	4.274680E+5
1.814000E-2	0.000000E+0	4.276260E+5
1.816000E-2	0.000000E+0	4.274800E+5
1.818000E-2	0.000000E+0	4.266700E+5
1.820000E-2	0.000000E+0	4.277150E+5
1.822000E-2	0.000000E+0	4.264160E+5
1.824000E-2	0.000000E+0	4.267180E+5
1.826000E-2	0.000000E+0	4.275110E+5
1.828000E-2	0.000000E+0	4.268200E+5
1.830000E-2	0.000000E+0	4.258340E+5
1.832000E-2	0.000000E+0	4.272580E+5
1.834000E-2	0.000000E+0	4.265050E+5
1.836000E-2	0.000000E+0	4.278830E+5
1.838000E-2	0.000000E+0	4.262710E+5
1.840000E-2	0.000000E+0	4.264770E+5
1.842000E-2	0.000000E+0	4.265570E+5
1.844000E-2	0.000000E+0	4.260230E+5
1.846000E-2	0.000000E+0	4.254200E+5
1.848000E-2	0.000000E+0	4.277860E+5
1.850000E-2	0.000000E+0	4.271570E+5
1.852000E-2	0.000000E+0	4.277210E+5
1.854000E-2	0.000000E+0	4.281210E+5
1.856000E-2	0.000000E+0	4.263540E+5
1.858000E-2	0.000000E+0	4.265030E+5
1.860000E-2	0.000000E+0	4.270880E+5
1.862000E-2	0.000000E+0	4.263370E+5
1.864000E-2	0.000000E+0	4.258760E+5
1.866000E-2	0.000000E+0	4.269730E+5
1.868000E-2	0.000000E+0	4.259990E+5
1.870000E-2	0.000000E+0	4.267250E+5
1.872000E-2	0.000000E+0	4.273800E+5
1.874000E-2	0.000000E+0	4.253480E+5
1.876000E-2	0.000000E+0	4.262930E+5
1.878000E-2	0.000000E+0	4.264630E+5
1.880000E-2	0.000000E+0	4.266730E+5
1.882000E-2	0.000000E+0	4.267660E+5
1.884000E-2	0.000000E+0	4.274290E+5
1.886000E-2	0.000000E+0	4.272280E+5
1.888000E-2	0.000000E+0	4.258120E+5
1.890000E-2	0.000000E+0	4.264870E+5
1.892000E-2	0.000000E+0	4.277720E+5
1.894000E-2	0.000000E+0	4.271420E+5
1.896000E-2	0.000000E+0	4.267380E+5
1.898000E-2	0.000000E+0	4.268080E+5
1.900000E-2	0.000000E+0	4.260700E+5
1.902000E-2	0.000000E+0	4.261260E+5
1.904000E-2	0.000000E+0	4.274150E+5
1.906000E-2	0.000000E+0	4.270190E+5
1.908000E-2	0.000000E+0	4.267500E+5
1.910000E-2	0.000000E+0	4.258610E+5
1.912000E-2	0.000000E+0	4.261570E+5
1.914000E-2	0.000000E+0	4.266270E+5
1.916000E-2	0.000000E+0	4.260380E+5
1.918000E-2	0.000000E+0	4.259570E+5
1.920000E-2	0.000000E+0	4.270210E+5
1.922000E-2	0.000000E+0	4.266330E+5
1.924000E-2	0.000000E+0	4.265190E+5
1.926000E-2	0.000000E+0	4.276890E+5
1.928000E-2	0.000000E+0	4.276700E+5
1.930000E-2	0.000000E+0	4.267610E+5
1.932000E-2	0.000000E+0	4.265660E+5
1.934000E-2	0.000000E+0	4.270000E+5
1.936000E-2	0.000000E+0	4.261390E+5
1.938000E-2	0.000000E+0	4.271900E+5
1.940000E-2	0.000000E+0	4.257650E+5
1.942000E-2	0.000000E+0	4.282190E+5
1.944000E-2	0.000000E+0	4.273620E+5
1.946000E-2	0.000000E+0	4.260920E+5
1.948000E-2	0.000000E+0	4.273540E+5
1.950000E-2	0.000000E+0	4.269110E+5
1.952000E-2	0.000000E+0	4.277040E+5
1.954000E-2	0.000000E+0	4.271860E+5
1.956000E-2	0.000000E+0	4.275370E+5
1.958000E-2	0.000000E+0	4.266480E+5
1.960000E-2	0.000000E+0	4.269710E+5
1.962000E-2	0.000000E+0	4.260770E+5
1.964000E-2	0.000000E+0	4.273450E+5
1.966000E-2	0.000000E+0	4.272090E+5
1.968000E-2	0.000000E+0	4.266750E+5
1.970000E-2	0.000000E+0	4.264130E+5
1.972000E-2	0.000000E+0	4.270880E+5
1.974000E-2	0.000000E+0	4.272650E+5
1.976000E-2	0.000000E+0	4.257610E+5
1.978000E-2	0.000000E+0	4.263080E+5
1.980000E-2	0.000000E+0	4.274620E+5
1.982000E-2	0.000000E+0	4.263960E+5
1.984000E-2	0.000000E+0	4.270100E+5
1.986000E-2	0.000000E+0	4.261370E+5
1.988000E-2	0.000000E+0	4.257470E+5
1.990000E-2	0.000000E+0	4.269700E+5
1.992000E-2	0.000000E+0	4.261500E+5
1.994000E-2	0.000000E+0	4.278840E+5
1.996000E-2	0.000000E+0	4.259860E+5
1.998000E-2	0.000000E+0	4.270990E+5
