

live time:  158943.940000
real time:  219605.825000
sweeps:  7947197.000000
0.000000E+0	0.000000E+0	0.000000E+0
2.000000E-5	0.000000E+0	3.484980E+5
4.000000E-5	0.000000E+0	3.489600E+5
6.000000E-5	0.000000E+0	3.485470E+5
8.000000E-5	0.000000E+0	3.490820E+5
1.000000E-4	0.000000E+0	3.475640E+5
1.200000E-4	0.000000E+0	3.485240E+5
1.400000E-4	0.000000E+0	3.490710E+5
1.600000E-4	0.000000E+0	3.487740E+5
1.800000E-4	0.000000E+0	3.482880E+5
2.000000E-4	0.000000E+0	3.486700E+5
2.200000E-4	0.000000E+0	3.487230E+5
2.400000E-4	0.000000E+0	3.475150E+5
2.600000E-4	0.000000E+0	3.477020E+5
2.800000E-4	0.000000E+0	3.481760E+5
3.000000E-4	0.000000E+0	3.493860E+5
3.200000E-4	0.000000E+0	3.489530E+5
3.400000E-4	0.000000E+0	3.484450E+5
3.600000E-4	0.000000E+0	3.493290E+5
3.800000E-4	0.000000E+0	3.481510E+5
4.000000E-4	0.000000E+0	3.477480E+5
4.200000E-4	0.000000E+0	3.483870E+5
4.400000E-4	0.000000E+0	3.484880E+5
4.600000E-4	0.000000E+0	3.489660E+5
4.800000E-4	0.000000E+0	3.481810E+5
5.000000E-4	0.000000E+0	3.487490E+5
5.200000E-4	0.000000E+0	3.486630E+5
5.400000E-4	0.000000E+0	3.483120E+5
5.600000E-4	0.000000E+0	3.477710E+5
5.800000E-4	0.000000E+0	3.484970E+5
6.000000E-4	0.000000E+0	3.487690E+5
6.200000E-4	0.000000E+0	3.483470E+5
6.400000E-4	0.000000E+0	3.496320E+5
6.600000E-4	0.000000E+0	3.475670E+5
6.800000E-4	0.000000E+0	3.483550E+5
7.000000E-4	0.000000E+0	3.488340E+5
7.200000E-4	0.000000E+0	3.498580E+5
7.400000E-4	0.000000E+0	3.479030E+5
7.600000E-4	0.000000E+0	3.485180E+5
7.800000E-4	0.000000E+0	3.471990E+5
8.000000E-4	0.000000E+0	3.488380E+5
8.200000E-4	0.000000E+0	3.488290E+5
8.400000E-4	0.000000E+0	3.483260E+5
8.600000E-4	0.000000E+0	3.494740E+5
8.800000E-4	0.000000E+0	3.481400E+5
9.000000E-4	0.000000E+0	3.495860E+5
9.200000E-4	0.000000E+0	3.481600E+5
9.400000E-4	0.000000E+0	3.486050E+5
9.600000E-4	0.000000E+0	3.477980E+5
9.800000E-4	0.000000E+0	3.498640E+5
1.000000E-3	0.000000E+0	3.491880E+5
1.020000E-3	0.000000E+0	3.484630E+5
1.040000E-3	0.000000E+0	3.484420E+5
1.060000E-3	0.000000E+0	3.483050E+5
1.080000E-3	0.000000E+0	3.484660E+5
1.100000E-3	0.000000E+0	3.475790E+5
1.120000E-3	0.000000E+0	3.491120E+5
1.140000E-3	0.000000E+0	3.476340E+5
1.160000E-3	0.000000E+0	3.481010E+5
1.180000E-3	0.000000E+0	3.480750E+5
1.200000E-3	0.000000E+0	3.490300E+5
1.220000E-3	0.000000E+0	3.488410E+5
1.240000E-3	0.000000E+0	3.485460E+5
1.260000E-3	0.000000E+0	3.483220E+5
1.280000E-3	0.000000E+0	3.491580E+5
1.300000E-3	0.000000E+0	3.476230E+5
1.320000E-3	0.000000E+0	3.491660E+5
1.340000E-3	0.000000E+0	3.484840E+5
1.360000E-3	0.000000E+0	3.477870E+5
1.380000E-3	0.000000E+0	3.494940E+5
1.400000E-3	0.000000E+0	3.484550E+5
1.420000E-3	0.000000E+0	3.489340E+5
1.440000E-3	0.000000E+0	3.482910E+5
1.460000E-3	0.000000E+0	3.474960E+5
1.480000E-3	0.000000E+0	3.492260E+5
1.500000E-3	0.000000E+0	3.486860E+5
1.520000E-3	0.000000E+0	3.484280E+5
1.540000E-3	0.000000E+0	3.488940E+5
1.560000E-3	0.000000E+0	3.487830E+5
1.580000E-3	0.000000E+0	3.486410E+5
1.600000E-3	0.000000E+0	3.481420E+5
1.620000E-3	0.000000E+0	3.483740E+5
1.640000E-3	0.000000E+0	3.475690E+5
1.660000E-3	0.000000E+0	3.494580E+5
1.680000E-3	0.000000E+0	3.482330E+5
1.700000E-3	0.000000E+0	3.478090E+5
1.720000E-3	0.000000E+0	3.486960E+5
1.740000E-3	0.000000E+0	3.494760E+5
1.760000E-3	0.000000E+0	3.489460E+5
1.780000E-3	0.000000E+0	3.497180E+5
1.800000E-3	0.000000E+0	3.494000E+5
1.820000E-3	0.000000E+0	3.483600E+5
1.840000E-3	0.000000E+0	3.478820E+5
1.860000E-3	0.000000E+0	3.487490E+5
1.880000E-3	0.000000E+0	3.485270E+5
1.900000E-3	0.000000E+0	3.480060E+5
1.920000E-3	0.000000E+0	3.481460E+5
1.940000E-3	0.000000E+0	3.487220E+5
1.960000E-3	0.000000E+0	3.485390E+5
1.980000E-3	0.000000E+0	3.490940E+5
2.000000E-3	0.000000E+0	3.481410E+5
2.020000E-3	0.000000E+0	3.485000E+5
2.040000E-3	0.000000E+0	3.482620E+5
2.060000E-3	0.000000E+0	3.492340E+5
2.080000E-3	0.000000E+0	3.497170E+5
2.100000E-3	0.000000E+0	3.497510E+5
2.120000E-3	0.000000E+0	3.489460E+5
2.140000E-3	0.000000E+0	3.480170E+5
2.160000E-3	0.000000E+0	3.475800E+5
2.180000E-3	0.000000E+0	3.487970E+5
2.200000E-3	0.000000E+0	3.491540E+5
2.220000E-3	0.000000E+0	3.492970E+5
2.240000E-3	0.000000E+0	3.480680E+5
2.260000E-3	0.000000E+0	3.489150E+5
2.280000E-3	0.000000E+0	3.487430E+5
2.300000E-3	0.000000E+0	3.487850E+5
2.320000E-3	0.000000E+0	3.483250E+5
2.340000E-3	0.000000E+0	3.485310E+5
2.360000E-3	0.000000E+0	3.486720E+5
2.380000E-3	0.000000E+0	3.495250E+5
2.400000E-3	0.000000E+0	3.473470E+5
2.420000E-3	0.000000E+0	3.481210E+5
2.440000E-3	0.000000E+0	3.478530E+5
2.460000E-3	0.000000E+0	3.481760E+5
2.480000E-3	0.000000E+0	3.501880E+5
2.500000E-3	0.000000E+0	3.485140E+5
2.520000E-3	0.000000E+0	3.491170E+5
2.540000E-3	0.000000E+0	3.476930E+5
2.560000E-3	0.000000E+0	3.484040E+5
2.580000E-3	0.000000E+0	3.478780E+5
2.600000E-3	0.000000E+0	3.492790E+5
2.620000E-3	0.000000E+0	3.479820E+5
2.640000E-3	0.000000E+0	3.474040E+5
2.660000E-3	0.000000E+0	3.492340E+5
2.680000E-3	0.000000E+0	3.484820E+5
2.700000E-3	0.000000E+0	3.482640E+5
2.720000E-3	0.000000E+0	3.472470E+5
2.740000E-3	0.000000E+0	3.489580E+5
2.760000E-3	0.000000E+0	3.483860E+5
2.780000E-3	0.000000E+0	3.488300E+5
2.800000E-3	0.000000E+0	3.480800E+5
2.820000E-3	0.000000E+0	3.482420E+5
2.840000E-3	0.000000E+0	3.477270E+5
2.860000E-3	0.000000E+0	3.492730E+5
2.880000E-3	0.000000E+0	3.487050E+5
2.900000E-3	0.000000E+0	3.487150E+5
2.920000E-3	0.000000E+0	3.478060E+5
2.940000E-3	0.000000E+0	3.485800E+5
2.960000E-3	0.000000E+0	3.486790E+5
2.980000E-3	0.000000E+0	3.475600E+5
3.000000E-3	0.000000E+0	3.488190E+5
3.020000E-3	0.000000E+0	3.485760E+5
3.040000E-3	0.000000E+0	3.490610E+5
3.060000E-3	0.000000E+0	3.504040E+5
3.080000E-3	0.000000E+0	3.482730E+5
3.100000E-3	0.000000E+0	3.477320E+5
3.120000E-3	0.000000E+0	3.491530E+5
3.140000E-3	0.000000E+0	3.489790E+5
3.160000E-3	0.000000E+0	3.483490E+5
3.180000E-3	0.000000E+0	3.489130E+5
3.200000E-3	0.000000E+0	3.488400E+5
3.220000E-3	0.000000E+0	3.491180E+5
3.240000E-3	0.000000E+0	3.491730E+5
3.260000E-3	0.000000E+0	3.489450E+5
3.280000E-3	0.000000E+0	3.485530E+5
3.300000E-3	0.000000E+0	3.478280E+5
3.320000E-3	0.000000E+0	3.485180E+5
3.340000E-3	0.000000E+0	3.480180E+5
3.360000E-3	0.000000E+0	3.477070E+5
3.380000E-3	0.000000E+0	3.479010E+5
3.400000E-3	0.000000E+0	3.485690E+5
3.420000E-3	0.000000E+0	3.490850E+5
3.440000E-3	0.000000E+0	3.479930E+5
3.460000E-3	0.000000E+0	3.492800E+5
3.480000E-3	0.000000E+0	3.481650E+5
3.500000E-3	0.000000E+0	3.488950E+5
3.520000E-3	0.000000E+0	3.480310E+5
3.540000E-3	0.000000E+0	3.484610E+5
3.560000E-3	0.000000E+0	3.482390E+5
3.580000E-3	0.000000E+0	3.477940E+5
3.600000E-3	0.000000E+0	3.479210E+5
3.620000E-3	0.000000E+0	3.470140E+5
3.640000E-3	0.000000E+0	3.488640E+5
3.660000E-3	0.000000E+0	3.481760E+5
3.680000E-3	0.000000E+0	3.480860E+5
3.700000E-3	0.000000E+0	3.478180E+5
3.720000E-3	0.000000E+0	3.487510E+5
3.740000E-3	0.000000E+0	3.480780E+5
3.760000E-3	0.000000E+0	3.482800E+5
3.780000E-3	0.000000E+0	3.477810E+5
3.800000E-3	0.000000E+0	3.480010E+5
3.820000E-3	0.000000E+0	3.476780E+5
3.840000E-3	0.000000E+0	3.483210E+5
3.860000E-3	0.000000E+0	3.483830E+5
3.880000E-3	0.000000E+0	3.475750E+5
3.900000E-3	0.000000E+0	3.491690E+5
3.920000E-3	0.000000E+0	3.492610E+5
3.940000E-3	0.000000E+0	3.493020E+5
3.960000E-3	0.000000E+0	3.490890E+5
3.980000E-3	0.000000E+0	3.482700E+5
4.000000E-3	0.000000E+0	3.484660E+5
4.020000E-3	0.000000E+0	3.488610E+5
4.040000E-3	0.000000E+0	3.480780E+5
4.060000E-3	0.000000E+0	3.490730E+5
4.080000E-3	0.000000E+0	3.485040E+5
4.100000E-3	0.000000E+0	3.486290E+5
4.120000E-3	0.000000E+0	3.483520E+5
4.140000E-3	0.000000E+0	3.476660E+5
4.160000E-3	0.000000E+0	3.493440E+5
4.180000E-3	0.000000E+0	3.479950E+5
4.200000E-3	0.000000E+0	3.485480E+5
4.220000E-3	0.000000E+0	3.483980E+5
4.240000E-3	0.000000E+0	3.485400E+5
4.260000E-3	0.000000E+0	3.477320E+5
4.280000E-3	0.000000E+0	3.491480E+5
4.300000E-3	0.000000E+0	3.484070E+5
4.320000E-3	0.000000E+0	3.480540E+5
4.340000E-3	0.000000E+0	3.478350E+5
4.360000E-3	0.000000E+0	3.481710E+5
4.380000E-3	0.000000E+0	3.477680E+5
4.400000E-3	0.000000E+0	3.487330E+5
4.420000E-3	0.000000E+0	3.481480E+5
4.440000E-3	0.000000E+0	3.481910E+5
4.460000E-3	0.000000E+0	3.481020E+5
4.480000E-3	0.000000E+0	3.477290E+5
4.500000E-3	0.000000E+0	3.483390E+5
4.520000E-3	0.000000E+0	3.475950E+5
4.540000E-3	0.000000E+0	3.479400E+5
4.560000E-3	0.000000E+0	3.472220E+5
4.580000E-3	0.000000E+0	3.482080E+5
4.600000E-3	0.000000E+0	3.482480E+5
4.620000E-3	0.000000E+0	3.474850E+5
4.640000E-3	0.000000E+0	3.487090E+5
4.660000E-3	0.000000E+0	3.479730E+5
4.680000E-3	0.000000E+0	3.482440E+5
4.700000E-3	0.000000E+0	3.485380E+5
4.720000E-3	0.000000E+0	3.484620E+5
4.740000E-3	0.000000E+0	3.472080E+5
4.760000E-3	0.000000E+0	3.487160E+5
4.780000E-3	0.000000E+0	3.474230E+5
4.800000E-3	0.000000E+0	3.478860E+5
4.820000E-3	0.000000E+0	3.476310E+5
4.840000E-3	0.000000E+0	3.478130E+5
4.860000E-3	0.000000E+0	3.467350E+5
4.880000E-3	0.000000E+0	3.459140E+5
4.900000E-3	0.000000E+0	3.461260E+5
4.920000E-3	0.000000E+0	3.440680E+5
4.940000E-3	0.000000E+0	3.431510E+5
4.960000E-3	0.000000E+0	3.434360E+5
4.980000E-3	0.000000E+0	3.435320E+5
5.000000E-3	0.000000E+0	3.418410E+5
5.020000E-3	0.000000E+0	3.418230E+5
5.040000E-3	0.000000E+0	3.402160E+5
5.060000E-3	0.000000E+0	3.391560E+5
5.080000E-3	0.000000E+0	3.385010E+5
5.100000E-3	0.000000E+0	3.385990E+5
5.120000E-3	0.000000E+0	3.382730E+5
5.140000E-3	0.000000E+0	3.395180E+5
5.160000E-3	0.000000E+0	3.405190E+5
5.180000E-3	0.000000E+0	3.417380E+5
5.200000E-3	0.000000E+0	3.424470E+5
5.220000E-3	0.000000E+0	3.436240E+5
5.240000E-3	0.000000E+0	3.437830E+5
5.260000E-3	0.000000E+0	3.462750E+5
5.280000E-3	0.000000E+0	3.446210E+5
5.300000E-3	0.000000E+0	3.462940E+5
5.320000E-3	0.000000E+0	3.474710E+5
5.340000E-3	0.000000E+0	3.472920E+5
5.360000E-3	0.000000E+0	3.484600E+5
5.380000E-3	0.000000E+0	3.472790E+5
5.400000E-3	0.000000E+0	3.485180E+5
5.420000E-3	0.000000E+0	3.475040E+5
5.440000E-3	0.000000E+0	3.471740E+5
5.460000E-3	0.000000E+0	3.470230E+5
5.480000E-3	0.000000E+0	3.465240E+5
5.500000E-3	0.000000E+0	3.472310E+5
5.520000E-3	0.000000E+0	3.463200E+5
5.540000E-3	0.000000E+0	3.459730E+5
5.560000E-3	0.000000E+0	3.445930E+5
5.580000E-3	0.000000E+0	3.442530E+5
5.600000E-3	0.000000E+0	3.426980E+5
5.620000E-3	0.000000E+0	3.427510E+5
5.640000E-3	0.000000E+0	3.437140E+5
5.660000E-3	0.000000E+0	3.419650E+5
5.680000E-3	0.000000E+0	3.417850E+5
5.700000E-3	0.000000E+0	3.403050E+5
5.720000E-3	0.000000E+0	3.394670E+5
5.740000E-3	0.000000E+0	3.392310E+5
5.760000E-3	0.000000E+0	3.393440E+5
5.780000E-3	0.000000E+0	3.402280E+5
5.800000E-3	0.000000E+0	3.405850E+5
5.820000E-3	0.000000E+0	3.417750E+5
5.840000E-3	0.000000E+0	3.427010E+5
5.860000E-3	0.000000E+0	3.433650E+5
5.880000E-3	0.000000E+0	3.449230E+5
5.900000E-3	0.000000E+0	3.463180E+5
5.920000E-3	0.000000E+0	3.468950E+5
5.940000E-3	0.000000E+0	3.462260E+5
5.960000E-3	0.000000E+0	3.468090E+5
5.980000E-3	0.000000E+0	3.479210E+5
6.000000E-3	0.000000E+0	3.474400E+5
6.020000E-3	0.000000E+0	3.481580E+5
6.040000E-3	0.000000E+0	3.483060E+5
6.060000E-3	0.000000E+0	3.481080E+5
6.080000E-3	0.000000E+0	3.481840E+5
6.100000E-3	0.000000E+0	3.478550E+5
6.120000E-3	0.000000E+0	3.484850E+5
6.140000E-3	0.000000E+0	3.481620E+5
6.160000E-3	0.000000E+0	3.477990E+5
6.180000E-3	0.000000E+0	3.485900E+5
6.200000E-3	0.000000E+0	3.481090E+5
6.220000E-3	0.000000E+0	3.485190E+5
6.240000E-3	0.000000E+0	3.477650E+5
6.260000E-3	0.000000E+0	3.477120E+5
6.280000E-3	0.000000E+0	3.495000E+5
6.300000E-3	0.000000E+0	3.489040E+5
6.320000E-3	0.000000E+0	3.484300E+5
6.340000E-3	0.000000E+0	3.485780E+5
6.360000E-3	0.000000E+0	3.477250E+5
6.380000E-3	0.000000E+0	3.487140E+5
6.400000E-3	0.000000E+0	3.481320E+5
6.420000E-3	0.000000E+0	3.476800E+5
6.440000E-3	0.000000E+0	3.494980E+5
6.460000E-3	0.000000E+0	3.482900E+5
6.480000E-3	0.000000E+0	3.481470E+5
6.500000E-3	0.000000E+0	3.478650E+5
6.520000E-3	0.000000E+0	3.487420E+5
6.540000E-3	0.000000E+0	3.477680E+5
6.560000E-3	0.000000E+0	3.490340E+5
6.580000E-3	0.000000E+0	3.480320E+5
6.600000E-3	0.000000E+0	3.488510E+5
6.620000E-3	0.000000E+0	3.482530E+5
6.640000E-3	0.000000E+0	3.480080E+5
6.660000E-3	0.000000E+0	3.477320E+5
6.680000E-3	0.000000E+0	3.482370E+5
6.700000E-3	0.000000E+0	3.486960E+5
6.720000E-3	0.000000E+0	3.484370E+5
6.740000E-3	0.000000E+0	3.486170E+5
6.760000E-3	0.000000E+0	3.490770E+5
6.780000E-3	0.000000E+0	3.477430E+5
6.800000E-3	0.000000E+0	3.487480E+5
6.820000E-3	0.000000E+0	3.486540E+5
6.840000E-3	0.000000E+0	3.483660E+5
6.860000E-3	0.000000E+0	3.485420E+5
6.880000E-3	0.000000E+0	3.489120E+5
6.900000E-3	0.000000E+0	3.471690E+5
6.920000E-3	0.000000E+0	3.477940E+5
6.940000E-3	0.000000E+0	3.483300E+5
6.960000E-3	0.000000E+0	3.467790E+5
6.980000E-3	0.000000E+0	3.478670E+5
7.000000E-3	0.000000E+0	3.480180E+5
7.020000E-3	0.000000E+0	3.484880E+5
7.040000E-3	0.000000E+0	3.484050E+5
7.060000E-3	0.000000E+0	3.484500E+5
7.080000E-3	0.000000E+0	3.485980E+5
7.100000E-3	0.000000E+0	3.479760E+5
7.120000E-3	0.000000E+0	3.485870E+5
7.140000E-3	0.000000E+0	3.484180E+5
7.160000E-3	0.000000E+0	3.490720E+5
7.180000E-3	0.000000E+0	3.476770E+5
7.200000E-3	0.000000E+0	3.486540E+5
7.220000E-3	0.000000E+0	3.489830E+5
7.240000E-3	0.000000E+0	3.484360E+5
7.260000E-3	0.000000E+0	3.483550E+5
7.280000E-3	0.000000E+0	3.483760E+5
7.300000E-3	0.000000E+0	3.480000E+5
7.320000E-3	0.000000E+0	3.486490E+5
7.340000E-3	0.000000E+0	3.489420E+5
7.360000E-3	0.000000E+0	3.484130E+5
7.380000E-3	0.000000E+0	3.490320E+5
7.400000E-3	0.000000E+0	3.480780E+5
7.420000E-3	0.000000E+0	3.482590E+5
7.440000E-3	0.000000E+0	3.485230E+5
7.460000E-3	0.000000E+0	3.490070E+5
7.480000E-3	0.000000E+0	3.482770E+5
7.500000E-3	0.000000E+0	3.489060E+5
7.520000E-3	0.000000E+0	3.492010E+5
7.540000E-3	0.000000E+0	3.485500E+5
7.560000E-3	0.000000E+0	3.492490E+5
7.580000E-3	0.000000E+0	3.486280E+5
7.600000E-3	0.000000E+0	3.477540E+5
7.620000E-3	0.000000E+0	3.489370E+5
7.640000E-3	0.000000E+0	3.493930E+5
7.660000E-3	0.000000E+0	3.480950E+5
7.680000E-3	0.000000E+0	3.479100E+5
7.700000E-3	0.000000E+0	3.479360E+5
7.720000E-3	0.000000E+0	3.485350E+5
7.740000E-3	0.000000E+0	3.482370E+5
7.760000E-3	0.000000E+0	3.478500E+5
7.780000E-3	0.000000E+0	3.495670E+5
7.800000E-3	0.000000E+0	3.483050E+5
7.820000E-3	0.000000E+0	3.482800E+5
7.840000E-3	0.000000E+0	3.492700E+5
7.860000E-3	0.000000E+0	3.481790E+5
7.880000E-3	0.000000E+0	3.483300E+5
7.900000E-3	0.000000E+0	3.481120E+5
7.920000E-3	0.000000E+0	3.477250E+5
7.940000E-3	0.000000E+0	3.495960E+5
7.960000E-3	0.000000E+0	3.494490E+5
7.980000E-3	0.000000E+0	3.494590E+5
8.000000E-3	0.000000E+0	3.491580E+5
8.020000E-3	0.000000E+0	3.489110E+5
8.040000E-3	0.000000E+0	3.472600E+5
8.060000E-3	0.000000E+0	3.480960E+5
8.080000E-3	0.000000E+0	3.488040E+5
8.100000E-3	0.000000E+0	3.489770E+5
8.120000E-3	0.000000E+0	3.484170E+5
8.140000E-3	0.000000E+0	3.478710E+5
8.160000E-3	0.000000E+0	3.482970E+5
8.180000E-3	0.000000E+0	3.481490E+5
8.200000E-3	0.000000E+0	3.486360E+5
8.220000E-3	0.000000E+0	3.481350E+5
8.240000E-3	0.000000E+0	3.487820E+5
8.260000E-3	0.000000E+0	3.500830E+5
8.280000E-3	0.000000E+0	3.477760E+5
8.300000E-3	0.000000E+0	3.487880E+5
8.320000E-3	0.000000E+0	3.481020E+5
8.340000E-3	0.000000E+0	3.482230E+5
8.360000E-3	0.000000E+0	3.481630E+5
8.380000E-3	0.000000E+0	3.470370E+5
8.400000E-3	0.000000E+0	3.479730E+5
8.420000E-3	0.000000E+0	3.485370E+5
8.440000E-3	0.000000E+0	3.490350E+5
8.460000E-3	0.000000E+0	3.490090E+5
8.480000E-3	0.000000E+0	3.498550E+5
8.500000E-3	0.000000E+0	3.473400E+5
8.520000E-3	0.000000E+0	3.491380E+5
8.540000E-3	0.000000E+0	3.486230E+5
8.560000E-3	0.000000E+0	3.487310E+5
8.580000E-3	0.000000E+0	3.498390E+5
8.600000E-3	0.000000E+0	3.478770E+5
8.620000E-3	0.000000E+0	3.495400E+5
8.640000E-3	0.000000E+0	3.481090E+5
8.660000E-3	0.000000E+0	3.482490E+5
8.680000E-3	0.000000E+0	3.486720E+5
8.700000E-3	0.000000E+0	3.471070E+5
8.720000E-3	0.000000E+0	3.489840E+5
8.740000E-3	0.000000E+0	3.477670E+5
8.760000E-3	0.000000E+0	3.484620E+5
8.780000E-3	0.000000E+0	3.488150E+5
8.800000E-3	0.000000E+0	3.492330E+5
8.820000E-3	0.000000E+0	3.487790E+5
8.840000E-3	0.000000E+0	3.480960E+5
8.860000E-3	0.000000E+0	3.498070E+5
8.880000E-3	0.000000E+0	3.481700E+5
8.900000E-3	0.000000E+0	3.491390E+5
8.920000E-3	0.000000E+0	3.476530E+5
8.940000E-3	0.000000E+0	3.477580E+5
8.960000E-3	0.000000E+0	3.490940E+5
8.980000E-3	0.000000E+0	3.483800E+5
9.000000E-3	0.000000E+0	3.478880E+5
9.020000E-3	0.000000E+0	3.476380E+5
9.040000E-3	0.000000E+0	3.488650E+5
9.060000E-3	0.000000E+0	3.504350E+5
9.080000E-3	0.000000E+0	3.488000E+5
9.100000E-3	0.000000E+0	3.491400E+5
9.120000E-3	0.000000E+0	3.480280E+5
9.140000E-3	0.000000E+0	3.488280E+5
9.160000E-3	0.000000E+0	3.493240E+5
9.180000E-3	0.000000E+0	3.475840E+5
9.200000E-3	0.000000E+0	3.482550E+5
9.220000E-3	0.000000E+0	3.486040E+5
9.240000E-3	0.000000E+0	3.489250E+5
9.260000E-3	0.000000E+0	3.493950E+5
9.280000E-3	0.000000E+0	3.497160E+5
9.300000E-3	0.000000E+0	3.488050E+5
9.320000E-3	0.000000E+0	3.481920E+5
9.340000E-3	0.000000E+0	3.489950E+5
9.360000E-3	0.000000E+0	3.481430E+5
9.380000E-3	0.000000E+0	3.494090E+5
9.400000E-3	0.000000E+0	3.493290E+5
9.420000E-3	0.000000E+0	3.494250E+5
9.440000E-3	0.000000E+0	3.484320E+5
9.460000E-3	0.000000E+0	3.496810E+5
9.480000E-3	0.000000E+0	3.486840E+5
9.500000E-3	0.000000E+0	3.474140E+5
9.520000E-3	0.000000E+0	3.492300E+5
9.540000E-3	0.000000E+0	3.476700E+5
9.560000E-3	0.000000E+0	3.481220E+5
9.580000E-3	0.000000E+0	3.483600E+5
9.600000E-3	0.000000E+0	3.489140E+5
9.620000E-3	0.000000E+0	3.482130E+5
9.640000E-3	0.000000E+0	3.481660E+5
9.660000E-3	0.000000E+0	3.486430E+5
9.680000E-3	0.000000E+0	3.474220E+5
9.700000E-3	0.000000E+0	3.481370E+5
9.720000E-3	0.000000E+0	3.488770E+5
9.740000E-3	0.000000E+0	3.486840E+5
9.760000E-3	0.000000E+0	3.479910E+5
9.780000E-3	0.000000E+0	3.488030E+5
9.800000E-3	0.000000E+0	3.490450E+5
9.820000E-3	0.000000E+0	3.496620E+5
9.840000E-3	0.000000E+0	3.485130E+5
9.860000E-3	0.000000E+0	3.483980E+5
9.880000E-3	0.000000E+0	3.492720E+5
9.900000E-3	0.000000E+0	3.493720E+5
9.920000E-3	0.000000E+0	3.478210E+5
9.940000E-3	0.000000E+0	3.476850E+5
9.960000E-3	0.000000E+0	3.480170E+5
9.980000E-3	0.000000E+0	3.493340E+5
1.000000E-2	0.000000E+0	3.481440E+5
1.002000E-2	0.000000E+0	3.484970E+5
1.004000E-2	0.000000E+0	3.491280E+5
1.006000E-2	0.000000E+0	3.493060E+5
1.008000E-2	0.000000E+0	3.483240E+5
1.010000E-2	0.000000E+0	3.483700E+5
1.012000E-2	0.000000E+0	3.495330E+5
1.014000E-2	0.000000E+0	3.501520E+5
1.016000E-2	0.000000E+0	3.490750E+5
1.018000E-2	0.000000E+0	3.487120E+5
1.020000E-2	0.000000E+0	3.492600E+5
1.022000E-2	0.000000E+0	3.488010E+5
1.024000E-2	0.000000E+0	3.481910E+5
1.026000E-2	0.000000E+0	3.499150E+5
1.028000E-2	0.000000E+0	3.485320E+5
1.030000E-2	0.000000E+0	3.492230E+5
1.032000E-2	0.000000E+0	3.481290E+5
1.034000E-2	0.000000E+0	3.490950E+5
1.036000E-2	0.000000E+0	3.485470E+5
1.038000E-2	0.000000E+0	3.490960E+5
1.040000E-2	0.000000E+0	3.482050E+5
1.042000E-2	0.000000E+0	3.485220E+5
1.044000E-2	0.000000E+0	3.485900E+5
1.046000E-2	0.000000E+0	3.490510E+5
1.048000E-2	0.000000E+0	3.493270E+5
1.050000E-2	0.000000E+0	3.485530E+5
1.052000E-2	0.000000E+0	3.490950E+5
1.054000E-2	0.000000E+0	3.499750E+5
1.056000E-2	0.000000E+0	3.481840E+5
1.058000E-2	0.000000E+0	3.493370E+5
1.060000E-2	0.000000E+0	3.482230E+5
1.062000E-2	0.000000E+0	3.485160E+5
1.064000E-2	0.000000E+0	3.488470E+5
1.066000E-2	0.000000E+0	3.486290E+5
1.068000E-2	0.000000E+0	3.491960E+5
1.070000E-2	0.000000E+0	3.479130E+5
1.072000E-2	0.000000E+0	3.487600E+5
1.074000E-2	0.000000E+0	3.494140E+5
1.076000E-2	0.000000E+0	3.495160E+5
1.078000E-2	0.000000E+0	3.494630E+5
1.080000E-2	0.000000E+0	3.493600E+5
1.082000E-2	0.000000E+0	3.500490E+5
1.084000E-2	0.000000E+0	3.484970E+5
1.086000E-2	0.000000E+0	3.487240E+5
1.088000E-2	0.000000E+0	3.487370E+5
1.090000E-2	0.000000E+0	3.490540E+5
1.092000E-2	0.000000E+0	3.485440E+5
1.094000E-2	0.000000E+0	3.482830E+5
1.096000E-2	0.000000E+0	3.481220E+5
1.098000E-2	0.000000E+0	3.489210E+5
1.100000E-2	0.000000E+0	3.488180E+5
1.102000E-2	0.000000E+0	3.478040E+5
1.104000E-2	0.000000E+0	3.493400E+5
1.106000E-2	0.000000E+0	3.486250E+5
1.108000E-2	0.000000E+0	3.492540E+5
1.110000E-2	0.000000E+0	3.483780E+5
1.112000E-2	0.000000E+0	3.487460E+5
1.114000E-2	0.000000E+0	3.488210E+5
1.116000E-2	0.000000E+0	3.466040E+5
1.118000E-2	0.000000E+0	3.489830E+5
1.120000E-2	0.000000E+0	3.488600E+5
1.122000E-2	0.000000E+0	3.499850E+5
1.124000E-2	0.000000E+0	3.495400E+5
1.126000E-2	0.000000E+0	3.476010E+5
1.128000E-2	0.000000E+0	3.480560E+5
1.130000E-2	0.000000E+0	3.484830E+5
1.132000E-2	0.000000E+0	3.493620E+5
1.134000E-2	0.000000E+0	3.481060E+5
1.136000E-2	0.000000E+0	3.498780E+5
1.138000E-2	0.000000E+0	3.485420E+5
1.140000E-2	0.000000E+0	3.501600E+5
1.142000E-2	0.000000E+0	3.485530E+5
1.144000E-2	0.000000E+0	3.494290E+5
1.146000E-2	0.000000E+0	3.484360E+5
1.148000E-2	0.000000E+0	3.488950E+5
1.150000E-2	0.000000E+0	3.483870E+5
1.152000E-2	0.000000E+0	3.479770E+5
1.154000E-2	0.000000E+0	3.484000E+5
1.156000E-2	0.000000E+0	3.492010E+5
1.158000E-2	0.000000E+0	3.479370E+5
1.160000E-2	0.000000E+0	3.486090E+5
1.162000E-2	0.000000E+0	3.489540E+5
1.164000E-2	0.000000E+0	3.501190E+5
1.166000E-2	0.000000E+0	3.503080E+5
1.168000E-2	0.000000E+0	3.496150E+5
1.170000E-2	0.000000E+0	3.496450E+5
1.172000E-2	0.000000E+0	3.493690E+5
1.174000E-2	0.000000E+0	3.487930E+5
1.176000E-2	0.000000E+0	3.489440E+5
1.178000E-2	0.000000E+0	3.481960E+5
1.180000E-2	0.000000E+0	3.492150E+5
1.182000E-2	0.000000E+0	3.493620E+5
1.184000E-2	0.000000E+0	3.488100E+5
1.186000E-2	0.000000E+0	3.485970E+5
1.188000E-2	0.000000E+0	3.479900E+5
1.190000E-2	0.000000E+0	3.480240E+5
1.192000E-2	0.000000E+0	3.482420E+5
1.194000E-2	0.000000E+0	3.498410E+5
1.196000E-2	0.000000E+0	3.483880E+5
1.198000E-2	0.000000E+0	3.494700E+5
1.200000E-2	0.000000E+0	3.483490E+5
1.202000E-2	0.000000E+0	3.491430E+5
1.204000E-2	0.000000E+0	3.487380E+5
1.206000E-2	0.000000E+0	3.488290E+5
1.208000E-2	0.000000E+0	3.497500E+5
1.210000E-2	0.000000E+0	3.492070E+5
1.212000E-2	0.000000E+0	3.494380E+5
1.214000E-2	0.000000E+0	3.477690E+5
1.216000E-2	0.000000E+0	3.484850E+5
1.218000E-2	0.000000E+0	3.487870E+5
1.220000E-2	0.000000E+0	3.475710E+5
1.222000E-2	0.000000E+0	3.491410E+5
1.224000E-2	0.000000E+0	3.489080E+5
1.226000E-2	0.000000E+0	3.488390E+5
1.228000E-2	0.000000E+0	3.491830E+5
1.230000E-2	0.000000E+0	3.491350E+5
1.232000E-2	0.000000E+0	3.492340E+5
1.234000E-2	0.000000E+0	3.489330E+5
1.236000E-2	0.000000E+0	3.484130E+5
1.238000E-2	0.000000E+0	3.492700E+5
1.240000E-2	0.000000E+0	3.495740E+5
1.242000E-2	0.000000E+0	3.492240E+5
1.244000E-2	0.000000E+0	3.494790E+5
1.246000E-2	0.000000E+0	3.485540E+5
1.248000E-2	0.000000E+0	3.492590E+5
1.250000E-2	0.000000E+0	3.484620E+5
1.252000E-2	0.000000E+0	3.498080E+5
1.254000E-2	0.000000E+0	3.488850E+5
1.256000E-2	0.000000E+0	3.485180E+5
1.258000E-2	0.000000E+0	3.497870E+5
1.260000E-2	0.000000E+0	3.497810E+5
1.262000E-2	0.000000E+0	3.480840E+5
1.264000E-2	0.000000E+0	3.478410E+5
1.266000E-2	0.000000E+0	3.497580E+5
1.268000E-2	0.000000E+0	3.491750E+5
1.270000E-2	0.000000E+0	3.487070E+5
1.272000E-2	0.000000E+0	3.496610E+5
1.274000E-2	0.000000E+0	3.488670E+5
1.276000E-2	0.000000E+0	3.493630E+5
1.278000E-2	0.000000E+0	3.483700E+5
1.280000E-2	0.000000E+0	3.479880E+5
1.282000E-2	0.000000E+0	3.485120E+5
1.284000E-2	0.000000E+0	3.488700E+5
1.286000E-2	0.000000E+0	3.492850E+5
1.288000E-2	0.000000E+0	3.497940E+5
1.290000E-2	0.000000E+0	3.486860E+5
1.292000E-2	0.000000E+0	3.491240E+5
1.294000E-2	0.000000E+0	3.479060E+5
1.296000E-2	0.000000E+0	3.490010E+5
1.298000E-2	0.000000E+0	3.491250E+5
1.300000E-2	0.000000E+0	3.490520E+5
1.302000E-2	0.000000E+0	3.492910E+5
1.304000E-2	0.000000E+0	3.488960E+5
1.306000E-2	0.000000E+0	3.484080E+5
1.308000E-2	0.000000E+0	3.498720E+5
1.310000E-2	0.000000E+0	3.490050E+5
1.312000E-2	0.000000E+0	3.494650E+5
1.314000E-2	0.000000E+0	3.497330E+5
1.316000E-2	0.000000E+0	3.489660E+5
1.318000E-2	0.000000E+0	3.482760E+5
1.320000E-2	0.000000E+0	3.488390E+5
1.322000E-2	0.000000E+0	3.493670E+5
1.324000E-2	0.000000E+0	3.481200E+5
1.326000E-2	0.000000E+0	3.500000E+5
1.328000E-2	0.000000E+0	3.495810E+5
1.330000E-2	0.000000E+0	3.482190E+5
1.332000E-2	0.000000E+0	3.484170E+5
1.334000E-2	0.000000E+0	3.488940E+5
1.336000E-2	0.000000E+0	3.491110E+5
1.338000E-2	0.000000E+0	3.491410E+5
1.340000E-2	0.000000E+0	3.477530E+5
1.342000E-2	0.000000E+0	3.481520E+5
1.344000E-2	0.000000E+0	3.481000E+5
1.346000E-2	0.000000E+0	3.476200E+5
1.348000E-2	0.000000E+0	3.491630E+5
1.350000E-2	0.000000E+0	3.486530E+5
1.352000E-2	0.000000E+0	3.498640E+5
1.354000E-2	0.000000E+0	3.494030E+5
1.356000E-2	0.000000E+0	3.490530E+5
1.358000E-2	0.000000E+0	3.487250E+5
1.360000E-2	0.000000E+0	3.483070E+5
1.362000E-2	0.000000E+0	3.490750E+5
1.364000E-2	0.000000E+0	3.478810E+5
1.366000E-2	0.000000E+0	3.487760E+5
1.368000E-2	0.000000E+0	3.492610E+5
1.370000E-2	0.000000E+0	3.491890E+5
1.372000E-2	0.000000E+0	3.486380E+5
1.374000E-2	0.000000E+0	3.487240E+5
1.376000E-2	0.000000E+0	3.484620E+5
1.378000E-2	0.000000E+0	3.482460E+5
1.380000E-2	0.000000E+0	3.489510E+5
1.382000E-2	0.000000E+0	3.480230E+5
1.384000E-2	0.000000E+0	3.483450E+5
1.386000E-2	0.000000E+0	3.487320E+5
1.388000E-2	0.000000E+0	3.484960E+5
1.390000E-2	0.000000E+0	3.491100E+5
1.392000E-2	0.000000E+0	3.499620E+5
1.394000E-2	0.000000E+0	3.487530E+5
1.396000E-2	0.000000E+0	3.489630E+5
1.398000E-2	0.000000E+0	3.494610E+5
1.400000E-2	0.000000E+0	3.497030E+5
1.402000E-2	0.000000E+0	3.483750E+5
1.404000E-2	0.000000E+0	3.498760E+5
1.406000E-2	0.000000E+0	3.484430E+5
1.408000E-2	0.000000E+0	3.484900E+5
1.410000E-2	0.000000E+0	3.486830E+5
1.412000E-2	0.000000E+0	3.488530E+5
1.414000E-2	0.000000E+0	3.486580E+5
1.416000E-2	0.000000E+0	3.482180E+5
1.418000E-2	0.000000E+0	3.485360E+5
1.420000E-2	0.000000E+0	3.487520E+5
1.422000E-2	0.000000E+0	3.488760E+5
1.424000E-2	0.000000E+0	3.477190E+5
1.426000E-2	0.000000E+0	3.474600E+5
1.428000E-2	0.000000E+0	3.484330E+5
1.430000E-2	0.000000E+0	3.485520E+5
1.432000E-2	0.000000E+0	3.492500E+5
1.434000E-2	0.000000E+0	3.483380E+5
1.436000E-2	0.000000E+0	3.489700E+5
1.438000E-2	0.000000E+0	3.489070E+5
1.440000E-2	0.000000E+0	3.496540E+5
1.442000E-2	0.000000E+0	3.487580E+5
1.444000E-2	0.000000E+0	3.476260E+5
1.446000E-2	0.000000E+0	3.490220E+5
1.448000E-2	0.000000E+0	3.490360E+5
1.450000E-2	0.000000E+0	3.488130E+5
1.452000E-2	0.000000E+0	3.490140E+5
1.454000E-2	0.000000E+0	3.484180E+5
1.456000E-2	0.000000E+0	3.492240E+5
1.458000E-2	0.000000E+0	3.477420E+5
1.460000E-2	0.000000E+0	3.496730E+5
1.462000E-2	0.000000E+0	3.476550E+5
1.464000E-2	0.000000E+0	3.492580E+5
1.466000E-2	0.000000E+0	3.487280E+5
1.468000E-2	0.000000E+0	3.494500E+5
1.470000E-2	0.000000E+0	3.484980E+5
1.472000E-2	0.000000E+0	3.482910E+5
1.474000E-2	0.000000E+0	3.484810E+5
1.476000E-2	0.000000E+0	3.497720E+5
1.478000E-2	0.000000E+0	3.496860E+5
1.480000E-2	0.000000E+0	3.484460E+5
1.482000E-2	0.000000E+0	3.478780E+5
1.484000E-2	0.000000E+0	3.492720E+5
1.486000E-2	0.000000E+0	3.484210E+5
1.488000E-2	0.000000E+0	3.481660E+5
1.490000E-2	0.000000E+0	3.475150E+5
1.492000E-2	0.000000E+0	3.470340E+5
1.494000E-2	0.000000E+0	3.453410E+5
1.496000E-2	0.000000E+0	3.444530E+5
1.498000E-2	0.000000E+0	3.448070E+5
1.500000E-2	0.000000E+0	3.438640E+5
1.502000E-2	0.000000E+0	3.433890E+5
1.504000E-2	0.000000E+0	3.425490E+5
1.506000E-2	0.000000E+0	3.424250E+5
1.508000E-2	0.000000E+0	3.413920E+5
1.510000E-2	0.000000E+0	3.401160E+5
1.512000E-2	0.000000E+0	3.392000E+5
1.514000E-2	0.000000E+0	3.393910E+5
1.516000E-2	0.000000E+0	3.397200E+5
1.518000E-2	0.000000E+0	3.404060E+5
1.520000E-2	0.000000E+0	3.412790E+5
1.522000E-2	0.000000E+0	3.427280E+5
1.524000E-2	0.000000E+0	3.449430E+5
1.526000E-2	0.000000E+0	3.451160E+5
1.528000E-2	0.000000E+0	3.468760E+5
1.530000E-2	0.000000E+0	3.460130E+5
1.532000E-2	0.000000E+0	3.471130E+5
1.534000E-2	0.000000E+0	3.478010E+5
1.536000E-2	0.000000E+0	3.473420E+5
1.538000E-2	0.000000E+0	3.485830E+5
1.540000E-2	0.000000E+0	3.479730E+5
1.542000E-2	0.000000E+0	3.480050E+5
1.544000E-2	0.000000E+0	3.476510E+5
1.546000E-2	0.000000E+0	3.477810E+5
1.548000E-2	0.000000E+0	3.477800E+5
1.550000E-2	0.000000E+0	3.474150E+5
1.552000E-2	0.000000E+0	3.485380E+5
1.554000E-2	0.000000E+0	3.474360E+5
1.556000E-2	0.000000E+0	3.456720E+5
1.558000E-2	0.000000E+0	3.450520E+5
1.560000E-2	0.000000E+0	3.454880E+5
1.562000E-2	0.000000E+0	3.443760E+5
1.564000E-2	0.000000E+0	3.433760E+5
1.566000E-2	0.000000E+0	3.426950E+5
1.568000E-2	0.000000E+0	3.421210E+5
1.570000E-2	0.000000E+0	3.419230E+5
1.572000E-2	0.000000E+0	3.412150E+5
1.574000E-2	0.000000E+0	3.406970E+5
1.576000E-2	0.000000E+0	3.403450E+5
1.578000E-2	0.000000E+0	3.379110E+5
1.580000E-2	0.000000E+0	3.395960E+5
1.582000E-2	0.000000E+0	3.399250E+5
1.584000E-2	0.000000E+0	3.409660E+5
1.586000E-2	0.000000E+0	3.423850E+5
1.588000E-2	0.000000E+0	3.439440E+5
1.590000E-2	0.000000E+0	3.445410E+5
1.592000E-2	0.000000E+0	3.450600E+5
1.594000E-2	0.000000E+0	3.453900E+5
1.596000E-2	0.000000E+0	3.465650E+5
1.598000E-2	0.000000E+0	3.480770E+5
1.600000E-2	0.000000E+0	3.491750E+5
1.602000E-2	0.000000E+0	3.485060E+5
1.604000E-2	0.000000E+0	3.478880E+5
1.606000E-2	0.000000E+0	3.477760E+5
1.608000E-2	0.000000E+0	3.479370E+5
1.610000E-2	0.000000E+0	3.488520E+5
1.612000E-2	0.000000E+0	3.488790E+5
1.614000E-2	0.000000E+0	3.488050E+5
1.616000E-2	0.000000E+0	3.494410E+5
1.618000E-2	0.000000E+0	3.485690E+5
1.620000E-2	0.000000E+0	3.483810E+5
1.622000E-2	0.000000E+0	3.483860E+5
1.624000E-2	0.000000E+0	3.482240E+5
1.626000E-2	0.000000E+0	3.485810E+5
1.628000E-2	0.000000E+0	3.500230E+5
1.630000E-2	0.000000E+0	3.486150E+5
1.632000E-2	0.000000E+0	3.491770E+5
1.634000E-2	0.000000E+0	3.491780E+5
1.636000E-2	0.000000E+0	3.497680E+5
1.638000E-2	0.000000E+0	3.489190E+5
1.640000E-2	0.000000E+0	3.487970E+5
1.642000E-2	0.000000E+0	3.488930E+5
1.644000E-2	0.000000E+0	3.482330E+5
1.646000E-2	0.000000E+0	3.487910E+5
1.648000E-2	0.000000E+0	3.477900E+5
1.650000E-2	0.000000E+0	3.487020E+5
1.652000E-2	0.000000E+0	3.496450E+5
1.654000E-2	0.000000E+0	3.485900E+5
1.656000E-2	0.000000E+0	3.483690E+5
1.658000E-2	0.000000E+0	3.489840E+5
1.660000E-2	0.000000E+0	3.489960E+5
1.662000E-2	0.000000E+0	3.484020E+5
1.664000E-2	0.000000E+0	3.490330E+5
1.666000E-2	0.000000E+0	3.489020E+5
1.668000E-2	0.000000E+0	3.478680E+5
1.670000E-2	0.000000E+0	3.482890E+5
1.672000E-2	0.000000E+0	3.490930E+5
1.674000E-2	0.000000E+0	3.481760E+5
1.676000E-2	0.000000E+0	3.480850E+5
1.678000E-2	0.000000E+0	3.476360E+5
1.680000E-2	0.000000E+0	3.489470E+5
1.682000E-2	0.000000E+0	3.484770E+5
1.684000E-2	0.000000E+0	3.491140E+5
1.686000E-2	0.000000E+0	3.495350E+5
1.688000E-2	0.000000E+0	3.489430E+5
1.690000E-2	0.000000E+0	3.484210E+5
1.692000E-2	0.000000E+0	3.488310E+5
1.694000E-2	0.000000E+0	3.484330E+5
1.696000E-2	0.000000E+0	3.476100E+5
1.698000E-2	0.000000E+0	3.480490E+5
1.700000E-2	0.000000E+0	3.486880E+5
1.702000E-2	0.000000E+0	3.491580E+5
1.704000E-2	0.000000E+0	3.492140E+5
1.706000E-2	0.000000E+0	3.503350E+5
1.708000E-2	0.000000E+0	3.485140E+5
1.710000E-2	0.000000E+0	3.488700E+5
1.712000E-2	0.000000E+0	3.486230E+5
1.714000E-2	0.000000E+0	3.484900E+5
1.716000E-2	0.000000E+0	3.490910E+5
1.718000E-2	0.000000E+0	3.483740E+5
1.720000E-2	0.000000E+0	3.494600E+5
1.722000E-2	0.000000E+0	3.494690E+5
1.724000E-2	0.000000E+0	3.483780E+5
1.726000E-2	0.000000E+0	3.483090E+5
1.728000E-2	0.000000E+0	3.486530E+5
1.730000E-2	0.000000E+0	3.484540E+5
1.732000E-2	0.000000E+0	3.479920E+5
1.734000E-2	0.000000E+0	3.486580E+5
1.736000E-2	0.000000E+0	3.497740E+5
1.738000E-2	0.000000E+0	3.496980E+5
1.740000E-2	0.000000E+0	3.488890E+5
1.742000E-2	0.000000E+0	3.474050E+5
1.744000E-2	0.000000E+0	3.489230E+5
1.746000E-2	0.000000E+0	3.489600E+5
1.748000E-2	0.000000E+0	3.487460E+5
1.750000E-2	0.000000E+0	3.486910E+5
1.752000E-2	0.000000E+0	3.491740E+5
1.754000E-2	0.000000E+0	3.477960E+5
1.756000E-2	0.000000E+0	3.480290E+5
1.758000E-2	0.000000E+0	3.495360E+5
1.760000E-2	0.000000E+0	3.489560E+5
1.762000E-2	0.000000E+0	3.491740E+5
1.764000E-2	0.000000E+0	3.497650E+5
1.766000E-2	0.000000E+0	3.490320E+5
1.768000E-2	0.000000E+0	3.492750E+5
1.770000E-2	0.000000E+0	3.487520E+5
1.772000E-2	0.000000E+0	3.500410E+5
1.774000E-2	0.000000E+0	3.489280E+5
1.776000E-2	0.000000E+0	3.482620E+5
1.778000E-2	0.000000E+0	3.493480E+5
1.780000E-2	0.000000E+0	3.485220E+5
1.782000E-2	0.000000E+0	3.487930E+5
1.784000E-2	0.000000E+0	3.483740E+5
1.786000E-2	0.000000E+0	3.490190E+5
1.788000E-2	0.000000E+0	3.485940E+5
1.790000E-2	0.000000E+0	3.492070E+5
1.792000E-2	0.000000E+0	3.481090E+5
1.794000E-2	0.000000E+0	3.489850E+5
1.796000E-2	0.000000E+0	3.491880E+5
1.798000E-2	0.000000E+0	3.494820E+5
1.800000E-2	0.000000E+0	3.481840E+5
1.802000E-2	0.000000E+0	3.485990E+5
1.804000E-2	0.000000E+0	3.482310E+5
1.806000E-2	0.000000E+0	3.485850E+5
1.808000E-2	0.000000E+0	3.486200E+5
1.810000E-2	0.000000E+0	3.492430E+5
1.812000E-2	0.000000E+0	3.494660E+5
1.814000E-2	0.000000E+0	3.496170E+5
1.816000E-2	0.000000E+0	3.495080E+5
1.818000E-2	0.000000E+0	3.486460E+5
1.820000E-2	0.000000E+0	3.498260E+5
1.822000E-2	0.000000E+0	3.482160E+5
1.824000E-2	0.000000E+0	3.488420E+5
1.826000E-2	0.000000E+0	3.493210E+5
1.828000E-2	0.000000E+0	3.486720E+5
1.830000E-2	0.000000E+0	3.481690E+5
1.832000E-2	0.000000E+0	3.486720E+5
1.834000E-2	0.000000E+0	3.481600E+5
1.836000E-2	0.000000E+0	3.497360E+5
1.838000E-2	0.000000E+0	3.485480E+5
1.840000E-2	0.000000E+0	3.482890E+5
1.842000E-2	0.000000E+0	3.486450E+5
1.844000E-2	0.000000E+0	3.484550E+5
1.846000E-2	0.000000E+0	3.478210E+5
1.848000E-2	0.000000E+0	3.497170E+5
1.850000E-2	0.000000E+0	3.493810E+5
1.852000E-2	0.000000E+0	3.496610E+5
1.854000E-2	0.000000E+0	3.499320E+5
1.856000E-2	0.000000E+0	3.480020E+5
1.858000E-2	0.000000E+0	3.483340E+5
1.860000E-2	0.000000E+0	3.492330E+5
1.862000E-2	0.000000E+0	3.486140E+5
1.864000E-2	0.000000E+0	3.479680E+5
1.866000E-2	0.000000E+0	3.486000E+5
1.868000E-2	0.000000E+0	3.482280E+5
1.870000E-2	0.000000E+0	3.487120E+5
1.872000E-2	0.000000E+0	3.494660E+5
1.874000E-2	0.000000E+0	3.474470E+5
1.876000E-2	0.000000E+0	3.485900E+5
1.878000E-2	0.000000E+0	3.484690E+5
1.880000E-2	0.000000E+0	3.485520E+5
1.882000E-2	0.000000E+0	3.487010E+5
1.884000E-2	0.000000E+0	3.489630E+5
1.886000E-2	0.000000E+0	3.493650E+5
1.888000E-2	0.000000E+0	3.481620E+5
1.890000E-2	0.000000E+0	3.482580E+5
1.892000E-2	0.000000E+0	3.499050E+5
1.894000E-2	0.000000E+0	3.488530E+5
1.896000E-2	0.000000E+0	3.491160E+5
1.898000E-2	0.000000E+0	3.489360E+5
1.900000E-2	0.000000E+0	3.483250E+5
1.902000E-2	0.000000E+0	3.484740E+5
1.904000E-2	0.000000E+0	3.489420E+5
1.906000E-2	0.000000E+0	3.491200E+5
1.908000E-2	0.000000E+0	3.491120E+5
1.910000E-2	0.000000E+0	3.477550E+5
1.912000E-2	0.000000E+0	3.482470E+5
1.914000E-2	0.000000E+0	3.485610E+5
1.916000E-2	0.000000E+0	3.477370E+5
1.918000E-2	0.000000E+0	3.481370E+5
1.920000E-2	0.000000E+0	3.491180E+5
1.922000E-2	0.000000E+0	3.486570E+5
1.924000E-2	0.000000E+0	3.485590E+5
1.926000E-2	0.000000E+0	3.492970E+5
1.928000E-2	0.000000E+0	3.496530E+5
1.930000E-2	0.000000E+0	3.486130E+5
1.932000E-2	0.000000E+0	3.484080E+5
1.934000E-2	0.000000E+0	3.489460E+5
1.936000E-2	0.000000E+0	3.482140E+5
1.938000E-2	0.000000E+0	3.491670E+5
1.940000E-2	0.000000E+0	3.480220E+5
1.942000E-2	0.000000E+0	3.501260E+5
1.944000E-2	0.000000E+0	3.495100E+5
1.946000E-2	0.000000E+0	3.479750E+5
1.948000E-2	0.000000E+0	3.491200E+5
1.950000E-2	0.000000E+0	3.486050E+5
1.952000E-2	0.000000E+0	3.495450E+5
1.954000E-2	0.000000E+0	3.489850E+5
1.956000E-2	0.000000E+0	3.492610E+5
1.958000E-2	0.000000E+0	3.487820E+5
1.960000E-2	0.000000E+0	3.490310E+5
1.962000E-2	0.000000E+0	3.482670E+5
1.964000E-2	0.000000E+0	3.493370E+5
1.966000E-2	0.000000E+0	3.490360E+5
1.968000E-2	0.000000E+0	3.484900E+5
1.970000E-2	0.000000E+0	3.488840E+5
1.972000E-2	0.000000E+0	3.488770E+5
1.974000E-2	0.000000E+0	3.488260E+5
1.976000E-2	0.000000E+0	3.475110E+5
1.978000E-2	0.000000E+0	3.484450E+5
1.980000E-2	0.000000E+0	3.493040E+5
1.982000E-2	0.000000E+0	3.488590E+5
1.984000E-2	0.000000E+0	3.489800E+5
1.986000E-2	0.000000E+0	3.482150E+5
1.988000E-2	0.000000E+0	3.476230E+5
1.990000E-2	0.000000E+0	3.485620E+5
1.992000E-2	0.000000E+0	3.483710E+5
1.994000E-2	0.000000E+0	3.496600E+5
1.996000E-2	0.000000E+0	3.478910E+5
1.998000E-2	0.000000E+0	3.491000E+5
