

live time:  232403.860000
real time:  324000.803000
sweeps:  11620193.000000
0.000000E+0	0.000000E+0	0.000000E+0
2.000000E-5	0.000000E+0	5.089250E+5
4.000000E-5	0.000000E+0	5.092430E+5
6.000000E-5	0.000000E+0	5.085780E+5
8.000000E-5	0.000000E+0	5.100420E+5
1.000000E-4	0.000000E+0	5.078420E+5
1.200000E-4	0.000000E+0	5.097340E+5
1.400000E-4	0.000000E+0	5.096610E+5
1.600000E-4	0.000000E+0	5.094990E+5
1.800000E-4	0.000000E+0	5.095740E+5
2.000000E-4	0.000000E+0	5.093400E+5
2.200000E-4	0.000000E+0	5.098730E+5
2.400000E-4	0.000000E+0	5.081020E+5
2.600000E-4	0.000000E+0	5.082160E+5
2.800000E-4	0.000000E+0	5.084440E+5
3.000000E-4	0.000000E+0	5.103690E+5
3.200000E-4	0.000000E+0	5.088180E+5
3.400000E-4	0.000000E+0	5.083660E+5
3.600000E-4	0.000000E+0	5.098430E+5
3.800000E-4	0.000000E+0	5.086390E+5
4.000000E-4	0.000000E+0	5.081420E+5
4.200000E-4	0.000000E+0	5.088330E+5
4.400000E-4	0.000000E+0	5.085940E+5
4.600000E-4	0.000000E+0	5.099290E+5
4.800000E-4	0.000000E+0	5.081880E+5
5.000000E-4	0.000000E+0	5.090170E+5
5.200000E-4	0.000000E+0	5.090240E+5
5.400000E-4	0.000000E+0	5.087020E+5
5.600000E-4	0.000000E+0	5.080010E+5
5.800000E-4	0.000000E+0	5.088250E+5
6.000000E-4	0.000000E+0	5.097960E+5
6.200000E-4	0.000000E+0	5.086190E+5
6.400000E-4	0.000000E+0	5.095430E+5
6.600000E-4	0.000000E+0	5.080860E+5
6.800000E-4	0.000000E+0	5.084040E+5
7.000000E-4	0.000000E+0	5.093220E+5
7.200000E-4	0.000000E+0	5.101200E+5
7.400000E-4	0.000000E+0	5.080230E+5
7.600000E-4	0.000000E+0	5.083980E+5
7.800000E-4	0.000000E+0	5.079300E+5
8.000000E-4	0.000000E+0	5.096740E+5
8.200000E-4	0.000000E+0	5.082010E+5
8.400000E-4	0.000000E+0	5.084990E+5
8.600000E-4	0.000000E+0	5.093670E+5
8.800000E-4	0.000000E+0	5.079910E+5
9.000000E-4	0.000000E+0	5.104250E+5
9.200000E-4	0.000000E+0	5.084640E+5
9.400000E-4	0.000000E+0	5.091540E+5
9.600000E-4	0.000000E+0	5.080540E+5
9.800000E-4	0.000000E+0	5.101770E+5
1.000000E-3	0.000000E+0	5.087950E+5
1.020000E-3	0.000000E+0	5.085420E+5
1.040000E-3	0.000000E+0	5.087760E+5
1.060000E-3	0.000000E+0	5.089080E+5
1.080000E-3	0.000000E+0	5.088080E+5
1.100000E-3	0.000000E+0	5.087580E+5
1.120000E-3	0.000000E+0	5.093460E+5
1.140000E-3	0.000000E+0	5.076170E+5
1.160000E-3	0.000000E+0	5.085260E+5
1.180000E-3	0.000000E+0	5.083600E+5
1.200000E-3	0.000000E+0	5.094450E+5
1.220000E-3	0.000000E+0	5.099480E+5
1.240000E-3	0.000000E+0	5.093730E+5
1.260000E-3	0.000000E+0	5.089810E+5
1.280000E-3	0.000000E+0	5.089070E+5
1.300000E-3	0.000000E+0	5.075900E+5
1.320000E-3	0.000000E+0	5.099900E+5
1.340000E-3	0.000000E+0	5.090640E+5
1.360000E-3	0.000000E+0	5.082710E+5
1.380000E-3	0.000000E+0	5.099540E+5
1.400000E-3	0.000000E+0	5.088240E+5
1.420000E-3	0.000000E+0	5.093050E+5
1.440000E-3	0.000000E+0	5.088890E+5
1.460000E-3	0.000000E+0	5.081040E+5
1.480000E-3	0.000000E+0	5.093600E+5
1.500000E-3	0.000000E+0	5.086740E+5
1.520000E-3	0.000000E+0	5.082730E+5
1.540000E-3	0.000000E+0	5.094720E+5
1.560000E-3	0.000000E+0	5.085960E+5
1.580000E-3	0.000000E+0	5.092790E+5
1.600000E-3	0.000000E+0	5.088290E+5
1.620000E-3	0.000000E+0	5.085780E+5
1.640000E-3	0.000000E+0	5.079840E+5
1.660000E-3	0.000000E+0	5.093460E+5
1.680000E-3	0.000000E+0	5.087390E+5
1.700000E-3	0.000000E+0	5.079250E+5
1.720000E-3	0.000000E+0	5.094780E+5
1.740000E-3	0.000000E+0	5.098970E+5
1.760000E-3	0.000000E+0	5.091630E+5
1.780000E-3	0.000000E+0	5.101330E+5
1.800000E-3	0.000000E+0	5.098530E+5
1.820000E-3	0.000000E+0	5.085570E+5
1.840000E-3	0.000000E+0	5.077560E+5
1.860000E-3	0.000000E+0	5.089280E+5
1.880000E-3	0.000000E+0	5.088020E+5
1.900000E-3	0.000000E+0	5.077950E+5
1.920000E-3	0.000000E+0	5.088660E+5
1.940000E-3	0.000000E+0	5.084960E+5
1.960000E-3	0.000000E+0	5.091110E+5
1.980000E-3	0.000000E+0	5.095080E+5
2.000000E-3	0.000000E+0	5.086380E+5
2.020000E-3	0.000000E+0	5.085920E+5
2.040000E-3	0.000000E+0	5.083080E+5
2.060000E-3	0.000000E+0	5.097950E+5
2.080000E-3	0.000000E+0	5.099680E+5
2.100000E-3	0.000000E+0	5.097250E+5
2.120000E-3	0.000000E+0	5.094440E+5
2.140000E-3	0.000000E+0	5.076880E+5
2.160000E-3	0.000000E+0	5.077660E+5
2.180000E-3	0.000000E+0	5.094680E+5
2.200000E-3	0.000000E+0	5.100140E+5
2.220000E-3	0.000000E+0	5.096310E+5
2.240000E-3	0.000000E+0	5.087080E+5
2.260000E-3	0.000000E+0	5.092970E+5
2.280000E-3	0.000000E+0	5.091320E+5
2.300000E-3	0.000000E+0	5.094050E+5
2.320000E-3	0.000000E+0	5.087250E+5
2.340000E-3	0.000000E+0	5.089120E+5
2.360000E-3	0.000000E+0	5.090520E+5
2.380000E-3	0.000000E+0	5.104370E+5
2.400000E-3	0.000000E+0	5.073340E+5
2.420000E-3	0.000000E+0	5.085160E+5
2.440000E-3	0.000000E+0	5.086160E+5
2.460000E-3	0.000000E+0	5.090120E+5
2.480000E-3	0.000000E+0	5.101800E+5
2.500000E-3	0.000000E+0	5.088250E+5
2.520000E-3	0.000000E+0	5.092790E+5
2.540000E-3	0.000000E+0	5.080660E+5
2.560000E-3	0.000000E+0	5.088080E+5
2.580000E-3	0.000000E+0	5.082950E+5
2.600000E-3	0.000000E+0	5.099060E+5
2.620000E-3	0.000000E+0	5.087820E+5
2.640000E-3	0.000000E+0	5.077020E+5
2.660000E-3	0.000000E+0	5.099540E+5
2.680000E-3	0.000000E+0	5.086850E+5
2.700000E-3	0.000000E+0	5.090580E+5
2.720000E-3	0.000000E+0	5.069100E+5
2.740000E-3	0.000000E+0	5.087580E+5
2.760000E-3	0.000000E+0	5.085920E+5
2.780000E-3	0.000000E+0	5.088250E+5
2.800000E-3	0.000000E+0	5.091460E+5
2.820000E-3	0.000000E+0	5.084130E+5
2.840000E-3	0.000000E+0	5.080520E+5
2.860000E-3	0.000000E+0	5.095220E+5
2.880000E-3	0.000000E+0	5.086500E+5
2.900000E-3	0.000000E+0	5.086420E+5
2.920000E-3	0.000000E+0	5.077550E+5
2.940000E-3	0.000000E+0	5.090350E+5
2.960000E-3	0.000000E+0	5.088440E+5
2.980000E-3	0.000000E+0	5.082840E+5
3.000000E-3	0.000000E+0	5.089530E+5
3.020000E-3	0.000000E+0	5.091830E+5
3.040000E-3	0.000000E+0	5.097610E+5
3.060000E-3	0.000000E+0	5.105110E+5
3.080000E-3	0.000000E+0	5.088240E+5
3.100000E-3	0.000000E+0	5.077900E+5
3.120000E-3	0.000000E+0	5.091040E+5
3.140000E-3	0.000000E+0	5.095730E+5
3.160000E-3	0.000000E+0	5.079990E+5
3.180000E-3	0.000000E+0	5.091250E+5
3.200000E-3	0.000000E+0	5.089560E+5
3.220000E-3	0.000000E+0	5.091620E+5
3.240000E-3	0.000000E+0	5.100140E+5
3.260000E-3	0.000000E+0	5.096030E+5
3.280000E-3	0.000000E+0	5.093180E+5
3.300000E-3	0.000000E+0	5.087870E+5
3.320000E-3	0.000000E+0	5.092810E+5
3.340000E-3	0.000000E+0	5.082730E+5
3.360000E-3	0.000000E+0	5.084120E+5
3.380000E-3	0.000000E+0	5.076220E+5
3.400000E-3	0.000000E+0	5.085510E+5
3.420000E-3	0.000000E+0	5.102280E+5
3.440000E-3	0.000000E+0	5.086710E+5
3.460000E-3	0.000000E+0	5.095520E+5
3.480000E-3	0.000000E+0	5.084480E+5
3.500000E-3	0.000000E+0	5.090240E+5
3.520000E-3	0.000000E+0	5.077270E+5
3.540000E-3	0.000000E+0	5.088540E+5
3.560000E-3	0.000000E+0	5.086180E+5
3.580000E-3	0.000000E+0	5.081710E+5
3.600000E-3	0.000000E+0	5.084620E+5
3.620000E-3	0.000000E+0	5.063700E+5
3.640000E-3	0.000000E+0	5.098430E+5
3.660000E-3	0.000000E+0	5.086190E+5
3.680000E-3	0.000000E+0	5.088570E+5
3.700000E-3	0.000000E+0	5.084720E+5
3.720000E-3	0.000000E+0	5.082330E+5
3.740000E-3	0.000000E+0	5.086200E+5
3.760000E-3	0.000000E+0	5.083080E+5
3.780000E-3	0.000000E+0	5.078070E+5
3.800000E-3	0.000000E+0	5.081090E+5
3.820000E-3	0.000000E+0	5.083050E+5
3.840000E-3	0.000000E+0	5.087490E+5
3.860000E-3	0.000000E+0	5.086150E+5
3.880000E-3	0.000000E+0	5.077190E+5
3.900000E-3	0.000000E+0	5.091810E+5
3.920000E-3	0.000000E+0	5.103490E+5
3.940000E-3	0.000000E+0	5.095350E+5
3.960000E-3	0.000000E+0	5.095520E+5
3.980000E-3	0.000000E+0	5.093230E+5
4.000000E-3	0.000000E+0	5.084580E+5
4.020000E-3	0.000000E+0	5.094040E+5
4.040000E-3	0.000000E+0	5.086270E+5
4.060000E-3	0.000000E+0	5.090350E+5
4.080000E-3	0.000000E+0	5.089330E+5
4.100000E-3	0.000000E+0	5.087650E+5
4.120000E-3	0.000000E+0	5.087000E+5
4.140000E-3	0.000000E+0	5.076510E+5
4.160000E-3	0.000000E+0	5.090630E+5
4.180000E-3	0.000000E+0	5.077850E+5
4.200000E-3	0.000000E+0	5.091490E+5
4.220000E-3	0.000000E+0	5.083340E+5
4.240000E-3	0.000000E+0	5.080880E+5
4.260000E-3	0.000000E+0	5.078870E+5
4.280000E-3	0.000000E+0	5.092380E+5
4.300000E-3	0.000000E+0	5.091540E+5
4.320000E-3	0.000000E+0	5.081870E+5
4.340000E-3	0.000000E+0	5.081310E+5
4.360000E-3	0.000000E+0	5.089280E+5
4.380000E-3	0.000000E+0	5.082830E+5
4.400000E-3	0.000000E+0	5.094870E+5
4.420000E-3	0.000000E+0	5.086710E+5
4.440000E-3	0.000000E+0	5.083770E+5
4.460000E-3	0.000000E+0	5.088380E+5
4.480000E-3	0.000000E+0	5.076830E+5
4.500000E-3	0.000000E+0	5.084970E+5
4.520000E-3	0.000000E+0	5.081220E+5
4.540000E-3	0.000000E+0	5.075500E+5
4.560000E-3	0.000000E+0	5.078520E+5
4.580000E-3	0.000000E+0	5.089250E+5
4.600000E-3	0.000000E+0	5.089180E+5
4.620000E-3	0.000000E+0	5.079540E+5
4.640000E-3	0.000000E+0	5.088460E+5
4.660000E-3	0.000000E+0	5.094270E+5
4.680000E-3	0.000000E+0	5.082710E+5
4.700000E-3	0.000000E+0	5.089810E+5
4.720000E-3	0.000000E+0	5.086830E+5
4.740000E-3	0.000000E+0	5.078850E+5
4.760000E-3	0.000000E+0	5.093410E+5
4.780000E-3	0.000000E+0	5.071100E+5
4.800000E-3	0.000000E+0	5.079580E+5
4.820000E-3	0.000000E+0	5.075150E+5
4.840000E-3	0.000000E+0	5.073350E+5
4.860000E-3	0.000000E+0	5.059100E+5
4.880000E-3	0.000000E+0	5.051100E+5
4.900000E-3	0.000000E+0	5.049470E+5
4.920000E-3	0.000000E+0	5.015090E+5
4.940000E-3	0.000000E+0	5.009860E+5
4.960000E-3	0.000000E+0	5.007880E+5
4.980000E-3	0.000000E+0	5.009840E+5
5.000000E-3	0.000000E+0	4.990810E+5
5.020000E-3	0.000000E+0	4.979540E+5
5.040000E-3	0.000000E+0	4.953030E+5
5.060000E-3	0.000000E+0	4.940150E+5
5.080000E-3	0.000000E+0	4.946490E+5
5.100000E-3	0.000000E+0	4.949630E+5
5.120000E-3	0.000000E+0	4.947380E+5
5.140000E-3	0.000000E+0	4.962100E+5
5.160000E-3	0.000000E+0	4.988200E+5
5.180000E-3	0.000000E+0	4.994370E+5
5.200000E-3	0.000000E+0	5.010980E+5
5.220000E-3	0.000000E+0	5.027070E+5
5.240000E-3	0.000000E+0	5.019850E+5
5.260000E-3	0.000000E+0	5.056620E+5
5.280000E-3	0.000000E+0	5.030860E+5
5.300000E-3	0.000000E+0	5.054420E+5
5.320000E-3	0.000000E+0	5.067580E+5
5.340000E-3	0.000000E+0	5.075920E+5
5.360000E-3	0.000000E+0	5.081150E+5
5.380000E-3	0.000000E+0	5.068010E+5
5.400000E-3	0.000000E+0	5.090080E+5
5.420000E-3	0.000000E+0	5.077750E+5
5.440000E-3	0.000000E+0	5.073000E+5
5.460000E-3	0.000000E+0	5.067190E+5
5.480000E-3	0.000000E+0	5.065420E+5
5.500000E-3	0.000000E+0	5.067510E+5
5.520000E-3	0.000000E+0	5.047500E+5
5.540000E-3	0.000000E+0	5.045700E+5
5.560000E-3	0.000000E+0	5.018500E+5
5.580000E-3	0.000000E+0	5.017800E+5
5.600000E-3	0.000000E+0	5.000820E+5
5.620000E-3	0.000000E+0	5.004850E+5
5.640000E-3	0.000000E+0	5.010150E+5
5.660000E-3	0.000000E+0	4.988040E+5
5.680000E-3	0.000000E+0	4.984080E+5
5.700000E-3	0.000000E+0	4.955860E+5
5.720000E-3	0.000000E+0	4.950620E+5
5.740000E-3	0.000000E+0	4.957800E+5
5.760000E-3	0.000000E+0	4.965270E+5
5.780000E-3	0.000000E+0	4.970400E+5
5.800000E-3	0.000000E+0	4.985280E+5
5.820000E-3	0.000000E+0	5.001300E+5
5.840000E-3	0.000000E+0	5.014990E+5
5.860000E-3	0.000000E+0	5.021950E+5
5.880000E-3	0.000000E+0	5.038440E+5
5.900000E-3	0.000000E+0	5.056190E+5
5.920000E-3	0.000000E+0	5.072610E+5
5.940000E-3	0.000000E+0	5.063980E+5
5.960000E-3	0.000000E+0	5.067610E+5
5.980000E-3	0.000000E+0	5.078990E+5
6.000000E-3	0.000000E+0	5.080170E+5
6.020000E-3	0.000000E+0	5.074750E+5
6.040000E-3	0.000000E+0	5.080290E+5
6.060000E-3	0.000000E+0	5.081420E+5
6.080000E-3	0.000000E+0	5.083060E+5
6.100000E-3	0.000000E+0	5.070410E+5
6.120000E-3	0.000000E+0	5.083400E+5
6.140000E-3	0.000000E+0	5.081130E+5
6.160000E-3	0.000000E+0	5.073190E+5
6.180000E-3	0.000000E+0	5.089930E+5
6.200000E-3	0.000000E+0	5.082540E+5
6.220000E-3	0.000000E+0	5.090060E+5
6.240000E-3	0.000000E+0	5.075590E+5
6.260000E-3	0.000000E+0	5.080950E+5
6.280000E-3	0.000000E+0	5.097430E+5
6.300000E-3	0.000000E+0	5.095130E+5
6.320000E-3	0.000000E+0	5.086630E+5
6.340000E-3	0.000000E+0	5.085460E+5
6.360000E-3	0.000000E+0	5.082240E+5
6.380000E-3	0.000000E+0	5.096720E+5
6.400000E-3	0.000000E+0	5.085640E+5
6.420000E-3	0.000000E+0	5.074420E+5
6.440000E-3	0.000000E+0	5.105760E+5
6.460000E-3	0.000000E+0	5.081320E+5
6.480000E-3	0.000000E+0	5.081950E+5
6.500000E-3	0.000000E+0	5.079790E+5
6.520000E-3	0.000000E+0	5.088640E+5
6.540000E-3	0.000000E+0	5.082790E+5
6.560000E-3	0.000000E+0	5.092200E+5
6.580000E-3	0.000000E+0	5.081620E+5
6.600000E-3	0.000000E+0	5.092890E+5
6.620000E-3	0.000000E+0	5.089180E+5
6.640000E-3	0.000000E+0	5.087390E+5
6.660000E-3	0.000000E+0	5.079140E+5
6.680000E-3	0.000000E+0	5.088300E+5
6.700000E-3	0.000000E+0	5.087760E+5
6.720000E-3	0.000000E+0	5.087120E+5
6.740000E-3	0.000000E+0	5.087870E+5
6.760000E-3	0.000000E+0	5.095290E+5
6.780000E-3	0.000000E+0	5.077770E+5
6.800000E-3	0.000000E+0	5.091400E+5
6.820000E-3	0.000000E+0	5.088310E+5
6.840000E-3	0.000000E+0	5.087790E+5
6.860000E-3	0.000000E+0	5.090500E+5
6.880000E-3	0.000000E+0	5.096620E+5
6.900000E-3	0.000000E+0	5.083500E+5
6.920000E-3	0.000000E+0	5.075470E+5
6.940000E-3	0.000000E+0	5.091090E+5
6.960000E-3	0.000000E+0	5.070320E+5
6.980000E-3	0.000000E+0	5.089080E+5
7.000000E-3	0.000000E+0	5.084930E+5
7.020000E-3	0.000000E+0	5.093680E+5
7.040000E-3	0.000000E+0	5.092800E+5
7.060000E-3	0.000000E+0	5.094320E+5
7.080000E-3	0.000000E+0	5.087890E+5
7.100000E-3	0.000000E+0	5.078280E+5
7.120000E-3	0.000000E+0	5.089800E+5
7.140000E-3	0.000000E+0	5.084280E+5
7.160000E-3	0.000000E+0	5.086190E+5
7.180000E-3	0.000000E+0	5.078150E+5
7.200000E-3	0.000000E+0	5.085930E+5
7.220000E-3	0.000000E+0	5.094580E+5
7.240000E-3	0.000000E+0	5.082820E+5
7.260000E-3	0.000000E+0	5.088590E+5
7.280000E-3	0.000000E+0	5.086400E+5
7.300000E-3	0.000000E+0	5.087580E+5
7.320000E-3	0.000000E+0	5.090270E+5
7.340000E-3	0.000000E+0	5.099430E+5
7.360000E-3	0.000000E+0	5.084110E+5
7.380000E-3	0.000000E+0	5.097020E+5
7.400000E-3	0.000000E+0	5.090440E+5
7.420000E-3	0.000000E+0	5.084500E+5
7.440000E-3	0.000000E+0	5.087580E+5
7.460000E-3	0.000000E+0	5.086940E+5
7.480000E-3	0.000000E+0	5.081070E+5
7.500000E-3	0.000000E+0	5.096330E+5
7.520000E-3	0.000000E+0	5.090700E+5
7.540000E-3	0.000000E+0	5.089970E+5
7.560000E-3	0.000000E+0	5.092700E+5
7.580000E-3	0.000000E+0	5.091140E+5
7.600000E-3	0.000000E+0	5.088480E+5
7.620000E-3	0.000000E+0	5.092570E+5
7.640000E-3	0.000000E+0	5.099530E+5
7.660000E-3	0.000000E+0	5.082980E+5
7.680000E-3	0.000000E+0	5.085900E+5
7.700000E-3	0.000000E+0	5.083770E+5
7.720000E-3	0.000000E+0	5.094030E+5
7.740000E-3	0.000000E+0	5.084440E+5
7.760000E-3	0.000000E+0	5.088480E+5
7.780000E-3	0.000000E+0	5.096810E+5
7.800000E-3	0.000000E+0	5.086770E+5
7.820000E-3	0.000000E+0	5.083570E+5
7.840000E-3	0.000000E+0	5.103680E+5
7.860000E-3	0.000000E+0	5.089160E+5
7.880000E-3	0.000000E+0	5.085660E+5
7.900000E-3	0.000000E+0	5.091160E+5
7.920000E-3	0.000000E+0	5.088490E+5
7.940000E-3	0.000000E+0	5.096930E+5
7.960000E-3	0.000000E+0	5.104210E+5
7.980000E-3	0.000000E+0	5.095350E+5
8.000000E-3	0.000000E+0	5.093210E+5
8.020000E-3	0.000000E+0	5.091300E+5
8.040000E-3	0.000000E+0	5.079700E+5
8.060000E-3	0.000000E+0	5.079990E+5
8.080000E-3	0.000000E+0	5.093440E+5
8.100000E-3	0.000000E+0	5.100430E+5
8.120000E-3	0.000000E+0	5.093620E+5
8.140000E-3	0.000000E+0	5.084470E+5
8.160000E-3	0.000000E+0	5.088070E+5
8.180000E-3	0.000000E+0	5.083840E+5
8.200000E-3	0.000000E+0	5.089730E+5
8.220000E-3	0.000000E+0	5.087080E+5
8.240000E-3	0.000000E+0	5.092460E+5
8.260000E-3	0.000000E+0	5.106110E+5
8.280000E-3	0.000000E+0	5.082950E+5
8.300000E-3	0.000000E+0	5.091860E+5
8.320000E-3	0.000000E+0	5.076410E+5
8.340000E-3	0.000000E+0	5.080380E+5
8.360000E-3	0.000000E+0	5.085550E+5
8.380000E-3	0.000000E+0	5.073170E+5
8.400000E-3	0.000000E+0	5.078590E+5
8.420000E-3	0.000000E+0	5.086230E+5
8.440000E-3	0.000000E+0	5.092020E+5
8.460000E-3	0.000000E+0	5.092850E+5
8.480000E-3	0.000000E+0	5.101200E+5
8.500000E-3	0.000000E+0	5.075990E+5
8.520000E-3	0.000000E+0	5.094370E+5
8.540000E-3	0.000000E+0	5.095960E+5
8.560000E-3	0.000000E+0	5.089370E+5
8.580000E-3	0.000000E+0	5.103340E+5
8.600000E-3	0.000000E+0	5.090510E+5
8.620000E-3	0.000000E+0	5.103620E+5
8.640000E-3	0.000000E+0	5.089960E+5
8.660000E-3	0.000000E+0	5.084890E+5
8.680000E-3	0.000000E+0	5.093800E+5
8.700000E-3	0.000000E+0	5.073880E+5
8.720000E-3	0.000000E+0	5.098320E+5
8.740000E-3	0.000000E+0	5.074970E+5
8.760000E-3	0.000000E+0	5.088540E+5
8.780000E-3	0.000000E+0	5.089920E+5
8.800000E-3	0.000000E+0	5.095930E+5
8.820000E-3	0.000000E+0	5.092500E+5
8.840000E-3	0.000000E+0	5.082550E+5
8.860000E-3	0.000000E+0	5.106710E+5
8.880000E-3	0.000000E+0	5.084390E+5
8.900000E-3	0.000000E+0	5.089970E+5
8.920000E-3	0.000000E+0	5.082920E+5
8.940000E-3	0.000000E+0	5.074360E+5
8.960000E-3	0.000000E+0	5.098540E+5
8.980000E-3	0.000000E+0	5.084460E+5
9.000000E-3	0.000000E+0	5.091390E+5
9.020000E-3	0.000000E+0	5.072050E+5
9.040000E-3	0.000000E+0	5.093580E+5
9.060000E-3	0.000000E+0	5.114080E+5
9.080000E-3	0.000000E+0	5.086720E+5
9.100000E-3	0.000000E+0	5.103640E+5
9.120000E-3	0.000000E+0	5.079310E+5
9.140000E-3	0.000000E+0	5.096420E+5
9.160000E-3	0.000000E+0	5.091070E+5
9.180000E-3	0.000000E+0	5.080550E+5
9.200000E-3	0.000000E+0	5.088220E+5
9.220000E-3	0.000000E+0	5.090800E+5
9.240000E-3	0.000000E+0	5.095650E+5
9.260000E-3	0.000000E+0	5.099830E+5
9.280000E-3	0.000000E+0	5.099670E+5
9.300000E-3	0.000000E+0	5.099120E+5
9.320000E-3	0.000000E+0	5.088130E+5
9.340000E-3	0.000000E+0	5.088550E+5
9.360000E-3	0.000000E+0	5.091290E+5
9.380000E-3	0.000000E+0	5.099990E+5
9.400000E-3	0.000000E+0	5.093460E+5
9.420000E-3	0.000000E+0	5.104440E+5
9.440000E-3	0.000000E+0	5.087150E+5
9.460000E-3	0.000000E+0	5.097900E+5
9.480000E-3	0.000000E+0	5.092170E+5
9.500000E-3	0.000000E+0	5.081060E+5
9.520000E-3	0.000000E+0	5.096350E+5
9.540000E-3	0.000000E+0	5.076690E+5
9.560000E-3	0.000000E+0	5.090130E+5
9.580000E-3	0.000000E+0	5.088440E+5
9.600000E-3	0.000000E+0	5.091610E+5
9.620000E-3	0.000000E+0	5.086530E+5
9.640000E-3	0.000000E+0	5.084660E+5
9.660000E-3	0.000000E+0	5.101870E+5
9.680000E-3	0.000000E+0	5.078240E+5
9.700000E-3	0.000000E+0	5.085400E+5
9.720000E-3	0.000000E+0	5.091220E+5
9.740000E-3	0.000000E+0	5.088250E+5
9.760000E-3	0.000000E+0	5.086950E+5
9.780000E-3	0.000000E+0	5.095910E+5
9.800000E-3	0.000000E+0	5.092010E+5
9.820000E-3	0.000000E+0	5.094420E+5
9.840000E-3	0.000000E+0	5.093020E+5
9.860000E-3	0.000000E+0	5.080080E+5
9.880000E-3	0.000000E+0	5.100870E+5
9.900000E-3	0.000000E+0	5.108970E+5
9.920000E-3	0.000000E+0	5.091030E+5
9.940000E-3	0.000000E+0	5.078550E+5
9.960000E-3	0.000000E+0	5.082320E+5
9.980000E-3	0.000000E+0	5.097490E+5
1.000000E-2	0.000000E+0	5.089460E+5
1.002000E-2	0.000000E+0	5.085920E+5
1.004000E-2	0.000000E+0	5.099500E+5
1.006000E-2	0.000000E+0	5.083070E+5
1.008000E-2	0.000000E+0	5.087540E+5
1.010000E-2	0.000000E+0	5.085180E+5
1.012000E-2	0.000000E+0	5.096810E+5
1.014000E-2	0.000000E+0	5.106440E+5
1.016000E-2	0.000000E+0	5.099590E+5
1.018000E-2	0.000000E+0	5.093560E+5
1.020000E-2	0.000000E+0	5.095600E+5
1.022000E-2	0.000000E+0	5.091700E+5
1.024000E-2	0.000000E+0	5.083310E+5
1.026000E-2	0.000000E+0	5.105140E+5
1.028000E-2	0.000000E+0	5.090780E+5
1.030000E-2	0.000000E+0	5.097550E+5
1.032000E-2	0.000000E+0	5.080750E+5
1.034000E-2	0.000000E+0	5.103680E+5
1.036000E-2	0.000000E+0	5.093250E+5
1.038000E-2	0.000000E+0	5.096890E+5
1.040000E-2	0.000000E+0	5.086210E+5
1.042000E-2	0.000000E+0	5.095020E+5
1.044000E-2	0.000000E+0	5.090980E+5
1.046000E-2	0.000000E+0	5.099070E+5
1.048000E-2	0.000000E+0	5.099560E+5
1.050000E-2	0.000000E+0	5.089050E+5
1.052000E-2	0.000000E+0	5.099820E+5
1.054000E-2	0.000000E+0	5.104350E+5
1.056000E-2	0.000000E+0	5.087900E+5
1.058000E-2	0.000000E+0	5.100540E+5
1.060000E-2	0.000000E+0	5.086860E+5
1.062000E-2	0.000000E+0	5.083430E+5
1.064000E-2	0.000000E+0	5.092850E+5
1.066000E-2	0.000000E+0	5.088730E+5
1.068000E-2	0.000000E+0	5.092600E+5
1.070000E-2	0.000000E+0	5.079020E+5
1.072000E-2	0.000000E+0	5.089230E+5
1.074000E-2	0.000000E+0	5.099210E+5
1.076000E-2	0.000000E+0	5.092400E+5
1.078000E-2	0.000000E+0	5.101490E+5
1.080000E-2	0.000000E+0	5.100250E+5
1.082000E-2	0.000000E+0	5.107190E+5
1.084000E-2	0.000000E+0	5.094210E+5
1.086000E-2	0.000000E+0	5.096500E+5
1.088000E-2	0.000000E+0	5.091020E+5
1.090000E-2	0.000000E+0	5.094420E+5
1.092000E-2	0.000000E+0	5.093220E+5
1.094000E-2	0.000000E+0	5.083380E+5
1.096000E-2	0.000000E+0	5.089130E+5
1.098000E-2	0.000000E+0	5.099080E+5
1.100000E-2	0.000000E+0	5.096790E+5
1.102000E-2	0.000000E+0	5.085000E+5
1.104000E-2	0.000000E+0	5.096180E+5
1.106000E-2	0.000000E+0	5.092180E+5
1.108000E-2	0.000000E+0	5.100480E+5
1.110000E-2	0.000000E+0	5.089790E+5
1.112000E-2	0.000000E+0	5.087770E+5
1.114000E-2	0.000000E+0	5.097230E+5
1.116000E-2	0.000000E+0	5.075470E+5
1.118000E-2	0.000000E+0	5.091110E+5
1.120000E-2	0.000000E+0	5.085410E+5
1.122000E-2	0.000000E+0	5.109230E+5
1.124000E-2	0.000000E+0	5.105120E+5
1.126000E-2	0.000000E+0	5.081340E+5
1.128000E-2	0.000000E+0	5.080280E+5
1.130000E-2	0.000000E+0	5.095840E+5
1.132000E-2	0.000000E+0	5.106220E+5
1.134000E-2	0.000000E+0	5.081950E+5
1.136000E-2	0.000000E+0	5.105860E+5
1.138000E-2	0.000000E+0	5.091510E+5
1.140000E-2	0.000000E+0	5.108920E+5
1.142000E-2	0.000000E+0	5.087570E+5
1.144000E-2	0.000000E+0	5.104030E+5
1.146000E-2	0.000000E+0	5.087310E+5
1.148000E-2	0.000000E+0	5.091560E+5
1.150000E-2	0.000000E+0	5.090230E+5
1.152000E-2	0.000000E+0	5.086420E+5
1.154000E-2	0.000000E+0	5.088530E+5
1.156000E-2	0.000000E+0	5.095080E+5
1.158000E-2	0.000000E+0	5.085350E+5
1.160000E-2	0.000000E+0	5.093790E+5
1.162000E-2	0.000000E+0	5.092840E+5
1.164000E-2	0.000000E+0	5.101850E+5
1.166000E-2	0.000000E+0	5.109990E+5
1.168000E-2	0.000000E+0	5.098950E+5
1.170000E-2	0.000000E+0	5.105170E+5
1.172000E-2	0.000000E+0	5.100520E+5
1.174000E-2	0.000000E+0	5.087610E+5
1.176000E-2	0.000000E+0	5.091080E+5
1.178000E-2	0.000000E+0	5.083650E+5
1.180000E-2	0.000000E+0	5.090670E+5
1.182000E-2	0.000000E+0	5.096470E+5
1.184000E-2	0.000000E+0	5.101170E+5
1.186000E-2	0.000000E+0	5.083530E+5
1.188000E-2	0.000000E+0	5.084450E+5
1.190000E-2	0.000000E+0	5.083360E+5
1.192000E-2	0.000000E+0	5.085850E+5
1.194000E-2	0.000000E+0	5.105980E+5
1.196000E-2	0.000000E+0	5.089420E+5
1.198000E-2	0.000000E+0	5.094050E+5
1.200000E-2	0.000000E+0	5.090040E+5
1.202000E-2	0.000000E+0	5.090440E+5
1.204000E-2	0.000000E+0	5.086210E+5
1.206000E-2	0.000000E+0	5.095000E+5
1.208000E-2	0.000000E+0	5.099740E+5
1.210000E-2	0.000000E+0	5.095150E+5
1.212000E-2	0.000000E+0	5.090450E+5
1.214000E-2	0.000000E+0	5.081280E+5
1.216000E-2	0.000000E+0	5.086010E+5
1.218000E-2	0.000000E+0	5.088440E+5
1.220000E-2	0.000000E+0	5.084070E+5
1.222000E-2	0.000000E+0	5.094200E+5
1.224000E-2	0.000000E+0	5.096490E+5
1.226000E-2	0.000000E+0	5.088350E+5
1.228000E-2	0.000000E+0	5.094350E+5
1.230000E-2	0.000000E+0	5.091810E+5
1.232000E-2	0.000000E+0	5.096000E+5
1.234000E-2	0.000000E+0	5.098500E+5
1.236000E-2	0.000000E+0	5.093670E+5
1.238000E-2	0.000000E+0	5.106800E+5
1.240000E-2	0.000000E+0	5.099010E+5
1.242000E-2	0.000000E+0	5.100560E+5
1.244000E-2	0.000000E+0	5.098330E+5
1.246000E-2	0.000000E+0	5.091690E+5
1.248000E-2	0.000000E+0	5.093680E+5
1.250000E-2	0.000000E+0	5.088280E+5
1.252000E-2	0.000000E+0	5.110210E+5
1.254000E-2	0.000000E+0	5.094920E+5
1.256000E-2	0.000000E+0	5.087110E+5
1.258000E-2	0.000000E+0	5.101830E+5
1.260000E-2	0.000000E+0	5.104330E+5
1.262000E-2	0.000000E+0	5.083960E+5
1.264000E-2	0.000000E+0	5.086470E+5
1.266000E-2	0.000000E+0	5.113950E+5
1.268000E-2	0.000000E+0	5.094920E+5
1.270000E-2	0.000000E+0	5.089190E+5
1.272000E-2	0.000000E+0	5.102290E+5
1.274000E-2	0.000000E+0	5.090150E+5
1.276000E-2	0.000000E+0	5.094740E+5
1.278000E-2	0.000000E+0	5.087400E+5
1.280000E-2	0.000000E+0	5.088580E+5
1.282000E-2	0.000000E+0	5.085850E+5
1.284000E-2	0.000000E+0	5.090550E+5
1.286000E-2	0.000000E+0	5.097810E+5
1.288000E-2	0.000000E+0	5.100720E+5
1.290000E-2	0.000000E+0	5.091070E+5
1.292000E-2	0.000000E+0	5.093180E+5
1.294000E-2	0.000000E+0	5.085260E+5
1.296000E-2	0.000000E+0	5.093970E+5
1.298000E-2	0.000000E+0	5.094420E+5
1.300000E-2	0.000000E+0	5.095190E+5
1.302000E-2	0.000000E+0	5.100390E+5
1.304000E-2	0.000000E+0	5.098420E+5
1.306000E-2	0.000000E+0	5.085390E+5
1.308000E-2	0.000000E+0	5.106450E+5
1.310000E-2	0.000000E+0	5.100130E+5
1.312000E-2	0.000000E+0	5.093630E+5
1.314000E-2	0.000000E+0	5.104680E+5
1.316000E-2	0.000000E+0	5.096720E+5
1.318000E-2	0.000000E+0	5.093190E+5
1.320000E-2	0.000000E+0	5.094910E+5
1.322000E-2	0.000000E+0	5.099280E+5
1.324000E-2	0.000000E+0	5.085840E+5
1.326000E-2	0.000000E+0	5.102140E+5
1.328000E-2	0.000000E+0	5.098580E+5
1.330000E-2	0.000000E+0	5.080300E+5
1.332000E-2	0.000000E+0	5.088170E+5
1.334000E-2	0.000000E+0	5.086310E+5
1.336000E-2	0.000000E+0	5.093750E+5
1.338000E-2	0.000000E+0	5.099300E+5
1.340000E-2	0.000000E+0	5.088450E+5
1.342000E-2	0.000000E+0	5.078510E+5
1.344000E-2	0.000000E+0	5.091850E+5
1.346000E-2	0.000000E+0	5.085060E+5
1.348000E-2	0.000000E+0	5.101000E+5
1.350000E-2	0.000000E+0	5.097770E+5
1.352000E-2	0.000000E+0	5.100110E+5
1.354000E-2	0.000000E+0	5.096150E+5
1.356000E-2	0.000000E+0	5.102180E+5
1.358000E-2	0.000000E+0	5.094350E+5
1.360000E-2	0.000000E+0	5.092510E+5
1.362000E-2	0.000000E+0	5.097110E+5
1.364000E-2	0.000000E+0	5.078900E+5
1.366000E-2	0.000000E+0	5.090630E+5
1.368000E-2	0.000000E+0	5.099340E+5
1.370000E-2	0.000000E+0	5.100770E+5
1.372000E-2	0.000000E+0	5.087820E+5
1.374000E-2	0.000000E+0	5.096170E+5
1.376000E-2	0.000000E+0	5.088750E+5
1.378000E-2	0.000000E+0	5.084090E+5
1.380000E-2	0.000000E+0	5.096860E+5
1.382000E-2	0.000000E+0	5.081830E+5
1.384000E-2	0.000000E+0	5.088820E+5
1.386000E-2	0.000000E+0	5.092440E+5
1.388000E-2	0.000000E+0	5.092480E+5
1.390000E-2	0.000000E+0	5.098810E+5
1.392000E-2	0.000000E+0	5.104480E+5
1.394000E-2	0.000000E+0	5.100090E+5
1.396000E-2	0.000000E+0	5.093620E+5
1.398000E-2	0.000000E+0	5.105630E+5
1.400000E-2	0.000000E+0	5.100990E+5
1.402000E-2	0.000000E+0	5.084740E+5
1.404000E-2	0.000000E+0	5.108010E+5
1.406000E-2	0.000000E+0	5.088640E+5
1.408000E-2	0.000000E+0	5.089970E+5
1.410000E-2	0.000000E+0	5.096810E+5
1.412000E-2	0.000000E+0	5.088710E+5
1.414000E-2	0.000000E+0	5.086530E+5
1.416000E-2	0.000000E+0	5.087000E+5
1.418000E-2	0.000000E+0	5.086880E+5
1.420000E-2	0.000000E+0	5.096690E+5
1.422000E-2	0.000000E+0	5.099500E+5
1.424000E-2	0.000000E+0	5.077300E+5
1.426000E-2	0.000000E+0	5.080140E+5
1.428000E-2	0.000000E+0	5.087590E+5
1.430000E-2	0.000000E+0	5.092740E+5
1.432000E-2	0.000000E+0	5.086850E+5
1.434000E-2	0.000000E+0	5.091240E+5
1.436000E-2	0.000000E+0	5.094900E+5
1.438000E-2	0.000000E+0	5.093540E+5
1.440000E-2	0.000000E+0	5.108180E+5
1.442000E-2	0.000000E+0	5.094070E+5
1.444000E-2	0.000000E+0	5.081110E+5
1.446000E-2	0.000000E+0	5.097040E+5
1.448000E-2	0.000000E+0	5.099110E+5
1.450000E-2	0.000000E+0	5.092630E+5
1.452000E-2	0.000000E+0	5.092840E+5
1.454000E-2	0.000000E+0	5.094070E+5
1.456000E-2	0.000000E+0	5.100930E+5
1.458000E-2	0.000000E+0	5.079450E+5
1.460000E-2	0.000000E+0	5.095480E+5
1.462000E-2	0.000000E+0	5.072660E+5
1.464000E-2	0.000000E+0	5.093720E+5
1.466000E-2	0.000000E+0	5.090110E+5
1.468000E-2	0.000000E+0	5.106820E+5
1.470000E-2	0.000000E+0	5.089150E+5
1.472000E-2	0.000000E+0	5.087120E+5
1.474000E-2	0.000000E+0	5.098410E+5
1.476000E-2	0.000000E+0	5.102190E+5
1.478000E-2	0.000000E+0	5.101680E+5
1.480000E-2	0.000000E+0	5.083440E+5
1.482000E-2	0.000000E+0	5.081970E+5
1.484000E-2	0.000000E+0	5.104250E+5
1.486000E-2	0.000000E+0	5.082900E+5
1.488000E-2	0.000000E+0	5.081820E+5
1.490000E-2	0.000000E+0	5.074100E+5
1.492000E-2	0.000000E+0	5.063870E+5
1.494000E-2	0.000000E+0	5.039400E+5
1.496000E-2	0.000000E+0	5.027630E+5
1.498000E-2	0.000000E+0	5.024020E+5
1.500000E-2	0.000000E+0	5.017450E+5
1.502000E-2	0.000000E+0	5.012090E+5
1.504000E-2	0.000000E+0	4.996100E+5
1.506000E-2	0.000000E+0	4.993160E+5
1.508000E-2	0.000000E+0	4.973960E+5
1.510000E-2	0.000000E+0	4.955500E+5
1.512000E-2	0.000000E+0	4.950540E+5
1.514000E-2	0.000000E+0	4.965320E+5
1.516000E-2	0.000000E+0	4.965130E+5
1.518000E-2	0.000000E+0	4.978100E+5
1.520000E-2	0.000000E+0	5.001970E+5
1.522000E-2	0.000000E+0	5.010530E+5
1.524000E-2	0.000000E+0	5.045230E+5
1.526000E-2	0.000000E+0	5.046790E+5
1.528000E-2	0.000000E+0	5.061750E+5
1.530000E-2	0.000000E+0	5.053640E+5
1.532000E-2	0.000000E+0	5.072610E+5
1.534000E-2	0.000000E+0	5.071690E+5
1.536000E-2	0.000000E+0	5.075850E+5
1.538000E-2	0.000000E+0	5.089370E+5
1.540000E-2	0.000000E+0	5.087630E+5
1.542000E-2	0.000000E+0	5.084410E+5
1.544000E-2	0.000000E+0	5.080810E+5
1.546000E-2	0.000000E+0	5.080300E+5
1.548000E-2	0.000000E+0	5.080070E+5
1.550000E-2	0.000000E+0	5.072420E+5
1.552000E-2	0.000000E+0	5.083250E+5
1.554000E-2	0.000000E+0	5.069260E+5
1.556000E-2	0.000000E+0	5.052610E+5
1.558000E-2	0.000000E+0	5.035830E+5
1.560000E-2	0.000000E+0	5.028310E+5
1.562000E-2	0.000000E+0	5.019130E+5
1.564000E-2	0.000000E+0	5.009560E+5
1.566000E-2	0.000000E+0	5.016100E+5
1.568000E-2	0.000000E+0	4.999770E+5
1.570000E-2	0.000000E+0	4.992200E+5
1.572000E-2	0.000000E+0	4.969180E+5
1.574000E-2	0.000000E+0	4.954340E+5
1.576000E-2	0.000000E+0	4.965630E+5
1.578000E-2	0.000000E+0	4.940940E+5
1.580000E-2	0.000000E+0	4.960040E+5
1.582000E-2	0.000000E+0	4.975980E+5
1.584000E-2	0.000000E+0	4.988750E+5
1.586000E-2	0.000000E+0	5.008600E+5
1.588000E-2	0.000000E+0	5.028100E+5
1.590000E-2	0.000000E+0	5.040710E+5
1.592000E-2	0.000000E+0	5.054280E+5
1.594000E-2	0.000000E+0	5.049850E+5
1.596000E-2	0.000000E+0	5.066250E+5
1.598000E-2	0.000000E+0	5.081700E+5
1.600000E-2	0.000000E+0	5.089280E+5
1.602000E-2	0.000000E+0	5.083020E+5
1.604000E-2	0.000000E+0	5.082260E+5
1.606000E-2	0.000000E+0	5.083400E+5
1.608000E-2	0.000000E+0	5.088190E+5
1.610000E-2	0.000000E+0	5.098580E+5
1.612000E-2	0.000000E+0	5.092340E+5
1.614000E-2	0.000000E+0	5.088130E+5
1.616000E-2	0.000000E+0	5.105950E+5
1.618000E-2	0.000000E+0	5.091850E+5
1.620000E-2	0.000000E+0	5.091360E+5
1.622000E-2	0.000000E+0	5.090870E+5
1.624000E-2	0.000000E+0	5.089600E+5
1.626000E-2	0.000000E+0	5.092950E+5
1.628000E-2	0.000000E+0	5.103670E+5
1.630000E-2	0.000000E+0	5.091910E+5
1.632000E-2	0.000000E+0	5.097390E+5
1.634000E-2	0.000000E+0	5.094550E+5
1.636000E-2	0.000000E+0	5.099080E+5
1.638000E-2	0.000000E+0	5.092760E+5
1.640000E-2	0.000000E+0	5.099850E+5
1.642000E-2	0.000000E+0	5.091850E+5
1.644000E-2	0.000000E+0	5.084780E+5
1.646000E-2	0.000000E+0	5.092560E+5
1.648000E-2	0.000000E+0	5.085650E+5
1.650000E-2	0.000000E+0	5.087610E+5
1.652000E-2	0.000000E+0	5.102400E+5
1.654000E-2	0.000000E+0	5.089680E+5
1.656000E-2	0.000000E+0	5.087620E+5
1.658000E-2	0.000000E+0	5.094120E+5
1.660000E-2	0.000000E+0	5.093100E+5
1.662000E-2	0.000000E+0	5.090040E+5
1.664000E-2	0.000000E+0	5.088350E+5
1.666000E-2	0.000000E+0	5.089790E+5
1.668000E-2	0.000000E+0	5.088180E+5
1.670000E-2	0.000000E+0	5.090160E+5
1.672000E-2	0.000000E+0	5.095790E+5
1.674000E-2	0.000000E+0	5.089050E+5
1.676000E-2	0.000000E+0	5.082560E+5
1.678000E-2	0.000000E+0	5.083180E+5
1.680000E-2	0.000000E+0	5.091520E+5
1.682000E-2	0.000000E+0	5.093340E+5
1.684000E-2	0.000000E+0	5.096500E+5
1.686000E-2	0.000000E+0	5.111360E+5
1.688000E-2	0.000000E+0	5.094960E+5
1.690000E-2	0.000000E+0	5.093510E+5
1.692000E-2	0.000000E+0	5.096390E+5
1.694000E-2	0.000000E+0	5.091620E+5
1.696000E-2	0.000000E+0	5.082900E+5
1.698000E-2	0.000000E+0	5.088430E+5
1.700000E-2	0.000000E+0	5.099670E+5
1.702000E-2	0.000000E+0	5.095540E+5
1.704000E-2	0.000000E+0	5.100170E+5
1.706000E-2	0.000000E+0	5.101970E+5
1.708000E-2	0.000000E+0	5.089590E+5
1.710000E-2	0.000000E+0	5.100430E+5
1.712000E-2	0.000000E+0	5.093610E+5
1.714000E-2	0.000000E+0	5.085510E+5
1.716000E-2	0.000000E+0	5.097650E+5
1.718000E-2	0.000000E+0	5.093280E+5
1.720000E-2	0.000000E+0	5.100030E+5
1.722000E-2	0.000000E+0	5.104650E+5
1.724000E-2	0.000000E+0	5.090600E+5
1.726000E-2	0.000000E+0	5.087670E+5
1.728000E-2	0.000000E+0	5.086490E+5
1.730000E-2	0.000000E+0	5.091620E+5
1.732000E-2	0.000000E+0	5.089840E+5
1.734000E-2	0.000000E+0	5.095710E+5
1.736000E-2	0.000000E+0	5.104610E+5
1.738000E-2	0.000000E+0	5.104590E+5
1.740000E-2	0.000000E+0	5.102350E+5
1.742000E-2	0.000000E+0	5.086980E+5
1.744000E-2	0.000000E+0	5.092730E+5
1.746000E-2	0.000000E+0	5.092870E+5
1.748000E-2	0.000000E+0	5.090040E+5
1.750000E-2	0.000000E+0	5.095790E+5
1.752000E-2	0.000000E+0	5.102360E+5
1.754000E-2	0.000000E+0	5.089440E+5
1.756000E-2	0.000000E+0	5.084160E+5
1.758000E-2	0.000000E+0	5.093050E+5
1.760000E-2	0.000000E+0	5.096620E+5
1.762000E-2	0.000000E+0	5.098490E+5
1.764000E-2	0.000000E+0	5.098650E+5
1.766000E-2	0.000000E+0	5.091260E+5
1.768000E-2	0.000000E+0	5.096060E+5
1.770000E-2	0.000000E+0	5.093450E+5
1.772000E-2	0.000000E+0	5.106800E+5
1.774000E-2	0.000000E+0	5.094020E+5
1.776000E-2	0.000000E+0	5.088540E+5
1.778000E-2	0.000000E+0	5.099830E+5
1.780000E-2	0.000000E+0	5.079370E+5
1.782000E-2	0.000000E+0	5.092130E+5
1.784000E-2	0.000000E+0	5.091290E+5
1.786000E-2	0.000000E+0	5.090000E+5
1.788000E-2	0.000000E+0	5.094610E+5
1.790000E-2	0.000000E+0	5.098730E+5
1.792000E-2	0.000000E+0	5.085240E+5
1.794000E-2	0.000000E+0	5.094010E+5
1.796000E-2	0.000000E+0	5.094340E+5
1.798000E-2	0.000000E+0	5.097980E+5
1.800000E-2	0.000000E+0	5.080790E+5
1.802000E-2	0.000000E+0	5.087390E+5
1.804000E-2	0.000000E+0	5.080660E+5
1.806000E-2	0.000000E+0	5.088380E+5
1.808000E-2	0.000000E+0	5.089130E+5
1.810000E-2	0.000000E+0	5.097430E+5
1.812000E-2	0.000000E+0	5.106070E+5
1.814000E-2	0.000000E+0	5.104550E+5
1.816000E-2	0.000000E+0	5.101800E+5
1.818000E-2	0.000000E+0	5.085460E+5
1.820000E-2	0.000000E+0	5.100730E+5
1.822000E-2	0.000000E+0	5.089220E+5
1.824000E-2	0.000000E+0	5.093660E+5
1.826000E-2	0.000000E+0	5.098800E+5
1.828000E-2	0.000000E+0	5.085430E+5
1.830000E-2	0.000000E+0	5.084900E+5
1.832000E-2	0.000000E+0	5.102590E+5
1.834000E-2	0.000000E+0	5.087720E+5
1.836000E-2	0.000000E+0	5.103950E+5
1.838000E-2	0.000000E+0	5.089190E+5
1.840000E-2	0.000000E+0	5.088380E+5
1.842000E-2	0.000000E+0	5.086570E+5
1.844000E-2	0.000000E+0	5.086570E+5
1.846000E-2	0.000000E+0	5.077400E+5
1.848000E-2	0.000000E+0	5.104650E+5
1.850000E-2	0.000000E+0	5.097100E+5
1.852000E-2	0.000000E+0	5.096010E+5
1.854000E-2	0.000000E+0	5.109880E+5
1.856000E-2	0.000000E+0	5.080640E+5
1.858000E-2	0.000000E+0	5.083900E+5
1.860000E-2	0.000000E+0	5.093720E+5
1.862000E-2	0.000000E+0	5.089060E+5
1.864000E-2	0.000000E+0	5.081110E+5
1.866000E-2	0.000000E+0	5.098610E+5
1.868000E-2	0.000000E+0	5.088690E+5
1.870000E-2	0.000000E+0	5.093490E+5
1.872000E-2	0.000000E+0	5.098780E+5
1.874000E-2	0.000000E+0	5.076280E+5
1.876000E-2	0.000000E+0	5.092020E+5
1.878000E-2	0.000000E+0	5.092180E+5
1.880000E-2	0.000000E+0	5.092440E+5
1.882000E-2	0.000000E+0	5.090300E+5
1.884000E-2	0.000000E+0	5.099380E+5
1.886000E-2	0.000000E+0	5.093410E+5
1.888000E-2	0.000000E+0	5.085450E+5
1.890000E-2	0.000000E+0	5.090620E+5
1.892000E-2	0.000000E+0	5.105850E+5
1.894000E-2	0.000000E+0	5.095290E+5
1.896000E-2	0.000000E+0	5.095300E+5
1.898000E-2	0.000000E+0	5.098470E+5
1.900000E-2	0.000000E+0	5.086580E+5
1.902000E-2	0.000000E+0	5.084660E+5
1.904000E-2	0.000000E+0	5.096610E+5
1.906000E-2	0.000000E+0	5.101200E+5
1.908000E-2	0.000000E+0	5.094960E+5
1.910000E-2	0.000000E+0	5.079610E+5
1.912000E-2	0.000000E+0	5.082750E+5
1.914000E-2	0.000000E+0	5.093120E+5
1.916000E-2	0.000000E+0	5.088320E+5
1.918000E-2	0.000000E+0	5.083230E+5
1.920000E-2	0.000000E+0	5.095760E+5
1.922000E-2	0.000000E+0	5.093250E+5
1.924000E-2	0.000000E+0	5.091370E+5
1.926000E-2	0.000000E+0	5.099570E+5
1.928000E-2	0.000000E+0	5.104010E+5
1.930000E-2	0.000000E+0	5.091450E+5
1.932000E-2	0.000000E+0	5.091590E+5
1.934000E-2	0.000000E+0	5.094830E+5
1.936000E-2	0.000000E+0	5.090970E+5
1.938000E-2	0.000000E+0	5.095950E+5
1.940000E-2	0.000000E+0	5.078880E+5
1.942000E-2	0.000000E+0	5.104900E+5
1.944000E-2	0.000000E+0	5.103660E+5
1.946000E-2	0.000000E+0	5.081580E+5
1.948000E-2	0.000000E+0	5.093530E+5
1.950000E-2	0.000000E+0	5.094900E+5
1.952000E-2	0.000000E+0	5.102890E+5
1.954000E-2	0.000000E+0	5.090020E+5
1.956000E-2	0.000000E+0	5.098560E+5
1.958000E-2	0.000000E+0	5.087520E+5
1.960000E-2	0.000000E+0	5.094700E+5
1.962000E-2	0.000000E+0	5.090110E+5
1.964000E-2	0.000000E+0	5.100840E+5
1.966000E-2	0.000000E+0	5.100270E+5
1.968000E-2	0.000000E+0	5.093750E+5
1.970000E-2	0.000000E+0	5.089130E+5
1.972000E-2	0.000000E+0	5.093320E+5
1.974000E-2	0.000000E+0	5.096390E+5
1.976000E-2	0.000000E+0	5.078440E+5
1.978000E-2	0.000000E+0	5.087570E+5
1.980000E-2	0.000000E+0	5.095350E+5
1.982000E-2	0.000000E+0	5.085890E+5
1.984000E-2	0.000000E+0	5.094310E+5
1.986000E-2	0.000000E+0	5.081470E+5
1.988000E-2	0.000000E+0	5.081430E+5
1.990000E-2	0.000000E+0	5.092030E+5
1.992000E-2	0.000000E+0	5.088060E+5
1.994000E-2	0.000000E+0	5.108320E+5
1.996000E-2	0.000000E+0	5.087090E+5
1.998000E-2	0.000000E+0	5.096950E+5
