

live time:  212251.820000
real time:  295208.540000
sweeps:  10612591.000000
0.000000E+0	0.000000E+0	0.000000E+0
2.000000E-5	0.000000E+0	4.649570E+5
4.000000E-5	0.000000E+0	4.656540E+5
6.000000E-5	0.000000E+0	4.647970E+5
8.000000E-5	0.000000E+0	4.655710E+5
1.000000E-4	0.000000E+0	4.641280E+5
1.200000E-4	0.000000E+0	4.654210E+5
1.400000E-4	0.000000E+0	4.655490E+5
1.600000E-4	0.000000E+0	4.652140E+5
1.800000E-4	0.000000E+0	4.656050E+5
2.000000E-4	0.000000E+0	4.651770E+5
2.200000E-4	0.000000E+0	4.659180E+5
2.400000E-4	0.000000E+0	4.639890E+5
2.600000E-4	0.000000E+0	4.641390E+5
2.800000E-4	0.000000E+0	4.645330E+5
3.000000E-4	0.000000E+0	4.663860E+5
3.200000E-4	0.000000E+0	4.653380E+5
3.400000E-4	0.000000E+0	4.647960E+5
3.600000E-4	0.000000E+0	4.659170E+5
3.800000E-4	0.000000E+0	4.645540E+5
4.000000E-4	0.000000E+0	4.642260E+5
4.200000E-4	0.000000E+0	4.648070E+5
4.400000E-4	0.000000E+0	4.645810E+5
4.600000E-4	0.000000E+0	4.660480E+5
4.800000E-4	0.000000E+0	4.644710E+5
5.000000E-4	0.000000E+0	4.650820E+5
5.200000E-4	0.000000E+0	4.649210E+5
5.400000E-4	0.000000E+0	4.645980E+5
5.600000E-4	0.000000E+0	4.640000E+5
5.800000E-4	0.000000E+0	4.648820E+5
6.000000E-4	0.000000E+0	4.656860E+5
6.200000E-4	0.000000E+0	4.646410E+5
6.400000E-4	0.000000E+0	4.660330E+5
6.600000E-4	0.000000E+0	4.642030E+5
6.800000E-4	0.000000E+0	4.645420E+5
7.000000E-4	0.000000E+0	4.653890E+5
7.200000E-4	0.000000E+0	4.661180E+5
7.400000E-4	0.000000E+0	4.640760E+5
7.600000E-4	0.000000E+0	4.646670E+5
7.800000E-4	0.000000E+0	4.637560E+5
8.000000E-4	0.000000E+0	4.656630E+5
8.200000E-4	0.000000E+0	4.646880E+5
8.400000E-4	0.000000E+0	4.647670E+5
8.600000E-4	0.000000E+0	4.656260E+5
8.800000E-4	0.000000E+0	4.644590E+5
9.000000E-4	0.000000E+0	4.662300E+5
9.200000E-4	0.000000E+0	4.645990E+5
9.400000E-4	0.000000E+0	4.653190E+5
9.600000E-4	0.000000E+0	4.640620E+5
9.800000E-4	0.000000E+0	4.662010E+5
1.000000E-3	0.000000E+0	4.651290E+5
1.020000E-3	0.000000E+0	4.645740E+5
1.040000E-3	0.000000E+0	4.647330E+5
1.060000E-3	0.000000E+0	4.649580E+5
1.080000E-3	0.000000E+0	4.647540E+5
1.100000E-3	0.000000E+0	4.647500E+5
1.120000E-3	0.000000E+0	4.658090E+5
1.140000E-3	0.000000E+0	4.638740E+5
1.160000E-3	0.000000E+0	4.645240E+5
1.180000E-3	0.000000E+0	4.644640E+5
1.200000E-3	0.000000E+0	4.653940E+5
1.220000E-3	0.000000E+0	4.658630E+5
1.240000E-3	0.000000E+0	4.653000E+5
1.260000E-3	0.000000E+0	4.649770E+5
1.280000E-3	0.000000E+0	4.651840E+5
1.300000E-3	0.000000E+0	4.637990E+5
1.320000E-3	0.000000E+0	4.657560E+5
1.340000E-3	0.000000E+0	4.653250E+5
1.360000E-3	0.000000E+0	4.644160E+5
1.380000E-3	0.000000E+0	4.657960E+5
1.400000E-3	0.000000E+0	4.649380E+5
1.420000E-3	0.000000E+0	4.651060E+5
1.440000E-3	0.000000E+0	4.649790E+5
1.460000E-3	0.000000E+0	4.639100E+5
1.480000E-3	0.000000E+0	4.658370E+5
1.500000E-3	0.000000E+0	4.647500E+5
1.520000E-3	0.000000E+0	4.646860E+5
1.540000E-3	0.000000E+0	4.652950E+5
1.560000E-3	0.000000E+0	4.648740E+5
1.580000E-3	0.000000E+0	4.657240E+5
1.600000E-3	0.000000E+0	4.650280E+5
1.620000E-3	0.000000E+0	4.645390E+5
1.640000E-3	0.000000E+0	4.642380E+5
1.660000E-3	0.000000E+0	4.651820E+5
1.680000E-3	0.000000E+0	4.650280E+5
1.700000E-3	0.000000E+0	4.640800E+5
1.720000E-3	0.000000E+0	4.654770E+5
1.740000E-3	0.000000E+0	4.661190E+5
1.760000E-3	0.000000E+0	4.653160E+5
1.780000E-3	0.000000E+0	4.656200E+5
1.800000E-3	0.000000E+0	4.656370E+5
1.820000E-3	0.000000E+0	4.645880E+5
1.840000E-3	0.000000E+0	4.635950E+5
1.860000E-3	0.000000E+0	4.649740E+5
1.880000E-3	0.000000E+0	4.649980E+5
1.900000E-3	0.000000E+0	4.641360E+5
1.920000E-3	0.000000E+0	4.648880E+5
1.940000E-3	0.000000E+0	4.642590E+5
1.960000E-3	0.000000E+0	4.653900E+5
1.980000E-3	0.000000E+0	4.655170E+5
2.000000E-3	0.000000E+0	4.648210E+5
2.020000E-3	0.000000E+0	4.647420E+5
2.040000E-3	0.000000E+0	4.641190E+5
2.060000E-3	0.000000E+0	4.657880E+5
2.080000E-3	0.000000E+0	4.661590E+5
2.100000E-3	0.000000E+0	4.658900E+5
2.120000E-3	0.000000E+0	4.654060E+5
2.140000E-3	0.000000E+0	4.638610E+5
2.160000E-3	0.000000E+0	4.638540E+5
2.180000E-3	0.000000E+0	4.651680E+5
2.200000E-3	0.000000E+0	4.660820E+5
2.220000E-3	0.000000E+0	4.658470E+5
2.240000E-3	0.000000E+0	4.646730E+5
2.260000E-3	0.000000E+0	4.652950E+5
2.280000E-3	0.000000E+0	4.649500E+5
2.300000E-3	0.000000E+0	4.652930E+5
2.320000E-3	0.000000E+0	4.650380E+5
2.340000E-3	0.000000E+0	4.648150E+5
2.360000E-3	0.000000E+0	4.651940E+5
2.380000E-3	0.000000E+0	4.664340E+5
2.400000E-3	0.000000E+0	4.633800E+5
2.420000E-3	0.000000E+0	4.646640E+5
2.440000E-3	0.000000E+0	4.645950E+5
2.460000E-3	0.000000E+0	4.650680E+5
2.480000E-3	0.000000E+0	4.662900E+5
2.500000E-3	0.000000E+0	4.648770E+5
2.520000E-3	0.000000E+0	4.654490E+5
2.540000E-3	0.000000E+0	4.639430E+5
2.560000E-3	0.000000E+0	4.652010E+5
2.580000E-3	0.000000E+0	4.641780E+5
2.600000E-3	0.000000E+0	4.658480E+5
2.620000E-3	0.000000E+0	4.649440E+5
2.640000E-3	0.000000E+0	4.640820E+5
2.660000E-3	0.000000E+0	4.658470E+5
2.680000E-3	0.000000E+0	4.646600E+5
2.700000E-3	0.000000E+0	4.647840E+5
2.720000E-3	0.000000E+0	4.631300E+5
2.740000E-3	0.000000E+0	4.649050E+5
2.760000E-3	0.000000E+0	4.646350E+5
2.780000E-3	0.000000E+0	4.646780E+5
2.800000E-3	0.000000E+0	4.649190E+5
2.820000E-3	0.000000E+0	4.644170E+5
2.840000E-3	0.000000E+0	4.640550E+5
2.860000E-3	0.000000E+0	4.655710E+5
2.880000E-3	0.000000E+0	4.649850E+5
2.900000E-3	0.000000E+0	4.647490E+5
2.920000E-3	0.000000E+0	4.634690E+5
2.940000E-3	0.000000E+0	4.651770E+5
2.960000E-3	0.000000E+0	4.648030E+5
2.980000E-3	0.000000E+0	4.641990E+5
3.000000E-3	0.000000E+0	4.648880E+5
3.020000E-3	0.000000E+0	4.650500E+5
3.040000E-3	0.000000E+0	4.654900E+5
3.060000E-3	0.000000E+0	4.665110E+5
3.080000E-3	0.000000E+0	4.650380E+5
3.100000E-3	0.000000E+0	4.641380E+5
3.120000E-3	0.000000E+0	4.651740E+5
3.140000E-3	0.000000E+0	4.655630E+5
3.160000E-3	0.000000E+0	4.638550E+5
3.180000E-3	0.000000E+0	4.651730E+5
3.200000E-3	0.000000E+0	4.645540E+5
3.220000E-3	0.000000E+0	4.655740E+5
3.240000E-3	0.000000E+0	4.660300E+5
3.260000E-3	0.000000E+0	4.655400E+5
3.280000E-3	0.000000E+0	4.655110E+5
3.300000E-3	0.000000E+0	4.648610E+5
3.320000E-3	0.000000E+0	4.652810E+5
3.340000E-3	0.000000E+0	4.642000E+5
3.360000E-3	0.000000E+0	4.641380E+5
3.380000E-3	0.000000E+0	4.636620E+5
3.400000E-3	0.000000E+0	4.648370E+5
3.420000E-3	0.000000E+0	4.661960E+5
3.440000E-3	0.000000E+0	4.644790E+5
3.460000E-3	0.000000E+0	4.655190E+5
3.480000E-3	0.000000E+0	4.645920E+5
3.500000E-3	0.000000E+0	4.648830E+5
3.520000E-3	0.000000E+0	4.638770E+5
3.540000E-3	0.000000E+0	4.649260E+5
3.560000E-3	0.000000E+0	4.643940E+5
3.580000E-3	0.000000E+0	4.640150E+5
3.600000E-3	0.000000E+0	4.645870E+5
3.620000E-3	0.000000E+0	4.625390E+5
3.640000E-3	0.000000E+0	4.656060E+5
3.660000E-3	0.000000E+0	4.650210E+5
3.680000E-3	0.000000E+0	4.645700E+5
3.700000E-3	0.000000E+0	4.641330E+5
3.720000E-3	0.000000E+0	4.644810E+5
3.740000E-3	0.000000E+0	4.644390E+5
3.760000E-3	0.000000E+0	4.646000E+5
3.780000E-3	0.000000E+0	4.641340E+5
3.800000E-3	0.000000E+0	4.641560E+5
3.820000E-3	0.000000E+0	4.644080E+5
3.840000E-3	0.000000E+0	4.648000E+5
3.860000E-3	0.000000E+0	4.646980E+5
3.880000E-3	0.000000E+0	4.638120E+5
3.900000E-3	0.000000E+0	4.654170E+5
3.920000E-3	0.000000E+0	4.662970E+5
3.940000E-3	0.000000E+0	4.654540E+5
3.960000E-3	0.000000E+0	4.655410E+5
3.980000E-3	0.000000E+0	4.653040E+5
4.000000E-3	0.000000E+0	4.647400E+5
4.020000E-3	0.000000E+0	4.654270E+5
4.040000E-3	0.000000E+0	4.645770E+5
4.060000E-3	0.000000E+0	4.649910E+5
4.080000E-3	0.000000E+0	4.647940E+5
4.100000E-3	0.000000E+0	4.652330E+5
4.120000E-3	0.000000E+0	4.645890E+5
4.140000E-3	0.000000E+0	4.638650E+5
4.160000E-3	0.000000E+0	4.652290E+5
4.180000E-3	0.000000E+0	4.639350E+5
4.200000E-3	0.000000E+0	4.650350E+5
4.220000E-3	0.000000E+0	4.644400E+5
4.240000E-3	0.000000E+0	4.645000E+5
4.260000E-3	0.000000E+0	4.638800E+5
4.280000E-3	0.000000E+0	4.654550E+5
4.300000E-3	0.000000E+0	4.651210E+5
4.320000E-3	0.000000E+0	4.642470E+5
4.340000E-3	0.000000E+0	4.642080E+5
4.360000E-3	0.000000E+0	4.645850E+5
4.380000E-3	0.000000E+0	4.644200E+5
4.400000E-3	0.000000E+0	4.650930E+5
4.420000E-3	0.000000E+0	4.646750E+5
4.440000E-3	0.000000E+0	4.644100E+5
4.460000E-3	0.000000E+0	4.645120E+5
4.480000E-3	0.000000E+0	4.639440E+5
4.500000E-3	0.000000E+0	4.646710E+5
4.520000E-3	0.000000E+0	4.639850E+5
4.540000E-3	0.000000E+0	4.635760E+5
4.560000E-3	0.000000E+0	4.641820E+5
4.580000E-3	0.000000E+0	4.649960E+5
4.600000E-3	0.000000E+0	4.649090E+5
4.620000E-3	0.000000E+0	4.642420E+5
4.640000E-3	0.000000E+0	4.649640E+5
4.660000E-3	0.000000E+0	4.653200E+5
4.680000E-3	0.000000E+0	4.641410E+5
4.700000E-3	0.000000E+0	4.647330E+5
4.720000E-3	0.000000E+0	4.650230E+5
4.740000E-3	0.000000E+0	4.640910E+5
4.760000E-3	0.000000E+0	4.653090E+5
4.780000E-3	0.000000E+0	4.635690E+5
4.800000E-3	0.000000E+0	4.641900E+5
4.820000E-3	0.000000E+0	4.639270E+5
4.840000E-3	0.000000E+0	4.638120E+5
4.860000E-3	0.000000E+0	4.621820E+5
4.880000E-3	0.000000E+0	4.617380E+5
4.900000E-3	0.000000E+0	4.617320E+5
4.920000E-3	0.000000E+0	4.583230E+5
4.940000E-3	0.000000E+0	4.578100E+5
4.960000E-3	0.000000E+0	4.576560E+5
4.980000E-3	0.000000E+0	4.580900E+5
5.000000E-3	0.000000E+0	4.560210E+5
5.020000E-3	0.000000E+0	4.549320E+5
5.040000E-3	0.000000E+0	4.525010E+5
5.060000E-3	0.000000E+0	4.517950E+5
5.080000E-3	0.000000E+0	4.517940E+5
5.100000E-3	0.000000E+0	4.522010E+5
5.120000E-3	0.000000E+0	4.519040E+5
5.140000E-3	0.000000E+0	4.533340E+5
5.160000E-3	0.000000E+0	4.556500E+5
5.180000E-3	0.000000E+0	4.561260E+5
5.200000E-3	0.000000E+0	4.578420E+5
5.220000E-3	0.000000E+0	4.589940E+5
5.240000E-3	0.000000E+0	4.584920E+5
5.260000E-3	0.000000E+0	4.618550E+5
5.280000E-3	0.000000E+0	4.597070E+5
5.300000E-3	0.000000E+0	4.619420E+5
5.320000E-3	0.000000E+0	4.634910E+5
5.340000E-3	0.000000E+0	4.634880E+5
5.360000E-3	0.000000E+0	4.639850E+5
5.380000E-3	0.000000E+0	4.628920E+5
5.400000E-3	0.000000E+0	4.650540E+5
5.420000E-3	0.000000E+0	4.638620E+5
5.440000E-3	0.000000E+0	4.632710E+5
5.460000E-3	0.000000E+0	4.630060E+5
5.480000E-3	0.000000E+0	4.628140E+5
5.500000E-3	0.000000E+0	4.627560E+5
5.520000E-3	0.000000E+0	4.618250E+5
5.540000E-3	0.000000E+0	4.612960E+5
5.560000E-3	0.000000E+0	4.589940E+5
5.580000E-3	0.000000E+0	4.585550E+5
5.600000E-3	0.000000E+0	4.565370E+5
5.620000E-3	0.000000E+0	4.574460E+5
5.640000E-3	0.000000E+0	4.580620E+5
5.660000E-3	0.000000E+0	4.559440E+5
5.680000E-3	0.000000E+0	4.555630E+5
5.700000E-3	0.000000E+0	4.532360E+5
5.720000E-3	0.000000E+0	4.528190E+5
5.740000E-3	0.000000E+0	4.528770E+5
5.760000E-3	0.000000E+0	4.537720E+5
5.780000E-3	0.000000E+0	4.539640E+5
5.800000E-3	0.000000E+0	4.553390E+5
5.820000E-3	0.000000E+0	4.566100E+5
5.840000E-3	0.000000E+0	4.581840E+5
5.860000E-3	0.000000E+0	4.585510E+5
5.880000E-3	0.000000E+0	4.600370E+5
5.900000E-3	0.000000E+0	4.617470E+5
5.920000E-3	0.000000E+0	4.635150E+5
5.940000E-3	0.000000E+0	4.622380E+5
5.960000E-3	0.000000E+0	4.633340E+5
5.980000E-3	0.000000E+0	4.641200E+5
6.000000E-3	0.000000E+0	4.639010E+5
6.020000E-3	0.000000E+0	4.639160E+5
6.040000E-3	0.000000E+0	4.642750E+5
6.060000E-3	0.000000E+0	4.643290E+5
6.080000E-3	0.000000E+0	4.643290E+5
6.100000E-3	0.000000E+0	4.634740E+5
6.120000E-3	0.000000E+0	4.645120E+5
6.140000E-3	0.000000E+0	4.641980E+5
6.160000E-3	0.000000E+0	4.637960E+5
6.180000E-3	0.000000E+0	4.650750E+5
6.200000E-3	0.000000E+0	4.643390E+5
6.220000E-3	0.000000E+0	4.648290E+5
6.240000E-3	0.000000E+0	4.636270E+5
6.260000E-3	0.000000E+0	4.641450E+5
6.280000E-3	0.000000E+0	4.660070E+5
6.300000E-3	0.000000E+0	4.655950E+5
6.320000E-3	0.000000E+0	4.650510E+5
6.340000E-3	0.000000E+0	4.646720E+5
6.360000E-3	0.000000E+0	4.644020E+5
6.380000E-3	0.000000E+0	4.657070E+5
6.400000E-3	0.000000E+0	4.644170E+5
6.420000E-3	0.000000E+0	4.637010E+5
6.440000E-3	0.000000E+0	4.663760E+5
6.460000E-3	0.000000E+0	4.641390E+5
6.480000E-3	0.000000E+0	4.641050E+5
6.500000E-3	0.000000E+0	4.641850E+5
6.520000E-3	0.000000E+0	4.647400E+5
6.540000E-3	0.000000E+0	4.642550E+5
6.560000E-3	0.000000E+0	4.654990E+5
6.580000E-3	0.000000E+0	4.646290E+5
6.600000E-3	0.000000E+0	4.653680E+5
6.620000E-3	0.000000E+0	4.647690E+5
6.640000E-3	0.000000E+0	4.646230E+5
6.660000E-3	0.000000E+0	4.638760E+5
6.680000E-3	0.000000E+0	4.646290E+5
6.700000E-3	0.000000E+0	4.646840E+5
6.720000E-3	0.000000E+0	4.650310E+5
6.740000E-3	0.000000E+0	4.652270E+5
6.760000E-3	0.000000E+0	4.655790E+5
6.780000E-3	0.000000E+0	4.638010E+5
6.800000E-3	0.000000E+0	4.652610E+5
6.820000E-3	0.000000E+0	4.649920E+5
6.840000E-3	0.000000E+0	4.647190E+5
6.860000E-3	0.000000E+0	4.652760E+5
6.880000E-3	0.000000E+0	4.657220E+5
6.900000E-3	0.000000E+0	4.640850E+5
6.920000E-3	0.000000E+0	4.637260E+5
6.940000E-3	0.000000E+0	4.650630E+5
6.960000E-3	0.000000E+0	4.630980E+5
6.980000E-3	0.000000E+0	4.648870E+5
7.000000E-3	0.000000E+0	4.645770E+5
7.020000E-3	0.000000E+0	4.655240E+5
7.040000E-3	0.000000E+0	4.652050E+5
7.060000E-3	0.000000E+0	4.653940E+5
7.080000E-3	0.000000E+0	4.651490E+5
7.100000E-3	0.000000E+0	4.642730E+5
7.120000E-3	0.000000E+0	4.649000E+5
7.140000E-3	0.000000E+0	4.647720E+5
7.160000E-3	0.000000E+0	4.647410E+5
7.180000E-3	0.000000E+0	4.639680E+5
7.200000E-3	0.000000E+0	4.648400E+5
7.220000E-3	0.000000E+0	4.653410E+5
7.240000E-3	0.000000E+0	4.646010E+5
7.260000E-3	0.000000E+0	4.648610E+5
7.280000E-3	0.000000E+0	4.647260E+5
7.300000E-3	0.000000E+0	4.646690E+5
7.320000E-3	0.000000E+0	4.653480E+5
7.340000E-3	0.000000E+0	4.657090E+5
7.360000E-3	0.000000E+0	4.642850E+5
7.380000E-3	0.000000E+0	4.656210E+5
7.400000E-3	0.000000E+0	4.650790E+5
7.420000E-3	0.000000E+0	4.646020E+5
7.440000E-3	0.000000E+0	4.650400E+5
7.460000E-3	0.000000E+0	4.651950E+5
7.480000E-3	0.000000E+0	4.645880E+5
7.500000E-3	0.000000E+0	4.655340E+5
7.520000E-3	0.000000E+0	4.652430E+5
7.540000E-3	0.000000E+0	4.650300E+5
7.560000E-3	0.000000E+0	4.652830E+5
7.580000E-3	0.000000E+0	4.651030E+5
7.600000E-3	0.000000E+0	4.646290E+5
7.620000E-3	0.000000E+0	4.650940E+5
7.640000E-3	0.000000E+0	4.657820E+5
7.660000E-3	0.000000E+0	4.642380E+5
7.680000E-3	0.000000E+0	4.646850E+5
7.700000E-3	0.000000E+0	4.642550E+5
7.720000E-3	0.000000E+0	4.652000E+5
7.740000E-3	0.000000E+0	4.642930E+5
7.760000E-3	0.000000E+0	4.647170E+5
7.780000E-3	0.000000E+0	4.659390E+5
7.800000E-3	0.000000E+0	4.646840E+5
7.820000E-3	0.000000E+0	4.642630E+5
7.840000E-3	0.000000E+0	4.663230E+5
7.860000E-3	0.000000E+0	4.649300E+5
7.880000E-3	0.000000E+0	4.647570E+5
7.900000E-3	0.000000E+0	4.647020E+5
7.920000E-3	0.000000E+0	4.646780E+5
7.940000E-3	0.000000E+0	4.659240E+5
7.960000E-3	0.000000E+0	4.663430E+5
7.980000E-3	0.000000E+0	4.657830E+5
8.000000E-3	0.000000E+0	4.651220E+5
8.020000E-3	0.000000E+0	4.650140E+5
8.040000E-3	0.000000E+0	4.638290E+5
8.060000E-3	0.000000E+0	4.644750E+5
8.080000E-3	0.000000E+0	4.653310E+5
8.100000E-3	0.000000E+0	4.660660E+5
8.120000E-3	0.000000E+0	4.653540E+5
8.140000E-3	0.000000E+0	4.644430E+5
8.160000E-3	0.000000E+0	4.650880E+5
8.180000E-3	0.000000E+0	4.641850E+5
8.200000E-3	0.000000E+0	4.651990E+5
8.220000E-3	0.000000E+0	4.646650E+5
8.240000E-3	0.000000E+0	4.653650E+5
8.260000E-3	0.000000E+0	4.665650E+5
8.280000E-3	0.000000E+0	4.643150E+5
8.300000E-3	0.000000E+0	4.650060E+5
8.320000E-3	0.000000E+0	4.637080E+5
8.340000E-3	0.000000E+0	4.643970E+5
8.360000E-3	0.000000E+0	4.646290E+5
8.380000E-3	0.000000E+0	4.631000E+5
8.400000E-3	0.000000E+0	4.642380E+5
8.420000E-3	0.000000E+0	4.650610E+5
8.440000E-3	0.000000E+0	4.652580E+5
8.460000E-3	0.000000E+0	4.654060E+5
8.480000E-3	0.000000E+0	4.661600E+5
8.500000E-3	0.000000E+0	4.637880E+5
8.520000E-3	0.000000E+0	4.658210E+5
8.540000E-3	0.000000E+0	4.656280E+5
8.560000E-3	0.000000E+0	4.646800E+5
8.580000E-3	0.000000E+0	4.667850E+5
8.600000E-3	0.000000E+0	4.649530E+5
8.620000E-3	0.000000E+0	4.660840E+5
8.640000E-3	0.000000E+0	4.650180E+5
8.660000E-3	0.000000E+0	4.646900E+5
8.680000E-3	0.000000E+0	4.653070E+5
8.700000E-3	0.000000E+0	4.633100E+5
8.720000E-3	0.000000E+0	4.657680E+5
8.740000E-3	0.000000E+0	4.637100E+5
8.760000E-3	0.000000E+0	4.649090E+5
8.780000E-3	0.000000E+0	4.649840E+5
8.800000E-3	0.000000E+0	4.656600E+5
8.820000E-3	0.000000E+0	4.652350E+5
8.840000E-3	0.000000E+0	4.640680E+5
8.860000E-3	0.000000E+0	4.667250E+5
8.880000E-3	0.000000E+0	4.643420E+5
8.900000E-3	0.000000E+0	4.649260E+5
8.920000E-3	0.000000E+0	4.639770E+5
8.940000E-3	0.000000E+0	4.636450E+5
8.960000E-3	0.000000E+0	4.659700E+5
8.980000E-3	0.000000E+0	4.644550E+5
9.000000E-3	0.000000E+0	4.647690E+5
9.020000E-3	0.000000E+0	4.634900E+5
9.040000E-3	0.000000E+0	4.652830E+5
9.060000E-3	0.000000E+0	4.670230E+5
9.080000E-3	0.000000E+0	4.649020E+5
9.100000E-3	0.000000E+0	4.663120E+5
9.120000E-3	0.000000E+0	4.639880E+5
9.140000E-3	0.000000E+0	4.650960E+5
9.160000E-3	0.000000E+0	4.653910E+5
9.180000E-3	0.000000E+0	4.641620E+5
9.200000E-3	0.000000E+0	4.645740E+5
9.220000E-3	0.000000E+0	4.648800E+5
9.240000E-3	0.000000E+0	4.658590E+5
9.260000E-3	0.000000E+0	4.661800E+5
9.280000E-3	0.000000E+0	4.660350E+5
9.300000E-3	0.000000E+0	4.657750E+5
9.320000E-3	0.000000E+0	4.649820E+5
9.340000E-3	0.000000E+0	4.645390E+5
9.360000E-3	0.000000E+0	4.648000E+5
9.380000E-3	0.000000E+0	4.663780E+5
9.400000E-3	0.000000E+0	4.653150E+5
9.420000E-3	0.000000E+0	4.660320E+5
9.440000E-3	0.000000E+0	4.646970E+5
9.460000E-3	0.000000E+0	4.660950E+5
9.480000E-3	0.000000E+0	4.649830E+5
9.500000E-3	0.000000E+0	4.640610E+5
9.520000E-3	0.000000E+0	4.656560E+5
9.540000E-3	0.000000E+0	4.637580E+5
9.560000E-3	0.000000E+0	4.651750E+5
9.580000E-3	0.000000E+0	4.646410E+5
9.600000E-3	0.000000E+0	4.653270E+5
9.620000E-3	0.000000E+0	4.644360E+5
9.640000E-3	0.000000E+0	4.647490E+5
9.660000E-3	0.000000E+0	4.657190E+5
9.680000E-3	0.000000E+0	4.637940E+5
9.700000E-3	0.000000E+0	4.643810E+5
9.720000E-3	0.000000E+0	4.654500E+5
9.740000E-3	0.000000E+0	4.646480E+5
9.760000E-3	0.000000E+0	4.649070E+5
9.780000E-3	0.000000E+0	4.654990E+5
9.800000E-3	0.000000E+0	4.652850E+5
9.820000E-3	0.000000E+0	4.657100E+5
9.840000E-3	0.000000E+0	4.650860E+5
9.860000E-3	0.000000E+0	4.643100E+5
9.880000E-3	0.000000E+0	4.664040E+5
9.900000E-3	0.000000E+0	4.668200E+5
9.920000E-3	0.000000E+0	4.648840E+5
9.940000E-3	0.000000E+0	4.643360E+5
9.960000E-3	0.000000E+0	4.638000E+5
9.980000E-3	0.000000E+0	4.658040E+5
1.000000E-2	0.000000E+0	4.645240E+5
1.002000E-2	0.000000E+0	4.648740E+5
1.004000E-2	0.000000E+0	4.655580E+5
1.006000E-2	0.000000E+0	4.644400E+5
1.008000E-2	0.000000E+0	4.651030E+5
1.010000E-2	0.000000E+0	4.646650E+5
1.012000E-2	0.000000E+0	4.659490E+5
1.014000E-2	0.000000E+0	4.667560E+5
1.016000E-2	0.000000E+0	4.655820E+5
1.018000E-2	0.000000E+0	4.651680E+5
1.020000E-2	0.000000E+0	4.657310E+5
1.022000E-2	0.000000E+0	4.647440E+5
1.024000E-2	0.000000E+0	4.644250E+5
1.026000E-2	0.000000E+0	4.664920E+5
1.028000E-2	0.000000E+0	4.647520E+5
1.030000E-2	0.000000E+0	4.661220E+5
1.032000E-2	0.000000E+0	4.645040E+5
1.034000E-2	0.000000E+0	4.665320E+5
1.036000E-2	0.000000E+0	4.652180E+5
1.038000E-2	0.000000E+0	4.656760E+5
1.040000E-2	0.000000E+0	4.646570E+5
1.042000E-2	0.000000E+0	4.654170E+5
1.044000E-2	0.000000E+0	4.650570E+5
1.046000E-2	0.000000E+0	4.660200E+5
1.048000E-2	0.000000E+0	4.658060E+5
1.050000E-2	0.000000E+0	4.648280E+5
1.052000E-2	0.000000E+0	4.655960E+5
1.054000E-2	0.000000E+0	4.664220E+5
1.056000E-2	0.000000E+0	4.648450E+5
1.058000E-2	0.000000E+0	4.659770E+5
1.060000E-2	0.000000E+0	4.644760E+5
1.062000E-2	0.000000E+0	4.646520E+5
1.064000E-2	0.000000E+0	4.651830E+5
1.066000E-2	0.000000E+0	4.647230E+5
1.068000E-2	0.000000E+0	4.653290E+5
1.070000E-2	0.000000E+0	4.644040E+5
1.072000E-2	0.000000E+0	4.651290E+5
1.074000E-2	0.000000E+0	4.658380E+5
1.076000E-2	0.000000E+0	4.656430E+5
1.078000E-2	0.000000E+0	4.662370E+5
1.080000E-2	0.000000E+0	4.658970E+5
1.082000E-2	0.000000E+0	4.665710E+5
1.084000E-2	0.000000E+0	4.650940E+5
1.086000E-2	0.000000E+0	4.657550E+5
1.088000E-2	0.000000E+0	4.650590E+5
1.090000E-2	0.000000E+0	4.653910E+5
1.092000E-2	0.000000E+0	4.652670E+5
1.094000E-2	0.000000E+0	4.647920E+5
1.096000E-2	0.000000E+0	4.649400E+5
1.098000E-2	0.000000E+0	4.658420E+5
1.100000E-2	0.000000E+0	4.659300E+5
1.102000E-2	0.000000E+0	4.644930E+5
1.104000E-2	0.000000E+0	4.657910E+5
1.106000E-2	0.000000E+0	4.653700E+5
1.108000E-2	0.000000E+0	4.656110E+5
1.110000E-2	0.000000E+0	4.651230E+5
1.112000E-2	0.000000E+0	4.648940E+5
1.114000E-2	0.000000E+0	4.658400E+5
1.116000E-2	0.000000E+0	4.633260E+5
1.118000E-2	0.000000E+0	4.651480E+5
1.120000E-2	0.000000E+0	4.646220E+5
1.122000E-2	0.000000E+0	4.666280E+5
1.124000E-2	0.000000E+0	4.667280E+5
1.126000E-2	0.000000E+0	4.640260E+5
1.128000E-2	0.000000E+0	4.644700E+5
1.130000E-2	0.000000E+0	4.654310E+5
1.132000E-2	0.000000E+0	4.665610E+5
1.134000E-2	0.000000E+0	4.643220E+5
1.136000E-2	0.000000E+0	4.664470E+5
1.138000E-2	0.000000E+0	4.650720E+5
1.140000E-2	0.000000E+0	4.665580E+5
1.142000E-2	0.000000E+0	4.647350E+5
1.144000E-2	0.000000E+0	4.663450E+5
1.146000E-2	0.000000E+0	4.648170E+5
1.148000E-2	0.000000E+0	4.649970E+5
1.150000E-2	0.000000E+0	4.645690E+5
1.152000E-2	0.000000E+0	4.646020E+5
1.154000E-2	0.000000E+0	4.649430E+5
1.156000E-2	0.000000E+0	4.657930E+5
1.158000E-2	0.000000E+0	4.647220E+5
1.160000E-2	0.000000E+0	4.650750E+5
1.162000E-2	0.000000E+0	4.649080E+5
1.164000E-2	0.000000E+0	4.664680E+5
1.166000E-2	0.000000E+0	4.671640E+5
1.168000E-2	0.000000E+0	4.659620E+5
1.170000E-2	0.000000E+0	4.667530E+5
1.172000E-2	0.000000E+0	4.664360E+5
1.174000E-2	0.000000E+0	4.650800E+5
1.176000E-2	0.000000E+0	4.653710E+5
1.178000E-2	0.000000E+0	4.646780E+5
1.180000E-2	0.000000E+0	4.654420E+5
1.182000E-2	0.000000E+0	4.658430E+5
1.184000E-2	0.000000E+0	4.660130E+5
1.186000E-2	0.000000E+0	4.644740E+5
1.188000E-2	0.000000E+0	4.648570E+5
1.190000E-2	0.000000E+0	4.640570E+5
1.192000E-2	0.000000E+0	4.646290E+5
1.194000E-2	0.000000E+0	4.666530E+5
1.196000E-2	0.000000E+0	4.652140E+5
1.198000E-2	0.000000E+0	4.655500E+5
1.200000E-2	0.000000E+0	4.650510E+5
1.202000E-2	0.000000E+0	4.651900E+5
1.204000E-2	0.000000E+0	4.648720E+5
1.206000E-2	0.000000E+0	4.652230E+5
1.208000E-2	0.000000E+0	4.659720E+5
1.210000E-2	0.000000E+0	4.658240E+5
1.212000E-2	0.000000E+0	4.651890E+5
1.214000E-2	0.000000E+0	4.639460E+5
1.216000E-2	0.000000E+0	4.644590E+5
1.218000E-2	0.000000E+0	4.651420E+5
1.220000E-2	0.000000E+0	4.642250E+5
1.222000E-2	0.000000E+0	4.656710E+5
1.224000E-2	0.000000E+0	4.652620E+5
1.226000E-2	0.000000E+0	4.646180E+5
1.228000E-2	0.000000E+0	4.654560E+5
1.230000E-2	0.000000E+0	4.653380E+5
1.232000E-2	0.000000E+0	4.656440E+5
1.234000E-2	0.000000E+0	4.658770E+5
1.236000E-2	0.000000E+0	4.653410E+5
1.238000E-2	0.000000E+0	4.664280E+5
1.240000E-2	0.000000E+0	4.660350E+5
1.242000E-2	0.000000E+0	4.657940E+5
1.244000E-2	0.000000E+0	4.660290E+5
1.246000E-2	0.000000E+0	4.647920E+5
1.248000E-2	0.000000E+0	4.655190E+5
1.250000E-2	0.000000E+0	4.647480E+5
1.252000E-2	0.000000E+0	4.671480E+5
1.254000E-2	0.000000E+0	4.655700E+5
1.256000E-2	0.000000E+0	4.648250E+5
1.258000E-2	0.000000E+0	4.663090E+5
1.260000E-2	0.000000E+0	4.661930E+5
1.262000E-2	0.000000E+0	4.642060E+5
1.264000E-2	0.000000E+0	4.645970E+5
1.266000E-2	0.000000E+0	4.669470E+5
1.268000E-2	0.000000E+0	4.655950E+5
1.270000E-2	0.000000E+0	4.648020E+5
1.272000E-2	0.000000E+0	4.661180E+5
1.274000E-2	0.000000E+0	4.647870E+5
1.276000E-2	0.000000E+0	4.654230E+5
1.278000E-2	0.000000E+0	4.648460E+5
1.280000E-2	0.000000E+0	4.647450E+5
1.282000E-2	0.000000E+0	4.647490E+5
1.284000E-2	0.000000E+0	4.651790E+5
1.286000E-2	0.000000E+0	4.659550E+5
1.288000E-2	0.000000E+0	4.660700E+5
1.290000E-2	0.000000E+0	4.649010E+5
1.292000E-2	0.000000E+0	4.654280E+5
1.294000E-2	0.000000E+0	4.645090E+5
1.296000E-2	0.000000E+0	4.651530E+5
1.298000E-2	0.000000E+0	4.653520E+5
1.300000E-2	0.000000E+0	4.651640E+5
1.302000E-2	0.000000E+0	4.659790E+5
1.304000E-2	0.000000E+0	4.657980E+5
1.306000E-2	0.000000E+0	4.645350E+5
1.308000E-2	0.000000E+0	4.667600E+5
1.310000E-2	0.000000E+0	4.658840E+5
1.312000E-2	0.000000E+0	4.655940E+5
1.314000E-2	0.000000E+0	4.665460E+5
1.316000E-2	0.000000E+0	4.654930E+5
1.318000E-2	0.000000E+0	4.650600E+5
1.320000E-2	0.000000E+0	4.656350E+5
1.322000E-2	0.000000E+0	4.660000E+5
1.324000E-2	0.000000E+0	4.644450E+5
1.326000E-2	0.000000E+0	4.661940E+5
1.328000E-2	0.000000E+0	4.658580E+5
1.330000E-2	0.000000E+0	4.642420E+5
1.332000E-2	0.000000E+0	4.646860E+5
1.334000E-2	0.000000E+0	4.648060E+5
1.336000E-2	0.000000E+0	4.653760E+5
1.338000E-2	0.000000E+0	4.659360E+5
1.340000E-2	0.000000E+0	4.646520E+5
1.342000E-2	0.000000E+0	4.640050E+5
1.344000E-2	0.000000E+0	4.649350E+5
1.346000E-2	0.000000E+0	4.644170E+5
1.348000E-2	0.000000E+0	4.658490E+5
1.350000E-2	0.000000E+0	4.657290E+5
1.352000E-2	0.000000E+0	4.661100E+5
1.354000E-2	0.000000E+0	4.657110E+5
1.356000E-2	0.000000E+0	4.659260E+5
1.358000E-2	0.000000E+0	4.652610E+5
1.360000E-2	0.000000E+0	4.651660E+5
1.362000E-2	0.000000E+0	4.655690E+5
1.364000E-2	0.000000E+0	4.640940E+5
1.366000E-2	0.000000E+0	4.650050E+5
1.368000E-2	0.000000E+0	4.658600E+5
1.370000E-2	0.000000E+0	4.660320E+5
1.372000E-2	0.000000E+0	4.649380E+5
1.374000E-2	0.000000E+0	4.655530E+5
1.376000E-2	0.000000E+0	4.647940E+5
1.378000E-2	0.000000E+0	4.645900E+5
1.380000E-2	0.000000E+0	4.655060E+5
1.382000E-2	0.000000E+0	4.641510E+5
1.384000E-2	0.000000E+0	4.646790E+5
1.386000E-2	0.000000E+0	4.654880E+5
1.388000E-2	0.000000E+0	4.652630E+5
1.390000E-2	0.000000E+0	4.660430E+5
1.392000E-2	0.000000E+0	4.661150E+5
1.394000E-2	0.000000E+0	4.658790E+5
1.396000E-2	0.000000E+0	4.652320E+5
1.398000E-2	0.000000E+0	4.666050E+5
1.400000E-2	0.000000E+0	4.662730E+5
1.402000E-2	0.000000E+0	4.646460E+5
1.404000E-2	0.000000E+0	4.667370E+5
1.406000E-2	0.000000E+0	4.647630E+5
1.408000E-2	0.000000E+0	4.648310E+5
1.410000E-2	0.000000E+0	4.654810E+5
1.412000E-2	0.000000E+0	4.652560E+5
1.414000E-2	0.000000E+0	4.646740E+5
1.416000E-2	0.000000E+0	4.646510E+5
1.418000E-2	0.000000E+0	4.648140E+5
1.420000E-2	0.000000E+0	4.654330E+5
1.422000E-2	0.000000E+0	4.660300E+5
1.424000E-2	0.000000E+0	4.640120E+5
1.426000E-2	0.000000E+0	4.637680E+5
1.428000E-2	0.000000E+0	4.647180E+5
1.430000E-2	0.000000E+0	4.650870E+5
1.432000E-2	0.000000E+0	4.648990E+5
1.434000E-2	0.000000E+0	4.649320E+5
1.436000E-2	0.000000E+0	4.657010E+5
1.438000E-2	0.000000E+0	4.652730E+5
1.440000E-2	0.000000E+0	4.669300E+5
1.442000E-2	0.000000E+0	4.653510E+5
1.444000E-2	0.000000E+0	4.641950E+5
1.446000E-2	0.000000E+0	4.658570E+5
1.448000E-2	0.000000E+0	4.656680E+5
1.450000E-2	0.000000E+0	4.650810E+5
1.452000E-2	0.000000E+0	4.656370E+5
1.454000E-2	0.000000E+0	4.651700E+5
1.456000E-2	0.000000E+0	4.661200E+5
1.458000E-2	0.000000E+0	4.641130E+5
1.460000E-2	0.000000E+0	4.656310E+5
1.462000E-2	0.000000E+0	4.637110E+5
1.464000E-2	0.000000E+0	4.656790E+5
1.466000E-2	0.000000E+0	4.653120E+5
1.468000E-2	0.000000E+0	4.661190E+5
1.470000E-2	0.000000E+0	4.650990E+5
1.472000E-2	0.000000E+0	4.648030E+5
1.474000E-2	0.000000E+0	4.654580E+5
1.476000E-2	0.000000E+0	4.662170E+5
1.478000E-2	0.000000E+0	4.663600E+5
1.480000E-2	0.000000E+0	4.645070E+5
1.482000E-2	0.000000E+0	4.639540E+5
1.484000E-2	0.000000E+0	4.663590E+5
1.486000E-2	0.000000E+0	4.644110E+5
1.488000E-2	0.000000E+0	4.642850E+5
1.490000E-2	0.000000E+0	4.637610E+5
1.492000E-2	0.000000E+0	4.627500E+5
1.494000E-2	0.000000E+0	4.603030E+5
1.496000E-2	0.000000E+0	4.593540E+5
1.498000E-2	0.000000E+0	4.593690E+5
1.500000E-2	0.000000E+0	4.584850E+5
1.502000E-2	0.000000E+0	4.580620E+5
1.504000E-2	0.000000E+0	4.566150E+5
1.506000E-2	0.000000E+0	4.560770E+5
1.508000E-2	0.000000E+0	4.548910E+5
1.510000E-2	0.000000E+0	4.531560E+5
1.512000E-2	0.000000E+0	4.525860E+5
1.514000E-2	0.000000E+0	4.535360E+5
1.516000E-2	0.000000E+0	4.533890E+5
1.518000E-2	0.000000E+0	4.547630E+5
1.520000E-2	0.000000E+0	4.568090E+5
1.522000E-2	0.000000E+0	4.575130E+5
1.524000E-2	0.000000E+0	4.605500E+5
1.526000E-2	0.000000E+0	4.606750E+5
1.528000E-2	0.000000E+0	4.625860E+5
1.530000E-2	0.000000E+0	4.617780E+5
1.532000E-2	0.000000E+0	4.632580E+5
1.534000E-2	0.000000E+0	4.638330E+5
1.536000E-2	0.000000E+0	4.638470E+5
1.538000E-2	0.000000E+0	4.649020E+5
1.540000E-2	0.000000E+0	4.645530E+5
1.542000E-2	0.000000E+0	4.645230E+5
1.544000E-2	0.000000E+0	4.639690E+5
1.546000E-2	0.000000E+0	4.641960E+5
1.548000E-2	0.000000E+0	4.638730E+5
1.550000E-2	0.000000E+0	4.633560E+5
1.552000E-2	0.000000E+0	4.645330E+5
1.554000E-2	0.000000E+0	4.632850E+5
1.556000E-2	0.000000E+0	4.619730E+5
1.558000E-2	0.000000E+0	4.600610E+5
1.560000E-2	0.000000E+0	4.598510E+5
1.562000E-2	0.000000E+0	4.585980E+5
1.564000E-2	0.000000E+0	4.579490E+5
1.566000E-2	0.000000E+0	4.579350E+5
1.568000E-2	0.000000E+0	4.571750E+5
1.570000E-2	0.000000E+0	4.560270E+5
1.572000E-2	0.000000E+0	4.541240E+5
1.574000E-2	0.000000E+0	4.531410E+5
1.576000E-2	0.000000E+0	4.537200E+5
1.578000E-2	0.000000E+0	4.513150E+5
1.580000E-2	0.000000E+0	4.532710E+5
1.582000E-2	0.000000E+0	4.544270E+5
1.584000E-2	0.000000E+0	4.553670E+5
1.586000E-2	0.000000E+0	4.571250E+5
1.588000E-2	0.000000E+0	4.592210E+5
1.590000E-2	0.000000E+0	4.600930E+5
1.592000E-2	0.000000E+0	4.613690E+5
1.594000E-2	0.000000E+0	4.614540E+5
1.596000E-2	0.000000E+0	4.632330E+5
1.598000E-2	0.000000E+0	4.640350E+5
1.600000E-2	0.000000E+0	4.653820E+5
1.602000E-2	0.000000E+0	4.645550E+5
1.604000E-2	0.000000E+0	4.645180E+5
1.606000E-2	0.000000E+0	4.651670E+5
1.608000E-2	0.000000E+0	4.647790E+5
1.610000E-2	0.000000E+0	4.660470E+5
1.612000E-2	0.000000E+0	4.656480E+5
1.614000E-2	0.000000E+0	4.648060E+5
1.616000E-2	0.000000E+0	4.661080E+5
1.618000E-2	0.000000E+0	4.649710E+5
1.620000E-2	0.000000E+0	4.651560E+5
1.622000E-2	0.000000E+0	4.648440E+5
1.624000E-2	0.000000E+0	4.648430E+5
1.626000E-2	0.000000E+0	4.651510E+5
1.628000E-2	0.000000E+0	4.664830E+5
1.630000E-2	0.000000E+0	4.651500E+5
1.632000E-2	0.000000E+0	4.661350E+5
1.634000E-2	0.000000E+0	4.657010E+5
1.636000E-2	0.000000E+0	4.659230E+5
1.638000E-2	0.000000E+0	4.655120E+5
1.640000E-2	0.000000E+0	4.656590E+5
1.642000E-2	0.000000E+0	4.649410E+5
1.644000E-2	0.000000E+0	4.644950E+5
1.646000E-2	0.000000E+0	4.653190E+5
1.648000E-2	0.000000E+0	4.644650E+5
1.650000E-2	0.000000E+0	4.649220E+5
1.652000E-2	0.000000E+0	4.660280E+5
1.654000E-2	0.000000E+0	4.649690E+5
1.656000E-2	0.000000E+0	4.645790E+5
1.658000E-2	0.000000E+0	4.652690E+5
1.660000E-2	0.000000E+0	4.655610E+5
1.662000E-2	0.000000E+0	4.648960E+5
1.664000E-2	0.000000E+0	4.649970E+5
1.666000E-2	0.000000E+0	4.651140E+5
1.668000E-2	0.000000E+0	4.646440E+5
1.670000E-2	0.000000E+0	4.651770E+5
1.672000E-2	0.000000E+0	4.654360E+5
1.674000E-2	0.000000E+0	4.648380E+5
1.676000E-2	0.000000E+0	4.638850E+5
1.678000E-2	0.000000E+0	4.640730E+5
1.680000E-2	0.000000E+0	4.651380E+5
1.682000E-2	0.000000E+0	4.650020E+5
1.684000E-2	0.000000E+0	4.653340E+5
1.686000E-2	0.000000E+0	4.669040E+5
1.688000E-2	0.000000E+0	4.653500E+5
1.690000E-2	0.000000E+0	4.653870E+5
1.692000E-2	0.000000E+0	4.656860E+5
1.694000E-2	0.000000E+0	4.648130E+5
1.696000E-2	0.000000E+0	4.644650E+5
1.698000E-2	0.000000E+0	4.648180E+5
1.700000E-2	0.000000E+0	4.658440E+5
1.702000E-2	0.000000E+0	4.658260E+5
1.704000E-2	0.000000E+0	4.660700E+5
1.706000E-2	0.000000E+0	4.663600E+5
1.708000E-2	0.000000E+0	4.652480E+5
1.710000E-2	0.000000E+0	4.659180E+5
1.712000E-2	0.000000E+0	4.654010E+5
1.714000E-2	0.000000E+0	4.646530E+5
1.716000E-2	0.000000E+0	4.659980E+5
1.718000E-2	0.000000E+0	4.653470E+5
1.720000E-2	0.000000E+0	4.662700E+5
1.722000E-2	0.000000E+0	4.661200E+5
1.724000E-2	0.000000E+0	4.650600E+5
1.726000E-2	0.000000E+0	4.651090E+5
1.728000E-2	0.000000E+0	4.647180E+5
1.730000E-2	0.000000E+0	4.648580E+5
1.732000E-2	0.000000E+0	4.649260E+5
1.734000E-2	0.000000E+0	4.652230E+5
1.736000E-2	0.000000E+0	4.666680E+5
1.738000E-2	0.000000E+0	4.663720E+5
1.740000E-2	0.000000E+0	4.661560E+5
1.742000E-2	0.000000E+0	4.647100E+5
1.744000E-2	0.000000E+0	4.655920E+5
1.746000E-2	0.000000E+0	4.655030E+5
1.748000E-2	0.000000E+0	4.648470E+5
1.750000E-2	0.000000E+0	4.654540E+5
1.752000E-2	0.000000E+0	4.661190E+5
1.754000E-2	0.000000E+0	4.648230E+5
1.756000E-2	0.000000E+0	4.646820E+5
1.758000E-2	0.000000E+0	4.653760E+5
1.760000E-2	0.000000E+0	4.655130E+5
1.762000E-2	0.000000E+0	4.657820E+5
1.764000E-2	0.000000E+0	4.657990E+5
1.766000E-2	0.000000E+0	4.651320E+5
1.768000E-2	0.000000E+0	4.654820E+5
1.770000E-2	0.000000E+0	4.653010E+5
1.772000E-2	0.000000E+0	4.663300E+5
1.774000E-2	0.000000E+0	4.652640E+5
1.776000E-2	0.000000E+0	4.647710E+5
1.778000E-2	0.000000E+0	4.658350E+5
1.780000E-2	0.000000E+0	4.643230E+5
1.782000E-2	0.000000E+0	4.653400E+5
1.784000E-2	0.000000E+0	4.647600E+5
1.786000E-2	0.000000E+0	4.650090E+5
1.788000E-2	0.000000E+0	4.654870E+5
1.790000E-2	0.000000E+0	4.659880E+5
1.792000E-2	0.000000E+0	4.643630E+5
1.794000E-2	0.000000E+0	4.656070E+5
1.796000E-2	0.000000E+0	4.656700E+5
1.798000E-2	0.000000E+0	4.660600E+5
1.800000E-2	0.000000E+0	4.644140E+5
1.802000E-2	0.000000E+0	4.649600E+5
1.804000E-2	0.000000E+0	4.640110E+5
1.806000E-2	0.000000E+0	4.649650E+5
1.808000E-2	0.000000E+0	4.652370E+5
1.810000E-2	0.000000E+0	4.658160E+5
1.812000E-2	0.000000E+0	4.663940E+5
1.814000E-2	0.000000E+0	4.662450E+5
1.816000E-2	0.000000E+0	4.658120E+5
1.818000E-2	0.000000E+0	4.650380E+5
1.820000E-2	0.000000E+0	4.663230E+5
1.822000E-2	0.000000E+0	4.650510E+5
1.824000E-2	0.000000E+0	4.653440E+5
1.826000E-2	0.000000E+0	4.660880E+5
1.828000E-2	0.000000E+0	4.651300E+5
1.830000E-2	0.000000E+0	4.643650E+5
1.832000E-2	0.000000E+0	4.659190E+5
1.834000E-2	0.000000E+0	4.650360E+5
1.836000E-2	0.000000E+0	4.661980E+5
1.838000E-2	0.000000E+0	4.651920E+5
1.840000E-2	0.000000E+0	4.649700E+5
1.842000E-2	0.000000E+0	4.646690E+5
1.844000E-2	0.000000E+0	4.645380E+5
1.846000E-2	0.000000E+0	4.641140E+5
1.848000E-2	0.000000E+0	4.663580E+5
1.850000E-2	0.000000E+0	4.656000E+5
1.852000E-2	0.000000E+0	4.660030E+5
1.854000E-2	0.000000E+0	4.666650E+5
1.856000E-2	0.000000E+0	4.644510E+5
1.858000E-2	0.000000E+0	4.649080E+5
1.860000E-2	0.000000E+0	4.652660E+5
1.862000E-2	0.000000E+0	4.647630E+5
1.864000E-2	0.000000E+0	4.641650E+5
1.866000E-2	0.000000E+0	4.659600E+5
1.868000E-2	0.000000E+0	4.647120E+5
1.870000E-2	0.000000E+0	4.652210E+5
1.872000E-2	0.000000E+0	4.659040E+5
1.874000E-2	0.000000E+0	4.639940E+5
1.876000E-2	0.000000E+0	4.650790E+5
1.878000E-2	0.000000E+0	4.651030E+5
1.880000E-2	0.000000E+0	4.653480E+5
1.882000E-2	0.000000E+0	4.650700E+5
1.884000E-2	0.000000E+0	4.658800E+5
1.886000E-2	0.000000E+0	4.657450E+5
1.888000E-2	0.000000E+0	4.643830E+5
1.890000E-2	0.000000E+0	4.651490E+5
1.892000E-2	0.000000E+0	4.665350E+5
1.894000E-2	0.000000E+0	4.656350E+5
1.896000E-2	0.000000E+0	4.655110E+5
1.898000E-2	0.000000E+0	4.654560E+5
1.900000E-2	0.000000E+0	4.643780E+5
1.902000E-2	0.000000E+0	4.646860E+5
1.904000E-2	0.000000E+0	4.657170E+5
1.906000E-2	0.000000E+0	4.657390E+5
1.908000E-2	0.000000E+0	4.654020E+5
1.910000E-2	0.000000E+0	4.640110E+5
1.912000E-2	0.000000E+0	4.644050E+5
1.914000E-2	0.000000E+0	4.652860E+5
1.916000E-2	0.000000E+0	4.645420E+5
1.918000E-2	0.000000E+0	4.645370E+5
1.920000E-2	0.000000E+0	4.656430E+5
1.922000E-2	0.000000E+0	4.653360E+5
1.924000E-2	0.000000E+0	4.650520E+5
1.926000E-2	0.000000E+0	4.660970E+5
1.928000E-2	0.000000E+0	4.663030E+5
1.930000E-2	0.000000E+0	4.655610E+5
1.932000E-2	0.000000E+0	4.650520E+5
1.934000E-2	0.000000E+0	4.654810E+5
1.936000E-2	0.000000E+0	4.647210E+5
1.938000E-2	0.000000E+0	4.657660E+5
1.940000E-2	0.000000E+0	4.641710E+5
1.942000E-2	0.000000E+0	4.664630E+5
1.944000E-2	0.000000E+0	4.659520E+5
1.946000E-2	0.000000E+0	4.645560E+5
1.948000E-2	0.000000E+0	4.656930E+5
1.950000E-2	0.000000E+0	4.655450E+5
1.952000E-2	0.000000E+0	4.661610E+5
1.954000E-2	0.000000E+0	4.650980E+5
1.956000E-2	0.000000E+0	4.659800E+5
1.958000E-2	0.000000E+0	4.651990E+5
1.960000E-2	0.000000E+0	4.652190E+5
1.962000E-2	0.000000E+0	4.647680E+5
1.964000E-2	0.000000E+0	4.660150E+5
1.966000E-2	0.000000E+0	4.659270E+5
1.968000E-2	0.000000E+0	4.654020E+5
1.970000E-2	0.000000E+0	4.652650E+5
1.972000E-2	0.000000E+0	4.656420E+5
1.974000E-2	0.000000E+0	4.656920E+5
1.976000E-2	0.000000E+0	4.637670E+5
1.978000E-2	0.000000E+0	4.648230E+5
1.980000E-2	0.000000E+0	4.659460E+5
1.982000E-2	0.000000E+0	4.646960E+5
1.984000E-2	0.000000E+0	4.656710E+5
1.986000E-2	0.000000E+0	4.645160E+5
1.988000E-2	0.000000E+0	4.642980E+5
1.990000E-2	0.000000E+0	4.653470E+5
1.992000E-2	0.000000E+0	4.646050E+5
1.994000E-2	0.000000E+0	4.664990E+5
1.996000E-2	0.000000E+0	4.646700E+5
1.998000E-2	0.000000E+0	4.653430E+5
