

live time:  166603.780000
real time:  230401.650000
sweeps:  8330189.000000
0.000000E+0	0.000000E+0	0.000000E+0
2.000000E-5	0.000000E+0	3.653070E+5
4.000000E-5	0.000000E+0	3.657580E+5
6.000000E-5	0.000000E+0	3.653430E+5
8.000000E-5	0.000000E+0	3.657850E+5
1.000000E-4	0.000000E+0	3.641550E+5
1.200000E-4	0.000000E+0	3.657190E+5
1.400000E-4	0.000000E+0	3.659210E+5
1.600000E-4	0.000000E+0	3.657240E+5
1.800000E-4	0.000000E+0	3.650980E+5
2.000000E-4	0.000000E+0	3.652020E+5
2.200000E-4	0.000000E+0	3.653980E+5
2.400000E-4	0.000000E+0	3.641940E+5
2.600000E-4	0.000000E+0	3.645010E+5
2.800000E-4	0.000000E+0	3.650030E+5
3.000000E-4	0.000000E+0	3.663880E+5
3.200000E-4	0.000000E+0	3.655970E+5
3.400000E-4	0.000000E+0	3.652050E+5
3.600000E-4	0.000000E+0	3.660210E+5
3.800000E-4	0.000000E+0	3.650700E+5
4.000000E-4	0.000000E+0	3.645590E+5
4.200000E-4	0.000000E+0	3.651620E+5
4.400000E-4	0.000000E+0	3.651190E+5
4.600000E-4	0.000000E+0	3.657890E+5
4.800000E-4	0.000000E+0	3.650640E+5
5.000000E-4	0.000000E+0	3.655040E+5
5.200000E-4	0.000000E+0	3.655220E+5
5.400000E-4	0.000000E+0	3.650960E+5
5.600000E-4	0.000000E+0	3.645080E+5
5.800000E-4	0.000000E+0	3.652900E+5
6.000000E-4	0.000000E+0	3.656590E+5
6.200000E-4	0.000000E+0	3.649400E+5
6.400000E-4	0.000000E+0	3.664450E+5
6.600000E-4	0.000000E+0	3.641930E+5
6.800000E-4	0.000000E+0	3.650130E+5
7.000000E-4	0.000000E+0	3.656620E+5
7.200000E-4	0.000000E+0	3.666500E+5
7.400000E-4	0.000000E+0	3.647220E+5
7.600000E-4	0.000000E+0	3.649470E+5
7.800000E-4	0.000000E+0	3.639670E+5
8.000000E-4	0.000000E+0	3.657020E+5
8.200000E-4	0.000000E+0	3.654810E+5
8.400000E-4	0.000000E+0	3.651000E+5
8.600000E-4	0.000000E+0	3.661620E+5
8.800000E-4	0.000000E+0	3.648710E+5
9.000000E-4	0.000000E+0	3.663330E+5
9.200000E-4	0.000000E+0	3.647590E+5
9.400000E-4	0.000000E+0	3.654320E+5
9.600000E-4	0.000000E+0	3.644210E+5
9.800000E-4	0.000000E+0	3.665100E+5
1.000000E-3	0.000000E+0	3.658960E+5
1.020000E-3	0.000000E+0	3.652690E+5
1.040000E-3	0.000000E+0	3.652480E+5
1.060000E-3	0.000000E+0	3.649450E+5
1.080000E-3	0.000000E+0	3.651900E+5
1.100000E-3	0.000000E+0	3.645310E+5
1.120000E-3	0.000000E+0	3.659180E+5
1.140000E-3	0.000000E+0	3.645260E+5
1.160000E-3	0.000000E+0	3.649250E+5
1.180000E-3	0.000000E+0	3.648500E+5
1.200000E-3	0.000000E+0	3.656610E+5
1.220000E-3	0.000000E+0	3.657740E+5
1.240000E-3	0.000000E+0	3.652950E+5
1.260000E-3	0.000000E+0	3.650530E+5
1.280000E-3	0.000000E+0	3.658170E+5
1.300000E-3	0.000000E+0	3.641820E+5
1.320000E-3	0.000000E+0	3.659940E+5
1.340000E-3	0.000000E+0	3.654510E+5
1.360000E-3	0.000000E+0	3.644980E+5
1.380000E-3	0.000000E+0	3.665390E+5
1.400000E-3	0.000000E+0	3.652430E+5
1.420000E-3	0.000000E+0	3.655660E+5
1.440000E-3	0.000000E+0	3.653210E+5
1.460000E-3	0.000000E+0	3.641750E+5
1.480000E-3	0.000000E+0	3.661550E+5
1.500000E-3	0.000000E+0	3.654600E+5
1.520000E-3	0.000000E+0	3.653330E+5
1.540000E-3	0.000000E+0	3.656230E+5
1.560000E-3	0.000000E+0	3.655290E+5
1.580000E-3	0.000000E+0	3.652590E+5
1.600000E-3	0.000000E+0	3.648660E+5
1.620000E-3	0.000000E+0	3.650280E+5
1.640000E-3	0.000000E+0	3.643260E+5
1.660000E-3	0.000000E+0	3.659760E+5
1.680000E-3	0.000000E+0	3.649200E+5
1.700000E-3	0.000000E+0	3.644870E+5
1.720000E-3	0.000000E+0	3.654770E+5
1.740000E-3	0.000000E+0	3.663140E+5
1.760000E-3	0.000000E+0	3.655740E+5
1.780000E-3	0.000000E+0	3.663320E+5
1.800000E-3	0.000000E+0	3.663840E+5
1.820000E-3	0.000000E+0	3.649070E+5
1.840000E-3	0.000000E+0	3.645010E+5
1.860000E-3	0.000000E+0	3.653470E+5
1.880000E-3	0.000000E+0	3.652040E+5
1.900000E-3	0.000000E+0	3.644840E+5
1.920000E-3	0.000000E+0	3.649270E+5
1.940000E-3	0.000000E+0	3.653740E+5
1.960000E-3	0.000000E+0	3.651370E+5
1.980000E-3	0.000000E+0	3.658110E+5
2.000000E-3	0.000000E+0	3.649260E+5
2.020000E-3	0.000000E+0	3.654350E+5
2.040000E-3	0.000000E+0	3.650540E+5
2.060000E-3	0.000000E+0	3.660910E+5
2.080000E-3	0.000000E+0	3.664390E+5
2.100000E-3	0.000000E+0	3.663490E+5
2.120000E-3	0.000000E+0	3.659700E+5
2.140000E-3	0.000000E+0	3.643820E+5
2.160000E-3	0.000000E+0	3.643100E+5
2.180000E-3	0.000000E+0	3.655110E+5
2.200000E-3	0.000000E+0	3.657070E+5
2.220000E-3	0.000000E+0	3.660640E+5
2.240000E-3	0.000000E+0	3.649280E+5
2.260000E-3	0.000000E+0	3.656010E+5
2.280000E-3	0.000000E+0	3.654050E+5
2.300000E-3	0.000000E+0	3.656880E+5
2.320000E-3	0.000000E+0	3.653220E+5
2.340000E-3	0.000000E+0	3.651940E+5
2.360000E-3	0.000000E+0	3.651710E+5
2.380000E-3	0.000000E+0	3.664800E+5
2.400000E-3	0.000000E+0	3.640540E+5
2.420000E-3	0.000000E+0	3.650270E+5
2.440000E-3	0.000000E+0	3.646160E+5
2.460000E-3	0.000000E+0	3.651250E+5
2.480000E-3	0.000000E+0	3.666410E+5
2.500000E-3	0.000000E+0	3.651030E+5
2.520000E-3	0.000000E+0	3.657300E+5
2.540000E-3	0.000000E+0	3.644590E+5
2.560000E-3	0.000000E+0	3.651220E+5
2.580000E-3	0.000000E+0	3.644940E+5
2.600000E-3	0.000000E+0	3.660120E+5
2.620000E-3	0.000000E+0	3.648970E+5
2.640000E-3	0.000000E+0	3.642090E+5
2.660000E-3	0.000000E+0	3.657960E+5
2.680000E-3	0.000000E+0	3.650030E+5
2.700000E-3	0.000000E+0	3.651700E+5
2.720000E-3	0.000000E+0	3.637070E+5
2.740000E-3	0.000000E+0	3.655110E+5
2.760000E-3	0.000000E+0	3.649590E+5
2.780000E-3	0.000000E+0	3.654900E+5
2.800000E-3	0.000000E+0	3.649870E+5
2.820000E-3	0.000000E+0	3.648830E+5
2.840000E-3	0.000000E+0	3.644530E+5
2.860000E-3	0.000000E+0	3.659870E+5
2.880000E-3	0.000000E+0	3.655040E+5
2.900000E-3	0.000000E+0	3.655600E+5
2.920000E-3	0.000000E+0	3.643960E+5
2.940000E-3	0.000000E+0	3.652620E+5
2.960000E-3	0.000000E+0	3.651580E+5
2.980000E-3	0.000000E+0	3.643600E+5
3.000000E-3	0.000000E+0	3.654410E+5
3.020000E-3	0.000000E+0	3.654380E+5
3.040000E-3	0.000000E+0	3.660380E+5
3.060000E-3	0.000000E+0	3.670150E+5
3.080000E-3	0.000000E+0	3.649990E+5
3.100000E-3	0.000000E+0	3.642720E+5
3.120000E-3	0.000000E+0	3.658940E+5
3.140000E-3	0.000000E+0	3.654370E+5
3.160000E-3	0.000000E+0	3.650920E+5
3.180000E-3	0.000000E+0	3.656260E+5
3.200000E-3	0.000000E+0	3.654460E+5
3.220000E-3	0.000000E+0	3.659080E+5
3.240000E-3	0.000000E+0	3.660690E+5
3.260000E-3	0.000000E+0	3.655900E+5
3.280000E-3	0.000000E+0	3.652200E+5
3.300000E-3	0.000000E+0	3.643860E+5
3.320000E-3	0.000000E+0	3.652400E+5
3.340000E-3	0.000000E+0	3.647500E+5
3.360000E-3	0.000000E+0	3.643190E+5
3.380000E-3	0.000000E+0	3.644120E+5
3.400000E-3	0.000000E+0	3.654120E+5
3.420000E-3	0.000000E+0	3.659060E+5
3.440000E-3	0.000000E+0	3.646510E+5
3.460000E-3	0.000000E+0	3.659320E+5
3.480000E-3	0.000000E+0	3.649790E+5
3.500000E-3	0.000000E+0	3.655280E+5
3.520000E-3	0.000000E+0	3.646730E+5
3.540000E-3	0.000000E+0	3.653070E+5
3.560000E-3	0.000000E+0	3.648870E+5
3.580000E-3	0.000000E+0	3.645780E+5
3.600000E-3	0.000000E+0	3.646780E+5
3.620000E-3	0.000000E+0	3.638280E+5
3.640000E-3	0.000000E+0	3.656870E+5
3.660000E-3	0.000000E+0	3.647990E+5
3.680000E-3	0.000000E+0	3.648530E+5
3.700000E-3	0.000000E+0	3.644760E+5
3.720000E-3	0.000000E+0	3.653020E+5
3.740000E-3	0.000000E+0	3.646900E+5
3.760000E-3	0.000000E+0	3.649560E+5
3.780000E-3	0.000000E+0	3.644980E+5
3.800000E-3	0.000000E+0	3.646200E+5
3.820000E-3	0.000000E+0	3.644370E+5
3.840000E-3	0.000000E+0	3.651530E+5
3.860000E-3	0.000000E+0	3.649320E+5
3.880000E-3	0.000000E+0	3.643420E+5
3.900000E-3	0.000000E+0	3.659250E+5
3.920000E-3	0.000000E+0	3.662600E+5
3.940000E-3	0.000000E+0	3.659350E+5
3.960000E-3	0.000000E+0	3.660370E+5
3.980000E-3	0.000000E+0	3.652600E+5
4.000000E-3	0.000000E+0	3.653600E+5
4.020000E-3	0.000000E+0	3.656720E+5
4.040000E-3	0.000000E+0	3.647820E+5
4.060000E-3	0.000000E+0	3.659080E+5
4.080000E-3	0.000000E+0	3.652700E+5
4.100000E-3	0.000000E+0	3.653810E+5
4.120000E-3	0.000000E+0	3.651160E+5
4.140000E-3	0.000000E+0	3.646300E+5
4.160000E-3	0.000000E+0	3.661880E+5
4.180000E-3	0.000000E+0	3.646390E+5
4.200000E-3	0.000000E+0	3.653740E+5
4.220000E-3	0.000000E+0	3.651840E+5
4.240000E-3	0.000000E+0	3.651840E+5
4.260000E-3	0.000000E+0	3.647130E+5
4.280000E-3	0.000000E+0	3.659420E+5
4.300000E-3	0.000000E+0	3.652670E+5
4.320000E-3	0.000000E+0	3.647340E+5
4.340000E-3	0.000000E+0	3.646480E+5
4.360000E-3	0.000000E+0	3.646590E+5
4.380000E-3	0.000000E+0	3.646210E+5
4.400000E-3	0.000000E+0	3.652160E+5
4.420000E-3	0.000000E+0	3.650430E+5
4.440000E-3	0.000000E+0	3.646530E+5
4.460000E-3	0.000000E+0	3.648530E+5
4.480000E-3	0.000000E+0	3.645950E+5
4.500000E-3	0.000000E+0	3.652190E+5
4.520000E-3	0.000000E+0	3.644340E+5
4.540000E-3	0.000000E+0	3.644810E+5
4.560000E-3	0.000000E+0	3.640680E+5
4.580000E-3	0.000000E+0	3.648750E+5
4.600000E-3	0.000000E+0	3.647850E+5
4.620000E-3	0.000000E+0	3.644000E+5
4.640000E-3	0.000000E+0	3.652570E+5
4.660000E-3	0.000000E+0	3.648730E+5
4.680000E-3	0.000000E+0	3.649320E+5
4.700000E-3	0.000000E+0	3.654170E+5
4.720000E-3	0.000000E+0	3.654070E+5
4.740000E-3	0.000000E+0	3.639430E+5
4.760000E-3	0.000000E+0	3.654200E+5
4.780000E-3	0.000000E+0	3.642450E+5
4.800000E-3	0.000000E+0	3.646890E+5
4.820000E-3	0.000000E+0	3.644010E+5
4.840000E-3	0.000000E+0	3.646120E+5
4.860000E-3	0.000000E+0	3.634510E+5
4.880000E-3	0.000000E+0	3.624500E+5
4.900000E-3	0.000000E+0	3.626790E+5
4.920000E-3	0.000000E+0	3.605940E+5
4.940000E-3	0.000000E+0	3.594740E+5
4.960000E-3	0.000000E+0	3.598590E+5
4.980000E-3	0.000000E+0	3.599220E+5
5.000000E-3	0.000000E+0	3.582720E+5
5.020000E-3	0.000000E+0	3.581200E+5
5.040000E-3	0.000000E+0	3.563370E+5
5.060000E-3	0.000000E+0	3.553040E+5
5.080000E-3	0.000000E+0	3.548390E+5
5.100000E-3	0.000000E+0	3.550120E+5
5.120000E-3	0.000000E+0	3.546680E+5
5.140000E-3	0.000000E+0	3.558730E+5
5.160000E-3	0.000000E+0	3.570400E+5
5.180000E-3	0.000000E+0	3.581520E+5
5.200000E-3	0.000000E+0	3.592830E+5
5.220000E-3	0.000000E+0	3.600610E+5
5.240000E-3	0.000000E+0	3.602770E+5
5.260000E-3	0.000000E+0	3.626810E+5
5.280000E-3	0.000000E+0	3.612620E+5
5.300000E-3	0.000000E+0	3.627850E+5
5.320000E-3	0.000000E+0	3.642380E+5
5.340000E-3	0.000000E+0	3.638170E+5
5.360000E-3	0.000000E+0	3.651750E+5
5.380000E-3	0.000000E+0	3.638470E+5
5.400000E-3	0.000000E+0	3.651630E+5
5.420000E-3	0.000000E+0	3.641890E+5
5.440000E-3	0.000000E+0	3.639110E+5
5.460000E-3	0.000000E+0	3.636520E+5
5.480000E-3	0.000000E+0	3.631670E+5
5.500000E-3	0.000000E+0	3.639670E+5
5.520000E-3	0.000000E+0	3.629780E+5
5.540000E-3	0.000000E+0	3.626140E+5
5.560000E-3	0.000000E+0	3.610170E+5
5.580000E-3	0.000000E+0	3.606880E+5
5.600000E-3	0.000000E+0	3.588790E+5
5.620000E-3	0.000000E+0	3.592090E+5
5.640000E-3	0.000000E+0	3.600410E+5
5.660000E-3	0.000000E+0	3.582610E+5
5.680000E-3	0.000000E+0	3.581630E+5
5.700000E-3	0.000000E+0	3.566300E+5
5.720000E-3	0.000000E+0	3.558450E+5
5.740000E-3	0.000000E+0	3.556320E+5
5.760000E-3	0.000000E+0	3.559650E+5
5.780000E-3	0.000000E+0	3.565190E+5
5.800000E-3	0.000000E+0	3.570800E+5
5.820000E-3	0.000000E+0	3.581840E+5
5.840000E-3	0.000000E+0	3.593050E+5
5.860000E-3	0.000000E+0	3.601780E+5
5.880000E-3	0.000000E+0	3.614900E+5
5.900000E-3	0.000000E+0	3.628250E+5
5.920000E-3	0.000000E+0	3.636410E+5
5.940000E-3	0.000000E+0	3.628270E+5
5.960000E-3	0.000000E+0	3.635020E+5
5.980000E-3	0.000000E+0	3.645990E+5
6.000000E-3	0.000000E+0	3.640360E+5
6.020000E-3	0.000000E+0	3.646220E+5
6.040000E-3	0.000000E+0	3.650540E+5
6.060000E-3	0.000000E+0	3.647940E+5
6.080000E-3	0.000000E+0	3.648850E+5
6.100000E-3	0.000000E+0	3.645110E+5
6.120000E-3	0.000000E+0	3.652470E+5
6.140000E-3	0.000000E+0	3.648290E+5
6.160000E-3	0.000000E+0	3.644560E+5
6.180000E-3	0.000000E+0	3.652650E+5
6.200000E-3	0.000000E+0	3.649830E+5
6.220000E-3	0.000000E+0	3.653380E+5
6.240000E-3	0.000000E+0	3.644560E+5
6.260000E-3	0.000000E+0	3.644000E+5
6.280000E-3	0.000000E+0	3.663640E+5
6.300000E-3	0.000000E+0	3.656350E+5
6.320000E-3	0.000000E+0	3.652670E+5
6.340000E-3	0.000000E+0	3.654750E+5
6.360000E-3	0.000000E+0	3.644660E+5
6.380000E-3	0.000000E+0	3.653680E+5
6.400000E-3	0.000000E+0	3.646510E+5
6.420000E-3	0.000000E+0	3.644190E+5
6.440000E-3	0.000000E+0	3.663350E+5
6.460000E-3	0.000000E+0	3.651270E+5
6.480000E-3	0.000000E+0	3.648640E+5
6.500000E-3	0.000000E+0	3.645620E+5
6.520000E-3	0.000000E+0	3.652640E+5
6.540000E-3	0.000000E+0	3.646050E+5
6.560000E-3	0.000000E+0	3.657430E+5
6.580000E-3	0.000000E+0	3.647030E+5
6.600000E-3	0.000000E+0	3.656020E+5
6.620000E-3	0.000000E+0	3.650590E+5
6.640000E-3	0.000000E+0	3.645980E+5
6.660000E-3	0.000000E+0	3.645350E+5
6.680000E-3	0.000000E+0	3.650630E+5
6.700000E-3	0.000000E+0	3.654200E+5
6.720000E-3	0.000000E+0	3.651330E+5
6.740000E-3	0.000000E+0	3.655820E+5
6.760000E-3	0.000000E+0	3.659270E+5
6.780000E-3	0.000000E+0	3.643380E+5
6.800000E-3	0.000000E+0	3.655050E+5
6.820000E-3	0.000000E+0	3.653730E+5
6.840000E-3	0.000000E+0	3.648830E+5
6.860000E-3	0.000000E+0	3.652980E+5
6.880000E-3	0.000000E+0	3.656740E+5
6.900000E-3	0.000000E+0	3.639450E+5
6.920000E-3	0.000000E+0	3.643230E+5
6.940000E-3	0.000000E+0	3.651680E+5
6.960000E-3	0.000000E+0	3.634350E+5
6.980000E-3	0.000000E+0	3.649180E+5
7.000000E-3	0.000000E+0	3.648860E+5
7.020000E-3	0.000000E+0	3.650910E+5
7.040000E-3	0.000000E+0	3.653380E+5
7.060000E-3	0.000000E+0	3.654560E+5
7.080000E-3	0.000000E+0	3.651420E+5
7.100000E-3	0.000000E+0	3.647810E+5
7.120000E-3	0.000000E+0	3.654930E+5
7.140000E-3	0.000000E+0	3.651220E+5
7.160000E-3	0.000000E+0	3.657950E+5
7.180000E-3	0.000000E+0	3.647480E+5
7.200000E-3	0.000000E+0	3.655260E+5
7.220000E-3	0.000000E+0	3.655010E+5
7.240000E-3	0.000000E+0	3.653830E+5
7.260000E-3	0.000000E+0	3.648710E+5
7.280000E-3	0.000000E+0	3.650550E+5
7.300000E-3	0.000000E+0	3.646410E+5
7.320000E-3	0.000000E+0	3.655470E+5
7.340000E-3	0.000000E+0	3.657210E+5
7.360000E-3	0.000000E+0	3.653350E+5
7.380000E-3	0.000000E+0	3.656610E+5
7.400000E-3	0.000000E+0	3.647740E+5
7.420000E-3	0.000000E+0	3.651210E+5
7.440000E-3	0.000000E+0	3.651800E+5
7.460000E-3	0.000000E+0	3.656850E+5
7.480000E-3	0.000000E+0	3.649800E+5
7.500000E-3	0.000000E+0	3.656760E+5
7.520000E-3	0.000000E+0	3.657810E+5
7.540000E-3	0.000000E+0	3.654670E+5
7.560000E-3	0.000000E+0	3.658110E+5
7.580000E-3	0.000000E+0	3.653360E+5
7.600000E-3	0.000000E+0	3.645370E+5
7.620000E-3	0.000000E+0	3.656690E+5
7.640000E-3	0.000000E+0	3.661280E+5
7.660000E-3	0.000000E+0	3.650100E+5
7.680000E-3	0.000000E+0	3.648180E+5
7.700000E-3	0.000000E+0	3.646220E+5
7.720000E-3	0.000000E+0	3.654310E+5
7.740000E-3	0.000000E+0	3.648960E+5
7.760000E-3	0.000000E+0	3.647710E+5
7.780000E-3	0.000000E+0	3.664020E+5
7.800000E-3	0.000000E+0	3.650070E+5
7.820000E-3	0.000000E+0	3.650510E+5
7.840000E-3	0.000000E+0	3.661890E+5
7.860000E-3	0.000000E+0	3.650870E+5
7.880000E-3	0.000000E+0	3.651270E+5
7.900000E-3	0.000000E+0	3.649250E+5
7.920000E-3	0.000000E+0	3.646700E+5
7.940000E-3	0.000000E+0	3.661640E+5
7.960000E-3	0.000000E+0	3.660890E+5
7.980000E-3	0.000000E+0	3.663660E+5
8.000000E-3	0.000000E+0	3.656920E+5
8.020000E-3	0.000000E+0	3.654400E+5
8.040000E-3	0.000000E+0	3.640410E+5
8.060000E-3	0.000000E+0	3.648040E+5
8.080000E-3	0.000000E+0	3.657300E+5
8.100000E-3	0.000000E+0	3.656950E+5
8.120000E-3	0.000000E+0	3.652690E+5
8.140000E-3	0.000000E+0	3.646250E+5
8.160000E-3	0.000000E+0	3.654090E+5
8.180000E-3	0.000000E+0	3.650300E+5
8.200000E-3	0.000000E+0	3.655810E+5
8.220000E-3	0.000000E+0	3.650260E+5
8.240000E-3	0.000000E+0	3.655070E+5
8.260000E-3	0.000000E+0	3.667020E+5
8.280000E-3	0.000000E+0	3.646000E+5
8.300000E-3	0.000000E+0	3.655310E+5
8.320000E-3	0.000000E+0	3.645500E+5
8.340000E-3	0.000000E+0	3.649820E+5
8.360000E-3	0.000000E+0	3.650910E+5
8.380000E-3	0.000000E+0	3.635010E+5
8.400000E-3	0.000000E+0	3.648290E+5
8.420000E-3	0.000000E+0	3.651900E+5
8.440000E-3	0.000000E+0	3.657030E+5
8.460000E-3	0.000000E+0	3.657410E+5
8.480000E-3	0.000000E+0	3.664600E+5
8.500000E-3	0.000000E+0	3.641960E+5
8.520000E-3	0.000000E+0	3.660000E+5
8.540000E-3	0.000000E+0	3.654590E+5
8.560000E-3	0.000000E+0	3.653070E+5
8.580000E-3	0.000000E+0	3.667340E+5
8.600000E-3	0.000000E+0	3.648830E+5
8.620000E-3	0.000000E+0	3.663500E+5
8.640000E-3	0.000000E+0	3.650710E+5
8.660000E-3	0.000000E+0	3.650860E+5
8.680000E-3	0.000000E+0	3.654340E+5
8.700000E-3	0.000000E+0	3.636130E+5
8.720000E-3	0.000000E+0	3.658220E+5
8.740000E-3	0.000000E+0	3.644100E+5
8.760000E-3	0.000000E+0	3.651830E+5
8.780000E-3	0.000000E+0	3.655630E+5
8.800000E-3	0.000000E+0	3.659920E+5
8.820000E-3	0.000000E+0	3.654930E+5
8.840000E-3	0.000000E+0	3.648560E+5
8.860000E-3	0.000000E+0	3.664160E+5
8.880000E-3	0.000000E+0	3.649600E+5
8.900000E-3	0.000000E+0	3.658000E+5
8.920000E-3	0.000000E+0	3.644810E+5
8.940000E-3	0.000000E+0	3.644110E+5
8.960000E-3	0.000000E+0	3.658540E+5
8.980000E-3	0.000000E+0	3.648170E+5
9.000000E-3	0.000000E+0	3.644550E+5
9.020000E-3	0.000000E+0	3.642080E+5
9.040000E-3	0.000000E+0	3.655830E+5
9.060000E-3	0.000000E+0	3.671330E+5
9.080000E-3	0.000000E+0	3.655320E+5
9.100000E-3	0.000000E+0	3.660150E+5
9.120000E-3	0.000000E+0	3.647700E+5
9.140000E-3	0.000000E+0	3.654550E+5
9.160000E-3	0.000000E+0	3.657480E+5
9.180000E-3	0.000000E+0	3.642330E+5
9.200000E-3	0.000000E+0	3.649820E+5
9.220000E-3	0.000000E+0	3.654240E+5
9.240000E-3	0.000000E+0	3.656760E+5
9.260000E-3	0.000000E+0	3.661120E+5
9.280000E-3	0.000000E+0	3.664750E+5
9.300000E-3	0.000000E+0	3.656110E+5
9.320000E-3	0.000000E+0	3.648330E+5
9.340000E-3	0.000000E+0	3.655020E+5
9.360000E-3	0.000000E+0	3.646840E+5
9.380000E-3	0.000000E+0	3.662680E+5
9.400000E-3	0.000000E+0	3.659300E+5
9.420000E-3	0.000000E+0	3.663440E+5
9.440000E-3	0.000000E+0	3.651380E+5
9.460000E-3	0.000000E+0	3.663820E+5
9.480000E-3	0.000000E+0	3.652840E+5
9.500000E-3	0.000000E+0	3.642150E+5
9.520000E-3	0.000000E+0	3.659410E+5
9.540000E-3	0.000000E+0	3.644530E+5
9.560000E-3	0.000000E+0	3.650240E+5
9.580000E-3	0.000000E+0	3.653210E+5
9.600000E-3	0.000000E+0	3.656220E+5
9.620000E-3	0.000000E+0	3.650270E+5
9.640000E-3	0.000000E+0	3.648400E+5
9.660000E-3	0.000000E+0	3.656380E+5
9.680000E-3	0.000000E+0	3.642060E+5
9.700000E-3	0.000000E+0	3.648830E+5
9.720000E-3	0.000000E+0	3.656240E+5
9.740000E-3	0.000000E+0	3.654740E+5
9.760000E-3	0.000000E+0	3.650810E+5
9.780000E-3	0.000000E+0	3.655460E+5
9.800000E-3	0.000000E+0	3.658430E+5
9.820000E-3	0.000000E+0	3.662790E+5
9.840000E-3	0.000000E+0	3.654430E+5
9.860000E-3	0.000000E+0	3.649900E+5
9.880000E-3	0.000000E+0	3.661810E+5
9.900000E-3	0.000000E+0	3.659940E+5
9.920000E-3	0.000000E+0	3.644810E+5
9.940000E-3	0.000000E+0	3.641110E+5
9.960000E-3	0.000000E+0	3.646000E+5
9.980000E-3	0.000000E+0	3.662890E+5
1.000000E-2	0.000000E+0	3.648200E+5
1.002000E-2	0.000000E+0	3.653060E+5
1.004000E-2	0.000000E+0	3.658720E+5
1.006000E-2	0.000000E+0	3.659990E+5
1.008000E-2	0.000000E+0	3.651230E+5
1.010000E-2	0.000000E+0	3.651480E+5
1.012000E-2	0.000000E+0	3.664820E+5
1.014000E-2	0.000000E+0	3.670300E+5
1.016000E-2	0.000000E+0	3.658570E+5
1.018000E-2	0.000000E+0	3.653950E+5
1.020000E-2	0.000000E+0	3.662140E+5
1.022000E-2	0.000000E+0	3.652830E+5
1.024000E-2	0.000000E+0	3.649770E+5
1.026000E-2	0.000000E+0	3.666920E+5
1.028000E-2	0.000000E+0	3.652000E+5
1.030000E-2	0.000000E+0	3.659830E+5
1.032000E-2	0.000000E+0	3.647360E+5
1.034000E-2	0.000000E+0	3.659780E+5
1.036000E-2	0.000000E+0	3.653000E+5
1.038000E-2	0.000000E+0	3.660040E+5
1.040000E-2	0.000000E+0	3.650930E+5
1.042000E-2	0.000000E+0	3.652100E+5
1.044000E-2	0.000000E+0	3.653010E+5
1.046000E-2	0.000000E+0	3.657700E+5
1.048000E-2	0.000000E+0	3.661360E+5
1.050000E-2	0.000000E+0	3.652290E+5
1.052000E-2	0.000000E+0	3.659760E+5
1.054000E-2	0.000000E+0	3.667790E+5
1.056000E-2	0.000000E+0	3.648320E+5
1.058000E-2	0.000000E+0	3.660070E+5
1.060000E-2	0.000000E+0	3.649660E+5
1.062000E-2	0.000000E+0	3.651760E+5
1.064000E-2	0.000000E+0	3.656180E+5
1.066000E-2	0.000000E+0	3.654050E+5
1.068000E-2	0.000000E+0	3.657770E+5
1.070000E-2	0.000000E+0	3.646440E+5
1.072000E-2	0.000000E+0	3.654320E+5
1.074000E-2	0.000000E+0	3.659340E+5
1.076000E-2	0.000000E+0	3.662420E+5
1.078000E-2	0.000000E+0	3.662900E+5
1.080000E-2	0.000000E+0	3.661650E+5
1.082000E-2	0.000000E+0	3.669600E+5
1.084000E-2	0.000000E+0	3.652530E+5
1.086000E-2	0.000000E+0	3.655200E+5
1.088000E-2	0.000000E+0	3.655070E+5
1.090000E-2	0.000000E+0	3.658710E+5
1.092000E-2	0.000000E+0	3.651710E+5
1.094000E-2	0.000000E+0	3.650440E+5
1.096000E-2	0.000000E+0	3.648840E+5
1.098000E-2	0.000000E+0	3.656920E+5
1.100000E-2	0.000000E+0	3.656140E+5
1.102000E-2	0.000000E+0	3.645910E+5
1.104000E-2	0.000000E+0	3.661820E+5
1.106000E-2	0.000000E+0	3.655510E+5
1.108000E-2	0.000000E+0	3.661550E+5
1.110000E-2	0.000000E+0	3.651250E+5
1.112000E-2	0.000000E+0	3.653930E+5
1.114000E-2	0.000000E+0	3.657850E+5
1.116000E-2	0.000000E+0	3.632800E+5
1.118000E-2	0.000000E+0	3.657930E+5
1.120000E-2	0.000000E+0	3.656330E+5
1.122000E-2	0.000000E+0	3.669830E+5
1.124000E-2	0.000000E+0	3.662790E+5
1.126000E-2	0.000000E+0	3.644960E+5
1.128000E-2	0.000000E+0	3.648570E+5
1.130000E-2	0.000000E+0	3.652950E+5
1.132000E-2	0.000000E+0	3.662160E+5
1.134000E-2	0.000000E+0	3.648770E+5
1.136000E-2	0.000000E+0	3.664370E+5
1.138000E-2	0.000000E+0	3.650890E+5
1.140000E-2	0.000000E+0	3.667610E+5
1.142000E-2	0.000000E+0	3.650400E+5
1.144000E-2	0.000000E+0	3.662460E+5
1.146000E-2	0.000000E+0	3.651480E+5
1.148000E-2	0.000000E+0	3.657350E+5
1.150000E-2	0.000000E+0	3.652010E+5
1.152000E-2	0.000000E+0	3.649080E+5
1.154000E-2	0.000000E+0	3.650840E+5
1.156000E-2	0.000000E+0	3.659940E+5
1.158000E-2	0.000000E+0	3.647960E+5
1.160000E-2	0.000000E+0	3.654980E+5
1.162000E-2	0.000000E+0	3.653670E+5
1.164000E-2	0.000000E+0	3.669290E+5
1.166000E-2	0.000000E+0	3.673320E+5
1.168000E-2	0.000000E+0	3.665060E+5
1.170000E-2	0.000000E+0	3.665380E+5
1.172000E-2	0.000000E+0	3.661350E+5
1.174000E-2	0.000000E+0	3.655370E+5
1.176000E-2	0.000000E+0	3.658860E+5
1.178000E-2	0.000000E+0	3.650140E+5
1.180000E-2	0.000000E+0	3.659410E+5
1.182000E-2	0.000000E+0	3.661770E+5
1.184000E-2	0.000000E+0	3.656320E+5
1.186000E-2	0.000000E+0	3.651940E+5
1.188000E-2	0.000000E+0	3.648340E+5
1.190000E-2	0.000000E+0	3.646550E+5
1.192000E-2	0.000000E+0	3.650640E+5
1.194000E-2	0.000000E+0	3.666670E+5
1.196000E-2	0.000000E+0	3.652100E+5
1.198000E-2	0.000000E+0	3.662390E+5
1.200000E-2	0.000000E+0	3.651320E+5
1.202000E-2	0.000000E+0	3.656430E+5
1.204000E-2	0.000000E+0	3.654210E+5
1.206000E-2	0.000000E+0	3.654630E+5
1.208000E-2	0.000000E+0	3.665660E+5
1.210000E-2	0.000000E+0	3.659110E+5
1.212000E-2	0.000000E+0	3.660120E+5
1.214000E-2	0.000000E+0	3.644780E+5
1.216000E-2	0.000000E+0	3.651520E+5
1.218000E-2	0.000000E+0	3.654970E+5
1.220000E-2	0.000000E+0	3.644030E+5
1.222000E-2	0.000000E+0	3.658560E+5
1.224000E-2	0.000000E+0	3.657170E+5
1.226000E-2	0.000000E+0	3.655550E+5
1.228000E-2	0.000000E+0	3.659870E+5
1.230000E-2	0.000000E+0	3.659050E+5
1.232000E-2	0.000000E+0	3.659600E+5
1.234000E-2	0.000000E+0	3.656170E+5
1.236000E-2	0.000000E+0	3.651220E+5
1.238000E-2	0.000000E+0	3.663700E+5
1.240000E-2	0.000000E+0	3.663300E+5
1.242000E-2	0.000000E+0	3.659020E+5
1.244000E-2	0.000000E+0	3.664870E+5
1.246000E-2	0.000000E+0	3.652080E+5
1.248000E-2	0.000000E+0	3.660860E+5
1.250000E-2	0.000000E+0	3.652290E+5
1.252000E-2	0.000000E+0	3.666560E+5
1.254000E-2	0.000000E+0	3.658250E+5
1.256000E-2	0.000000E+0	3.652860E+5
1.258000E-2	0.000000E+0	3.667780E+5
1.260000E-2	0.000000E+0	3.665520E+5
1.262000E-2	0.000000E+0	3.647660E+5
1.264000E-2	0.000000E+0	3.647850E+5
1.266000E-2	0.000000E+0	3.666890E+5
1.268000E-2	0.000000E+0	3.660030E+5
1.270000E-2	0.000000E+0	3.652040E+5
1.272000E-2	0.000000E+0	3.663970E+5
1.274000E-2	0.000000E+0	3.654700E+5
1.276000E-2	0.000000E+0	3.659950E+5
1.278000E-2	0.000000E+0	3.650200E+5
1.280000E-2	0.000000E+0	3.648640E+5
1.282000E-2	0.000000E+0	3.649030E+5
1.284000E-2	0.000000E+0	3.655420E+5
1.286000E-2	0.000000E+0	3.661610E+5
1.288000E-2	0.000000E+0	3.667450E+5
1.290000E-2	0.000000E+0	3.653040E+5
1.292000E-2	0.000000E+0	3.658720E+5
1.294000E-2	0.000000E+0	3.646460E+5
1.296000E-2	0.000000E+0	3.654310E+5
1.298000E-2	0.000000E+0	3.657050E+5
1.300000E-2	0.000000E+0	3.656630E+5
1.302000E-2	0.000000E+0	3.663010E+5
1.304000E-2	0.000000E+0	3.657340E+5
1.306000E-2	0.000000E+0	3.651790E+5
1.308000E-2	0.000000E+0	3.665900E+5
1.310000E-2	0.000000E+0	3.657390E+5
1.312000E-2	0.000000E+0	3.660880E+5
1.314000E-2	0.000000E+0	3.666300E+5
1.316000E-2	0.000000E+0	3.659580E+5
1.318000E-2	0.000000E+0	3.648530E+5
1.320000E-2	0.000000E+0	3.656800E+5
1.322000E-2	0.000000E+0	3.660420E+5
1.324000E-2	0.000000E+0	3.649650E+5
1.326000E-2	0.000000E+0	3.664770E+5
1.328000E-2	0.000000E+0	3.663780E+5
1.330000E-2	0.000000E+0	3.647310E+5
1.332000E-2	0.000000E+0	3.651990E+5
1.334000E-2	0.000000E+0	3.655510E+5
1.336000E-2	0.000000E+0	3.660020E+5
1.338000E-2	0.000000E+0	3.659130E+5
1.340000E-2	0.000000E+0	3.645470E+5
1.342000E-2	0.000000E+0	3.648400E+5
1.344000E-2	0.000000E+0	3.647380E+5
1.346000E-2	0.000000E+0	3.644580E+5
1.348000E-2	0.000000E+0	3.658690E+5
1.350000E-2	0.000000E+0	3.654610E+5
1.352000E-2	0.000000E+0	3.666090E+5
1.354000E-2	0.000000E+0	3.660730E+5
1.356000E-2	0.000000E+0	3.658860E+5
1.358000E-2	0.000000E+0	3.654450E+5
1.360000E-2	0.000000E+0	3.650920E+5
1.362000E-2	0.000000E+0	3.657630E+5
1.364000E-2	0.000000E+0	3.645120E+5
1.366000E-2	0.000000E+0	3.655280E+5
1.368000E-2	0.000000E+0	3.661450E+5
1.370000E-2	0.000000E+0	3.662060E+5
1.372000E-2	0.000000E+0	3.651960E+5
1.374000E-2	0.000000E+0	3.654090E+5
1.376000E-2	0.000000E+0	3.651500E+5
1.378000E-2	0.000000E+0	3.648550E+5
1.380000E-2	0.000000E+0	3.656570E+5
1.382000E-2	0.000000E+0	3.648260E+5
1.384000E-2	0.000000E+0	3.650460E+5
1.386000E-2	0.000000E+0	3.656460E+5
1.388000E-2	0.000000E+0	3.655070E+5
1.390000E-2	0.000000E+0	3.658300E+5
1.392000E-2	0.000000E+0	3.667260E+5
1.394000E-2	0.000000E+0	3.654070E+5
1.396000E-2	0.000000E+0	3.657540E+5
1.398000E-2	0.000000E+0	3.665570E+5
1.400000E-2	0.000000E+0	3.662140E+5
1.402000E-2	0.000000E+0	3.651660E+5
1.404000E-2	0.000000E+0	3.669010E+5
1.406000E-2	0.000000E+0	3.651150E+5
1.408000E-2	0.000000E+0	3.652290E+5
1.410000E-2	0.000000E+0	3.653880E+5
1.412000E-2	0.000000E+0	3.655060E+5
1.414000E-2	0.000000E+0	3.652490E+5
1.416000E-2	0.000000E+0	3.650680E+5
1.418000E-2	0.000000E+0	3.654380E+5
1.420000E-2	0.000000E+0	3.656530E+5
1.422000E-2	0.000000E+0	3.654480E+5
1.424000E-2	0.000000E+0	3.642490E+5
1.426000E-2	0.000000E+0	3.642080E+5
1.428000E-2	0.000000E+0	3.651450E+5
1.430000E-2	0.000000E+0	3.653060E+5
1.432000E-2	0.000000E+0	3.656830E+5
1.434000E-2	0.000000E+0	3.650840E+5
1.436000E-2	0.000000E+0	3.656310E+5
1.438000E-2	0.000000E+0	3.656740E+5
1.440000E-2	0.000000E+0	3.664880E+5
1.442000E-2	0.000000E+0	3.654290E+5
1.444000E-2	0.000000E+0	3.644190E+5
1.446000E-2	0.000000E+0	3.659770E+5
1.448000E-2	0.000000E+0	3.659470E+5
1.450000E-2	0.000000E+0	3.654800E+5
1.452000E-2	0.000000E+0	3.657040E+5
1.454000E-2	0.000000E+0	3.651730E+5
1.456000E-2	0.000000E+0	3.661790E+5
1.458000E-2	0.000000E+0	3.646150E+5
1.460000E-2	0.000000E+0	3.665450E+5
1.462000E-2	0.000000E+0	3.641700E+5
1.464000E-2	0.000000E+0	3.662310E+5
1.466000E-2	0.000000E+0	3.654510E+5
1.468000E-2	0.000000E+0	3.662790E+5
1.470000E-2	0.000000E+0	3.652230E+5
1.472000E-2	0.000000E+0	3.647510E+5
1.474000E-2	0.000000E+0	3.653320E+5
1.476000E-2	0.000000E+0	3.665410E+5
1.478000E-2	0.000000E+0	3.663650E+5
1.480000E-2	0.000000E+0	3.652260E+5
1.482000E-2	0.000000E+0	3.644320E+5
1.484000E-2	0.000000E+0	3.664160E+5
1.486000E-2	0.000000E+0	3.650790E+5
1.488000E-2	0.000000E+0	3.647170E+5
1.490000E-2	0.000000E+0	3.641400E+5
1.492000E-2	0.000000E+0	3.635700E+5
1.494000E-2	0.000000E+0	3.619700E+5
1.496000E-2	0.000000E+0	3.610890E+5
1.498000E-2	0.000000E+0	3.613680E+5
1.500000E-2	0.000000E+0	3.602960E+5
1.502000E-2	0.000000E+0	3.599300E+5
1.504000E-2	0.000000E+0	3.588020E+5
1.506000E-2	0.000000E+0	3.588590E+5
1.508000E-2	0.000000E+0	3.577990E+5
1.510000E-2	0.000000E+0	3.564070E+5
1.512000E-2	0.000000E+0	3.556070E+5
1.514000E-2	0.000000E+0	3.557780E+5
1.516000E-2	0.000000E+0	3.560940E+5
1.518000E-2	0.000000E+0	3.569140E+5
1.520000E-2	0.000000E+0	3.579060E+5
1.522000E-2	0.000000E+0	3.594200E+5
1.524000E-2	0.000000E+0	3.615370E+5
1.526000E-2	0.000000E+0	3.617150E+5
1.528000E-2	0.000000E+0	3.634650E+5
1.530000E-2	0.000000E+0	3.626790E+5
1.532000E-2	0.000000E+0	3.637750E+5
1.534000E-2	0.000000E+0	3.647100E+5
1.536000E-2	0.000000E+0	3.640310E+5
1.538000E-2	0.000000E+0	3.653760E+5
1.540000E-2	0.000000E+0	3.647320E+5
1.542000E-2	0.000000E+0	3.647940E+5
1.544000E-2	0.000000E+0	3.644250E+5
1.546000E-2	0.000000E+0	3.645490E+5
1.548000E-2	0.000000E+0	3.645710E+5
1.550000E-2	0.000000E+0	3.640920E+5
1.552000E-2	0.000000E+0	3.651240E+5
1.554000E-2	0.000000E+0	3.641370E+5
1.556000E-2	0.000000E+0	3.622990E+5
1.558000E-2	0.000000E+0	3.614410E+5
1.560000E-2	0.000000E+0	3.620880E+5
1.562000E-2	0.000000E+0	3.607180E+5
1.564000E-2	0.000000E+0	3.599710E+5
1.566000E-2	0.000000E+0	3.590470E+5
1.568000E-2	0.000000E+0	3.584740E+5
1.570000E-2	0.000000E+0	3.585440E+5
1.572000E-2	0.000000E+0	3.575740E+5
1.574000E-2	0.000000E+0	3.569890E+5
1.576000E-2	0.000000E+0	3.566440E+5
1.578000E-2	0.000000E+0	3.543050E+5
1.580000E-2	0.000000E+0	3.557790E+5
1.582000E-2	0.000000E+0	3.563010E+5
1.584000E-2	0.000000E+0	3.575200E+5
1.586000E-2	0.000000E+0	3.587400E+5
1.588000E-2	0.000000E+0	3.603960E+5
1.590000E-2	0.000000E+0	3.611700E+5
1.592000E-2	0.000000E+0	3.617380E+5
1.594000E-2	0.000000E+0	3.621960E+5
1.596000E-2	0.000000E+0	3.633600E+5
1.598000E-2	0.000000E+0	3.648060E+5
1.600000E-2	0.000000E+0	3.660830E+5
1.602000E-2	0.000000E+0	3.650190E+5
1.604000E-2	0.000000E+0	3.645240E+5
1.606000E-2	0.000000E+0	3.645240E+5
1.608000E-2	0.000000E+0	3.649590E+5
1.610000E-2	0.000000E+0	3.656850E+5
1.612000E-2	0.000000E+0	3.656490E+5
1.614000E-2	0.000000E+0	3.654920E+5
1.616000E-2	0.000000E+0	3.661200E+5
1.618000E-2	0.000000E+0	3.652510E+5
1.620000E-2	0.000000E+0	3.651950E+5
1.622000E-2	0.000000E+0	3.650830E+5
1.624000E-2	0.000000E+0	3.651810E+5
1.626000E-2	0.000000E+0	3.652370E+5
1.628000E-2	0.000000E+0	3.665920E+5
1.630000E-2	0.000000E+0	3.653340E+5
1.632000E-2	0.000000E+0	3.660070E+5
1.634000E-2	0.000000E+0	3.660890E+5
1.636000E-2	0.000000E+0	3.666090E+5
1.638000E-2	0.000000E+0	3.657340E+5
1.640000E-2	0.000000E+0	3.655510E+5
1.642000E-2	0.000000E+0	3.652560E+5
1.644000E-2	0.000000E+0	3.650210E+5
1.646000E-2	0.000000E+0	3.656050E+5
1.648000E-2	0.000000E+0	3.644400E+5
1.650000E-2	0.000000E+0	3.655650E+5
1.652000E-2	0.000000E+0	3.663920E+5
1.654000E-2	0.000000E+0	3.653250E+5
1.656000E-2	0.000000E+0	3.650880E+5
1.658000E-2	0.000000E+0	3.656240E+5
1.660000E-2	0.000000E+0	3.659070E+5
1.662000E-2	0.000000E+0	3.651620E+5
1.664000E-2	0.000000E+0	3.656530E+5
1.666000E-2	0.000000E+0	3.656840E+5
1.668000E-2	0.000000E+0	3.645660E+5
1.670000E-2	0.000000E+0	3.650750E+5
1.672000E-2	0.000000E+0	3.657720E+5
1.674000E-2	0.000000E+0	3.649300E+5
1.676000E-2	0.000000E+0	3.648090E+5
1.678000E-2	0.000000E+0	3.645000E+5
1.680000E-2	0.000000E+0	3.657610E+5
1.682000E-2	0.000000E+0	3.651060E+5
1.684000E-2	0.000000E+0	3.660130E+5
1.686000E-2	0.000000E+0	3.665390E+5
1.688000E-2	0.000000E+0	3.656600E+5
1.690000E-2	0.000000E+0	3.650980E+5
1.692000E-2	0.000000E+0	3.657190E+5
1.694000E-2	0.000000E+0	3.652760E+5
1.696000E-2	0.000000E+0	3.643310E+5
1.698000E-2	0.000000E+0	3.646240E+5
1.700000E-2	0.000000E+0	3.654820E+5
1.702000E-2	0.000000E+0	3.658780E+5
1.704000E-2	0.000000E+0	3.657940E+5
1.706000E-2	0.000000E+0	3.669400E+5
1.708000E-2	0.000000E+0	3.656260E+5
1.710000E-2	0.000000E+0	3.657550E+5
1.712000E-2	0.000000E+0	3.653800E+5
1.714000E-2	0.000000E+0	3.651320E+5
1.716000E-2	0.000000E+0	3.659940E+5
1.718000E-2	0.000000E+0	3.654010E+5
1.720000E-2	0.000000E+0	3.660160E+5
1.722000E-2	0.000000E+0	3.662490E+5
1.724000E-2	0.000000E+0	3.654810E+5
1.726000E-2	0.000000E+0	3.651090E+5
1.728000E-2	0.000000E+0	3.652260E+5
1.730000E-2	0.000000E+0	3.651950E+5
1.732000E-2	0.000000E+0	3.648860E+5
1.734000E-2	0.000000E+0	3.654220E+5
1.736000E-2	0.000000E+0	3.666410E+5
1.738000E-2	0.000000E+0	3.665330E+5
1.740000E-2	0.000000E+0	3.657430E+5
1.742000E-2	0.000000E+0	3.642150E+5
1.744000E-2	0.000000E+0	3.657900E+5
1.746000E-2	0.000000E+0	3.656940E+5
1.748000E-2	0.000000E+0	3.655970E+5
1.750000E-2	0.000000E+0	3.655350E+5
1.752000E-2	0.000000E+0	3.659240E+5
1.754000E-2	0.000000E+0	3.647940E+5
1.756000E-2	0.000000E+0	3.649080E+5
1.758000E-2	0.000000E+0	3.662460E+5
1.760000E-2	0.000000E+0	3.656040E+5
1.762000E-2	0.000000E+0	3.660340E+5
1.764000E-2	0.000000E+0	3.663660E+5
1.766000E-2	0.000000E+0	3.658420E+5
1.768000E-2	0.000000E+0	3.659170E+5
1.770000E-2	0.000000E+0	3.654840E+5
1.772000E-2	0.000000E+0	3.670150E+5
1.774000E-2	0.000000E+0	3.655050E+5
1.776000E-2	0.000000E+0	3.651060E+5
1.778000E-2	0.000000E+0	3.661530E+5
1.780000E-2	0.000000E+0	3.650970E+5
1.782000E-2	0.000000E+0	3.655830E+5
1.784000E-2	0.000000E+0	3.649550E+5
1.786000E-2	0.000000E+0	3.657130E+5
1.788000E-2	0.000000E+0	3.651320E+5
1.790000E-2	0.000000E+0	3.658700E+5
1.792000E-2	0.000000E+0	3.651040E+5
1.794000E-2	0.000000E+0	3.657870E+5
1.796000E-2	0.000000E+0	3.662940E+5
1.798000E-2	0.000000E+0	3.663660E+5
1.800000E-2	0.000000E+0	3.647840E+5
1.802000E-2	0.000000E+0	3.653640E+5
1.804000E-2	0.000000E+0	3.648270E+5
1.806000E-2	0.000000E+0	3.655050E+5
1.808000E-2	0.000000E+0	3.653580E+5
1.810000E-2	0.000000E+0	3.659920E+5
1.812000E-2	0.000000E+0	3.661780E+5
1.814000E-2	0.000000E+0	3.663700E+5
1.816000E-2	0.000000E+0	3.663080E+5
1.818000E-2	0.000000E+0	3.654410E+5
1.820000E-2	0.000000E+0	3.665540E+5
1.822000E-2	0.000000E+0	3.651220E+5
1.824000E-2	0.000000E+0	3.656080E+5
1.826000E-2	0.000000E+0	3.660250E+5
1.828000E-2	0.000000E+0	3.652420E+5
1.830000E-2	0.000000E+0	3.649490E+5
1.832000E-2	0.000000E+0	3.656590E+5
1.834000E-2	0.000000E+0	3.651270E+5
1.836000E-2	0.000000E+0	3.663370E+5
1.838000E-2	0.000000E+0	3.654350E+5
1.840000E-2	0.000000E+0	3.651460E+5
1.842000E-2	0.000000E+0	3.653020E+5
1.844000E-2	0.000000E+0	3.652030E+5
1.846000E-2	0.000000E+0	3.645340E+5
1.848000E-2	0.000000E+0	3.664780E+5
1.850000E-2	0.000000E+0	3.661560E+5
1.852000E-2	0.000000E+0	3.663350E+5
1.854000E-2	0.000000E+0	3.668280E+5
1.856000E-2	0.000000E+0	3.647680E+5
1.858000E-2	0.000000E+0	3.653400E+5
1.860000E-2	0.000000E+0	3.658850E+5
1.862000E-2	0.000000E+0	3.652310E+5
1.864000E-2	0.000000E+0	3.646060E+5
1.866000E-2	0.000000E+0	3.656300E+5
1.868000E-2	0.000000E+0	3.650370E+5
1.870000E-2	0.000000E+0	3.657640E+5
1.872000E-2	0.000000E+0	3.662660E+5
1.874000E-2	0.000000E+0	3.640920E+5
1.876000E-2	0.000000E+0	3.653310E+5
1.878000E-2	0.000000E+0	3.653670E+5
1.880000E-2	0.000000E+0	3.652920E+5
1.882000E-2	0.000000E+0	3.653230E+5
1.884000E-2	0.000000E+0	3.657850E+5
1.886000E-2	0.000000E+0	3.659190E+5
1.888000E-2	0.000000E+0	3.647840E+5
1.890000E-2	0.000000E+0	3.649270E+5
1.892000E-2	0.000000E+0	3.666070E+5
1.894000E-2	0.000000E+0	3.657590E+5
1.896000E-2	0.000000E+0	3.657850E+5
1.898000E-2	0.000000E+0	3.657640E+5
1.900000E-2	0.000000E+0	3.648470E+5
1.902000E-2	0.000000E+0	3.652910E+5
1.904000E-2	0.000000E+0	3.657120E+5
1.906000E-2	0.000000E+0	3.659070E+5
1.908000E-2	0.000000E+0	3.656700E+5
1.910000E-2	0.000000E+0	3.644260E+5
1.912000E-2	0.000000E+0	3.649310E+5
1.914000E-2	0.000000E+0	3.655500E+5
1.916000E-2	0.000000E+0	3.642890E+5
1.918000E-2	0.000000E+0	3.650000E+5
1.920000E-2	0.000000E+0	3.659830E+5
1.922000E-2	0.000000E+0	3.651540E+5
1.924000E-2	0.000000E+0	3.652950E+5
1.926000E-2	0.000000E+0	3.661980E+5
1.928000E-2	0.000000E+0	3.663450E+5
1.930000E-2	0.000000E+0	3.652660E+5
1.932000E-2	0.000000E+0	3.650380E+5
1.934000E-2	0.000000E+0	3.656640E+5
1.936000E-2	0.000000E+0	3.650380E+5
1.938000E-2	0.000000E+0	3.660350E+5
1.940000E-2	0.000000E+0	3.648050E+5
1.942000E-2	0.000000E+0	3.669280E+5
1.944000E-2	0.000000E+0	3.663240E+5
1.946000E-2	0.000000E+0	3.649470E+5
1.948000E-2	0.000000E+0	3.658030E+5
1.950000E-2	0.000000E+0	3.656010E+5
1.952000E-2	0.000000E+0	3.664310E+5
1.954000E-2	0.000000E+0	3.658170E+5
1.956000E-2	0.000000E+0	3.660760E+5
1.958000E-2	0.000000E+0	3.656400E+5
1.960000E-2	0.000000E+0	3.660070E+5
1.962000E-2	0.000000E+0	3.650040E+5
1.964000E-2	0.000000E+0	3.662350E+5
1.966000E-2	0.000000E+0	3.659020E+5
1.968000E-2	0.000000E+0	3.654150E+5
1.970000E-2	0.000000E+0	3.655390E+5
1.972000E-2	0.000000E+0	3.656710E+5
1.974000E-2	0.000000E+0	3.656790E+5
1.976000E-2	0.000000E+0	3.644210E+5
1.978000E-2	0.000000E+0	3.652150E+5
1.980000E-2	0.000000E+0	3.660760E+5
1.982000E-2	0.000000E+0	3.653870E+5
1.984000E-2	0.000000E+0	3.658840E+5
1.986000E-2	0.000000E+0	3.649250E+5
1.988000E-2	0.000000E+0	3.645290E+5
1.990000E-2	0.000000E+0	3.655620E+5
1.992000E-2	0.000000E+0	3.649750E+5
1.994000E-2	0.000000E+0	3.664670E+5
1.996000E-2	0.000000E+0	3.645280E+5
1.998000E-2	0.000000E+0	3.659180E+5
