

live time:  192101.640000
real time:  266407.093000
sweeps:  9605082.000000
0.000000E+0	0.000000E+0	0.000000E+0
2.000000E-5	0.000000E+0	4.210880E+5
4.000000E-5	0.000000E+0	4.215570E+5
6.000000E-5	0.000000E+0	4.211280E+5
8.000000E-5	0.000000E+0	4.213250E+5
1.000000E-4	0.000000E+0	4.201640E+5
1.200000E-4	0.000000E+0	4.213910E+5
1.400000E-4	0.000000E+0	4.215240E+5
1.600000E-4	0.000000E+0	4.212580E+5
1.800000E-4	0.000000E+0	4.211630E+5
2.000000E-4	0.000000E+0	4.211670E+5
2.200000E-4	0.000000E+0	4.213810E+5
2.400000E-4	0.000000E+0	4.199970E+5
2.600000E-4	0.000000E+0	4.199010E+5
2.800000E-4	0.000000E+0	4.208010E+5
3.000000E-4	0.000000E+0	4.223710E+5
3.200000E-4	0.000000E+0	4.209340E+5
3.400000E-4	0.000000E+0	4.209290E+5
3.600000E-4	0.000000E+0	4.219040E+5
3.800000E-4	0.000000E+0	4.206640E+5
4.000000E-4	0.000000E+0	4.201280E+5
4.200000E-4	0.000000E+0	4.210710E+5
4.400000E-4	0.000000E+0	4.206540E+5
4.600000E-4	0.000000E+0	4.218940E+5
4.800000E-4	0.000000E+0	4.205740E+5
5.000000E-4	0.000000E+0	4.208690E+5
5.200000E-4	0.000000E+0	4.212940E+5
5.400000E-4	0.000000E+0	4.205620E+5
5.600000E-4	0.000000E+0	4.203220E+5
5.800000E-4	0.000000E+0	4.209800E+5
6.000000E-4	0.000000E+0	4.217340E+5
6.200000E-4	0.000000E+0	4.206950E+5
6.400000E-4	0.000000E+0	4.221970E+5
6.600000E-4	0.000000E+0	4.202170E+5
6.800000E-4	0.000000E+0	4.206860E+5
7.000000E-4	0.000000E+0	4.212340E+5
7.200000E-4	0.000000E+0	4.222110E+5
7.400000E-4	0.000000E+0	4.201300E+5
7.600000E-4	0.000000E+0	4.204760E+5
7.800000E-4	0.000000E+0	4.195960E+5
8.000000E-4	0.000000E+0	4.217400E+5
8.200000E-4	0.000000E+0	4.209160E+5
8.400000E-4	0.000000E+0	4.205570E+5
8.600000E-4	0.000000E+0	4.218740E+5
8.800000E-4	0.000000E+0	4.204810E+5
9.000000E-4	0.000000E+0	4.222590E+5
9.200000E-4	0.000000E+0	4.205520E+5
9.400000E-4	0.000000E+0	4.212640E+5
9.600000E-4	0.000000E+0	4.199740E+5
9.800000E-4	0.000000E+0	4.223330E+5
1.000000E-3	0.000000E+0	4.212110E+5
1.020000E-3	0.000000E+0	4.207040E+5
1.040000E-3	0.000000E+0	4.205870E+5
1.060000E-3	0.000000E+0	4.206990E+5
1.080000E-3	0.000000E+0	4.207940E+5
1.100000E-3	0.000000E+0	4.200490E+5
1.120000E-3	0.000000E+0	4.216030E+5
1.140000E-3	0.000000E+0	4.199240E+5
1.160000E-3	0.000000E+0	4.207920E+5
1.180000E-3	0.000000E+0	4.205740E+5
1.200000E-3	0.000000E+0	4.211400E+5
1.220000E-3	0.000000E+0	4.217290E+5
1.240000E-3	0.000000E+0	4.210570E+5
1.260000E-3	0.000000E+0	4.208680E+5
1.280000E-3	0.000000E+0	4.210910E+5
1.300000E-3	0.000000E+0	4.196720E+5
1.320000E-3	0.000000E+0	4.221780E+5
1.340000E-3	0.000000E+0	4.212500E+5
1.360000E-3	0.000000E+0	4.205280E+5
1.380000E-3	0.000000E+0	4.221170E+5
1.400000E-3	0.000000E+0	4.209660E+5
1.420000E-3	0.000000E+0	4.212900E+5
1.440000E-3	0.000000E+0	4.208840E+5
1.460000E-3	0.000000E+0	4.199020E+5
1.480000E-3	0.000000E+0	4.220780E+5
1.500000E-3	0.000000E+0	4.209780E+5
1.520000E-3	0.000000E+0	4.208130E+5
1.540000E-3	0.000000E+0	4.213390E+5
1.560000E-3	0.000000E+0	4.212310E+5
1.580000E-3	0.000000E+0	4.213930E+5
1.600000E-3	0.000000E+0	4.208880E+5
1.620000E-3	0.000000E+0	4.207420E+5
1.640000E-3	0.000000E+0	4.203650E+5
1.660000E-3	0.000000E+0	4.210950E+5
1.680000E-3	0.000000E+0	4.207740E+5
1.700000E-3	0.000000E+0	4.201730E+5
1.720000E-3	0.000000E+0	4.213580E+5
1.740000E-3	0.000000E+0	4.221560E+5
1.760000E-3	0.000000E+0	4.217130E+5
1.780000E-3	0.000000E+0	4.219290E+5
1.800000E-3	0.000000E+0	4.218320E+5
1.820000E-3	0.000000E+0	4.204820E+5
1.840000E-3	0.000000E+0	4.199340E+5
1.860000E-3	0.000000E+0	4.210510E+5
1.880000E-3	0.000000E+0	4.208780E+5
1.900000E-3	0.000000E+0	4.202180E+5
1.920000E-3	0.000000E+0	4.206220E+5
1.940000E-3	0.000000E+0	4.206480E+5
1.960000E-3	0.000000E+0	4.213290E+5
1.980000E-3	0.000000E+0	4.215530E+5
2.000000E-3	0.000000E+0	4.205250E+5
2.020000E-3	0.000000E+0	4.209610E+5
2.040000E-3	0.000000E+0	4.203590E+5
2.060000E-3	0.000000E+0	4.216860E+5
2.080000E-3	0.000000E+0	4.219930E+5
2.100000E-3	0.000000E+0	4.218730E+5
2.120000E-3	0.000000E+0	4.216970E+5
2.140000E-3	0.000000E+0	4.198120E+5
2.160000E-3	0.000000E+0	4.200340E+5
2.180000E-3	0.000000E+0	4.210860E+5
2.200000E-3	0.000000E+0	4.217510E+5
2.220000E-3	0.000000E+0	4.215460E+5
2.240000E-3	0.000000E+0	4.204870E+5
2.260000E-3	0.000000E+0	4.210720E+5
2.280000E-3	0.000000E+0	4.211990E+5
2.300000E-3	0.000000E+0	4.213420E+5
2.320000E-3	0.000000E+0	4.211160E+5
2.340000E-3	0.000000E+0	4.205830E+5
2.360000E-3	0.000000E+0	4.211170E+5
2.380000E-3	0.000000E+0	4.222700E+5
2.400000E-3	0.000000E+0	4.196260E+5
2.420000E-3	0.000000E+0	4.207300E+5
2.440000E-3	0.000000E+0	4.203030E+5
2.460000E-3	0.000000E+0	4.211860E+5
2.480000E-3	0.000000E+0	4.225220E+5
2.500000E-3	0.000000E+0	4.206280E+5
2.520000E-3	0.000000E+0	4.215430E+5
2.540000E-3	0.000000E+0	4.200440E+5
2.560000E-3	0.000000E+0	4.211110E+5
2.580000E-3	0.000000E+0	4.205270E+5
2.600000E-3	0.000000E+0	4.218540E+5
2.620000E-3	0.000000E+0	4.207090E+5
2.640000E-3	0.000000E+0	4.198290E+5
2.660000E-3	0.000000E+0	4.217050E+5
2.680000E-3	0.000000E+0	4.205210E+5
2.700000E-3	0.000000E+0	4.211370E+5
2.720000E-3	0.000000E+0	4.192080E+5
2.740000E-3	0.000000E+0	4.211180E+5
2.760000E-3	0.000000E+0	4.207870E+5
2.780000E-3	0.000000E+0	4.207710E+5
2.800000E-3	0.000000E+0	4.207700E+5
2.820000E-3	0.000000E+0	4.207150E+5
2.840000E-3	0.000000E+0	4.200660E+5
2.860000E-3	0.000000E+0	4.218790E+5
2.880000E-3	0.000000E+0	4.211750E+5
2.900000E-3	0.000000E+0	4.213160E+5
2.920000E-3	0.000000E+0	4.199510E+5
2.940000E-3	0.000000E+0	4.211000E+5
2.960000E-3	0.000000E+0	4.208650E+5
2.980000E-3	0.000000E+0	4.200330E+5
3.000000E-3	0.000000E+0	4.210190E+5
3.020000E-3	0.000000E+0	4.209400E+5
3.040000E-3	0.000000E+0	4.215890E+5
3.060000E-3	0.000000E+0	4.224830E+5
3.080000E-3	0.000000E+0	4.210490E+5
3.100000E-3	0.000000E+0	4.199890E+5
3.120000E-3	0.000000E+0	4.211660E+5
3.140000E-3	0.000000E+0	4.215650E+5
3.160000E-3	0.000000E+0	4.203680E+5
3.180000E-3	0.000000E+0	4.212340E+5
3.200000E-3	0.000000E+0	4.205960E+5
3.220000E-3	0.000000E+0	4.216300E+5
3.240000E-3	0.000000E+0	4.219530E+5
3.260000E-3	0.000000E+0	4.215780E+5
3.280000E-3	0.000000E+0	4.213330E+5
3.300000E-3	0.000000E+0	4.205970E+5
3.320000E-3	0.000000E+0	4.211440E+5
3.340000E-3	0.000000E+0	4.202660E+5
3.360000E-3	0.000000E+0	4.201740E+5
3.380000E-3	0.000000E+0	4.198760E+5
3.400000E-3	0.000000E+0	4.208000E+5
3.420000E-3	0.000000E+0	4.220390E+5
3.440000E-3	0.000000E+0	4.203550E+5
3.460000E-3	0.000000E+0	4.213630E+5
3.480000E-3	0.000000E+0	4.206390E+5
3.500000E-3	0.000000E+0	4.208650E+5
3.520000E-3	0.000000E+0	4.202840E+5
3.540000E-3	0.000000E+0	4.207090E+5
3.560000E-3	0.000000E+0	4.207990E+5
3.580000E-3	0.000000E+0	4.199320E+5
3.600000E-3	0.000000E+0	4.206630E+5
3.620000E-3	0.000000E+0	4.187720E+5
3.640000E-3	0.000000E+0	4.216470E+5
3.660000E-3	0.000000E+0	4.208610E+5
3.680000E-3	0.000000E+0	4.205680E+5
3.700000E-3	0.000000E+0	4.201720E+5
3.720000E-3	0.000000E+0	4.206860E+5
3.740000E-3	0.000000E+0	4.204200E+5
3.760000E-3	0.000000E+0	4.208000E+5
3.780000E-3	0.000000E+0	4.201430E+5
3.800000E-3	0.000000E+0	4.201960E+5
3.820000E-3	0.000000E+0	4.202020E+5
3.840000E-3	0.000000E+0	4.206670E+5
3.860000E-3	0.000000E+0	4.203770E+5
3.880000E-3	0.000000E+0	4.199370E+5
3.900000E-3	0.000000E+0	4.215630E+5
3.920000E-3	0.000000E+0	4.223150E+5
3.940000E-3	0.000000E+0	4.216540E+5
3.960000E-3	0.000000E+0	4.217850E+5
3.980000E-3	0.000000E+0	4.210390E+5
4.000000E-3	0.000000E+0	4.209220E+5
4.020000E-3	0.000000E+0	4.214720E+5
4.040000E-3	0.000000E+0	4.203280E+5
4.060000E-3	0.000000E+0	4.213790E+5
4.080000E-3	0.000000E+0	4.211400E+5
4.100000E-3	0.000000E+0	4.213220E+5
4.120000E-3	0.000000E+0	4.205570E+5
4.140000E-3	0.000000E+0	4.200830E+5
4.160000E-3	0.000000E+0	4.215840E+5
4.180000E-3	0.000000E+0	4.201430E+5
4.200000E-3	0.000000E+0	4.210440E+5
4.220000E-3	0.000000E+0	4.207090E+5
4.240000E-3	0.000000E+0	4.207450E+5
4.260000E-3	0.000000E+0	4.199130E+5
4.280000E-3	0.000000E+0	4.215910E+5
4.300000E-3	0.000000E+0	4.210760E+5
4.320000E-3	0.000000E+0	4.203860E+5
4.340000E-3	0.000000E+0	4.200590E+5
4.360000E-3	0.000000E+0	4.205040E+5
4.380000E-3	0.000000E+0	4.202500E+5
4.400000E-3	0.000000E+0	4.211690E+5
4.420000E-3	0.000000E+0	4.206060E+5
4.440000E-3	0.000000E+0	4.205100E+5
4.460000E-3	0.000000E+0	4.203910E+5
4.480000E-3	0.000000E+0	4.198980E+5
4.500000E-3	0.000000E+0	4.205990E+5
4.520000E-3	0.000000E+0	4.197980E+5
4.540000E-3	0.000000E+0	4.194490E+5
4.560000E-3	0.000000E+0	4.200920E+5
4.580000E-3	0.000000E+0	4.208850E+5
4.600000E-3	0.000000E+0	4.205050E+5
4.620000E-3	0.000000E+0	4.200770E+5
4.640000E-3	0.000000E+0	4.210870E+5
4.660000E-3	0.000000E+0	4.209830E+5
4.680000E-3	0.000000E+0	4.203390E+5
4.700000E-3	0.000000E+0	4.209360E+5
4.720000E-3	0.000000E+0	4.208640E+5
4.740000E-3	0.000000E+0	4.197650E+5
4.760000E-3	0.000000E+0	4.215240E+5
4.780000E-3	0.000000E+0	4.197100E+5
4.800000E-3	0.000000E+0	4.202030E+5
4.820000E-3	0.000000E+0	4.198700E+5
4.840000E-3	0.000000E+0	4.198830E+5
4.860000E-3	0.000000E+0	4.184770E+5
4.880000E-3	0.000000E+0	4.180060E+5
4.900000E-3	0.000000E+0	4.180180E+5
4.920000E-3	0.000000E+0	4.150200E+5
4.940000E-3	0.000000E+0	4.145300E+5
4.960000E-3	0.000000E+0	4.142870E+5
4.980000E-3	0.000000E+0	4.144470E+5
5.000000E-3	0.000000E+0	4.128590E+5
5.020000E-3	0.000000E+0	4.119590E+5
5.040000E-3	0.000000E+0	4.099940E+5
5.060000E-3	0.000000E+0	4.093090E+5
5.080000E-3	0.000000E+0	4.089410E+5
5.100000E-3	0.000000E+0	4.094860E+5
5.120000E-3	0.000000E+0	4.091720E+5
5.140000E-3	0.000000E+0	4.103660E+5
5.160000E-3	0.000000E+0	4.123380E+5
5.180000E-3	0.000000E+0	4.129400E+5
5.200000E-3	0.000000E+0	4.144350E+5
5.220000E-3	0.000000E+0	4.152380E+5
5.240000E-3	0.000000E+0	4.150680E+5
5.260000E-3	0.000000E+0	4.181550E+5
5.280000E-3	0.000000E+0	4.162940E+5
5.300000E-3	0.000000E+0	4.180710E+5
5.320000E-3	0.000000E+0	4.195810E+5
5.340000E-3	0.000000E+0	4.195700E+5
5.360000E-3	0.000000E+0	4.203350E+5
5.380000E-3	0.000000E+0	4.190630E+5
5.400000E-3	0.000000E+0	4.209880E+5
5.420000E-3	0.000000E+0	4.202210E+5
5.440000E-3	0.000000E+0	4.194850E+5
5.460000E-3	0.000000E+0	4.190800E+5
5.480000E-3	0.000000E+0	4.187600E+5
5.500000E-3	0.000000E+0	4.192130E+5
5.520000E-3	0.000000E+0	4.181390E+5
5.540000E-3	0.000000E+0	4.176360E+5
5.560000E-3	0.000000E+0	4.155810E+5
5.580000E-3	0.000000E+0	4.154740E+5
5.600000E-3	0.000000E+0	4.130810E+5
5.620000E-3	0.000000E+0	4.140960E+5
5.640000E-3	0.000000E+0	4.151790E+5
5.660000E-3	0.000000E+0	4.131210E+5
5.680000E-3	0.000000E+0	4.127070E+5
5.700000E-3	0.000000E+0	4.108160E+5
5.720000E-3	0.000000E+0	4.099770E+5
5.740000E-3	0.000000E+0	4.099680E+5
5.760000E-3	0.000000E+0	4.107090E+5
5.780000E-3	0.000000E+0	4.108660E+5
5.800000E-3	0.000000E+0	4.116980E+5
5.820000E-3	0.000000E+0	4.135390E+5
5.840000E-3	0.000000E+0	4.146450E+5
5.860000E-3	0.000000E+0	4.150660E+5
5.880000E-3	0.000000E+0	4.165610E+5
5.900000E-3	0.000000E+0	4.178350E+5
5.920000E-3	0.000000E+0	4.193470E+5
5.940000E-3	0.000000E+0	4.184990E+5
5.960000E-3	0.000000E+0	4.191380E+5
5.980000E-3	0.000000E+0	4.201050E+5
6.000000E-3	0.000000E+0	4.200690E+5
6.020000E-3	0.000000E+0	4.200610E+5
6.040000E-3	0.000000E+0	4.204710E+5
6.060000E-3	0.000000E+0	4.203070E+5
6.080000E-3	0.000000E+0	4.204410E+5
6.100000E-3	0.000000E+0	4.195430E+5
6.120000E-3	0.000000E+0	4.207790E+5
6.140000E-3	0.000000E+0	4.204060E+5
6.160000E-3	0.000000E+0	4.199770E+5
6.180000E-3	0.000000E+0	4.210070E+5
6.200000E-3	0.000000E+0	4.204820E+5
6.220000E-3	0.000000E+0	4.209960E+5
6.240000E-3	0.000000E+0	4.196730E+5
6.260000E-3	0.000000E+0	4.201510E+5
6.280000E-3	0.000000E+0	4.221290E+5
6.300000E-3	0.000000E+0	4.216940E+5
6.320000E-3	0.000000E+0	4.212150E+5
6.340000E-3	0.000000E+0	4.210330E+5
6.360000E-3	0.000000E+0	4.202370E+5
6.380000E-3	0.000000E+0	4.213650E+5
6.400000E-3	0.000000E+0	4.202780E+5
6.420000E-3	0.000000E+0	4.198350E+5
6.440000E-3	0.000000E+0	4.222880E+5
6.460000E-3	0.000000E+0	4.207950E+5
6.480000E-3	0.000000E+0	4.201800E+5
6.500000E-3	0.000000E+0	4.203860E+5
6.520000E-3	0.000000E+0	4.207760E+5
6.540000E-3	0.000000E+0	4.202770E+5
6.560000E-3	0.000000E+0	4.216500E+5
6.580000E-3	0.000000E+0	4.201850E+5
6.600000E-3	0.000000E+0	4.213570E+5
6.620000E-3	0.000000E+0	4.207220E+5
6.640000E-3	0.000000E+0	4.207240E+5
6.660000E-3	0.000000E+0	4.200540E+5
6.680000E-3	0.000000E+0	4.207200E+5
6.700000E-3	0.000000E+0	4.210060E+5
6.720000E-3	0.000000E+0	4.207870E+5
6.740000E-3	0.000000E+0	4.213800E+5
6.760000E-3	0.000000E+0	4.216820E+5
6.780000E-3	0.000000E+0	4.201890E+5
6.800000E-3	0.000000E+0	4.212200E+5
6.820000E-3	0.000000E+0	4.210960E+5
6.840000E-3	0.000000E+0	4.205260E+5
6.860000E-3	0.000000E+0	4.208910E+5
6.880000E-3	0.000000E+0	4.217520E+5
6.900000E-3	0.000000E+0	4.200120E+5
6.920000E-3	0.000000E+0	4.197080E+5
6.940000E-3	0.000000E+0	4.212080E+5
6.960000E-3	0.000000E+0	4.193100E+5
6.980000E-3	0.000000E+0	4.209070E+5
7.000000E-3	0.000000E+0	4.207150E+5
7.020000E-3	0.000000E+0	4.212920E+5
7.040000E-3	0.000000E+0	4.211660E+5
7.060000E-3	0.000000E+0	4.211460E+5
7.080000E-3	0.000000E+0	4.209690E+5
7.100000E-3	0.000000E+0	4.207590E+5
7.120000E-3	0.000000E+0	4.208970E+5
7.140000E-3	0.000000E+0	4.208270E+5
7.160000E-3	0.000000E+0	4.209900E+5
7.180000E-3	0.000000E+0	4.201370E+5
7.200000E-3	0.000000E+0	4.209830E+5
7.220000E-3	0.000000E+0	4.212440E+5
7.240000E-3	0.000000E+0	4.209820E+5
7.260000E-3	0.000000E+0	4.206050E+5
7.280000E-3	0.000000E+0	4.207240E+5
7.300000E-3	0.000000E+0	4.204230E+5
7.320000E-3	0.000000E+0	4.215250E+5
7.340000E-3	0.000000E+0	4.216940E+5
7.360000E-3	0.000000E+0	4.204030E+5
7.380000E-3	0.000000E+0	4.214950E+5
7.400000E-3	0.000000E+0	4.210770E+5
7.420000E-3	0.000000E+0	4.208390E+5
7.440000E-3	0.000000E+0	4.210220E+5
7.460000E-3	0.000000E+0	4.215830E+5
7.480000E-3	0.000000E+0	4.207000E+5
7.500000E-3	0.000000E+0	4.213460E+5
7.520000E-3	0.000000E+0	4.213100E+5
7.540000E-3	0.000000E+0	4.208590E+5
7.560000E-3	0.000000E+0	4.212580E+5
7.580000E-3	0.000000E+0	4.213080E+5
7.600000E-3	0.000000E+0	4.203320E+5
7.620000E-3	0.000000E+0	4.209690E+5
7.640000E-3	0.000000E+0	4.216420E+5
7.660000E-3	0.000000E+0	4.202540E+5
7.680000E-3	0.000000E+0	4.209070E+5
7.700000E-3	0.000000E+0	4.200810E+5
7.720000E-3	0.000000E+0	4.212150E+5
7.740000E-3	0.000000E+0	4.201260E+5
7.760000E-3	0.000000E+0	4.206000E+5
7.780000E-3	0.000000E+0	4.218090E+5
7.800000E-3	0.000000E+0	4.206370E+5
7.820000E-3	0.000000E+0	4.204300E+5
7.840000E-3	0.000000E+0	4.218930E+5
7.860000E-3	0.000000E+0	4.209320E+5
7.880000E-3	0.000000E+0	4.208140E+5
7.900000E-3	0.000000E+0	4.206030E+5
7.920000E-3	0.000000E+0	4.207040E+5
7.940000E-3	0.000000E+0	4.218690E+5
7.960000E-3	0.000000E+0	4.221050E+5
7.980000E-3	0.000000E+0	4.220500E+5
8.000000E-3	0.000000E+0	4.212940E+5
8.020000E-3	0.000000E+0	4.210190E+5
8.040000E-3	0.000000E+0	4.198900E+5
8.060000E-3	0.000000E+0	4.205170E+5
8.080000E-3	0.000000E+0	4.214580E+5
8.100000E-3	0.000000E+0	4.219380E+5
8.120000E-3	0.000000E+0	4.212670E+5
8.140000E-3	0.000000E+0	4.201870E+5
8.160000E-3	0.000000E+0	4.212770E+5
8.180000E-3	0.000000E+0	4.203540E+5
8.200000E-3	0.000000E+0	4.210720E+5
8.220000E-3	0.000000E+0	4.205710E+5
8.240000E-3	0.000000E+0	4.214780E+5
8.260000E-3	0.000000E+0	4.224110E+5
8.280000E-3	0.000000E+0	4.203260E+5
8.300000E-3	0.000000E+0	4.211330E+5
8.320000E-3	0.000000E+0	4.200730E+5
8.340000E-3	0.000000E+0	4.205720E+5
8.360000E-3	0.000000E+0	4.201560E+5
8.380000E-3	0.000000E+0	4.191100E+5
8.400000E-3	0.000000E+0	4.203020E+5
8.420000E-3	0.000000E+0	4.209710E+5
8.440000E-3	0.000000E+0	4.215460E+5
8.460000E-3	0.000000E+0	4.214560E+5
8.480000E-3	0.000000E+0	4.217950E+5
8.500000E-3	0.000000E+0	4.198470E+5
8.520000E-3	0.000000E+0	4.217420E+5
8.540000E-3	0.000000E+0	4.214270E+5
8.560000E-3	0.000000E+0	4.206630E+5
8.580000E-3	0.000000E+0	4.222690E+5
8.600000E-3	0.000000E+0	4.209830E+5
8.620000E-3	0.000000E+0	4.218480E+5
8.640000E-3	0.000000E+0	4.208930E+5
8.660000E-3	0.000000E+0	4.206000E+5
8.680000E-3	0.000000E+0	4.213040E+5
8.700000E-3	0.000000E+0	4.193400E+5
8.720000E-3	0.000000E+0	4.217060E+5
8.740000E-3	0.000000E+0	4.200920E+5
8.760000E-3	0.000000E+0	4.208710E+5
8.780000E-3	0.000000E+0	4.212350E+5
8.800000E-3	0.000000E+0	4.216510E+5
8.820000E-3	0.000000E+0	4.213100E+5
8.840000E-3	0.000000E+0	4.203620E+5
8.860000E-3	0.000000E+0	4.225960E+5
8.880000E-3	0.000000E+0	4.203690E+5
8.900000E-3	0.000000E+0	4.208720E+5
8.920000E-3	0.000000E+0	4.198270E+5
8.940000E-3	0.000000E+0	4.199820E+5
8.960000E-3	0.000000E+0	4.218830E+5
8.980000E-3	0.000000E+0	4.207910E+5
9.000000E-3	0.000000E+0	4.206150E+5
9.020000E-3	0.000000E+0	4.194690E+5
9.040000E-3	0.000000E+0	4.212310E+5
9.060000E-3	0.000000E+0	4.230420E+5
9.080000E-3	0.000000E+0	4.209690E+5
9.100000E-3	0.000000E+0	4.217560E+5
9.120000E-3	0.000000E+0	4.202660E+5
9.140000E-3	0.000000E+0	4.209420E+5
9.160000E-3	0.000000E+0	4.213110E+5
9.180000E-3	0.000000E+0	4.199950E+5
9.200000E-3	0.000000E+0	4.207190E+5
9.220000E-3	0.000000E+0	4.209230E+5
9.240000E-3	0.000000E+0	4.216600E+5
9.260000E-3	0.000000E+0	4.222270E+5
9.280000E-3	0.000000E+0	4.221420E+5
9.300000E-3	0.000000E+0	4.215850E+5
9.320000E-3	0.000000E+0	4.206590E+5
9.340000E-3	0.000000E+0	4.207840E+5
9.360000E-3	0.000000E+0	4.207210E+5
9.380000E-3	0.000000E+0	4.221360E+5
9.400000E-3	0.000000E+0	4.212900E+5
9.420000E-3	0.000000E+0	4.220520E+5
9.440000E-3	0.000000E+0	4.204340E+5
9.460000E-3	0.000000E+0	4.217890E+5
9.480000E-3	0.000000E+0	4.210810E+5
9.500000E-3	0.000000E+0	4.198480E+5
9.520000E-3	0.000000E+0	4.216970E+5
9.540000E-3	0.000000E+0	4.197700E+5
9.560000E-3	0.000000E+0	4.207890E+5
9.580000E-3	0.000000E+0	4.210310E+5
9.600000E-3	0.000000E+0	4.211330E+5
9.620000E-3	0.000000E+0	4.204320E+5
9.640000E-3	0.000000E+0	4.204310E+5
9.660000E-3	0.000000E+0	4.218350E+5
9.680000E-3	0.000000E+0	4.197520E+5
9.700000E-3	0.000000E+0	4.204100E+5
9.720000E-3	0.000000E+0	4.215910E+5
9.740000E-3	0.000000E+0	4.208490E+5
9.760000E-3	0.000000E+0	4.206340E+5
9.780000E-3	0.000000E+0	4.213880E+5
9.800000E-3	0.000000E+0	4.216080E+5
9.820000E-3	0.000000E+0	4.217120E+5
9.840000E-3	0.000000E+0	4.213370E+5
9.860000E-3	0.000000E+0	4.200760E+5
9.880000E-3	0.000000E+0	4.221770E+5
9.900000E-3	0.000000E+0	4.223690E+5
9.920000E-3	0.000000E+0	4.207740E+5
9.940000E-3	0.000000E+0	4.200290E+5
9.960000E-3	0.000000E+0	4.199240E+5
9.980000E-3	0.000000E+0	4.221180E+5
1.000000E-2	0.000000E+0	4.204080E+5
1.002000E-2	0.000000E+0	4.207460E+5
1.004000E-2	0.000000E+0	4.215990E+5
1.006000E-2	0.000000E+0	4.212490E+5
1.008000E-2	0.000000E+0	4.209020E+5
1.010000E-2	0.000000E+0	4.207690E+5
1.012000E-2	0.000000E+0	4.220840E+5
1.014000E-2	0.000000E+0	4.227410E+5
1.016000E-2	0.000000E+0	4.214090E+5
1.018000E-2	0.000000E+0	4.211590E+5
1.020000E-2	0.000000E+0	4.215690E+5
1.022000E-2	0.000000E+0	4.209750E+5
1.024000E-2	0.000000E+0	4.204550E+5
1.026000E-2	0.000000E+0	4.222670E+5
1.028000E-2	0.000000E+0	4.205320E+5
1.030000E-2	0.000000E+0	4.217280E+5
1.032000E-2	0.000000E+0	4.205650E+5
1.034000E-2	0.000000E+0	4.220700E+5
1.036000E-2	0.000000E+0	4.211370E+5
1.038000E-2	0.000000E+0	4.217130E+5
1.040000E-2	0.000000E+0	4.205700E+5
1.042000E-2	0.000000E+0	4.209030E+5
1.044000E-2	0.000000E+0	4.207170E+5
1.046000E-2	0.000000E+0	4.218600E+5
1.048000E-2	0.000000E+0	4.218060E+5
1.050000E-2	0.000000E+0	4.209560E+5
1.052000E-2	0.000000E+0	4.216800E+5
1.054000E-2	0.000000E+0	4.224570E+5
1.056000E-2	0.000000E+0	4.206320E+5
1.058000E-2	0.000000E+0	4.218900E+5
1.060000E-2	0.000000E+0	4.206260E+5
1.062000E-2	0.000000E+0	4.208790E+5
1.064000E-2	0.000000E+0	4.212420E+5
1.066000E-2	0.000000E+0	4.213390E+5
1.068000E-2	0.000000E+0	4.212860E+5
1.070000E-2	0.000000E+0	4.201620E+5
1.072000E-2	0.000000E+0	4.210060E+5
1.074000E-2	0.000000E+0	4.216740E+5
1.076000E-2	0.000000E+0	4.219720E+5
1.078000E-2	0.000000E+0	4.221810E+5
1.080000E-2	0.000000E+0	4.220780E+5
1.082000E-2	0.000000E+0	4.224290E+5
1.084000E-2	0.000000E+0	4.209650E+5
1.086000E-2	0.000000E+0	4.215490E+5
1.088000E-2	0.000000E+0	4.212980E+5
1.090000E-2	0.000000E+0	4.215860E+5
1.092000E-2	0.000000E+0	4.210960E+5
1.094000E-2	0.000000E+0	4.207510E+5
1.096000E-2	0.000000E+0	4.208710E+5
1.098000E-2	0.000000E+0	4.216800E+5
1.100000E-2	0.000000E+0	4.216870E+5
1.102000E-2	0.000000E+0	4.203090E+5
1.104000E-2	0.000000E+0	4.219790E+5
1.106000E-2	0.000000E+0	4.214070E+5
1.108000E-2	0.000000E+0	4.215300E+5
1.110000E-2	0.000000E+0	4.212210E+5
1.112000E-2	0.000000E+0	4.211900E+5
1.114000E-2	0.000000E+0	4.219350E+5
1.116000E-2	0.000000E+0	4.193140E+5
1.118000E-2	0.000000E+0	4.214060E+5
1.120000E-2	0.000000E+0	4.209530E+5
1.122000E-2	0.000000E+0	4.225170E+5
1.124000E-2	0.000000E+0	4.227090E+5
1.126000E-2	0.000000E+0	4.200280E+5
1.128000E-2	0.000000E+0	4.204380E+5
1.130000E-2	0.000000E+0	4.209950E+5
1.132000E-2	0.000000E+0	4.222390E+5
1.134000E-2	0.000000E+0	4.203660E+5
1.136000E-2	0.000000E+0	4.221720E+5
1.138000E-2	0.000000E+0	4.207910E+5
1.140000E-2	0.000000E+0	4.225580E+5
1.142000E-2	0.000000E+0	4.209500E+5
1.144000E-2	0.000000E+0	4.224820E+5
1.146000E-2	0.000000E+0	4.208740E+5
1.148000E-2	0.000000E+0	4.210470E+5
1.150000E-2	0.000000E+0	4.207400E+5
1.152000E-2	0.000000E+0	4.207400E+5
1.154000E-2	0.000000E+0	4.206290E+5
1.156000E-2	0.000000E+0	4.218120E+5
1.158000E-2	0.000000E+0	4.207250E+5
1.160000E-2	0.000000E+0	4.211230E+5
1.162000E-2	0.000000E+0	4.210340E+5
1.164000E-2	0.000000E+0	4.224230E+5
1.166000E-2	0.000000E+0	4.232800E+5
1.168000E-2	0.000000E+0	4.222660E+5
1.170000E-2	0.000000E+0	4.226280E+5
1.172000E-2	0.000000E+0	4.220290E+5
1.174000E-2	0.000000E+0	4.213200E+5
1.176000E-2	0.000000E+0	4.214630E+5
1.178000E-2	0.000000E+0	4.204950E+5
1.180000E-2	0.000000E+0	4.214940E+5
1.182000E-2	0.000000E+0	4.217870E+5
1.184000E-2	0.000000E+0	4.217670E+5
1.186000E-2	0.000000E+0	4.206740E+5
1.188000E-2	0.000000E+0	4.206200E+5
1.190000E-2	0.000000E+0	4.203020E+5
1.192000E-2	0.000000E+0	4.206780E+5
1.194000E-2	0.000000E+0	4.225230E+5
1.196000E-2	0.000000E+0	4.212750E+5
1.198000E-2	0.000000E+0	4.214670E+5
1.200000E-2	0.000000E+0	4.208960E+5
1.202000E-2	0.000000E+0	4.211790E+5
1.204000E-2	0.000000E+0	4.211170E+5
1.206000E-2	0.000000E+0	4.211820E+5
1.208000E-2	0.000000E+0	4.223570E+5
1.210000E-2	0.000000E+0	4.219870E+5
1.212000E-2	0.000000E+0	4.214120E+5
1.214000E-2	0.000000E+0	4.201200E+5
1.216000E-2	0.000000E+0	4.206480E+5
1.218000E-2	0.000000E+0	4.212560E+5
1.220000E-2	0.000000E+0	4.199990E+5
1.222000E-2	0.000000E+0	4.216250E+5
1.224000E-2	0.000000E+0	4.213820E+5
1.226000E-2	0.000000E+0	4.209610E+5
1.228000E-2	0.000000E+0	4.215790E+5
1.230000E-2	0.000000E+0	4.217170E+5
1.232000E-2	0.000000E+0	4.217120E+5
1.234000E-2	0.000000E+0	4.215590E+5
1.236000E-2	0.000000E+0	4.210990E+5
1.238000E-2	0.000000E+0	4.222630E+5
1.240000E-2	0.000000E+0	4.219760E+5
1.242000E-2	0.000000E+0	4.214800E+5
1.244000E-2	0.000000E+0	4.219360E+5
1.246000E-2	0.000000E+0	4.207900E+5
1.248000E-2	0.000000E+0	4.215070E+5
1.250000E-2	0.000000E+0	4.208830E+5
1.252000E-2	0.000000E+0	4.224980E+5
1.254000E-2	0.000000E+0	4.215290E+5
1.256000E-2	0.000000E+0	4.208250E+5
1.258000E-2	0.000000E+0	4.221760E+5
1.260000E-2	0.000000E+0	4.220730E+5
1.262000E-2	0.000000E+0	4.200920E+5
1.264000E-2	0.000000E+0	4.205490E+5
1.266000E-2	0.000000E+0	4.227820E+5
1.268000E-2	0.000000E+0	4.214790E+5
1.270000E-2	0.000000E+0	4.207210E+5
1.272000E-2	0.000000E+0	4.222080E+5
1.274000E-2	0.000000E+0	4.212850E+5
1.276000E-2	0.000000E+0	4.214590E+5
1.278000E-2	0.000000E+0	4.206780E+5
1.280000E-2	0.000000E+0	4.205840E+5
1.282000E-2	0.000000E+0	4.206580E+5
1.284000E-2	0.000000E+0	4.212880E+5
1.286000E-2	0.000000E+0	4.220230E+5
1.288000E-2	0.000000E+0	4.223120E+5
1.290000E-2	0.000000E+0	4.209140E+5
1.292000E-2	0.000000E+0	4.211790E+5
1.294000E-2	0.000000E+0	4.201660E+5
1.296000E-2	0.000000E+0	4.209400E+5
1.298000E-2	0.000000E+0	4.211350E+5
1.300000E-2	0.000000E+0	4.214950E+5
1.302000E-2	0.000000E+0	4.220930E+5
1.304000E-2	0.000000E+0	4.216070E+5
1.306000E-2	0.000000E+0	4.207350E+5
1.308000E-2	0.000000E+0	4.226080E+5
1.310000E-2	0.000000E+0	4.217360E+5
1.312000E-2	0.000000E+0	4.217230E+5
1.314000E-2	0.000000E+0	4.222610E+5
1.316000E-2	0.000000E+0	4.214890E+5
1.318000E-2	0.000000E+0	4.210030E+5
1.320000E-2	0.000000E+0	4.215480E+5
1.322000E-2	0.000000E+0	4.218200E+5
1.324000E-2	0.000000E+0	4.203790E+5
1.326000E-2	0.000000E+0	4.218300E+5
1.328000E-2	0.000000E+0	4.222030E+5
1.330000E-2	0.000000E+0	4.203240E+5
1.332000E-2	0.000000E+0	4.207420E+5
1.334000E-2	0.000000E+0	4.206420E+5
1.336000E-2	0.000000E+0	4.214150E+5
1.338000E-2	0.000000E+0	4.218180E+5
1.340000E-2	0.000000E+0	4.203680E+5
1.342000E-2	0.000000E+0	4.202050E+5
1.344000E-2	0.000000E+0	4.208000E+5
1.346000E-2	0.000000E+0	4.207680E+5
1.348000E-2	0.000000E+0	4.219600E+5
1.350000E-2	0.000000E+0	4.215190E+5
1.352000E-2	0.000000E+0	4.220810E+5
1.354000E-2	0.000000E+0	4.215470E+5
1.356000E-2	0.000000E+0	4.217920E+5
1.358000E-2	0.000000E+0	4.213510E+5
1.360000E-2	0.000000E+0	4.209110E+5
1.362000E-2	0.000000E+0	4.216820E+5
1.364000E-2	0.000000E+0	4.199300E+5
1.366000E-2	0.000000E+0	4.210960E+5
1.368000E-2	0.000000E+0	4.219860E+5
1.370000E-2	0.000000E+0	4.221850E+5
1.372000E-2	0.000000E+0	4.209390E+5
1.374000E-2	0.000000E+0	4.213000E+5
1.376000E-2	0.000000E+0	4.207780E+5
1.378000E-2	0.000000E+0	4.205380E+5
1.380000E-2	0.000000E+0	4.214300E+5
1.382000E-2	0.000000E+0	4.205100E+5
1.384000E-2	0.000000E+0	4.206110E+5
1.386000E-2	0.000000E+0	4.215920E+5
1.388000E-2	0.000000E+0	4.214520E+5
1.390000E-2	0.000000E+0	4.220580E+5
1.392000E-2	0.000000E+0	4.220610E+5
1.394000E-2	0.000000E+0	4.216440E+5
1.396000E-2	0.000000E+0	4.215460E+5
1.398000E-2	0.000000E+0	4.223270E+5
1.400000E-2	0.000000E+0	4.221320E+5
1.402000E-2	0.000000E+0	4.205470E+5
1.404000E-2	0.000000E+0	4.225870E+5
1.406000E-2	0.000000E+0	4.210620E+5
1.408000E-2	0.000000E+0	4.205740E+5
1.410000E-2	0.000000E+0	4.213190E+5
1.412000E-2	0.000000E+0	4.210900E+5
1.414000E-2	0.000000E+0	4.206980E+5
1.416000E-2	0.000000E+0	4.204990E+5
1.418000E-2	0.000000E+0	4.209110E+5
1.420000E-2	0.000000E+0	4.214900E+5
1.422000E-2	0.000000E+0	4.213520E+5
1.424000E-2	0.000000E+0	4.199760E+5
1.426000E-2	0.000000E+0	4.196340E+5
1.428000E-2	0.000000E+0	4.206600E+5
1.430000E-2	0.000000E+0	4.209830E+5
1.432000E-2	0.000000E+0	4.210640E+5
1.434000E-2	0.000000E+0	4.207660E+5
1.436000E-2	0.000000E+0	4.218290E+5
1.438000E-2	0.000000E+0	4.211130E+5
1.440000E-2	0.000000E+0	4.226240E+5
1.442000E-2	0.000000E+0	4.211970E+5
1.444000E-2	0.000000E+0	4.200740E+5
1.446000E-2	0.000000E+0	4.216140E+5
1.448000E-2	0.000000E+0	4.216330E+5
1.450000E-2	0.000000E+0	4.211920E+5
1.452000E-2	0.000000E+0	4.217570E+5
1.454000E-2	0.000000E+0	4.210390E+5
1.456000E-2	0.000000E+0	4.220960E+5
1.458000E-2	0.000000E+0	4.202190E+5
1.460000E-2	0.000000E+0	4.218100E+5
1.462000E-2	0.000000E+0	4.196700E+5
1.464000E-2	0.000000E+0	4.216870E+5
1.466000E-2	0.000000E+0	4.210480E+5
1.468000E-2	0.000000E+0	4.222400E+5
1.470000E-2	0.000000E+0	4.208420E+5
1.472000E-2	0.000000E+0	4.206630E+5
1.474000E-2	0.000000E+0	4.211980E+5
1.476000E-2	0.000000E+0	4.224340E+5
1.478000E-2	0.000000E+0	4.220880E+5
1.480000E-2	0.000000E+0	4.205020E+5
1.482000E-2	0.000000E+0	4.201350E+5
1.484000E-2	0.000000E+0	4.219630E+5
1.486000E-2	0.000000E+0	4.206250E+5
1.488000E-2	0.000000E+0	4.203870E+5
1.490000E-2	0.000000E+0	4.197120E+5
1.492000E-2	0.000000E+0	4.190910E+5
1.494000E-2	0.000000E+0	4.166640E+5
1.496000E-2	0.000000E+0	4.158390E+5
1.498000E-2	0.000000E+0	4.164750E+5
1.500000E-2	0.000000E+0	4.154180E+5
1.502000E-2	0.000000E+0	4.150330E+5
1.504000E-2	0.000000E+0	4.133190E+5
1.506000E-2	0.000000E+0	4.129780E+5
1.508000E-2	0.000000E+0	4.119510E+5
1.510000E-2	0.000000E+0	4.104350E+5
1.512000E-2	0.000000E+0	4.099610E+5
1.514000E-2	0.000000E+0	4.103560E+5
1.516000E-2	0.000000E+0	4.104830E+5
1.518000E-2	0.000000E+0	4.115830E+5
1.520000E-2	0.000000E+0	4.131730E+5
1.522000E-2	0.000000E+0	4.144920E+5
1.524000E-2	0.000000E+0	4.168060E+5
1.526000E-2	0.000000E+0	4.169140E+5
1.528000E-2	0.000000E+0	4.189340E+5
1.530000E-2	0.000000E+0	4.179880E+5
1.532000E-2	0.000000E+0	4.191320E+5
1.534000E-2	0.000000E+0	4.201570E+5
1.536000E-2	0.000000E+0	4.199090E+5
1.538000E-2	0.000000E+0	4.210550E+5
1.540000E-2	0.000000E+0	4.206110E+5
1.542000E-2	0.000000E+0	4.206750E+5
1.544000E-2	0.000000E+0	4.199200E+5
1.546000E-2	0.000000E+0	4.202490E+5
1.548000E-2	0.000000E+0	4.201280E+5
1.550000E-2	0.000000E+0	4.196810E+5
1.552000E-2	0.000000E+0	4.206870E+5
1.554000E-2	0.000000E+0	4.193950E+5
1.556000E-2	0.000000E+0	4.180520E+5
1.558000E-2	0.000000E+0	4.165150E+5
1.560000E-2	0.000000E+0	4.169230E+5
1.562000E-2	0.000000E+0	4.154590E+5
1.564000E-2	0.000000E+0	4.148630E+5
1.566000E-2	0.000000E+0	4.141200E+5
1.568000E-2	0.000000E+0	4.135460E+5
1.570000E-2	0.000000E+0	4.129890E+5
1.572000E-2	0.000000E+0	4.113580E+5
1.574000E-2	0.000000E+0	4.108380E+5
1.576000E-2	0.000000E+0	4.110070E+5
1.578000E-2	0.000000E+0	4.084860E+5
1.580000E-2	0.000000E+0	4.102740E+5
1.582000E-2	0.000000E+0	4.113850E+5
1.584000E-2	0.000000E+0	4.122880E+5
1.586000E-2	0.000000E+0	4.138250E+5
1.588000E-2	0.000000E+0	4.155640E+5
1.590000E-2	0.000000E+0	4.163670E+5
1.592000E-2	0.000000E+0	4.173400E+5
1.594000E-2	0.000000E+0	4.176320E+5
1.596000E-2	0.000000E+0	4.191130E+5
1.598000E-2	0.000000E+0	4.204010E+5
1.600000E-2	0.000000E+0	4.217630E+5
1.602000E-2	0.000000E+0	4.204930E+5
1.604000E-2	0.000000E+0	4.202030E+5
1.606000E-2	0.000000E+0	4.206650E+5
1.608000E-2	0.000000E+0	4.206910E+5
1.610000E-2	0.000000E+0	4.215680E+5
1.612000E-2	0.000000E+0	4.214920E+5
1.614000E-2	0.000000E+0	4.211190E+5
1.616000E-2	0.000000E+0	4.222070E+5
1.618000E-2	0.000000E+0	4.211690E+5
1.620000E-2	0.000000E+0	4.209130E+5
1.622000E-2	0.000000E+0	4.208900E+5
1.624000E-2	0.000000E+0	4.209780E+5
1.626000E-2	0.000000E+0	4.207730E+5
1.628000E-2	0.000000E+0	4.222560E+5
1.630000E-2	0.000000E+0	4.210810E+5
1.632000E-2	0.000000E+0	4.220950E+5
1.634000E-2	0.000000E+0	4.217110E+5
1.636000E-2	0.000000E+0	4.219110E+5
1.638000E-2	0.000000E+0	4.214540E+5
1.640000E-2	0.000000E+0	4.216710E+5
1.642000E-2	0.000000E+0	4.212010E+5
1.644000E-2	0.000000E+0	4.205980E+5
1.646000E-2	0.000000E+0	4.211430E+5
1.648000E-2	0.000000E+0	4.202760E+5
1.650000E-2	0.000000E+0	4.211490E+5
1.652000E-2	0.000000E+0	4.220300E+5
1.654000E-2	0.000000E+0	4.210890E+5
1.656000E-2	0.000000E+0	4.205470E+5
1.658000E-2	0.000000E+0	4.212510E+5
1.660000E-2	0.000000E+0	4.213970E+5
1.662000E-2	0.000000E+0	4.207480E+5
1.664000E-2	0.000000E+0	4.210440E+5
1.666000E-2	0.000000E+0	4.210730E+5
1.668000E-2	0.000000E+0	4.207150E+5
1.670000E-2	0.000000E+0	4.209060E+5
1.672000E-2	0.000000E+0	4.217170E+5
1.674000E-2	0.000000E+0	4.206790E+5
1.676000E-2	0.000000E+0	4.200400E+5
1.678000E-2	0.000000E+0	4.198960E+5
1.680000E-2	0.000000E+0	4.211140E+5
1.682000E-2	0.000000E+0	4.209860E+5
1.684000E-2	0.000000E+0	4.214600E+5
1.686000E-2	0.000000E+0	4.226600E+5
1.688000E-2	0.000000E+0	4.215330E+5
1.690000E-2	0.000000E+0	4.212370E+5
1.692000E-2	0.000000E+0	4.213880E+5
1.694000E-2	0.000000E+0	4.210440E+5
1.696000E-2	0.000000E+0	4.202270E+5
1.698000E-2	0.000000E+0	4.205120E+5
1.700000E-2	0.000000E+0	4.217170E+5
1.702000E-2	0.000000E+0	4.217470E+5
1.704000E-2	0.000000E+0	4.216940E+5
1.706000E-2	0.000000E+0	4.225700E+5
1.708000E-2	0.000000E+0	4.215650E+5
1.710000E-2	0.000000E+0	4.216790E+5
1.712000E-2	0.000000E+0	4.209690E+5
1.714000E-2	0.000000E+0	4.208630E+5
1.716000E-2	0.000000E+0	4.218260E+5
1.718000E-2	0.000000E+0	4.211510E+5
1.720000E-2	0.000000E+0	4.218630E+5
1.722000E-2	0.000000E+0	4.221410E+5
1.724000E-2	0.000000E+0	4.207280E+5
1.726000E-2	0.000000E+0	4.210960E+5
1.728000E-2	0.000000E+0	4.210180E+5
1.730000E-2	0.000000E+0	4.208170E+5
1.732000E-2	0.000000E+0	4.207580E+5
1.734000E-2	0.000000E+0	4.215040E+5
1.736000E-2	0.000000E+0	4.228420E+5
1.738000E-2	0.000000E+0	4.222620E+5
1.740000E-2	0.000000E+0	4.218900E+5
1.742000E-2	0.000000E+0	4.204100E+5
1.744000E-2	0.000000E+0	4.217560E+5
1.746000E-2	0.000000E+0	4.218860E+5
1.748000E-2	0.000000E+0	4.209680E+5
1.750000E-2	0.000000E+0	4.213680E+5
1.752000E-2	0.000000E+0	4.219580E+5
1.754000E-2	0.000000E+0	4.206530E+5
1.756000E-2	0.000000E+0	4.207170E+5
1.758000E-2	0.000000E+0	4.216670E+5
1.760000E-2	0.000000E+0	4.213060E+5
1.762000E-2	0.000000E+0	4.214990E+5
1.764000E-2	0.000000E+0	4.220550E+5
1.766000E-2	0.000000E+0	4.214600E+5
1.768000E-2	0.000000E+0	4.215420E+5
1.770000E-2	0.000000E+0	4.212450E+5
1.772000E-2	0.000000E+0	4.224380E+5
1.774000E-2	0.000000E+0	4.213180E+5
1.776000E-2	0.000000E+0	4.205930E+5
1.778000E-2	0.000000E+0	4.219760E+5
1.780000E-2	0.000000E+0	4.207190E+5
1.782000E-2	0.000000E+0	4.213840E+5
1.784000E-2	0.000000E+0	4.207360E+5
1.786000E-2	0.000000E+0	4.209540E+5
1.788000E-2	0.000000E+0	4.211440E+5
1.790000E-2	0.000000E+0	4.220180E+5
1.792000E-2	0.000000E+0	4.206720E+5
1.794000E-2	0.000000E+0	4.213830E+5
1.796000E-2	0.000000E+0	4.217160E+5
1.798000E-2	0.000000E+0	4.221910E+5
1.800000E-2	0.000000E+0	4.204840E+5
1.802000E-2	0.000000E+0	4.209770E+5
1.804000E-2	0.000000E+0	4.200090E+5
1.806000E-2	0.000000E+0	4.211100E+5
1.808000E-2	0.000000E+0	4.212790E+5
1.810000E-2	0.000000E+0	4.216910E+5
1.812000E-2	0.000000E+0	4.220370E+5
1.814000E-2	0.000000E+0	4.221200E+5
1.816000E-2	0.000000E+0	4.219580E+5
1.818000E-2	0.000000E+0	4.210940E+5
1.820000E-2	0.000000E+0	4.222400E+5
1.822000E-2	0.000000E+0	4.208250E+5
1.824000E-2	0.000000E+0	4.212530E+5
1.826000E-2	0.000000E+0	4.219050E+5
1.828000E-2	0.000000E+0	4.213620E+5
1.830000E-2	0.000000E+0	4.204580E+5
1.832000E-2	0.000000E+0	4.217870E+5
1.834000E-2	0.000000E+0	4.210460E+5
1.836000E-2	0.000000E+0	4.224070E+5
1.838000E-2	0.000000E+0	4.207500E+5
1.840000E-2	0.000000E+0	4.210250E+5
1.842000E-2	0.000000E+0	4.209340E+5
1.844000E-2	0.000000E+0	4.205290E+5
1.846000E-2	0.000000E+0	4.200520E+5
1.848000E-2	0.000000E+0	4.222840E+5
1.850000E-2	0.000000E+0	4.216460E+5
1.852000E-2	0.000000E+0	4.221650E+5
1.854000E-2	0.000000E+0	4.227720E+5
1.856000E-2	0.000000E+0	4.209360E+5
1.858000E-2	0.000000E+0	4.209690E+5
1.860000E-2	0.000000E+0	4.215490E+5
1.862000E-2	0.000000E+0	4.208020E+5
1.864000E-2	0.000000E+0	4.204200E+5
1.866000E-2	0.000000E+0	4.214390E+5
1.868000E-2	0.000000E+0	4.204090E+5
1.870000E-2	0.000000E+0	4.212410E+5
1.872000E-2	0.000000E+0	4.219510E+5
1.874000E-2	0.000000E+0	4.198880E+5
1.876000E-2	0.000000E+0	4.208160E+5
1.878000E-2	0.000000E+0	4.209950E+5
1.880000E-2	0.000000E+0	4.210920E+5
1.882000E-2	0.000000E+0	4.212540E+5
1.884000E-2	0.000000E+0	4.219490E+5
1.886000E-2	0.000000E+0	4.216630E+5
1.888000E-2	0.000000E+0	4.202830E+5
1.890000E-2	0.000000E+0	4.209230E+5
1.892000E-2	0.000000E+0	4.223390E+5
1.894000E-2	0.000000E+0	4.217180E+5
1.896000E-2	0.000000E+0	4.212040E+5
1.898000E-2	0.000000E+0	4.213500E+5
1.900000E-2	0.000000E+0	4.205740E+5
1.902000E-2	0.000000E+0	4.205560E+5
1.904000E-2	0.000000E+0	4.218400E+5
1.906000E-2	0.000000E+0	4.214440E+5
1.908000E-2	0.000000E+0	4.212530E+5
1.910000E-2	0.000000E+0	4.203340E+5
1.912000E-2	0.000000E+0	4.207100E+5
1.914000E-2	0.000000E+0	4.210440E+5
1.916000E-2	0.000000E+0	4.205730E+5
1.918000E-2	0.000000E+0	4.204400E+5
1.920000E-2	0.000000E+0	4.214110E+5
1.922000E-2	0.000000E+0	4.211360E+5
1.924000E-2	0.000000E+0	4.210250E+5
1.926000E-2	0.000000E+0	4.222850E+5
1.928000E-2	0.000000E+0	4.221480E+5
1.930000E-2	0.000000E+0	4.212840E+5
1.932000E-2	0.000000E+0	4.210850E+5
1.934000E-2	0.000000E+0	4.214930E+5
1.936000E-2	0.000000E+0	4.205470E+5
1.938000E-2	0.000000E+0	4.217200E+5
1.940000E-2	0.000000E+0	4.202520E+5
1.942000E-2	0.000000E+0	4.227810E+5
1.944000E-2	0.000000E+0	4.218590E+5
1.946000E-2	0.000000E+0	4.204960E+5
1.948000E-2	0.000000E+0	4.218720E+5
1.950000E-2	0.000000E+0	4.214090E+5
1.952000E-2	0.000000E+0	4.221970E+5
1.954000E-2	0.000000E+0	4.217530E+5
1.956000E-2	0.000000E+0	4.219310E+5
1.958000E-2	0.000000E+0	4.211770E+5
1.960000E-2	0.000000E+0	4.214470E+5
1.962000E-2	0.000000E+0	4.204410E+5
1.964000E-2	0.000000E+0	4.219570E+5
1.966000E-2	0.000000E+0	4.217470E+5
1.968000E-2	0.000000E+0	4.211570E+5
1.970000E-2	0.000000E+0	4.208380E+5
1.972000E-2	0.000000E+0	4.216260E+5
1.974000E-2	0.000000E+0	4.217540E+5
1.976000E-2	0.000000E+0	4.201740E+5
1.978000E-2	0.000000E+0	4.207570E+5
1.980000E-2	0.000000E+0	4.219050E+5
1.982000E-2	0.000000E+0	4.208970E+5
1.984000E-2	0.000000E+0	4.214170E+5
1.986000E-2	0.000000E+0	4.206810E+5
1.988000E-2	0.000000E+0	4.202040E+5
1.990000E-2	0.000000E+0	4.214420E+5
1.992000E-2	0.000000E+0	4.206320E+5
1.994000E-2	0.000000E+0	4.223990E+5
1.996000E-2	0.000000E+0	4.205210E+5
1.998000E-2	0.000000E+0	4.216930E+5
