

live time:  156313.940000
real time:  216007.466000
sweeps:  7815697.000000
0.000000E+0	0.000000E+0	0.000000E+0
2.000000E-5	0.000000E+0	3.428120E+5
4.000000E-5	0.000000E+0	3.431810E+5
6.000000E-5	0.000000E+0	3.428080E+5
8.000000E-5	0.000000E+0	3.434150E+5
1.000000E-4	0.000000E+0	3.418430E+5
1.200000E-4	0.000000E+0	3.427180E+5
1.400000E-4	0.000000E+0	3.432560E+5
1.600000E-4	0.000000E+0	3.430650E+5
1.800000E-4	0.000000E+0	3.426090E+5
2.000000E-4	0.000000E+0	3.431100E+5
2.200000E-4	0.000000E+0	3.429330E+5
2.400000E-4	0.000000E+0	3.418900E+5
2.600000E-4	0.000000E+0	3.420170E+5
2.800000E-4	0.000000E+0	3.424570E+5
3.000000E-4	0.000000E+0	3.435050E+5
3.200000E-4	0.000000E+0	3.430850E+5
3.400000E-4	0.000000E+0	3.425970E+5
3.600000E-4	0.000000E+0	3.435250E+5
3.800000E-4	0.000000E+0	3.423430E+5
4.000000E-4	0.000000E+0	3.421090E+5
4.200000E-4	0.000000E+0	3.425270E+5
4.400000E-4	0.000000E+0	3.425390E+5
4.600000E-4	0.000000E+0	3.432710E+5
4.800000E-4	0.000000E+0	3.424970E+5
5.000000E-4	0.000000E+0	3.429700E+5
5.200000E-4	0.000000E+0	3.428780E+5
5.400000E-4	0.000000E+0	3.426810E+5
5.600000E-4	0.000000E+0	3.421100E+5
5.800000E-4	0.000000E+0	3.427250E+5
6.000000E-4	0.000000E+0	3.431110E+5
6.200000E-4	0.000000E+0	3.425390E+5
6.400000E-4	0.000000E+0	3.438400E+5
6.600000E-4	0.000000E+0	3.417690E+5
6.800000E-4	0.000000E+0	3.425570E+5
7.000000E-4	0.000000E+0	3.429900E+5
7.200000E-4	0.000000E+0	3.440690E+5
7.400000E-4	0.000000E+0	3.420810E+5
7.600000E-4	0.000000E+0	3.428050E+5
7.800000E-4	0.000000E+0	3.413940E+5
8.000000E-4	0.000000E+0	3.431330E+5
8.200000E-4	0.000000E+0	3.429510E+5
8.400000E-4	0.000000E+0	3.426520E+5
8.600000E-4	0.000000E+0	3.436540E+5
8.800000E-4	0.000000E+0	3.423080E+5
9.000000E-4	0.000000E+0	3.438070E+5
9.200000E-4	0.000000E+0	3.423710E+5
9.400000E-4	0.000000E+0	3.429210E+5
9.600000E-4	0.000000E+0	3.420710E+5
9.800000E-4	0.000000E+0	3.439940E+5
1.000000E-3	0.000000E+0	3.433430E+5
1.020000E-3	0.000000E+0	3.426470E+5
1.040000E-3	0.000000E+0	3.427610E+5
1.060000E-3	0.000000E+0	3.426700E+5
1.080000E-3	0.000000E+0	3.427320E+5
1.100000E-3	0.000000E+0	3.419620E+5
1.120000E-3	0.000000E+0	3.432630E+5
1.140000E-3	0.000000E+0	3.419580E+5
1.160000E-3	0.000000E+0	3.422490E+5
1.180000E-3	0.000000E+0	3.422380E+5
1.200000E-3	0.000000E+0	3.432420E+5
1.220000E-3	0.000000E+0	3.432420E+5
1.240000E-3	0.000000E+0	3.426560E+5
1.260000E-3	0.000000E+0	3.426420E+5
1.280000E-3	0.000000E+0	3.434210E+5
1.300000E-3	0.000000E+0	3.419640E+5
1.320000E-3	0.000000E+0	3.435290E+5
1.340000E-3	0.000000E+0	3.426730E+5
1.360000E-3	0.000000E+0	3.420810E+5
1.380000E-3	0.000000E+0	3.437270E+5
1.400000E-3	0.000000E+0	3.427310E+5
1.420000E-3	0.000000E+0	3.432350E+5
1.440000E-3	0.000000E+0	3.425150E+5
1.460000E-3	0.000000E+0	3.416940E+5
1.480000E-3	0.000000E+0	3.435720E+5
1.500000E-3	0.000000E+0	3.428350E+5
1.520000E-3	0.000000E+0	3.426930E+5
1.540000E-3	0.000000E+0	3.431090E+5
1.560000E-3	0.000000E+0	3.430470E+5
1.580000E-3	0.000000E+0	3.427860E+5
1.600000E-3	0.000000E+0	3.424670E+5
1.620000E-3	0.000000E+0	3.427320E+5
1.640000E-3	0.000000E+0	3.418710E+5
1.660000E-3	0.000000E+0	3.436750E+5
1.680000E-3	0.000000E+0	3.424070E+5
1.700000E-3	0.000000E+0	3.420970E+5
1.720000E-3	0.000000E+0	3.429850E+5
1.740000E-3	0.000000E+0	3.436830E+5
1.760000E-3	0.000000E+0	3.432270E+5
1.780000E-3	0.000000E+0	3.440440E+5
1.800000E-3	0.000000E+0	3.436000E+5
1.820000E-3	0.000000E+0	3.425510E+5
1.840000E-3	0.000000E+0	3.421630E+5
1.860000E-3	0.000000E+0	3.429960E+5
1.880000E-3	0.000000E+0	3.427070E+5
1.900000E-3	0.000000E+0	3.421870E+5
1.920000E-3	0.000000E+0	3.425520E+5
1.940000E-3	0.000000E+0	3.430110E+5
1.960000E-3	0.000000E+0	3.428740E+5
1.980000E-3	0.000000E+0	3.433760E+5
2.000000E-3	0.000000E+0	3.422740E+5
2.020000E-3	0.000000E+0	3.427070E+5
2.040000E-3	0.000000E+0	3.425390E+5
2.060000E-3	0.000000E+0	3.434440E+5
2.080000E-3	0.000000E+0	3.440060E+5
2.100000E-3	0.000000E+0	3.439370E+5
2.120000E-3	0.000000E+0	3.430960E+5
2.140000E-3	0.000000E+0	3.423610E+5
2.160000E-3	0.000000E+0	3.419250E+5
2.180000E-3	0.000000E+0	3.430960E+5
2.200000E-3	0.000000E+0	3.434000E+5
2.220000E-3	0.000000E+0	3.434590E+5
2.240000E-3	0.000000E+0	3.424240E+5
2.260000E-3	0.000000E+0	3.431700E+5
2.280000E-3	0.000000E+0	3.428190E+5
2.300000E-3	0.000000E+0	3.430490E+5
2.320000E-3	0.000000E+0	3.426140E+5
2.340000E-3	0.000000E+0	3.426660E+5
2.360000E-3	0.000000E+0	3.429680E+5
2.380000E-3	0.000000E+0	3.435940E+5
2.400000E-3	0.000000E+0	3.416750E+5
2.420000E-3	0.000000E+0	3.423920E+5
2.440000E-3	0.000000E+0	3.419750E+5
2.460000E-3	0.000000E+0	3.424970E+5
2.480000E-3	0.000000E+0	3.443560E+5
2.500000E-3	0.000000E+0	3.427690E+5
2.520000E-3	0.000000E+0	3.434060E+5
2.540000E-3	0.000000E+0	3.420500E+5
2.560000E-3	0.000000E+0	3.427280E+5
2.580000E-3	0.000000E+0	3.421420E+5
2.600000E-3	0.000000E+0	3.434110E+5
2.620000E-3	0.000000E+0	3.422320E+5
2.640000E-3	0.000000E+0	3.416190E+5
2.660000E-3	0.000000E+0	3.434050E+5
2.680000E-3	0.000000E+0	3.426540E+5
2.700000E-3	0.000000E+0	3.424740E+5
2.720000E-3	0.000000E+0	3.416780E+5
2.740000E-3	0.000000E+0	3.433360E+5
2.760000E-3	0.000000E+0	3.426230E+5
2.780000E-3	0.000000E+0	3.430830E+5
2.800000E-3	0.000000E+0	3.423370E+5
2.820000E-3	0.000000E+0	3.424580E+5
2.840000E-3	0.000000E+0	3.420610E+5
2.860000E-3	0.000000E+0	3.435270E+5
2.880000E-3	0.000000E+0	3.430090E+5
2.900000E-3	0.000000E+0	3.429420E+5
2.920000E-3	0.000000E+0	3.420950E+5
2.940000E-3	0.000000E+0	3.427800E+5
2.960000E-3	0.000000E+0	3.430010E+5
2.980000E-3	0.000000E+0	3.419790E+5
3.000000E-3	0.000000E+0	3.431130E+5
3.020000E-3	0.000000E+0	3.428710E+5
3.040000E-3	0.000000E+0	3.432800E+5
3.060000E-3	0.000000E+0	3.445750E+5
3.080000E-3	0.000000E+0	3.425000E+5
3.100000E-3	0.000000E+0	3.421550E+5
3.120000E-3	0.000000E+0	3.433860E+5
3.140000E-3	0.000000E+0	3.431710E+5
3.160000E-3	0.000000E+0	3.425690E+5
3.180000E-3	0.000000E+0	3.431790E+5
3.200000E-3	0.000000E+0	3.430640E+5
3.220000E-3	0.000000E+0	3.433030E+5
3.240000E-3	0.000000E+0	3.433480E+5
3.260000E-3	0.000000E+0	3.431920E+5
3.280000E-3	0.000000E+0	3.429160E+5
3.300000E-3	0.000000E+0	3.420930E+5
3.320000E-3	0.000000E+0	3.426970E+5
3.340000E-3	0.000000E+0	3.422430E+5
3.360000E-3	0.000000E+0	3.419700E+5
3.380000E-3	0.000000E+0	3.422070E+5
3.400000E-3	0.000000E+0	3.429080E+5
3.420000E-3	0.000000E+0	3.433480E+5
3.440000E-3	0.000000E+0	3.421620E+5
3.460000E-3	0.000000E+0	3.434700E+5
3.480000E-3	0.000000E+0	3.423620E+5
3.500000E-3	0.000000E+0	3.432230E+5
3.520000E-3	0.000000E+0	3.423180E+5
3.540000E-3	0.000000E+0	3.427440E+5
3.560000E-3	0.000000E+0	3.424880E+5
3.580000E-3	0.000000E+0	3.420310E+5
3.600000E-3	0.000000E+0	3.421560E+5
3.620000E-3	0.000000E+0	3.413240E+5
3.640000E-3	0.000000E+0	3.430530E+5
3.660000E-3	0.000000E+0	3.425320E+5
3.680000E-3	0.000000E+0	3.424400E+5
3.700000E-3	0.000000E+0	3.420730E+5
3.720000E-3	0.000000E+0	3.430650E+5
3.740000E-3	0.000000E+0	3.423760E+5
3.760000E-3	0.000000E+0	3.425000E+5
3.780000E-3	0.000000E+0	3.421020E+5
3.800000E-3	0.000000E+0	3.422360E+5
3.820000E-3	0.000000E+0	3.419160E+5
3.840000E-3	0.000000E+0	3.425280E+5
3.860000E-3	0.000000E+0	3.427240E+5
3.880000E-3	0.000000E+0	3.419520E+5
3.900000E-3	0.000000E+0	3.434120E+5
3.920000E-3	0.000000E+0	3.434090E+5
3.940000E-3	0.000000E+0	3.435480E+5
3.960000E-3	0.000000E+0	3.433610E+5
3.980000E-3	0.000000E+0	3.423800E+5
4.000000E-3	0.000000E+0	3.427540E+5
4.020000E-3	0.000000E+0	3.431650E+5
4.040000E-3	0.000000E+0	3.423430E+5
4.060000E-3	0.000000E+0	3.433050E+5
4.080000E-3	0.000000E+0	3.429060E+5
4.100000E-3	0.000000E+0	3.428720E+5
4.120000E-3	0.000000E+0	3.425480E+5
4.140000E-3	0.000000E+0	3.420140E+5
4.160000E-3	0.000000E+0	3.434670E+5
4.180000E-3	0.000000E+0	3.422100E+5
4.200000E-3	0.000000E+0	3.427120E+5
4.220000E-3	0.000000E+0	3.425650E+5
4.240000E-3	0.000000E+0	3.428100E+5
4.260000E-3	0.000000E+0	3.419520E+5
4.280000E-3	0.000000E+0	3.432170E+5
4.300000E-3	0.000000E+0	3.427250E+5
4.320000E-3	0.000000E+0	3.423390E+5
4.340000E-3	0.000000E+0	3.420150E+5
4.360000E-3	0.000000E+0	3.424970E+5
4.380000E-3	0.000000E+0	3.419660E+5
4.400000E-3	0.000000E+0	3.429200E+5
4.420000E-3	0.000000E+0	3.424600E+5
4.440000E-3	0.000000E+0	3.424960E+5
4.460000E-3	0.000000E+0	3.423480E+5
4.480000E-3	0.000000E+0	3.420070E+5
4.500000E-3	0.000000E+0	3.426190E+5
4.520000E-3	0.000000E+0	3.418540E+5
4.540000E-3	0.000000E+0	3.421950E+5
4.560000E-3	0.000000E+0	3.414810E+5
4.580000E-3	0.000000E+0	3.425240E+5
4.600000E-3	0.000000E+0	3.426440E+5
4.620000E-3	0.000000E+0	3.417510E+5
4.640000E-3	0.000000E+0	3.429250E+5
4.660000E-3	0.000000E+0	3.421290E+5
4.680000E-3	0.000000E+0	3.424520E+5
4.700000E-3	0.000000E+0	3.427220E+5
4.720000E-3	0.000000E+0	3.425750E+5
4.740000E-3	0.000000E+0	3.415670E+5
4.760000E-3	0.000000E+0	3.430770E+5
4.780000E-3	0.000000E+0	3.416380E+5
4.800000E-3	0.000000E+0	3.421220E+5
4.820000E-3	0.000000E+0	3.419880E+5
4.840000E-3	0.000000E+0	3.420230E+5
4.860000E-3	0.000000E+0	3.410530E+5
4.880000E-3	0.000000E+0	3.401860E+5
4.900000E-3	0.000000E+0	3.404220E+5
4.920000E-3	0.000000E+0	3.381950E+5
4.940000E-3	0.000000E+0	3.374160E+5
4.960000E-3	0.000000E+0	3.376530E+5
4.980000E-3	0.000000E+0	3.378790E+5
5.000000E-3	0.000000E+0	3.363140E+5
5.020000E-3	0.000000E+0	3.361940E+5
5.040000E-3	0.000000E+0	3.345400E+5
5.060000E-3	0.000000E+0	3.335940E+5
5.080000E-3	0.000000E+0	3.328610E+5
5.100000E-3	0.000000E+0	3.329710E+5
5.120000E-3	0.000000E+0	3.327310E+5
5.140000E-3	0.000000E+0	3.340530E+5
5.160000E-3	0.000000E+0	3.348440E+5
5.180000E-3	0.000000E+0	3.360030E+5
5.200000E-3	0.000000E+0	3.367970E+5
5.220000E-3	0.000000E+0	3.378550E+5
5.240000E-3	0.000000E+0	3.382530E+5
5.260000E-3	0.000000E+0	3.405070E+5
5.280000E-3	0.000000E+0	3.388920E+5
5.300000E-3	0.000000E+0	3.406630E+5
5.320000E-3	0.000000E+0	3.417450E+5
5.340000E-3	0.000000E+0	3.416610E+5
5.360000E-3	0.000000E+0	3.428350E+5
5.380000E-3	0.000000E+0	3.415930E+5
5.400000E-3	0.000000E+0	3.428820E+5
5.420000E-3	0.000000E+0	3.419050E+5
5.440000E-3	0.000000E+0	3.414430E+5
5.460000E-3	0.000000E+0	3.411620E+5
5.480000E-3	0.000000E+0	3.407870E+5
5.500000E-3	0.000000E+0	3.413930E+5
5.520000E-3	0.000000E+0	3.406070E+5
5.540000E-3	0.000000E+0	3.403950E+5
5.560000E-3	0.000000E+0	3.389540E+5
5.580000E-3	0.000000E+0	3.387390E+5
5.600000E-3	0.000000E+0	3.371350E+5
5.620000E-3	0.000000E+0	3.369700E+5
5.640000E-3	0.000000E+0	3.379780E+5
5.660000E-3	0.000000E+0	3.364140E+5
5.680000E-3	0.000000E+0	3.362270E+5
5.700000E-3	0.000000E+0	3.347350E+5
5.720000E-3	0.000000E+0	3.338710E+5
5.740000E-3	0.000000E+0	3.335330E+5
5.760000E-3	0.000000E+0	3.337400E+5
5.780000E-3	0.000000E+0	3.345820E+5
5.800000E-3	0.000000E+0	3.348660E+5
5.820000E-3	0.000000E+0	3.361460E+5
5.840000E-3	0.000000E+0	3.370100E+5
5.860000E-3	0.000000E+0	3.377080E+5
5.880000E-3	0.000000E+0	3.392190E+5
5.900000E-3	0.000000E+0	3.405370E+5
5.920000E-3	0.000000E+0	3.412250E+5
5.940000E-3	0.000000E+0	3.404160E+5
5.960000E-3	0.000000E+0	3.410980E+5
5.980000E-3	0.000000E+0	3.421530E+5
6.000000E-3	0.000000E+0	3.417100E+5
6.020000E-3	0.000000E+0	3.423060E+5
6.040000E-3	0.000000E+0	3.425220E+5
6.060000E-3	0.000000E+0	3.424820E+5
6.080000E-3	0.000000E+0	3.424940E+5
6.100000E-3	0.000000E+0	3.420200E+5
6.120000E-3	0.000000E+0	3.427150E+5
6.140000E-3	0.000000E+0	3.424660E+5
6.160000E-3	0.000000E+0	3.419020E+5
6.180000E-3	0.000000E+0	3.430090E+5
6.200000E-3	0.000000E+0	3.423510E+5
6.220000E-3	0.000000E+0	3.427750E+5
6.240000E-3	0.000000E+0	3.419930E+5
6.260000E-3	0.000000E+0	3.418790E+5
6.280000E-3	0.000000E+0	3.437460E+5
6.300000E-3	0.000000E+0	3.431350E+5
6.320000E-3	0.000000E+0	3.426380E+5
6.340000E-3	0.000000E+0	3.427710E+5
6.360000E-3	0.000000E+0	3.419950E+5
6.380000E-3	0.000000E+0	3.428730E+5
6.400000E-3	0.000000E+0	3.423580E+5
6.420000E-3	0.000000E+0	3.419520E+5
6.440000E-3	0.000000E+0	3.437540E+5
6.460000E-3	0.000000E+0	3.425700E+5
6.480000E-3	0.000000E+0	3.423550E+5
6.500000E-3	0.000000E+0	3.421160E+5
6.520000E-3	0.000000E+0	3.429210E+5
6.540000E-3	0.000000E+0	3.421050E+5
6.560000E-3	0.000000E+0	3.432170E+5
6.580000E-3	0.000000E+0	3.422690E+5
6.600000E-3	0.000000E+0	3.430970E+5
6.620000E-3	0.000000E+0	3.425900E+5
6.640000E-3	0.000000E+0	3.422820E+5
6.660000E-3	0.000000E+0	3.418940E+5
6.680000E-3	0.000000E+0	3.424320E+5
6.700000E-3	0.000000E+0	3.431230E+5
6.720000E-3	0.000000E+0	3.426510E+5
6.740000E-3	0.000000E+0	3.428440E+5
6.760000E-3	0.000000E+0	3.434490E+5
6.780000E-3	0.000000E+0	3.419030E+5
6.800000E-3	0.000000E+0	3.429680E+5
6.820000E-3	0.000000E+0	3.429000E+5
6.840000E-3	0.000000E+0	3.426020E+5
6.860000E-3	0.000000E+0	3.428190E+5
6.880000E-3	0.000000E+0	3.429150E+5
6.900000E-3	0.000000E+0	3.413900E+5
6.920000E-3	0.000000E+0	3.421510E+5
6.940000E-3	0.000000E+0	3.425580E+5
6.960000E-3	0.000000E+0	3.410190E+5
6.980000E-3	0.000000E+0	3.423710E+5
7.000000E-3	0.000000E+0	3.422180E+5
7.020000E-3	0.000000E+0	3.426710E+5
7.040000E-3	0.000000E+0	3.427370E+5
7.060000E-3	0.000000E+0	3.426940E+5
7.080000E-3	0.000000E+0	3.428700E+5
7.100000E-3	0.000000E+0	3.422630E+5
7.120000E-3	0.000000E+0	3.427670E+5
7.140000E-3	0.000000E+0	3.425890E+5
7.160000E-3	0.000000E+0	3.433380E+5
7.180000E-3	0.000000E+0	3.420090E+5
7.200000E-3	0.000000E+0	3.429880E+5
7.220000E-3	0.000000E+0	3.431130E+5
7.240000E-3	0.000000E+0	3.427790E+5
7.260000E-3	0.000000E+0	3.427160E+5
7.280000E-3	0.000000E+0	3.426290E+5
7.300000E-3	0.000000E+0	3.422470E+5
7.320000E-3	0.000000E+0	3.428220E+5
7.340000E-3	0.000000E+0	3.432680E+5
7.360000E-3	0.000000E+0	3.425800E+5
7.380000E-3	0.000000E+0	3.432960E+5
7.400000E-3	0.000000E+0	3.424200E+5
7.420000E-3	0.000000E+0	3.424480E+5
7.440000E-3	0.000000E+0	3.428030E+5
7.460000E-3	0.000000E+0	3.433780E+5
7.480000E-3	0.000000E+0	3.425640E+5
7.500000E-3	0.000000E+0	3.431030E+5
7.520000E-3	0.000000E+0	3.435170E+5
7.540000E-3	0.000000E+0	3.427490E+5
7.560000E-3	0.000000E+0	3.434210E+5
7.580000E-3	0.000000E+0	3.428420E+5
7.600000E-3	0.000000E+0	3.420800E+5
7.620000E-3	0.000000E+0	3.433440E+5
7.640000E-3	0.000000E+0	3.436320E+5
7.660000E-3	0.000000E+0	3.423170E+5
7.680000E-3	0.000000E+0	3.420420E+5
7.700000E-3	0.000000E+0	3.421460E+5
7.720000E-3	0.000000E+0	3.428880E+5
7.740000E-3	0.000000E+0	3.424970E+5
7.760000E-3	0.000000E+0	3.419940E+5
7.780000E-3	0.000000E+0	3.436760E+5
7.800000E-3	0.000000E+0	3.425680E+5
7.820000E-3	0.000000E+0	3.427280E+5
7.840000E-3	0.000000E+0	3.435350E+5
7.860000E-3	0.000000E+0	3.423940E+5
7.880000E-3	0.000000E+0	3.425610E+5
7.900000E-3	0.000000E+0	3.423940E+5
7.920000E-3	0.000000E+0	3.420470E+5
7.940000E-3	0.000000E+0	3.437570E+5
7.960000E-3	0.000000E+0	3.434920E+5
7.980000E-3	0.000000E+0	3.437460E+5
8.000000E-3	0.000000E+0	3.433340E+5
8.020000E-3	0.000000E+0	3.431050E+5
8.040000E-3	0.000000E+0	3.415210E+5
8.060000E-3	0.000000E+0	3.424650E+5
8.080000E-3	0.000000E+0	3.430250E+5
8.100000E-3	0.000000E+0	3.432520E+5
8.120000E-3	0.000000E+0	3.427430E+5
8.140000E-3	0.000000E+0	3.421050E+5
8.160000E-3	0.000000E+0	3.424710E+5
8.180000E-3	0.000000E+0	3.424940E+5
8.200000E-3	0.000000E+0	3.429420E+5
8.220000E-3	0.000000E+0	3.425080E+5
8.240000E-3	0.000000E+0	3.429390E+5
8.260000E-3	0.000000E+0	3.442210E+5
8.280000E-3	0.000000E+0	3.420420E+5
8.300000E-3	0.000000E+0	3.429290E+5
8.320000E-3	0.000000E+0	3.424980E+5
8.340000E-3	0.000000E+0	3.425690E+5
8.360000E-3	0.000000E+0	3.424280E+5
8.380000E-3	0.000000E+0	3.413540E+5
8.400000E-3	0.000000E+0	3.421580E+5
8.420000E-3	0.000000E+0	3.427410E+5
8.440000E-3	0.000000E+0	3.433620E+5
8.460000E-3	0.000000E+0	3.432450E+5
8.480000E-3	0.000000E+0	3.441240E+5
8.500000E-3	0.000000E+0	3.415500E+5
8.520000E-3	0.000000E+0	3.434050E+5
8.540000E-3	0.000000E+0	3.427540E+5
8.560000E-3	0.000000E+0	3.429420E+5
8.580000E-3	0.000000E+0	3.441850E+5
8.600000E-3	0.000000E+0	3.420700E+5
8.620000E-3	0.000000E+0	3.436860E+5
8.640000E-3	0.000000E+0	3.424670E+5
8.660000E-3	0.000000E+0	3.424280E+5
8.680000E-3	0.000000E+0	3.429010E+5
8.700000E-3	0.000000E+0	3.413850E+5
8.720000E-3	0.000000E+0	3.431880E+5
8.740000E-3	0.000000E+0	3.419990E+5
8.760000E-3	0.000000E+0	3.426050E+5
8.780000E-3	0.000000E+0	3.428890E+5
8.800000E-3	0.000000E+0	3.434840E+5
8.820000E-3	0.000000E+0	3.430250E+5
8.840000E-3	0.000000E+0	3.423570E+5
8.860000E-3	0.000000E+0	3.442110E+5
8.880000E-3	0.000000E+0	3.424980E+5
8.900000E-3	0.000000E+0	3.433100E+5
8.920000E-3	0.000000E+0	3.420190E+5
8.940000E-3	0.000000E+0	3.421000E+5
8.960000E-3	0.000000E+0	3.433600E+5
8.980000E-3	0.000000E+0	3.427160E+5
9.000000E-3	0.000000E+0	3.422190E+5
9.020000E-3	0.000000E+0	3.418660E+5
9.040000E-3	0.000000E+0	3.430630E+5
9.060000E-3	0.000000E+0	3.445610E+5
9.080000E-3	0.000000E+0	3.430720E+5
9.100000E-3	0.000000E+0	3.433990E+5
9.120000E-3	0.000000E+0	3.423170E+5
9.140000E-3	0.000000E+0	3.431820E+5
9.160000E-3	0.000000E+0	3.435830E+5
9.180000E-3	0.000000E+0	3.419110E+5
9.200000E-3	0.000000E+0	3.424440E+5
9.220000E-3	0.000000E+0	3.428350E+5
9.240000E-3	0.000000E+0	3.430730E+5
9.260000E-3	0.000000E+0	3.435530E+5
9.280000E-3	0.000000E+0	3.439920E+5
9.300000E-3	0.000000E+0	3.430400E+5
9.320000E-3	0.000000E+0	3.423630E+5
9.340000E-3	0.000000E+0	3.431080E+5
9.360000E-3	0.000000E+0	3.424340E+5
9.380000E-3	0.000000E+0	3.436220E+5
9.400000E-3	0.000000E+0	3.436550E+5
9.420000E-3	0.000000E+0	3.437280E+5
9.440000E-3	0.000000E+0	3.426780E+5
9.460000E-3	0.000000E+0	3.439190E+5
9.480000E-3	0.000000E+0	3.429110E+5
9.500000E-3	0.000000E+0	3.417580E+5
9.520000E-3	0.000000E+0	3.435100E+5
9.540000E-3	0.000000E+0	3.419660E+5
9.560000E-3	0.000000E+0	3.423270E+5
9.580000E-3	0.000000E+0	3.425440E+5
9.600000E-3	0.000000E+0	3.432050E+5
9.620000E-3	0.000000E+0	3.423750E+5
9.640000E-3	0.000000E+0	3.424480E+5
9.660000E-3	0.000000E+0	3.429070E+5
9.680000E-3	0.000000E+0	3.416110E+5
9.700000E-3	0.000000E+0	3.423970E+5
9.720000E-3	0.000000E+0	3.431140E+5
9.740000E-3	0.000000E+0	3.429280E+5
9.760000E-3	0.000000E+0	3.422630E+5
9.780000E-3	0.000000E+0	3.429830E+5
9.800000E-3	0.000000E+0	3.433330E+5
9.820000E-3	0.000000E+0	3.440050E+5
9.840000E-3	0.000000E+0	3.427750E+5
9.860000E-3	0.000000E+0	3.426020E+5
9.880000E-3	0.000000E+0	3.435960E+5
9.900000E-3	0.000000E+0	3.436460E+5
9.920000E-3	0.000000E+0	3.421530E+5
9.940000E-3	0.000000E+0	3.419260E+5
9.960000E-3	0.000000E+0	3.422470E+5
9.980000E-3	0.000000E+0	3.435690E+5
1.000000E-2	0.000000E+0	3.424190E+5
1.002000E-2	0.000000E+0	3.428510E+5
1.004000E-2	0.000000E+0	3.434330E+5
1.006000E-2	0.000000E+0	3.435160E+5
1.008000E-2	0.000000E+0	3.425900E+5
1.010000E-2	0.000000E+0	3.426280E+5
1.012000E-2	0.000000E+0	3.438340E+5
1.014000E-2	0.000000E+0	3.444280E+5
1.016000E-2	0.000000E+0	3.432950E+5
1.018000E-2	0.000000E+0	3.430630E+5
1.020000E-2	0.000000E+0	3.433620E+5
1.022000E-2	0.000000E+0	3.430490E+5
1.024000E-2	0.000000E+0	3.424630E+5
1.026000E-2	0.000000E+0	3.441900E+5
1.028000E-2	0.000000E+0	3.426950E+5
1.030000E-2	0.000000E+0	3.434960E+5
1.032000E-2	0.000000E+0	3.424520E+5
1.034000E-2	0.000000E+0	3.433450E+5
1.036000E-2	0.000000E+0	3.427430E+5
1.038000E-2	0.000000E+0	3.434230E+5
1.040000E-2	0.000000E+0	3.425120E+5
1.042000E-2	0.000000E+0	3.427940E+5
1.044000E-2	0.000000E+0	3.429720E+5
1.046000E-2	0.000000E+0	3.430850E+5
1.048000E-2	0.000000E+0	3.435610E+5
1.050000E-2	0.000000E+0	3.428620E+5
1.052000E-2	0.000000E+0	3.433850E+5
1.054000E-2	0.000000E+0	3.441860E+5
1.056000E-2	0.000000E+0	3.426080E+5
1.058000E-2	0.000000E+0	3.435300E+5
1.060000E-2	0.000000E+0	3.425270E+5
1.062000E-2	0.000000E+0	3.428550E+5
1.064000E-2	0.000000E+0	3.429950E+5
1.066000E-2	0.000000E+0	3.428930E+5
1.068000E-2	0.000000E+0	3.435370E+5
1.070000E-2	0.000000E+0	3.422180E+5
1.072000E-2	0.000000E+0	3.429410E+5
1.074000E-2	0.000000E+0	3.436540E+5
1.076000E-2	0.000000E+0	3.439290E+5
1.078000E-2	0.000000E+0	3.437520E+5
1.080000E-2	0.000000E+0	3.436180E+5
1.082000E-2	0.000000E+0	3.442700E+5
1.084000E-2	0.000000E+0	3.426780E+5
1.086000E-2	0.000000E+0	3.430420E+5
1.088000E-2	0.000000E+0	3.428450E+5
1.090000E-2	0.000000E+0	3.432620E+5
1.092000E-2	0.000000E+0	3.427300E+5
1.094000E-2	0.000000E+0	3.424220E+5
1.096000E-2	0.000000E+0	3.423490E+5
1.098000E-2	0.000000E+0	3.431010E+5
1.100000E-2	0.000000E+0	3.430670E+5
1.102000E-2	0.000000E+0	3.420910E+5
1.104000E-2	0.000000E+0	3.436700E+5
1.106000E-2	0.000000E+0	3.427070E+5
1.108000E-2	0.000000E+0	3.434070E+5
1.110000E-2	0.000000E+0	3.425090E+5
1.112000E-2	0.000000E+0	3.431080E+5
1.114000E-2	0.000000E+0	3.431130E+5
1.116000E-2	0.000000E+0	3.410130E+5
1.118000E-2	0.000000E+0	3.432800E+5
1.120000E-2	0.000000E+0	3.432300E+5
1.122000E-2	0.000000E+0	3.442890E+5
1.124000E-2	0.000000E+0	3.437850E+5
1.126000E-2	0.000000E+0	3.419060E+5
1.128000E-2	0.000000E+0	3.423210E+5
1.130000E-2	0.000000E+0	3.427310E+5
1.132000E-2	0.000000E+0	3.435340E+5
1.134000E-2	0.000000E+0	3.423960E+5
1.136000E-2	0.000000E+0	3.441700E+5
1.138000E-2	0.000000E+0	3.428990E+5
1.140000E-2	0.000000E+0	3.443120E+5
1.142000E-2	0.000000E+0	3.429290E+5
1.144000E-2	0.000000E+0	3.435070E+5
1.146000E-2	0.000000E+0	3.427200E+5
1.148000E-2	0.000000E+0	3.430850E+5
1.150000E-2	0.000000E+0	3.426480E+5
1.152000E-2	0.000000E+0	3.421600E+5
1.154000E-2	0.000000E+0	3.426490E+5
1.156000E-2	0.000000E+0	3.434360E+5
1.158000E-2	0.000000E+0	3.422500E+5
1.160000E-2	0.000000E+0	3.429270E+5
1.162000E-2	0.000000E+0	3.431880E+5
1.164000E-2	0.000000E+0	3.442360E+5
1.166000E-2	0.000000E+0	3.445250E+5
1.168000E-2	0.000000E+0	3.438790E+5
1.170000E-2	0.000000E+0	3.439250E+5
1.172000E-2	0.000000E+0	3.436910E+5
1.174000E-2	0.000000E+0	3.430380E+5
1.176000E-2	0.000000E+0	3.432340E+5
1.178000E-2	0.000000E+0	3.424280E+5
1.180000E-2	0.000000E+0	3.434990E+5
1.182000E-2	0.000000E+0	3.436670E+5
1.184000E-2	0.000000E+0	3.430610E+5
1.186000E-2	0.000000E+0	3.427910E+5
1.188000E-2	0.000000E+0	3.422760E+5
1.190000E-2	0.000000E+0	3.421800E+5
1.192000E-2	0.000000E+0	3.425900E+5
1.194000E-2	0.000000E+0	3.442310E+5
1.196000E-2	0.000000E+0	3.426550E+5
1.198000E-2	0.000000E+0	3.436830E+5
1.200000E-2	0.000000E+0	3.425260E+5
1.202000E-2	0.000000E+0	3.434410E+5
1.204000E-2	0.000000E+0	3.429470E+5
1.206000E-2	0.000000E+0	3.431390E+5
1.208000E-2	0.000000E+0	3.438680E+5
1.210000E-2	0.000000E+0	3.434430E+5
1.212000E-2	0.000000E+0	3.436300E+5
1.214000E-2	0.000000E+0	3.420660E+5
1.216000E-2	0.000000E+0	3.426480E+5
1.218000E-2	0.000000E+0	3.430780E+5
1.220000E-2	0.000000E+0	3.418560E+5
1.222000E-2	0.000000E+0	3.433960E+5
1.224000E-2	0.000000E+0	3.430610E+5
1.226000E-2	0.000000E+0	3.430810E+5
1.228000E-2	0.000000E+0	3.434040E+5
1.230000E-2	0.000000E+0	3.433590E+5
1.232000E-2	0.000000E+0	3.434710E+5
1.234000E-2	0.000000E+0	3.431920E+5
1.236000E-2	0.000000E+0	3.427770E+5
1.238000E-2	0.000000E+0	3.436080E+5
1.240000E-2	0.000000E+0	3.438740E+5
1.242000E-2	0.000000E+0	3.435030E+5
1.244000E-2	0.000000E+0	3.437620E+5
1.246000E-2	0.000000E+0	3.428550E+5
1.248000E-2	0.000000E+0	3.435780E+5
1.250000E-2	0.000000E+0	3.426460E+5
1.252000E-2	0.000000E+0	3.440010E+5
1.254000E-2	0.000000E+0	3.431950E+5
1.256000E-2	0.000000E+0	3.428190E+5
1.258000E-2	0.000000E+0	3.438930E+5
1.260000E-2	0.000000E+0	3.439940E+5
1.262000E-2	0.000000E+0	3.423540E+5
1.264000E-2	0.000000E+0	3.421330E+5
1.266000E-2	0.000000E+0	3.440230E+5
1.268000E-2	0.000000E+0	3.435610E+5
1.270000E-2	0.000000E+0	3.430260E+5
1.272000E-2	0.000000E+0	3.439090E+5
1.274000E-2	0.000000E+0	3.431830E+5
1.276000E-2	0.000000E+0	3.435080E+5
1.278000E-2	0.000000E+0	3.426380E+5
1.280000E-2	0.000000E+0	3.423170E+5
1.282000E-2	0.000000E+0	3.427540E+5
1.284000E-2	0.000000E+0	3.429620E+5
1.286000E-2	0.000000E+0	3.434110E+5
1.288000E-2	0.000000E+0	3.439800E+5
1.290000E-2	0.000000E+0	3.427400E+5
1.292000E-2	0.000000E+0	3.433270E+5
1.294000E-2	0.000000E+0	3.423320E+5
1.296000E-2	0.000000E+0	3.432500E+5
1.298000E-2	0.000000E+0	3.432650E+5
1.300000E-2	0.000000E+0	3.432780E+5
1.302000E-2	0.000000E+0	3.434680E+5
1.304000E-2	0.000000E+0	3.429740E+5
1.306000E-2	0.000000E+0	3.427590E+5
1.308000E-2	0.000000E+0	3.440040E+5
1.310000E-2	0.000000E+0	3.432180E+5
1.312000E-2	0.000000E+0	3.437780E+5
1.314000E-2	0.000000E+0	3.439330E+5
1.316000E-2	0.000000E+0	3.432350E+5
1.318000E-2	0.000000E+0	3.425030E+5
1.320000E-2	0.000000E+0	3.431880E+5
1.322000E-2	0.000000E+0	3.435460E+5
1.324000E-2	0.000000E+0	3.423850E+5
1.326000E-2	0.000000E+0	3.442030E+5
1.328000E-2	0.000000E+0	3.438070E+5
1.330000E-2	0.000000E+0	3.424440E+5
1.332000E-2	0.000000E+0	3.427630E+5
1.334000E-2	0.000000E+0	3.431190E+5
1.336000E-2	0.000000E+0	3.433140E+5
1.338000E-2	0.000000E+0	3.432650E+5
1.340000E-2	0.000000E+0	3.420510E+5
1.342000E-2	0.000000E+0	3.424390E+5
1.344000E-2	0.000000E+0	3.424040E+5
1.346000E-2	0.000000E+0	3.419070E+5
1.348000E-2	0.000000E+0	3.434560E+5
1.350000E-2	0.000000E+0	3.428900E+5
1.352000E-2	0.000000E+0	3.441820E+5
1.354000E-2	0.000000E+0	3.436630E+5
1.356000E-2	0.000000E+0	3.434480E+5
1.358000E-2	0.000000E+0	3.430260E+5
1.360000E-2	0.000000E+0	3.426040E+5
1.362000E-2	0.000000E+0	3.433220E+5
1.364000E-2	0.000000E+0	3.420670E+5
1.366000E-2	0.000000E+0	3.430620E+5
1.368000E-2	0.000000E+0	3.434610E+5
1.370000E-2	0.000000E+0	3.433830E+5
1.372000E-2	0.000000E+0	3.428870E+5
1.374000E-2	0.000000E+0	3.428480E+5
1.376000E-2	0.000000E+0	3.426460E+5
1.378000E-2	0.000000E+0	3.423410E+5
1.380000E-2	0.000000E+0	3.431230E+5
1.382000E-2	0.000000E+0	3.421840E+5
1.384000E-2	0.000000E+0	3.426060E+5
1.386000E-2	0.000000E+0	3.427800E+5
1.388000E-2	0.000000E+0	3.427180E+5
1.390000E-2	0.000000E+0	3.434360E+5
1.392000E-2	0.000000E+0	3.442670E+5
1.394000E-2	0.000000E+0	3.430680E+5
1.396000E-2	0.000000E+0	3.431690E+5
1.398000E-2	0.000000E+0	3.437000E+5
1.400000E-2	0.000000E+0	3.439850E+5
1.402000E-2	0.000000E+0	3.425940E+5
1.404000E-2	0.000000E+0	3.441860E+5
1.406000E-2	0.000000E+0	3.427500E+5
1.408000E-2	0.000000E+0	3.427200E+5
1.410000E-2	0.000000E+0	3.430620E+5
1.412000E-2	0.000000E+0	3.431140E+5
1.414000E-2	0.000000E+0	3.428060E+5
1.416000E-2	0.000000E+0	3.423700E+5
1.418000E-2	0.000000E+0	3.427950E+5
1.420000E-2	0.000000E+0	3.429460E+5
1.422000E-2	0.000000E+0	3.430130E+5
1.424000E-2	0.000000E+0	3.418100E+5
1.426000E-2	0.000000E+0	3.418420E+5
1.428000E-2	0.000000E+0	3.427690E+5
1.430000E-2	0.000000E+0	3.427630E+5
1.432000E-2	0.000000E+0	3.434530E+5
1.434000E-2	0.000000E+0	3.425580E+5
1.436000E-2	0.000000E+0	3.431020E+5
1.438000E-2	0.000000E+0	3.431560E+5
1.440000E-2	0.000000E+0	3.438410E+5
1.442000E-2	0.000000E+0	3.429410E+5
1.444000E-2	0.000000E+0	3.418480E+5
1.446000E-2	0.000000E+0	3.431530E+5
1.448000E-2	0.000000E+0	3.431860E+5
1.450000E-2	0.000000E+0	3.431310E+5
1.452000E-2	0.000000E+0	3.431390E+5
1.454000E-2	0.000000E+0	3.427330E+5
1.456000E-2	0.000000E+0	3.434570E+5
1.458000E-2	0.000000E+0	3.419310E+5
1.460000E-2	0.000000E+0	3.439240E+5
1.462000E-2	0.000000E+0	3.418970E+5
1.464000E-2	0.000000E+0	3.435530E+5
1.466000E-2	0.000000E+0	3.428690E+5
1.468000E-2	0.000000E+0	3.437860E+5
1.470000E-2	0.000000E+0	3.427630E+5
1.472000E-2	0.000000E+0	3.425950E+5
1.474000E-2	0.000000E+0	3.426960E+5
1.476000E-2	0.000000E+0	3.440580E+5
1.478000E-2	0.000000E+0	3.439100E+5
1.480000E-2	0.000000E+0	3.426550E+5
1.482000E-2	0.000000E+0	3.422050E+5
1.484000E-2	0.000000E+0	3.434100E+5
1.486000E-2	0.000000E+0	3.425710E+5
1.488000E-2	0.000000E+0	3.424160E+5
1.490000E-2	0.000000E+0	3.418650E+5
1.492000E-2	0.000000E+0	3.413520E+5
1.494000E-2	0.000000E+0	3.396840E+5
1.496000E-2	0.000000E+0	3.388710E+5
1.498000E-2	0.000000E+0	3.390480E+5
1.500000E-2	0.000000E+0	3.381170E+5
1.502000E-2	0.000000E+0	3.377350E+5
1.504000E-2	0.000000E+0	3.370320E+5
1.506000E-2	0.000000E+0	3.369440E+5
1.508000E-2	0.000000E+0	3.357530E+5
1.510000E-2	0.000000E+0	3.344730E+5
1.512000E-2	0.000000E+0	3.336780E+5
1.514000E-2	0.000000E+0	3.335780E+5
1.516000E-2	0.000000E+0	3.341430E+5
1.518000E-2	0.000000E+0	3.347740E+5
1.520000E-2	0.000000E+0	3.356710E+5
1.522000E-2	0.000000E+0	3.370340E+5
1.524000E-2	0.000000E+0	3.392770E+5
1.526000E-2	0.000000E+0	3.393490E+5
1.528000E-2	0.000000E+0	3.411190E+5
1.530000E-2	0.000000E+0	3.403220E+5
1.532000E-2	0.000000E+0	3.414010E+5
1.534000E-2	0.000000E+0	3.418720E+5
1.536000E-2	0.000000E+0	3.415570E+5
1.538000E-2	0.000000E+0	3.428160E+5
1.540000E-2	0.000000E+0	3.421530E+5
1.542000E-2	0.000000E+0	3.422280E+5
1.544000E-2	0.000000E+0	3.418340E+5
1.546000E-2	0.000000E+0	3.419130E+5
1.548000E-2	0.000000E+0	3.421250E+5
1.550000E-2	0.000000E+0	3.417310E+5
1.552000E-2	0.000000E+0	3.428770E+5
1.554000E-2	0.000000E+0	3.417630E+5
1.556000E-2	0.000000E+0	3.400200E+5
1.558000E-2	0.000000E+0	3.392890E+5
1.560000E-2	0.000000E+0	3.397310E+5
1.562000E-2	0.000000E+0	3.386840E+5
1.564000E-2	0.000000E+0	3.375990E+5
1.566000E-2	0.000000E+0	3.370690E+5
1.568000E-2	0.000000E+0	3.365140E+5
1.570000E-2	0.000000E+0	3.362100E+5
1.572000E-2	0.000000E+0	3.354270E+5
1.574000E-2	0.000000E+0	3.351220E+5
1.576000E-2	0.000000E+0	3.346970E+5
1.578000E-2	0.000000E+0	3.323520E+5
1.580000E-2	0.000000E+0	3.340090E+5
1.582000E-2	0.000000E+0	3.344540E+5
1.584000E-2	0.000000E+0	3.353160E+5
1.586000E-2	0.000000E+0	3.366150E+5
1.588000E-2	0.000000E+0	3.382000E+5
1.590000E-2	0.000000E+0	3.387840E+5
1.592000E-2	0.000000E+0	3.394660E+5
1.594000E-2	0.000000E+0	3.396630E+5
1.596000E-2	0.000000E+0	3.407030E+5
1.598000E-2	0.000000E+0	3.423400E+5
1.600000E-2	0.000000E+0	3.434440E+5
1.602000E-2	0.000000E+0	3.428170E+5
1.604000E-2	0.000000E+0	3.420900E+5
1.606000E-2	0.000000E+0	3.420530E+5
1.608000E-2	0.000000E+0	3.422270E+5
1.610000E-2	0.000000E+0	3.430300E+5
1.612000E-2	0.000000E+0	3.431140E+5
1.614000E-2	0.000000E+0	3.431030E+5
1.616000E-2	0.000000E+0	3.437080E+5
1.618000E-2	0.000000E+0	3.426850E+5
1.620000E-2	0.000000E+0	3.426860E+5
1.622000E-2	0.000000E+0	3.426000E+5
1.624000E-2	0.000000E+0	3.425380E+5
1.626000E-2	0.000000E+0	3.428260E+5
1.628000E-2	0.000000E+0	3.442520E+5
1.630000E-2	0.000000E+0	3.426820E+5
1.632000E-2	0.000000E+0	3.433370E+5
1.634000E-2	0.000000E+0	3.435490E+5
1.636000E-2	0.000000E+0	3.440070E+5
1.638000E-2	0.000000E+0	3.431510E+5
1.640000E-2	0.000000E+0	3.429980E+5
1.642000E-2	0.000000E+0	3.430940E+5
1.644000E-2	0.000000E+0	3.424590E+5
1.646000E-2	0.000000E+0	3.430470E+5
1.648000E-2	0.000000E+0	3.419910E+5
1.650000E-2	0.000000E+0	3.429350E+5
1.652000E-2	0.000000E+0	3.437490E+5
1.654000E-2	0.000000E+0	3.428470E+5
1.656000E-2	0.000000E+0	3.425790E+5
1.658000E-2	0.000000E+0	3.431490E+5
1.660000E-2	0.000000E+0	3.431920E+5
1.662000E-2	0.000000E+0	3.427230E+5
1.664000E-2	0.000000E+0	3.432650E+5
1.666000E-2	0.000000E+0	3.431000E+5
1.668000E-2	0.000000E+0	3.421300E+5
1.670000E-2	0.000000E+0	3.423880E+5
1.672000E-2	0.000000E+0	3.434680E+5
1.674000E-2	0.000000E+0	3.423460E+5
1.676000E-2	0.000000E+0	3.423220E+5
1.678000E-2	0.000000E+0	3.418790E+5
1.680000E-2	0.000000E+0	3.432290E+5
1.682000E-2	0.000000E+0	3.426830E+5
1.684000E-2	0.000000E+0	3.433520E+5
1.686000E-2	0.000000E+0	3.437950E+5
1.688000E-2	0.000000E+0	3.430190E+5
1.690000E-2	0.000000E+0	3.427870E+5
1.692000E-2	0.000000E+0	3.429580E+5
1.694000E-2	0.000000E+0	3.425960E+5
1.696000E-2	0.000000E+0	3.418400E+5
1.698000E-2	0.000000E+0	3.423010E+5
1.700000E-2	0.000000E+0	3.429560E+5
1.702000E-2	0.000000E+0	3.433590E+5
1.704000E-2	0.000000E+0	3.434410E+5
1.706000E-2	0.000000E+0	3.445800E+5
1.708000E-2	0.000000E+0	3.427470E+5
1.710000E-2	0.000000E+0	3.430710E+5
1.712000E-2	0.000000E+0	3.428990E+5
1.714000E-2	0.000000E+0	3.427270E+5
1.716000E-2	0.000000E+0	3.432520E+5
1.718000E-2	0.000000E+0	3.425520E+5
1.720000E-2	0.000000E+0	3.437800E+5
1.722000E-2	0.000000E+0	3.437410E+5
1.724000E-2	0.000000E+0	3.427280E+5
1.726000E-2	0.000000E+0	3.425660E+5
1.728000E-2	0.000000E+0	3.429390E+5
1.730000E-2	0.000000E+0	3.426210E+5
1.732000E-2	0.000000E+0	3.422560E+5
1.734000E-2	0.000000E+0	3.429550E+5
1.736000E-2	0.000000E+0	3.439750E+5
1.738000E-2	0.000000E+0	3.438980E+5
1.740000E-2	0.000000E+0	3.430130E+5
1.742000E-2	0.000000E+0	3.416510E+5
1.744000E-2	0.000000E+0	3.430920E+5
1.746000E-2	0.000000E+0	3.431530E+5
1.748000E-2	0.000000E+0	3.430150E+5
1.750000E-2	0.000000E+0	3.429180E+5
1.752000E-2	0.000000E+0	3.433840E+5
1.754000E-2	0.000000E+0	3.420530E+5
1.756000E-2	0.000000E+0	3.423460E+5
1.758000E-2	0.000000E+0	3.437960E+5
1.760000E-2	0.000000E+0	3.431590E+5
1.762000E-2	0.000000E+0	3.434620E+5
1.764000E-2	0.000000E+0	3.440380E+5
1.766000E-2	0.000000E+0	3.433890E+5
1.768000E-2	0.000000E+0	3.435890E+5
1.770000E-2	0.000000E+0	3.428970E+5
1.772000E-2	0.000000E+0	3.442610E+5
1.774000E-2	0.000000E+0	3.431670E+5
1.776000E-2	0.000000E+0	3.425150E+5
1.778000E-2	0.000000E+0	3.436690E+5
1.780000E-2	0.000000E+0	3.428580E+5
1.782000E-2	0.000000E+0	3.430730E+5
1.784000E-2	0.000000E+0	3.426410E+5
1.786000E-2	0.000000E+0	3.432050E+5
1.788000E-2	0.000000E+0	3.427740E+5
1.790000E-2	0.000000E+0	3.432670E+5
1.792000E-2	0.000000E+0	3.422690E+5
1.794000E-2	0.000000E+0	3.432680E+5
1.796000E-2	0.000000E+0	3.432350E+5
1.798000E-2	0.000000E+0	3.438280E+5
1.800000E-2	0.000000E+0	3.424800E+5
1.802000E-2	0.000000E+0	3.427860E+5
1.804000E-2	0.000000E+0	3.423940E+5
1.806000E-2	0.000000E+0	3.428740E+5
1.808000E-2	0.000000E+0	3.428060E+5
1.810000E-2	0.000000E+0	3.435900E+5
1.812000E-2	0.000000E+0	3.436340E+5
1.814000E-2	0.000000E+0	3.439030E+5
1.816000E-2	0.000000E+0	3.437760E+5
1.818000E-2	0.000000E+0	3.428230E+5
1.820000E-2	0.000000E+0	3.441080E+5
1.822000E-2	0.000000E+0	3.423700E+5
1.824000E-2	0.000000E+0	3.431620E+5
1.826000E-2	0.000000E+0	3.435860E+5
1.828000E-2	0.000000E+0	3.428630E+5
1.830000E-2	0.000000E+0	3.423980E+5
1.832000E-2	0.000000E+0	3.429050E+5
1.834000E-2	0.000000E+0	3.423390E+5
1.836000E-2	0.000000E+0	3.439310E+5
1.838000E-2	0.000000E+0	3.428460E+5
1.840000E-2	0.000000E+0	3.425290E+5
1.842000E-2	0.000000E+0	3.428870E+5
1.844000E-2	0.000000E+0	3.426260E+5
1.846000E-2	0.000000E+0	3.419010E+5
1.848000E-2	0.000000E+0	3.439920E+5
1.850000E-2	0.000000E+0	3.435410E+5
1.852000E-2	0.000000E+0	3.438990E+5
1.854000E-2	0.000000E+0	3.441410E+5
1.856000E-2	0.000000E+0	3.421930E+5
1.858000E-2	0.000000E+0	3.426760E+5
1.860000E-2	0.000000E+0	3.435470E+5
1.862000E-2	0.000000E+0	3.428480E+5
1.864000E-2	0.000000E+0	3.421980E+5
1.866000E-2	0.000000E+0	3.429730E+5
1.868000E-2	0.000000E+0	3.423760E+5
1.870000E-2	0.000000E+0	3.429780E+5
1.872000E-2	0.000000E+0	3.437980E+5
1.874000E-2	0.000000E+0	3.417950E+5
1.876000E-2	0.000000E+0	3.428120E+5
1.878000E-2	0.000000E+0	3.426840E+5
1.880000E-2	0.000000E+0	3.427380E+5
1.882000E-2	0.000000E+0	3.429800E+5
1.884000E-2	0.000000E+0	3.431910E+5
1.886000E-2	0.000000E+0	3.436540E+5
1.888000E-2	0.000000E+0	3.423640E+5
1.890000E-2	0.000000E+0	3.425590E+5
1.892000E-2	0.000000E+0	3.440340E+5
1.894000E-2	0.000000E+0	3.430850E+5
1.896000E-2	0.000000E+0	3.433820E+5
1.898000E-2	0.000000E+0	3.432290E+5
1.900000E-2	0.000000E+0	3.425860E+5
1.902000E-2	0.000000E+0	3.427560E+5
1.904000E-2	0.000000E+0	3.432790E+5
1.906000E-2	0.000000E+0	3.433030E+5
1.908000E-2	0.000000E+0	3.433280E+5
1.910000E-2	0.000000E+0	3.421280E+5
1.912000E-2	0.000000E+0	3.426430E+5
1.914000E-2	0.000000E+0	3.429220E+5
1.916000E-2	0.000000E+0	3.421490E+5
1.918000E-2	0.000000E+0	3.424030E+5
1.920000E-2	0.000000E+0	3.434140E+5
1.922000E-2	0.000000E+0	3.429040E+5
1.924000E-2	0.000000E+0	3.428920E+5
1.926000E-2	0.000000E+0	3.435090E+5
1.928000E-2	0.000000E+0	3.438980E+5
1.930000E-2	0.000000E+0	3.429290E+5
1.932000E-2	0.000000E+0	3.427550E+5
1.934000E-2	0.000000E+0	3.430100E+5
1.936000E-2	0.000000E+0	3.423490E+5
1.938000E-2	0.000000E+0	3.434620E+5
1.940000E-2	0.000000E+0	3.422520E+5
1.942000E-2	0.000000E+0	3.444520E+5
1.944000E-2	0.000000E+0	3.437720E+5
1.946000E-2	0.000000E+0	3.421810E+5
1.948000E-2	0.000000E+0	3.432900E+5
1.950000E-2	0.000000E+0	3.428240E+5
1.952000E-2	0.000000E+0	3.437470E+5
1.954000E-2	0.000000E+0	3.431890E+5
1.956000E-2	0.000000E+0	3.434810E+5
1.958000E-2	0.000000E+0	3.430150E+5
1.960000E-2	0.000000E+0	3.432970E+5
1.962000E-2	0.000000E+0	3.425030E+5
1.964000E-2	0.000000E+0	3.436080E+5
1.966000E-2	0.000000E+0	3.433540E+5
1.968000E-2	0.000000E+0	3.427900E+5
1.970000E-2	0.000000E+0	3.430790E+5
1.972000E-2	0.000000E+0	3.432150E+5
1.974000E-2	0.000000E+0	3.431660E+5
1.976000E-2	0.000000E+0	3.417760E+5
1.978000E-2	0.000000E+0	3.425130E+5
1.980000E-2	0.000000E+0	3.435690E+5
1.982000E-2	0.000000E+0	3.429780E+5
1.984000E-2	0.000000E+0	3.431340E+5
1.986000E-2	0.000000E+0	3.423830E+5
1.988000E-2	0.000000E+0	3.417970E+5
1.990000E-2	0.000000E+0	3.426680E+5
1.992000E-2	0.000000E+0	3.425330E+5
1.994000E-2	0.000000E+0	3.438950E+5
1.996000E-2	0.000000E+0	3.422370E+5
1.998000E-2	0.000000E+0	3.432270E+5
