

live time:  114520.920000
real time:  158405.367000
sweeps:  5726046.000000
0.000000E+0	0.000000E+0	0.000000E+0
2.000000E-5	0.000000E+0	2.512570E+5
4.000000E-5	0.000000E+0	2.516580E+5
6.000000E-5	0.000000E+0	2.512020E+5
8.000000E-5	0.000000E+0	2.517650E+5
1.000000E-4	0.000000E+0	2.510410E+5
1.200000E-4	0.000000E+0	2.511750E+5
1.400000E-4	0.000000E+0	2.514240E+5
1.600000E-4	0.000000E+0	2.519500E+5
1.800000E-4	0.000000E+0	2.511610E+5
2.000000E-4	0.000000E+0	2.517230E+5
2.200000E-4	0.000000E+0	2.510680E+5
2.400000E-4	0.000000E+0	2.509550E+5
2.600000E-4	0.000000E+0	2.507330E+5
2.800000E-4	0.000000E+0	2.511650E+5
3.000000E-4	0.000000E+0	2.519670E+5
3.200000E-4	0.000000E+0	2.515680E+5
3.400000E-4	0.000000E+0	2.514290E+5
3.600000E-4	0.000000E+0	2.514960E+5
3.800000E-4	0.000000E+0	2.510170E+5
4.000000E-4	0.000000E+0	2.509030E+5
4.200000E-4	0.000000E+0	2.515850E+5
4.400000E-4	0.000000E+0	2.508280E+5
4.600000E-4	0.000000E+0	2.521100E+5
4.800000E-4	0.000000E+0	2.509030E+5
5.000000E-4	0.000000E+0	2.515510E+5
5.200000E-4	0.000000E+0	2.514300E+5
5.400000E-4	0.000000E+0	2.512770E+5
5.600000E-4	0.000000E+0	2.507520E+5
5.800000E-4	0.000000E+0	2.517530E+5
6.000000E-4	0.000000E+0	2.518160E+5
6.200000E-4	0.000000E+0	2.510480E+5
6.400000E-4	0.000000E+0	2.522410E+5
6.600000E-4	0.000000E+0	2.508520E+5
6.800000E-4	0.000000E+0	2.510290E+5
7.000000E-4	0.000000E+0	2.516480E+5
7.200000E-4	0.000000E+0	2.521970E+5
7.400000E-4	0.000000E+0	2.508430E+5
7.600000E-4	0.000000E+0	2.512110E+5
7.800000E-4	0.000000E+0	2.504620E+5
8.000000E-4	0.000000E+0	2.512960E+5
8.200000E-4	0.000000E+0	2.516300E+5
8.400000E-4	0.000000E+0	2.515310E+5
8.600000E-4	0.000000E+0	2.521500E+5
8.800000E-4	0.000000E+0	2.504960E+5
9.000000E-4	0.000000E+0	2.520010E+5
9.200000E-4	0.000000E+0	2.509880E+5
9.400000E-4	0.000000E+0	2.511580E+5
9.600000E-4	0.000000E+0	2.503180E+5
9.800000E-4	0.000000E+0	2.522330E+5
1.000000E-3	0.000000E+0	2.513610E+5
1.020000E-3	0.000000E+0	2.511750E+5
1.040000E-3	0.000000E+0	2.512960E+5
1.060000E-3	0.000000E+0	2.511060E+5
1.080000E-3	0.000000E+0	2.512000E+5
1.100000E-3	0.000000E+0	2.506640E+5
1.120000E-3	0.000000E+0	2.513770E+5
1.140000E-3	0.000000E+0	2.505380E+5
1.160000E-3	0.000000E+0	2.504520E+5
1.180000E-3	0.000000E+0	2.507470E+5
1.200000E-3	0.000000E+0	2.516550E+5
1.220000E-3	0.000000E+0	2.518230E+5
1.240000E-3	0.000000E+0	2.512860E+5
1.260000E-3	0.000000E+0	2.512410E+5
1.280000E-3	0.000000E+0	2.521850E+5
1.300000E-3	0.000000E+0	2.505690E+5
1.320000E-3	0.000000E+0	2.519120E+5
1.340000E-3	0.000000E+0	2.510420E+5
1.360000E-3	0.000000E+0	2.508200E+5
1.380000E-3	0.000000E+0	2.515900E+5
1.400000E-3	0.000000E+0	2.514430E+5
1.420000E-3	0.000000E+0	2.516880E+5
1.440000E-3	0.000000E+0	2.508250E+5
1.460000E-3	0.000000E+0	2.505880E+5
1.480000E-3	0.000000E+0	2.517750E+5
1.500000E-3	0.000000E+0	2.514780E+5
1.520000E-3	0.000000E+0	2.515080E+5
1.540000E-3	0.000000E+0	2.517080E+5
1.560000E-3	0.000000E+0	2.510750E+5
1.580000E-3	0.000000E+0	2.513270E+5
1.600000E-3	0.000000E+0	2.508770E+5
1.620000E-3	0.000000E+0	2.513230E+5
1.640000E-3	0.000000E+0	2.505310E+5
1.660000E-3	0.000000E+0	2.524060E+5
1.680000E-3	0.000000E+0	2.505350E+5
1.700000E-3	0.000000E+0	2.504020E+5
1.720000E-3	0.000000E+0	2.516810E+5
1.740000E-3	0.000000E+0	2.522370E+5
1.760000E-3	0.000000E+0	2.518780E+5
1.780000E-3	0.000000E+0	2.521290E+5
1.800000E-3	0.000000E+0	2.519540E+5
1.820000E-3	0.000000E+0	2.511780E+5
1.840000E-3	0.000000E+0	2.514020E+5
1.860000E-3	0.000000E+0	2.518350E+5
1.880000E-3	0.000000E+0	2.513740E+5
1.900000E-3	0.000000E+0	2.508800E+5
1.920000E-3	0.000000E+0	2.515380E+5
1.940000E-3	0.000000E+0	2.514020E+5
1.960000E-3	0.000000E+0	2.513750E+5
1.980000E-3	0.000000E+0	2.519240E+5
2.000000E-3	0.000000E+0	2.510020E+5
2.020000E-3	0.000000E+0	2.510110E+5
2.040000E-3	0.000000E+0	2.508560E+5
2.060000E-3	0.000000E+0	2.517620E+5
2.080000E-3	0.000000E+0	2.522530E+5
2.100000E-3	0.000000E+0	2.524380E+5
2.120000E-3	0.000000E+0	2.515480E+5
2.140000E-3	0.000000E+0	2.512880E+5
2.160000E-3	0.000000E+0	2.506850E+5
2.180000E-3	0.000000E+0	2.516820E+5
2.200000E-3	0.000000E+0	2.517470E+5
2.220000E-3	0.000000E+0	2.516940E+5
2.240000E-3	0.000000E+0	2.514440E+5
2.260000E-3	0.000000E+0	2.520310E+5
2.280000E-3	0.000000E+0	2.515130E+5
2.300000E-3	0.000000E+0	2.517350E+5
2.320000E-3	0.000000E+0	2.508790E+5
2.340000E-3	0.000000E+0	2.513750E+5
2.360000E-3	0.000000E+0	2.516720E+5
2.380000E-3	0.000000E+0	2.515970E+5
2.400000E-3	0.000000E+0	2.507860E+5
2.420000E-3	0.000000E+0	2.514360E+5
2.440000E-3	0.000000E+0	2.502890E+5
2.460000E-3	0.000000E+0	2.511450E+5
2.480000E-3	0.000000E+0	2.526650E+5
2.500000E-3	0.000000E+0	2.515960E+5
2.520000E-3	0.000000E+0	2.519770E+5
2.540000E-3	0.000000E+0	2.507420E+5
2.560000E-3	0.000000E+0	2.512160E+5
2.580000E-3	0.000000E+0	2.510210E+5
2.600000E-3	0.000000E+0	2.522460E+5
2.620000E-3	0.000000E+0	2.507630E+5
2.640000E-3	0.000000E+0	2.507610E+5
2.660000E-3	0.000000E+0	2.518880E+5
2.680000E-3	0.000000E+0	2.513330E+5
2.700000E-3	0.000000E+0	2.515750E+5
2.720000E-3	0.000000E+0	2.514200E+5
2.740000E-3	0.000000E+0	2.519050E+5
2.760000E-3	0.000000E+0	2.513240E+5
2.780000E-3	0.000000E+0	2.518430E+5
2.800000E-3	0.000000E+0	2.511760E+5
2.820000E-3	0.000000E+0	2.509770E+5
2.840000E-3	0.000000E+0	2.505830E+5
2.860000E-3	0.000000E+0	2.518840E+5
2.880000E-3	0.000000E+0	2.516310E+5
2.900000E-3	0.000000E+0	2.519360E+5
2.920000E-3	0.000000E+0	2.510390E+5
2.940000E-3	0.000000E+0	2.516690E+5
2.960000E-3	0.000000E+0	2.519760E+5
2.980000E-3	0.000000E+0	2.502840E+5
3.000000E-3	0.000000E+0	2.516470E+5
3.020000E-3	0.000000E+0	2.514440E+5
3.040000E-3	0.000000E+0	2.518900E+5
3.060000E-3	0.000000E+0	2.524890E+5
3.080000E-3	0.000000E+0	2.514900E+5
3.100000E-3	0.000000E+0	2.508130E+5
3.120000E-3	0.000000E+0	2.514120E+5
3.140000E-3	0.000000E+0	2.514780E+5
3.160000E-3	0.000000E+0	2.514060E+5
3.180000E-3	0.000000E+0	2.519770E+5
3.200000E-3	0.000000E+0	2.516910E+5
3.220000E-3	0.000000E+0	2.516270E+5
3.240000E-3	0.000000E+0	2.514730E+5
3.260000E-3	0.000000E+0	2.515520E+5
3.280000E-3	0.000000E+0	2.514940E+5
3.300000E-3	0.000000E+0	2.510640E+5
3.320000E-3	0.000000E+0	2.513350E+5
3.340000E-3	0.000000E+0	2.514330E+5
3.360000E-3	0.000000E+0	2.510830E+5
3.380000E-3	0.000000E+0	2.510460E+5
3.400000E-3	0.000000E+0	2.513440E+5
3.420000E-3	0.000000E+0	2.518140E+5
3.440000E-3	0.000000E+0	2.508590E+5
3.460000E-3	0.000000E+0	2.517530E+5
3.480000E-3	0.000000E+0	2.513150E+5
3.500000E-3	0.000000E+0	2.519900E+5
3.520000E-3	0.000000E+0	2.509400E+5
3.540000E-3	0.000000E+0	2.512290E+5
3.560000E-3	0.000000E+0	2.510780E+5
3.580000E-3	0.000000E+0	2.508440E+5
3.600000E-3	0.000000E+0	2.509880E+5
3.620000E-3	0.000000E+0	2.502310E+5
3.640000E-3	0.000000E+0	2.515520E+5
3.660000E-3	0.000000E+0	2.513290E+5
3.680000E-3	0.000000E+0	2.512340E+5
3.700000E-3	0.000000E+0	2.507450E+5
3.720000E-3	0.000000E+0	2.516040E+5
3.740000E-3	0.000000E+0	2.510850E+5
3.760000E-3	0.000000E+0	2.512390E+5
3.780000E-3	0.000000E+0	2.510910E+5
3.800000E-3	0.000000E+0	2.511420E+5
3.820000E-3	0.000000E+0	2.506410E+5
3.840000E-3	0.000000E+0	2.511310E+5
3.860000E-3	0.000000E+0	2.512210E+5
3.880000E-3	0.000000E+0	2.506400E+5
3.900000E-3	0.000000E+0	2.513870E+5
3.920000E-3	0.000000E+0	2.525360E+5
3.940000E-3	0.000000E+0	2.518900E+5
3.960000E-3	0.000000E+0	2.515500E+5
3.980000E-3	0.000000E+0	2.509850E+5
4.000000E-3	0.000000E+0	2.516550E+5
4.020000E-3	0.000000E+0	2.515760E+5
4.040000E-3	0.000000E+0	2.509590E+5
4.060000E-3	0.000000E+0	2.518580E+5
4.080000E-3	0.000000E+0	2.514670E+5
4.100000E-3	0.000000E+0	2.516410E+5
4.120000E-3	0.000000E+0	2.512280E+5
4.140000E-3	0.000000E+0	2.512050E+5
4.160000E-3	0.000000E+0	2.520530E+5
4.180000E-3	0.000000E+0	2.506760E+5
4.200000E-3	0.000000E+0	2.508790E+5
4.220000E-3	0.000000E+0	2.508100E+5
4.240000E-3	0.000000E+0	2.512800E+5
4.260000E-3	0.000000E+0	2.503120E+5
4.280000E-3	0.000000E+0	2.516110E+5
4.300000E-3	0.000000E+0	2.509850E+5
4.320000E-3	0.000000E+0	2.509240E+5
4.340000E-3	0.000000E+0	2.505460E+5
4.360000E-3	0.000000E+0	2.512050E+5
4.380000E-3	0.000000E+0	2.502630E+5
4.400000E-3	0.000000E+0	2.513840E+5
4.420000E-3	0.000000E+0	2.513540E+5
4.440000E-3	0.000000E+0	2.510330E+5
4.460000E-3	0.000000E+0	2.508980E+5
4.480000E-3	0.000000E+0	2.506380E+5
4.500000E-3	0.000000E+0	2.507980E+5
4.520000E-3	0.000000E+0	2.510980E+5
4.540000E-3	0.000000E+0	2.509040E+5
4.560000E-3	0.000000E+0	2.502090E+5
4.580000E-3	0.000000E+0	2.509330E+5
4.600000E-3	0.000000E+0	2.508270E+5
4.620000E-3	0.000000E+0	2.507790E+5
4.640000E-3	0.000000E+0	2.512540E+5
4.660000E-3	0.000000E+0	2.511870E+5
4.680000E-3	0.000000E+0	2.511440E+5
4.700000E-3	0.000000E+0	2.514840E+5
4.720000E-3	0.000000E+0	2.515180E+5
4.740000E-3	0.000000E+0	2.500570E+5
4.760000E-3	0.000000E+0	2.513380E+5
4.780000E-3	0.000000E+0	2.503730E+5
4.800000E-3	0.000000E+0	2.513050E+5
4.820000E-3	0.000000E+0	2.508550E+5
4.840000E-3	0.000000E+0	2.511670E+5
4.860000E-3	0.000000E+0	2.500460E+5
4.880000E-3	0.000000E+0	2.493760E+5
4.900000E-3	0.000000E+0	2.498500E+5
4.920000E-3	0.000000E+0	2.485040E+5
4.940000E-3	0.000000E+0	2.476690E+5
4.960000E-3	0.000000E+0	2.473250E+5
4.980000E-3	0.000000E+0	2.478040E+5
5.000000E-3	0.000000E+0	2.468740E+5
5.020000E-3	0.000000E+0	2.472310E+5
5.040000E-3	0.000000E+0	2.459110E+5
5.060000E-3	0.000000E+0	2.441790E+5
5.080000E-3	0.000000E+0	2.435750E+5
5.100000E-3	0.000000E+0	2.441210E+5
5.120000E-3	0.000000E+0	2.439990E+5
5.140000E-3	0.000000E+0	2.443090E+5
5.160000E-3	0.000000E+0	2.452370E+5
5.180000E-3	0.000000E+0	2.459560E+5
5.200000E-3	0.000000E+0	2.467400E+5
5.220000E-3	0.000000E+0	2.476170E+5
5.240000E-3	0.000000E+0	2.476960E+5
5.260000E-3	0.000000E+0	2.496300E+5
5.280000E-3	0.000000E+0	2.484610E+5
5.300000E-3	0.000000E+0	2.498630E+5
5.320000E-3	0.000000E+0	2.506590E+5
5.340000E-3	0.000000E+0	2.502690E+5
5.360000E-3	0.000000E+0	2.515180E+5
5.380000E-3	0.000000E+0	2.503770E+5
5.400000E-3	0.000000E+0	2.514440E+5
5.420000E-3	0.000000E+0	2.510940E+5
5.440000E-3	0.000000E+0	2.499510E+5
5.460000E-3	0.000000E+0	2.503360E+5
5.480000E-3	0.000000E+0	2.504520E+5
5.500000E-3	0.000000E+0	2.505390E+5
5.520000E-3	0.000000E+0	2.499760E+5
5.540000E-3	0.000000E+0	2.499180E+5
5.560000E-3	0.000000E+0	2.491990E+5
5.580000E-3	0.000000E+0	2.488810E+5
5.600000E-3	0.000000E+0	2.472080E+5
5.620000E-3	0.000000E+0	2.468840E+5
5.640000E-3	0.000000E+0	2.473600E+5
5.660000E-3	0.000000E+0	2.474020E+5
5.680000E-3	0.000000E+0	2.471780E+5
5.700000E-3	0.000000E+0	2.455920E+5
5.720000E-3	0.000000E+0	2.449350E+5
5.740000E-3	0.000000E+0	2.441550E+5
5.760000E-3	0.000000E+0	2.444050E+5
5.780000E-3	0.000000E+0	2.450680E+5
5.800000E-3	0.000000E+0	2.450990E+5
5.820000E-3	0.000000E+0	2.461290E+5
5.840000E-3	0.000000E+0	2.470750E+5
5.860000E-3	0.000000E+0	2.472660E+5
5.880000E-3	0.000000E+0	2.484250E+5
5.900000E-3	0.000000E+0	2.496360E+5
5.920000E-3	0.000000E+0	2.498220E+5
5.940000E-3	0.000000E+0	2.490560E+5
5.960000E-3	0.000000E+0	2.499590E+5
5.980000E-3	0.000000E+0	2.507890E+5
6.000000E-3	0.000000E+0	2.506710E+5
6.020000E-3	0.000000E+0	2.512160E+5
6.040000E-3	0.000000E+0	2.511180E+5
6.060000E-3	0.000000E+0	2.508780E+5
6.080000E-3	0.000000E+0	2.510300E+5
6.100000E-3	0.000000E+0	2.508690E+5
6.120000E-3	0.000000E+0	2.510940E+5
6.140000E-3	0.000000E+0	2.506800E+5
6.160000E-3	0.000000E+0	2.511430E+5
6.180000E-3	0.000000E+0	2.515770E+5
6.200000E-3	0.000000E+0	2.508670E+5
6.220000E-3	0.000000E+0	2.514520E+5
6.240000E-3	0.000000E+0	2.506400E+5
6.260000E-3	0.000000E+0	2.508010E+5
6.280000E-3	0.000000E+0	2.521110E+5
6.300000E-3	0.000000E+0	2.511350E+5
6.320000E-3	0.000000E+0	2.511590E+5
6.340000E-3	0.000000E+0	2.513120E+5
6.360000E-3	0.000000E+0	2.503020E+5
6.380000E-3	0.000000E+0	2.517330E+5
6.400000E-3	0.000000E+0	2.507960E+5
6.420000E-3	0.000000E+0	2.509860E+5
6.440000E-3	0.000000E+0	2.520300E+5
6.460000E-3	0.000000E+0	2.511540E+5
6.480000E-3	0.000000E+0	2.508960E+5
6.500000E-3	0.000000E+0	2.510230E+5
6.520000E-3	0.000000E+0	2.519810E+5
6.540000E-3	0.000000E+0	2.506880E+5
6.560000E-3	0.000000E+0	2.519840E+5
6.580000E-3	0.000000E+0	2.512630E+5
6.600000E-3	0.000000E+0	2.519450E+5
6.620000E-3	0.000000E+0	2.510570E+5
6.640000E-3	0.000000E+0	2.509630E+5
6.660000E-3	0.000000E+0	2.505400E+5
6.680000E-3	0.000000E+0	2.508260E+5
6.700000E-3	0.000000E+0	2.513850E+5
6.720000E-3	0.000000E+0	2.512820E+5
6.740000E-3	0.000000E+0	2.515010E+5
6.760000E-3	0.000000E+0	2.517250E+5
6.780000E-3	0.000000E+0	2.508390E+5
6.800000E-3	0.000000E+0	2.517800E+5
6.820000E-3	0.000000E+0	2.511430E+5
6.840000E-3	0.000000E+0	2.509500E+5
6.860000E-3	0.000000E+0	2.512910E+5
6.880000E-3	0.000000E+0	2.516920E+5
6.900000E-3	0.000000E+0	2.505830E+5
6.920000E-3	0.000000E+0	2.516500E+5
6.940000E-3	0.000000E+0	2.508930E+5
6.960000E-3	0.000000E+0	2.503240E+5
6.980000E-3	0.000000E+0	2.513040E+5
7.000000E-3	0.000000E+0	2.506150E+5
7.020000E-3	0.000000E+0	2.508340E+5
7.040000E-3	0.000000E+0	2.511450E+5
7.060000E-3	0.000000E+0	2.513160E+5
7.080000E-3	0.000000E+0	2.514240E+5
7.100000E-3	0.000000E+0	2.510390E+5
7.120000E-3	0.000000E+0	2.511700E+5
7.140000E-3	0.000000E+0	2.513640E+5
7.160000E-3	0.000000E+0	2.516830E+5
7.180000E-3	0.000000E+0	2.505950E+5
7.200000E-3	0.000000E+0	2.514940E+5
7.220000E-3	0.000000E+0	2.514840E+5
7.240000E-3	0.000000E+0	2.512770E+5
7.260000E-3	0.000000E+0	2.508120E+5
7.280000E-3	0.000000E+0	2.507510E+5
7.300000E-3	0.000000E+0	2.508730E+5
7.320000E-3	0.000000E+0	2.518560E+5
7.340000E-3	0.000000E+0	2.517730E+5
7.360000E-3	0.000000E+0	2.509460E+5
7.380000E-3	0.000000E+0	2.519560E+5
7.400000E-3	0.000000E+0	2.508660E+5
7.420000E-3	0.000000E+0	2.511230E+5
7.440000E-3	0.000000E+0	2.513470E+5
7.460000E-3	0.000000E+0	2.515240E+5
7.480000E-3	0.000000E+0	2.513980E+5
7.500000E-3	0.000000E+0	2.518550E+5
7.520000E-3	0.000000E+0	2.519400E+5
7.540000E-3	0.000000E+0	2.516310E+5
7.560000E-3	0.000000E+0	2.517920E+5
7.580000E-3	0.000000E+0	2.512510E+5
7.600000E-3	0.000000E+0	2.509420E+5
7.620000E-3	0.000000E+0	2.514900E+5
7.640000E-3	0.000000E+0	2.527290E+5
7.660000E-3	0.000000E+0	2.510360E+5
7.680000E-3	0.000000E+0	2.506210E+5
7.700000E-3	0.000000E+0	2.511080E+5
7.720000E-3	0.000000E+0	2.514680E+5
7.740000E-3	0.000000E+0	2.509540E+5
7.760000E-3	0.000000E+0	2.504410E+5
7.780000E-3	0.000000E+0	2.522320E+5
7.800000E-3	0.000000E+0	2.513810E+5
7.820000E-3	0.000000E+0	2.515790E+5
7.840000E-3	0.000000E+0	2.517620E+5
7.860000E-3	0.000000E+0	2.511360E+5
7.880000E-3	0.000000E+0	2.513550E+5
7.900000E-3	0.000000E+0	2.511710E+5
7.920000E-3	0.000000E+0	2.505420E+5
7.940000E-3	0.000000E+0	2.519850E+5
7.960000E-3	0.000000E+0	2.514660E+5
7.980000E-3	0.000000E+0	2.522100E+5
8.000000E-3	0.000000E+0	2.517970E+5
8.020000E-3	0.000000E+0	2.519370E+5
8.040000E-3	0.000000E+0	2.504750E+5
8.060000E-3	0.000000E+0	2.516090E+5
8.080000E-3	0.000000E+0	2.510650E+5
8.100000E-3	0.000000E+0	2.512110E+5
8.120000E-3	0.000000E+0	2.516730E+5
8.140000E-3	0.000000E+0	2.507980E+5
8.160000E-3	0.000000E+0	2.513920E+5
8.180000E-3	0.000000E+0	2.512260E+5
8.200000E-3	0.000000E+0	2.512590E+5
8.220000E-3	0.000000E+0	2.511050E+5
8.240000E-3	0.000000E+0	2.508560E+5
8.260000E-3	0.000000E+0	2.527840E+5
8.280000E-3	0.000000E+0	2.508440E+5
8.300000E-3	0.000000E+0	2.512880E+5
8.320000E-3	0.000000E+0	2.512600E+5
8.340000E-3	0.000000E+0	2.515700E+5
8.360000E-3	0.000000E+0	2.511080E+5
8.380000E-3	0.000000E+0	2.496290E+5
8.400000E-3	0.000000E+0	2.508870E+5
8.420000E-3	0.000000E+0	2.516100E+5
8.440000E-3	0.000000E+0	2.516470E+5
8.460000E-3	0.000000E+0	2.513890E+5
8.480000E-3	0.000000E+0	2.524110E+5
8.500000E-3	0.000000E+0	2.502460E+5
8.520000E-3	0.000000E+0	2.515200E+5
8.540000E-3	0.000000E+0	2.513410E+5
8.560000E-3	0.000000E+0	2.517230E+5
8.580000E-3	0.000000E+0	2.529010E+5
8.600000E-3	0.000000E+0	2.504680E+5
8.620000E-3	0.000000E+0	2.516540E+5
8.640000E-3	0.000000E+0	2.512580E+5
8.660000E-3	0.000000E+0	2.508240E+5
8.680000E-3	0.000000E+0	2.516160E+5
8.700000E-3	0.000000E+0	2.506730E+5
8.720000E-3	0.000000E+0	2.512550E+5
8.740000E-3	0.000000E+0	2.509500E+5
8.760000E-3	0.000000E+0	2.512760E+5
8.780000E-3	0.000000E+0	2.515010E+5
8.800000E-3	0.000000E+0	2.519350E+5
8.820000E-3	0.000000E+0	2.518870E+5
8.840000E-3	0.000000E+0	2.509690E+5
8.860000E-3	0.000000E+0	2.521120E+5
8.880000E-3	0.000000E+0	2.510480E+5
8.900000E-3	0.000000E+0	2.517160E+5
8.920000E-3	0.000000E+0	2.504890E+5
8.940000E-3	0.000000E+0	2.510800E+5
8.960000E-3	0.000000E+0	2.521050E+5
8.980000E-3	0.000000E+0	2.508320E+5
9.000000E-3	0.000000E+0	2.511080E+5
9.020000E-3	0.000000E+0	2.506000E+5
9.040000E-3	0.000000E+0	2.514070E+5
9.060000E-3	0.000000E+0	2.523890E+5
9.080000E-3	0.000000E+0	2.519500E+5
9.100000E-3	0.000000E+0	2.520610E+5
9.120000E-3	0.000000E+0	2.512040E+5
9.140000E-3	0.000000E+0	2.515020E+5
9.160000E-3	0.000000E+0	2.521450E+5
9.180000E-3	0.000000E+0	2.509860E+5
9.200000E-3	0.000000E+0	2.515260E+5
9.220000E-3	0.000000E+0	2.513960E+5
9.240000E-3	0.000000E+0	2.519960E+5
9.260000E-3	0.000000E+0	2.518620E+5
9.280000E-3	0.000000E+0	2.523680E+5
9.300000E-3	0.000000E+0	2.513900E+5
9.320000E-3	0.000000E+0	2.510930E+5
9.340000E-3	0.000000E+0	2.516420E+5
9.360000E-3	0.000000E+0	2.506100E+5
9.380000E-3	0.000000E+0	2.514450E+5
9.400000E-3	0.000000E+0	2.518130E+5
9.420000E-3	0.000000E+0	2.522380E+5
9.440000E-3	0.000000E+0	2.514080E+5
9.460000E-3	0.000000E+0	2.521670E+5
9.480000E-3	0.000000E+0	2.508860E+5
9.500000E-3	0.000000E+0	2.507220E+5
9.520000E-3	0.000000E+0	2.515390E+5
9.540000E-3	0.000000E+0	2.503650E+5
9.560000E-3	0.000000E+0	2.508850E+5
9.580000E-3	0.000000E+0	2.514190E+5
9.600000E-3	0.000000E+0	2.515310E+5
9.620000E-3	0.000000E+0	2.507440E+5
9.640000E-3	0.000000E+0	2.512850E+5
9.660000E-3	0.000000E+0	2.513870E+5
9.680000E-3	0.000000E+0	2.503200E+5
9.700000E-3	0.000000E+0	2.516150E+5
9.720000E-3	0.000000E+0	2.512250E+5
9.740000E-3	0.000000E+0	2.513590E+5
9.760000E-3	0.000000E+0	2.508250E+5
9.780000E-3	0.000000E+0	2.513430E+5
9.800000E-3	0.000000E+0	2.514950E+5
9.820000E-3	0.000000E+0	2.520330E+5
9.840000E-3	0.000000E+0	2.512890E+5
9.860000E-3	0.000000E+0	2.516570E+5
9.880000E-3	0.000000E+0	2.523170E+5
9.900000E-3	0.000000E+0	2.517180E+5
9.920000E-3	0.000000E+0	2.505590E+5
9.940000E-3	0.000000E+0	2.509440E+5
9.960000E-3	0.000000E+0	2.509790E+5
9.980000E-3	0.000000E+0	2.524660E+5
1.000000E-2	0.000000E+0	2.509290E+5
1.002000E-2	0.000000E+0	2.514180E+5
1.004000E-2	0.000000E+0	2.519980E+5
1.006000E-2	0.000000E+0	2.521060E+5
1.008000E-2	0.000000E+0	2.511830E+5
1.010000E-2	0.000000E+0	2.509330E+5
1.012000E-2	0.000000E+0	2.522790E+5
1.014000E-2	0.000000E+0	2.524710E+5
1.016000E-2	0.000000E+0	2.515810E+5
1.018000E-2	0.000000E+0	2.515520E+5
1.020000E-2	0.000000E+0	2.513860E+5
1.022000E-2	0.000000E+0	2.519430E+5
1.024000E-2	0.000000E+0	2.511100E+5
1.026000E-2	0.000000E+0	2.525270E+5
1.028000E-2	0.000000E+0	2.513240E+5
1.030000E-2	0.000000E+0	2.515690E+5
1.032000E-2	0.000000E+0	2.513700E+5
1.034000E-2	0.000000E+0	2.517940E+5
1.036000E-2	0.000000E+0	2.511280E+5
1.038000E-2	0.000000E+0	2.521280E+5
1.040000E-2	0.000000E+0	2.514520E+5
1.042000E-2	0.000000E+0	2.512740E+5
1.044000E-2	0.000000E+0	2.508660E+5
1.046000E-2	0.000000E+0	2.518740E+5
1.048000E-2	0.000000E+0	2.513760E+5
1.050000E-2	0.000000E+0	2.511270E+5
1.052000E-2	0.000000E+0	2.518200E+5
1.054000E-2	0.000000E+0	2.522260E+5
1.056000E-2	0.000000E+0	2.516730E+5
1.058000E-2	0.000000E+0	2.518040E+5
1.060000E-2	0.000000E+0	2.507470E+5
1.062000E-2	0.000000E+0	2.511200E+5
1.064000E-2	0.000000E+0	2.516100E+5
1.066000E-2	0.000000E+0	2.514810E+5
1.068000E-2	0.000000E+0	2.521160E+5
1.070000E-2	0.000000E+0	2.512240E+5
1.072000E-2	0.000000E+0	2.514300E+5
1.074000E-2	0.000000E+0	2.518920E+5
1.076000E-2	0.000000E+0	2.525080E+5
1.078000E-2	0.000000E+0	2.518870E+5
1.080000E-2	0.000000E+0	2.515610E+5
1.082000E-2	0.000000E+0	2.527210E+5
1.084000E-2	0.000000E+0	2.512230E+5
1.086000E-2	0.000000E+0	2.515210E+5
1.088000E-2	0.000000E+0	2.516050E+5
1.090000E-2	0.000000E+0	2.513440E+5
1.092000E-2	0.000000E+0	2.515040E+5
1.094000E-2	0.000000E+0	2.509970E+5
1.096000E-2	0.000000E+0	2.512910E+5
1.098000E-2	0.000000E+0	2.518470E+5
1.100000E-2	0.000000E+0	2.519860E+5
1.102000E-2	0.000000E+0	2.510950E+5
1.104000E-2	0.000000E+0	2.521410E+5
1.106000E-2	0.000000E+0	2.514530E+5
1.108000E-2	0.000000E+0	2.514500E+5
1.110000E-2	0.000000E+0	2.511240E+5
1.112000E-2	0.000000E+0	2.517600E+5
1.114000E-2	0.000000E+0	2.517210E+5
1.116000E-2	0.000000E+0	2.500440E+5
1.118000E-2	0.000000E+0	2.516990E+5
1.120000E-2	0.000000E+0	2.513820E+5
1.122000E-2	0.000000E+0	2.525020E+5
1.124000E-2	0.000000E+0	2.517030E+5
1.126000E-2	0.000000E+0	2.506810E+5
1.128000E-2	0.000000E+0	2.508840E+5
1.130000E-2	0.000000E+0	2.506640E+5
1.132000E-2	0.000000E+0	2.520910E+5
1.134000E-2	0.000000E+0	2.511660E+5
1.136000E-2	0.000000E+0	2.526990E+5
1.138000E-2	0.000000E+0	2.512420E+5
1.140000E-2	0.000000E+0	2.523070E+5
1.142000E-2	0.000000E+0	2.513200E+5
1.144000E-2	0.000000E+0	2.515360E+5
1.146000E-2	0.000000E+0	2.516010E+5
1.148000E-2	0.000000E+0	2.517690E+5
1.150000E-2	0.000000E+0	2.516990E+5
1.152000E-2	0.000000E+0	2.509970E+5
1.154000E-2	0.000000E+0	2.512690E+5
1.156000E-2	0.000000E+0	2.520640E+5
1.158000E-2	0.000000E+0	2.510790E+5
1.160000E-2	0.000000E+0	2.514640E+5
1.162000E-2	0.000000E+0	2.512350E+5
1.164000E-2	0.000000E+0	2.528310E+5
1.166000E-2	0.000000E+0	2.524280E+5
1.168000E-2	0.000000E+0	2.526780E+5
1.170000E-2	0.000000E+0	2.521040E+5
1.172000E-2	0.000000E+0	2.516260E+5
1.174000E-2	0.000000E+0	2.514690E+5
1.176000E-2	0.000000E+0	2.516180E+5
1.178000E-2	0.000000E+0	2.506900E+5
1.180000E-2	0.000000E+0	2.513820E+5
1.182000E-2	0.000000E+0	2.512500E+5
1.184000E-2	0.000000E+0	2.511600E+5
1.186000E-2	0.000000E+0	2.511980E+5
1.188000E-2	0.000000E+0	2.509520E+5
1.190000E-2	0.000000E+0	2.510000E+5
1.192000E-2	0.000000E+0	2.509410E+5
1.194000E-2	0.000000E+0	2.524200E+5
1.196000E-2	0.000000E+0	2.511740E+5
1.198000E-2	0.000000E+0	2.518310E+5
1.200000E-2	0.000000E+0	2.513470E+5
1.202000E-2	0.000000E+0	2.520000E+5
1.204000E-2	0.000000E+0	2.515860E+5
1.206000E-2	0.000000E+0	2.515340E+5
1.208000E-2	0.000000E+0	2.520260E+5
1.210000E-2	0.000000E+0	2.516670E+5
1.212000E-2	0.000000E+0	2.515590E+5
1.214000E-2	0.000000E+0	2.506080E+5
1.216000E-2	0.000000E+0	2.513150E+5
1.218000E-2	0.000000E+0	2.519110E+5
1.220000E-2	0.000000E+0	2.507160E+5
1.222000E-2	0.000000E+0	2.513970E+5
1.224000E-2	0.000000E+0	2.517730E+5
1.226000E-2	0.000000E+0	2.516130E+5
1.228000E-2	0.000000E+0	2.520430E+5
1.230000E-2	0.000000E+0	2.519890E+5
1.232000E-2	0.000000E+0	2.516270E+5
1.234000E-2	0.000000E+0	2.517590E+5
1.236000E-2	0.000000E+0	2.519530E+5
1.238000E-2	0.000000E+0	2.519100E+5
1.240000E-2	0.000000E+0	2.521380E+5
1.242000E-2	0.000000E+0	2.518840E+5
1.244000E-2	0.000000E+0	2.518430E+5
1.246000E-2	0.000000E+0	2.512740E+5
1.248000E-2	0.000000E+0	2.514340E+5
1.250000E-2	0.000000E+0	2.509240E+5
1.252000E-2	0.000000E+0	2.522930E+5
1.254000E-2	0.000000E+0	2.517190E+5
1.256000E-2	0.000000E+0	2.511560E+5
1.258000E-2	0.000000E+0	2.521560E+5
1.260000E-2	0.000000E+0	2.522840E+5
1.262000E-2	0.000000E+0	2.506760E+5
1.264000E-2	0.000000E+0	2.504950E+5
1.266000E-2	0.000000E+0	2.519760E+5
1.268000E-2	0.000000E+0	2.518220E+5
1.270000E-2	0.000000E+0	2.517340E+5
1.272000E-2	0.000000E+0	2.518950E+5
1.274000E-2	0.000000E+0	2.515980E+5
1.276000E-2	0.000000E+0	2.521440E+5
1.278000E-2	0.000000E+0	2.512940E+5
1.280000E-2	0.000000E+0	2.510330E+5
1.282000E-2	0.000000E+0	2.513720E+5
1.284000E-2	0.000000E+0	2.518250E+5
1.286000E-2	0.000000E+0	2.521380E+5
1.288000E-2	0.000000E+0	2.520720E+5
1.290000E-2	0.000000E+0	2.517260E+5
1.292000E-2	0.000000E+0	2.519940E+5
1.294000E-2	0.000000E+0	2.506820E+5
1.296000E-2	0.000000E+0	2.517280E+5
1.298000E-2	0.000000E+0	2.515380E+5
1.300000E-2	0.000000E+0	2.519740E+5
1.302000E-2	0.000000E+0	2.518480E+5
1.304000E-2	0.000000E+0	2.514250E+5
1.306000E-2	0.000000E+0	2.516950E+5
1.308000E-2	0.000000E+0	2.520940E+5
1.310000E-2	0.000000E+0	2.516000E+5
1.312000E-2	0.000000E+0	2.516880E+5
1.314000E-2	0.000000E+0	2.522040E+5
1.316000E-2	0.000000E+0	2.512670E+5
1.318000E-2	0.000000E+0	2.511180E+5
1.320000E-2	0.000000E+0	2.520430E+5
1.322000E-2	0.000000E+0	2.520310E+5
1.324000E-2	0.000000E+0	2.512050E+5
1.326000E-2	0.000000E+0	2.524760E+5
1.328000E-2	0.000000E+0	2.518990E+5
1.330000E-2	0.000000E+0	2.512350E+5
1.332000E-2	0.000000E+0	2.515380E+5
1.334000E-2	0.000000E+0	2.514930E+5
1.336000E-2	0.000000E+0	2.519740E+5
1.338000E-2	0.000000E+0	2.515480E+5
1.340000E-2	0.000000E+0	2.508930E+5
1.342000E-2	0.000000E+0	2.511310E+5
1.344000E-2	0.000000E+0	2.510430E+5
1.346000E-2	0.000000E+0	2.505100E+5
1.348000E-2	0.000000E+0	2.522600E+5
1.350000E-2	0.000000E+0	2.514860E+5
1.352000E-2	0.000000E+0	2.522640E+5
1.354000E-2	0.000000E+0	2.521750E+5
1.356000E-2	0.000000E+0	2.522200E+5
1.358000E-2	0.000000E+0	2.515850E+5
1.360000E-2	0.000000E+0	2.512780E+5
1.362000E-2	0.000000E+0	2.520100E+5
1.364000E-2	0.000000E+0	2.512810E+5
1.366000E-2	0.000000E+0	2.513450E+5
1.368000E-2	0.000000E+0	2.517370E+5
1.370000E-2	0.000000E+0	2.519350E+5
1.372000E-2	0.000000E+0	2.512670E+5
1.374000E-2	0.000000E+0	2.509450E+5
1.376000E-2	0.000000E+0	2.507430E+5
1.378000E-2	0.000000E+0	2.505520E+5
1.380000E-2	0.000000E+0	2.516800E+5
1.382000E-2	0.000000E+0	2.508050E+5
1.384000E-2	0.000000E+0	2.515430E+5
1.386000E-2	0.000000E+0	2.509440E+5
1.388000E-2	0.000000E+0	2.512290E+5
1.390000E-2	0.000000E+0	2.519250E+5
1.392000E-2	0.000000E+0	2.523460E+5
1.394000E-2	0.000000E+0	2.519980E+5
1.396000E-2	0.000000E+0	2.515460E+5
1.398000E-2	0.000000E+0	2.517660E+5
1.400000E-2	0.000000E+0	2.525720E+5
1.402000E-2	0.000000E+0	2.506530E+5
1.404000E-2	0.000000E+0	2.524510E+5
1.406000E-2	0.000000E+0	2.517000E+5
1.408000E-2	0.000000E+0	2.514860E+5
1.410000E-2	0.000000E+0	2.512060E+5
1.412000E-2	0.000000E+0	2.517490E+5
1.414000E-2	0.000000E+0	2.512560E+5
1.416000E-2	0.000000E+0	2.511670E+5
1.418000E-2	0.000000E+0	2.514440E+5
1.420000E-2	0.000000E+0	2.516450E+5
1.422000E-2	0.000000E+0	2.516840E+5
1.424000E-2	0.000000E+0	2.504160E+5
1.426000E-2	0.000000E+0	2.505900E+5
1.428000E-2	0.000000E+0	2.515440E+5
1.430000E-2	0.000000E+0	2.515520E+5
1.432000E-2	0.000000E+0	2.520230E+5
1.434000E-2	0.000000E+0	2.510250E+5
1.436000E-2	0.000000E+0	2.518330E+5
1.438000E-2	0.000000E+0	2.514830E+5
1.440000E-2	0.000000E+0	2.523540E+5
1.442000E-2	0.000000E+0	2.513760E+5
1.444000E-2	0.000000E+0	2.507880E+5
1.446000E-2	0.000000E+0	2.513790E+5
1.448000E-2	0.000000E+0	2.513000E+5
1.450000E-2	0.000000E+0	2.508430E+5
1.452000E-2	0.000000E+0	2.515650E+5
1.454000E-2	0.000000E+0	2.512530E+5
1.456000E-2	0.000000E+0	2.521850E+5
1.458000E-2	0.000000E+0	2.506380E+5
1.460000E-2	0.000000E+0	2.519300E+5
1.462000E-2	0.000000E+0	2.509330E+5
1.464000E-2	0.000000E+0	2.518290E+5
1.466000E-2	0.000000E+0	2.516880E+5
1.468000E-2	0.000000E+0	2.523470E+5
1.470000E-2	0.000000E+0	2.510420E+5
1.472000E-2	0.000000E+0	2.511220E+5
1.474000E-2	0.000000E+0	2.511660E+5
1.476000E-2	0.000000E+0	2.522080E+5
1.478000E-2	0.000000E+0	2.522060E+5
1.480000E-2	0.000000E+0	2.511900E+5
1.482000E-2	0.000000E+0	2.509320E+5
1.484000E-2	0.000000E+0	2.515620E+5
1.486000E-2	0.000000E+0	2.512220E+5
1.488000E-2	0.000000E+0	2.513850E+5
1.490000E-2	0.000000E+0	2.510540E+5
1.492000E-2	0.000000E+0	2.509300E+5
1.494000E-2	0.000000E+0	2.491070E+5
1.496000E-2	0.000000E+0	2.490090E+5
1.498000E-2	0.000000E+0	2.483160E+5
1.500000E-2	0.000000E+0	2.478410E+5
1.502000E-2	0.000000E+0	2.477470E+5
1.504000E-2	0.000000E+0	2.473220E+5
1.506000E-2	0.000000E+0	2.478310E+5
1.508000E-2	0.000000E+0	2.470280E+5
1.510000E-2	0.000000E+0	2.456930E+5
1.512000E-2	0.000000E+0	2.444600E+5
1.514000E-2	0.000000E+0	2.442800E+5
1.516000E-2	0.000000E+0	2.445030E+5
1.518000E-2	0.000000E+0	2.450000E+5
1.520000E-2	0.000000E+0	2.456990E+5
1.522000E-2	0.000000E+0	2.465720E+5
1.524000E-2	0.000000E+0	2.486030E+5
1.526000E-2	0.000000E+0	2.487080E+5
1.528000E-2	0.000000E+0	2.502240E+5
1.530000E-2	0.000000E+0	2.492910E+5
1.532000E-2	0.000000E+0	2.499660E+5
1.534000E-2	0.000000E+0	2.504320E+5
1.536000E-2	0.000000E+0	2.507000E+5
1.538000E-2	0.000000E+0	2.513580E+5
1.540000E-2	0.000000E+0	2.511890E+5
1.542000E-2	0.000000E+0	2.513440E+5
1.544000E-2	0.000000E+0	2.504150E+5
1.546000E-2	0.000000E+0	2.510520E+5
1.548000E-2	0.000000E+0	2.509930E+5
1.550000E-2	0.000000E+0	2.502420E+5
1.552000E-2	0.000000E+0	2.512770E+5
1.554000E-2	0.000000E+0	2.511690E+5
1.556000E-2	0.000000E+0	2.497600E+5
1.558000E-2	0.000000E+0	2.493500E+5
1.560000E-2	0.000000E+0	2.493840E+5
1.562000E-2	0.000000E+0	2.484660E+5
1.564000E-2	0.000000E+0	2.476020E+5
1.566000E-2	0.000000E+0	2.468220E+5
1.568000E-2	0.000000E+0	2.465860E+5
1.570000E-2	0.000000E+0	2.467280E+5
1.572000E-2	0.000000E+0	2.464000E+5
1.574000E-2	0.000000E+0	2.459080E+5
1.576000E-2	0.000000E+0	2.454100E+5
1.578000E-2	0.000000E+0	2.431650E+5
1.580000E-2	0.000000E+0	2.446260E+5
1.582000E-2	0.000000E+0	2.450100E+5
1.584000E-2	0.000000E+0	2.459460E+5
1.586000E-2	0.000000E+0	2.463130E+5
1.588000E-2	0.000000E+0	2.474360E+5
1.590000E-2	0.000000E+0	2.479630E+5
1.592000E-2	0.000000E+0	2.494860E+5
1.594000E-2	0.000000E+0	2.488110E+5
1.596000E-2	0.000000E+0	2.496820E+5
1.598000E-2	0.000000E+0	2.508410E+5
1.600000E-2	0.000000E+0	2.518100E+5
1.602000E-2	0.000000E+0	2.512820E+5
1.604000E-2	0.000000E+0	2.505700E+5
1.606000E-2	0.000000E+0	2.502870E+5
1.608000E-2	0.000000E+0	2.513570E+5
1.610000E-2	0.000000E+0	2.510360E+5
1.612000E-2	0.000000E+0	2.514250E+5
1.614000E-2	0.000000E+0	2.519690E+5
1.616000E-2	0.000000E+0	2.516870E+5
1.618000E-2	0.000000E+0	2.514700E+5
1.620000E-2	0.000000E+0	2.511570E+5
1.622000E-2	0.000000E+0	2.515430E+5
1.624000E-2	0.000000E+0	2.508230E+5
1.626000E-2	0.000000E+0	2.514750E+5
1.628000E-2	0.000000E+0	2.523930E+5
1.630000E-2	0.000000E+0	2.516970E+5
1.632000E-2	0.000000E+0	2.515770E+5
1.634000E-2	0.000000E+0	2.515220E+5
1.636000E-2	0.000000E+0	2.525560E+5
1.638000E-2	0.000000E+0	2.512560E+5
1.640000E-2	0.000000E+0	2.514160E+5
1.642000E-2	0.000000E+0	2.515250E+5
1.644000E-2	0.000000E+0	2.511380E+5
1.646000E-2	0.000000E+0	2.513410E+5
1.648000E-2	0.000000E+0	2.507320E+5
1.650000E-2	0.000000E+0	2.516270E+5
1.652000E-2	0.000000E+0	2.520010E+5
1.654000E-2	0.000000E+0	2.515930E+5
1.656000E-2	0.000000E+0	2.514870E+5
1.658000E-2	0.000000E+0	2.511580E+5
1.660000E-2	0.000000E+0	2.519990E+5
1.662000E-2	0.000000E+0	2.515160E+5
1.664000E-2	0.000000E+0	2.513760E+5
1.666000E-2	0.000000E+0	2.513770E+5
1.668000E-2	0.000000E+0	2.509050E+5
1.670000E-2	0.000000E+0	2.513780E+5
1.672000E-2	0.000000E+0	2.523480E+5
1.674000E-2	0.000000E+0	2.510540E+5
1.676000E-2	0.000000E+0	2.513200E+5
1.678000E-2	0.000000E+0	2.510570E+5
1.680000E-2	0.000000E+0	2.515130E+5
1.682000E-2	0.000000E+0	2.512750E+5
1.684000E-2	0.000000E+0	2.513430E+5
1.686000E-2	0.000000E+0	2.522120E+5
1.688000E-2	0.000000E+0	2.511720E+5
1.690000E-2	0.000000E+0	2.516400E+5
1.692000E-2	0.000000E+0	2.513800E+5
1.694000E-2	0.000000E+0	2.513190E+5
1.696000E-2	0.000000E+0	2.508670E+5
1.698000E-2	0.000000E+0	2.512080E+5
1.700000E-2	0.000000E+0	2.511130E+5
1.702000E-2	0.000000E+0	2.515210E+5
1.704000E-2	0.000000E+0	2.520350E+5
1.706000E-2	0.000000E+0	2.529740E+5
1.708000E-2	0.000000E+0	2.511750E+5
1.710000E-2	0.000000E+0	2.518320E+5
1.712000E-2	0.000000E+0	2.514800E+5
1.714000E-2	0.000000E+0	2.514020E+5
1.716000E-2	0.000000E+0	2.515250E+5
1.718000E-2	0.000000E+0	2.513380E+5
1.720000E-2	0.000000E+0	2.520770E+5
1.722000E-2	0.000000E+0	2.518840E+5
1.724000E-2	0.000000E+0	2.505260E+5
1.726000E-2	0.000000E+0	2.512230E+5
1.728000E-2	0.000000E+0	2.514040E+5
1.730000E-2	0.000000E+0	2.511680E+5
1.732000E-2	0.000000E+0	2.509930E+5
1.734000E-2	0.000000E+0	2.510640E+5
1.736000E-2	0.000000E+0	2.521730E+5
1.738000E-2	0.000000E+0	2.521280E+5
1.740000E-2	0.000000E+0	2.515850E+5
1.742000E-2	0.000000E+0	2.504590E+5
1.744000E-2	0.000000E+0	2.514040E+5
1.746000E-2	0.000000E+0	2.513670E+5
1.748000E-2	0.000000E+0	2.516870E+5
1.750000E-2	0.000000E+0	2.513650E+5
1.752000E-2	0.000000E+0	2.518630E+5
1.754000E-2	0.000000E+0	2.505140E+5
1.756000E-2	0.000000E+0	2.510730E+5
1.758000E-2	0.000000E+0	2.517630E+5
1.760000E-2	0.000000E+0	2.517170E+5
1.762000E-2	0.000000E+0	2.516910E+5
1.764000E-2	0.000000E+0	2.517810E+5
1.766000E-2	0.000000E+0	2.517840E+5
1.768000E-2	0.000000E+0	2.518520E+5
1.770000E-2	0.000000E+0	2.516850E+5
1.772000E-2	0.000000E+0	2.525970E+5
1.774000E-2	0.000000E+0	2.512290E+5
1.776000E-2	0.000000E+0	2.511920E+5
1.778000E-2	0.000000E+0	2.520770E+5
1.780000E-2	0.000000E+0	2.511430E+5
1.782000E-2	0.000000E+0	2.518900E+5
1.784000E-2	0.000000E+0	2.513300E+5
1.786000E-2	0.000000E+0	2.515780E+5
1.788000E-2	0.000000E+0	2.511140E+5
1.790000E-2	0.000000E+0	2.516950E+5
1.792000E-2	0.000000E+0	2.509020E+5
1.794000E-2	0.000000E+0	2.519070E+5
1.796000E-2	0.000000E+0	2.515170E+5
1.798000E-2	0.000000E+0	2.518290E+5
1.800000E-2	0.000000E+0	2.507580E+5
1.802000E-2	0.000000E+0	2.513460E+5
1.804000E-2	0.000000E+0	2.511540E+5
1.806000E-2	0.000000E+0	2.512970E+5
1.808000E-2	0.000000E+0	2.509590E+5
1.810000E-2	0.000000E+0	2.523170E+5
1.812000E-2	0.000000E+0	2.523570E+5
1.814000E-2	0.000000E+0	2.518140E+5
1.816000E-2	0.000000E+0	2.518950E+5
1.818000E-2	0.000000E+0	2.508900E+5
1.820000E-2	0.000000E+0	2.522380E+5
1.822000E-2	0.000000E+0	2.507670E+5
1.824000E-2	0.000000E+0	2.515590E+5
1.826000E-2	0.000000E+0	2.520420E+5
1.828000E-2	0.000000E+0	2.513980E+5
1.830000E-2	0.000000E+0	2.512740E+5
1.832000E-2	0.000000E+0	2.518330E+5
1.834000E-2	0.000000E+0	2.506740E+5
1.836000E-2	0.000000E+0	2.520270E+5
1.838000E-2	0.000000E+0	2.514980E+5
1.840000E-2	0.000000E+0	2.510280E+5
1.842000E-2	0.000000E+0	2.516530E+5
1.844000E-2	0.000000E+0	2.510670E+5
1.846000E-2	0.000000E+0	2.506070E+5
1.848000E-2	0.000000E+0	2.519040E+5
1.850000E-2	0.000000E+0	2.516190E+5
1.852000E-2	0.000000E+0	2.519630E+5
1.854000E-2	0.000000E+0	2.521200E+5
1.856000E-2	0.000000E+0	2.507270E+5
1.858000E-2	0.000000E+0	2.516720E+5
1.860000E-2	0.000000E+0	2.521280E+5
1.862000E-2	0.000000E+0	2.510920E+5
1.864000E-2	0.000000E+0	2.509950E+5
1.866000E-2	0.000000E+0	2.513590E+5
1.868000E-2	0.000000E+0	2.510890E+5
1.870000E-2	0.000000E+0	2.512350E+5
1.872000E-2	0.000000E+0	2.519240E+5
1.874000E-2	0.000000E+0	2.507360E+5
1.876000E-2	0.000000E+0	2.515150E+5
1.878000E-2	0.000000E+0	2.518020E+5
1.880000E-2	0.000000E+0	2.514850E+5
1.882000E-2	0.000000E+0	2.510980E+5
1.884000E-2	0.000000E+0	2.517900E+5
1.886000E-2	0.000000E+0	2.513620E+5
1.888000E-2	0.000000E+0	2.509520E+5
1.890000E-2	0.000000E+0	2.513610E+5
1.892000E-2	0.000000E+0	2.526450E+5
1.894000E-2	0.000000E+0	2.519070E+5
1.896000E-2	0.000000E+0	2.520580E+5
1.898000E-2	0.000000E+0	2.513930E+5
1.900000E-2	0.000000E+0	2.515180E+5
1.902000E-2	0.000000E+0	2.506240E+5
1.904000E-2	0.000000E+0	2.517720E+5
1.906000E-2	0.000000E+0	2.518560E+5
1.908000E-2	0.000000E+0	2.515040E+5
1.910000E-2	0.000000E+0	2.507690E+5
1.912000E-2	0.000000E+0	2.516900E+5
1.914000E-2	0.000000E+0	2.512730E+5
1.916000E-2	0.000000E+0	2.508120E+5
1.918000E-2	0.000000E+0	2.516940E+5
1.920000E-2	0.000000E+0	2.515270E+5
1.922000E-2	0.000000E+0	2.511350E+5
1.924000E-2	0.000000E+0	2.514770E+5
1.926000E-2	0.000000E+0	2.517800E+5
1.928000E-2	0.000000E+0	2.515350E+5
1.930000E-2	0.000000E+0	2.514760E+5
1.932000E-2	0.000000E+0	2.510490E+5
1.934000E-2	0.000000E+0	2.513240E+5
1.936000E-2	0.000000E+0	2.511060E+5
1.938000E-2	0.000000E+0	2.517750E+5
1.940000E-2	0.000000E+0	2.511430E+5
1.942000E-2	0.000000E+0	2.524700E+5
1.944000E-2	0.000000E+0	2.523910E+5
1.946000E-2	0.000000E+0	2.511960E+5
1.948000E-2	0.000000E+0	2.518480E+5
1.950000E-2	0.000000E+0	2.512680E+5
1.952000E-2	0.000000E+0	2.521380E+5
1.954000E-2	0.000000E+0	2.513160E+5
1.956000E-2	0.000000E+0	2.517420E+5
1.958000E-2	0.000000E+0	2.517350E+5
1.960000E-2	0.000000E+0	2.514710E+5
1.962000E-2	0.000000E+0	2.515500E+5
1.964000E-2	0.000000E+0	2.520020E+5
1.966000E-2	0.000000E+0	2.516320E+5
1.968000E-2	0.000000E+0	2.517980E+5
1.970000E-2	0.000000E+0	2.512290E+5
1.972000E-2	0.000000E+0	2.516790E+5
1.974000E-2	0.000000E+0	2.511950E+5
1.976000E-2	0.000000E+0	2.507070E+5
1.978000E-2	0.000000E+0	2.511870E+5
1.980000E-2	0.000000E+0	2.519310E+5
1.982000E-2	0.000000E+0	2.514620E+5
1.984000E-2	0.000000E+0	2.519170E+5
1.986000E-2	0.000000E+0	2.512100E+5
1.988000E-2	0.000000E+0	2.506010E+5
1.990000E-2	0.000000E+0	2.515630E+5
1.992000E-2	0.000000E+0	2.510650E+5
1.994000E-2	0.000000E+0	2.517290E+5
1.996000E-2	0.000000E+0	2.513760E+5
1.998000E-2	0.000000E+0	2.516590E+5
