

live time:  257707.840000
real time:  360001.824000
sweeps:  12885392.000000
0.000000E+0	0.000000E+0	0.000000E+0
2.000000E-5	0.000000E+0	5.638630E+5
4.000000E-5	0.000000E+0	5.643940E+5
6.000000E-5	0.000000E+0	5.637800E+5
8.000000E-5	0.000000E+0	5.655240E+5
1.000000E-4	0.000000E+0	5.630530E+5
1.200000E-4	0.000000E+0	5.648370E+5
1.400000E-4	0.000000E+0	5.645560E+5
1.600000E-4	0.000000E+0	5.652500E+5
1.800000E-4	0.000000E+0	5.646400E+5
2.000000E-4	0.000000E+0	5.645320E+5
2.200000E-4	0.000000E+0	5.650660E+5
2.400000E-4	0.000000E+0	5.630700E+5
2.600000E-4	0.000000E+0	5.638270E+5
2.800000E-4	0.000000E+0	5.638310E+5
3.000000E-4	0.000000E+0	5.655180E+5
3.200000E-4	0.000000E+0	5.640790E+5
3.400000E-4	0.000000E+0	5.631470E+5
3.600000E-4	0.000000E+0	5.649270E+5
3.800000E-4	0.000000E+0	5.634200E+5
4.000000E-4	0.000000E+0	5.633600E+5
4.200000E-4	0.000000E+0	5.640710E+5
4.400000E-4	0.000000E+0	5.638310E+5
4.600000E-4	0.000000E+0	5.654550E+5
4.800000E-4	0.000000E+0	5.634480E+5
5.000000E-4	0.000000E+0	5.642390E+5
5.200000E-4	0.000000E+0	5.646850E+5
5.400000E-4	0.000000E+0	5.637670E+5
5.600000E-4	0.000000E+0	5.629700E+5
5.800000E-4	0.000000E+0	5.641990E+5
6.000000E-4	0.000000E+0	5.650630E+5
6.200000E-4	0.000000E+0	5.637540E+5
6.400000E-4	0.000000E+0	5.644860E+5
6.600000E-4	0.000000E+0	5.630990E+5
6.800000E-4	0.000000E+0	5.631690E+5
7.000000E-4	0.000000E+0	5.644630E+5
7.200000E-4	0.000000E+0	5.653690E+5
7.400000E-4	0.000000E+0	5.635750E+5
7.600000E-4	0.000000E+0	5.636800E+5
7.800000E-4	0.000000E+0	5.631480E+5
8.000000E-4	0.000000E+0	5.645780E+5
8.200000E-4	0.000000E+0	5.632790E+5
8.400000E-4	0.000000E+0	5.637180E+5
8.600000E-4	0.000000E+0	5.645730E+5
8.800000E-4	0.000000E+0	5.630480E+5
9.000000E-4	0.000000E+0	5.655330E+5
9.200000E-4	0.000000E+0	5.634060E+5
9.400000E-4	0.000000E+0	5.644840E+5
9.600000E-4	0.000000E+0	5.633760E+5
9.800000E-4	0.000000E+0	5.651900E+5
1.000000E-3	0.000000E+0	5.638780E+5
1.020000E-3	0.000000E+0	5.638630E+5
1.040000E-3	0.000000E+0	5.639200E+5
1.060000E-3	0.000000E+0	5.640650E+5
1.080000E-3	0.000000E+0	5.638750E+5
1.100000E-3	0.000000E+0	5.639900E+5
1.120000E-3	0.000000E+0	5.646570E+5
1.140000E-3	0.000000E+0	5.626540E+5
1.160000E-3	0.000000E+0	5.637460E+5
1.180000E-3	0.000000E+0	5.635230E+5
1.200000E-3	0.000000E+0	5.644920E+5
1.220000E-3	0.000000E+0	5.653370E+5
1.240000E-3	0.000000E+0	5.645970E+5
1.260000E-3	0.000000E+0	5.642570E+5
1.280000E-3	0.000000E+0	5.644640E+5
1.300000E-3	0.000000E+0	5.629110E+5
1.320000E-3	0.000000E+0	5.651000E+5
1.340000E-3	0.000000E+0	5.641620E+5
1.360000E-3	0.000000E+0	5.633840E+5
1.380000E-3	0.000000E+0	5.646500E+5
1.400000E-3	0.000000E+0	5.641190E+5
1.420000E-3	0.000000E+0	5.647110E+5
1.440000E-3	0.000000E+0	5.638820E+5
1.460000E-3	0.000000E+0	5.633570E+5
1.480000E-3	0.000000E+0	5.644770E+5
1.500000E-3	0.000000E+0	5.639530E+5
1.520000E-3	0.000000E+0	5.629160E+5
1.540000E-3	0.000000E+0	5.644450E+5
1.560000E-3	0.000000E+0	5.633760E+5
1.580000E-3	0.000000E+0	5.646210E+5
1.600000E-3	0.000000E+0	5.637100E+5
1.620000E-3	0.000000E+0	5.635110E+5
1.640000E-3	0.000000E+0	5.630710E+5
1.660000E-3	0.000000E+0	5.643180E+5
1.680000E-3	0.000000E+0	5.642380E+5
1.700000E-3	0.000000E+0	5.627270E+5
1.720000E-3	0.000000E+0	5.647560E+5
1.740000E-3	0.000000E+0	5.651440E+5
1.760000E-3	0.000000E+0	5.640590E+5
1.780000E-3	0.000000E+0	5.654020E+5
1.800000E-3	0.000000E+0	5.652380E+5
1.820000E-3	0.000000E+0	5.633330E+5
1.840000E-3	0.000000E+0	5.627650E+5
1.860000E-3	0.000000E+0	5.637640E+5
1.880000E-3	0.000000E+0	5.639700E+5
1.900000E-3	0.000000E+0	5.630170E+5
1.920000E-3	0.000000E+0	5.641900E+5
1.940000E-3	0.000000E+0	5.636320E+5
1.960000E-3	0.000000E+0	5.640860E+5
1.980000E-3	0.000000E+0	5.644860E+5
2.000000E-3	0.000000E+0	5.632510E+5
2.020000E-3	0.000000E+0	5.635160E+5
2.040000E-3	0.000000E+0	5.636000E+5
2.060000E-3	0.000000E+0	5.650890E+5
2.080000E-3	0.000000E+0	5.654500E+5
2.100000E-3	0.000000E+0	5.647090E+5
2.120000E-3	0.000000E+0	5.647420E+5
2.140000E-3	0.000000E+0	5.628260E+5
2.160000E-3	0.000000E+0	5.632750E+5
2.180000E-3	0.000000E+0	5.640990E+5
2.200000E-3	0.000000E+0	5.649210E+5
2.220000E-3	0.000000E+0	5.649730E+5
2.240000E-3	0.000000E+0	5.638360E+5
2.260000E-3	0.000000E+0	5.644050E+5
2.280000E-3	0.000000E+0	5.641300E+5
2.300000E-3	0.000000E+0	5.649410E+5
2.320000E-3	0.000000E+0	5.638780E+5
2.340000E-3	0.000000E+0	5.640390E+5
2.360000E-3	0.000000E+0	5.641340E+5
2.380000E-3	0.000000E+0	5.661040E+5
2.400000E-3	0.000000E+0	5.625270E+5
2.420000E-3	0.000000E+0	5.636080E+5
2.440000E-3	0.000000E+0	5.636510E+5
2.460000E-3	0.000000E+0	5.646340E+5
2.480000E-3	0.000000E+0	5.656200E+5
2.500000E-3	0.000000E+0	5.641900E+5
2.520000E-3	0.000000E+0	5.641940E+5
2.540000E-3	0.000000E+0	5.632120E+5
2.560000E-3	0.000000E+0	5.641350E+5
2.580000E-3	0.000000E+0	5.637380E+5
2.600000E-3	0.000000E+0	5.651410E+5
2.620000E-3	0.000000E+0	5.638910E+5
2.640000E-3	0.000000E+0	5.624780E+5
2.660000E-3	0.000000E+0	5.650260E+5
2.680000E-3	0.000000E+0	5.640390E+5
2.700000E-3	0.000000E+0	5.644660E+5
2.720000E-3	0.000000E+0	5.623960E+5
2.740000E-3	0.000000E+0	5.635920E+5
2.760000E-3	0.000000E+0	5.637630E+5
2.780000E-3	0.000000E+0	5.638920E+5
2.800000E-3	0.000000E+0	5.645270E+5
2.820000E-3	0.000000E+0	5.634700E+5
2.840000E-3	0.000000E+0	5.628310E+5
2.860000E-3	0.000000E+0	5.648350E+5
2.880000E-3	0.000000E+0	5.638790E+5
2.900000E-3	0.000000E+0	5.636910E+5
2.920000E-3	0.000000E+0	5.627010E+5
2.940000E-3	0.000000E+0	5.642410E+5
2.960000E-3	0.000000E+0	5.640020E+5
2.980000E-3	0.000000E+0	5.638320E+5
3.000000E-3	0.000000E+0	5.639410E+5
3.020000E-3	0.000000E+0	5.643670E+5
3.040000E-3	0.000000E+0	5.649680E+5
3.060000E-3	0.000000E+0	5.659190E+5
3.080000E-3	0.000000E+0	5.634290E+5
3.100000E-3	0.000000E+0	5.635580E+5
3.120000E-3	0.000000E+0	5.642660E+5
3.140000E-3	0.000000E+0	5.647940E+5
3.160000E-3	0.000000E+0	5.632100E+5
3.180000E-3	0.000000E+0	5.641580E+5
3.200000E-3	0.000000E+0	5.639220E+5
3.220000E-3	0.000000E+0	5.643900E+5
3.240000E-3	0.000000E+0	5.652930E+5
3.260000E-3	0.000000E+0	5.643530E+5
3.280000E-3	0.000000E+0	5.642220E+5
3.300000E-3	0.000000E+0	5.639160E+5
3.320000E-3	0.000000E+0	5.642100E+5
3.340000E-3	0.000000E+0	5.632760E+5
3.360000E-3	0.000000E+0	5.638170E+5
3.380000E-3	0.000000E+0	5.627220E+5
3.400000E-3	0.000000E+0	5.633680E+5
3.420000E-3	0.000000E+0	5.656100E+5
3.440000E-3	0.000000E+0	5.637560E+5
3.460000E-3	0.000000E+0	5.642310E+5
3.480000E-3	0.000000E+0	5.632420E+5
3.500000E-3	0.000000E+0	5.641300E+5
3.520000E-3	0.000000E+0	5.630570E+5
3.540000E-3	0.000000E+0	5.639130E+5
3.560000E-3	0.000000E+0	5.639270E+5
3.580000E-3	0.000000E+0	5.636690E+5
3.600000E-3	0.000000E+0	5.633710E+5
3.620000E-3	0.000000E+0	5.616570E+5
3.640000E-3	0.000000E+0	5.649090E+5
3.660000E-3	0.000000E+0	5.637400E+5
3.680000E-3	0.000000E+0	5.639080E+5
3.700000E-3	0.000000E+0	5.634110E+5
3.720000E-3	0.000000E+0	5.634470E+5
3.740000E-3	0.000000E+0	5.637180E+5
3.760000E-3	0.000000E+0	5.639880E+5
3.780000E-3	0.000000E+0	5.628460E+5
3.800000E-3	0.000000E+0	5.629370E+5
3.820000E-3	0.000000E+0	5.632450E+5
3.840000E-3	0.000000E+0	5.638460E+5
3.860000E-3	0.000000E+0	5.637010E+5
3.880000E-3	0.000000E+0	5.627520E+5
3.900000E-3	0.000000E+0	5.640760E+5
3.920000E-3	0.000000E+0	5.656370E+5
3.940000E-3	0.000000E+0	5.641990E+5
3.960000E-3	0.000000E+0	5.645030E+5
3.980000E-3	0.000000E+0	5.642980E+5
4.000000E-3	0.000000E+0	5.634460E+5
4.020000E-3	0.000000E+0	5.647400E+5
4.040000E-3	0.000000E+0	5.638300E+5
4.060000E-3	0.000000E+0	5.642900E+5
4.080000E-3	0.000000E+0	5.642790E+5
4.100000E-3	0.000000E+0	5.638280E+5
4.120000E-3	0.000000E+0	5.640690E+5
4.140000E-3	0.000000E+0	5.629700E+5
4.160000E-3	0.000000E+0	5.638900E+5
4.180000E-3	0.000000E+0	5.628350E+5
4.200000E-3	0.000000E+0	5.645250E+5
4.220000E-3	0.000000E+0	5.635420E+5
4.240000E-3	0.000000E+0	5.632480E+5
4.260000E-3	0.000000E+0	5.631140E+5
4.280000E-3	0.000000E+0	5.643300E+5
4.300000E-3	0.000000E+0	5.640010E+5
4.320000E-3	0.000000E+0	5.633980E+5
4.340000E-3	0.000000E+0	5.635310E+5
4.360000E-3	0.000000E+0	5.640470E+5
4.380000E-3	0.000000E+0	5.632500E+5
4.400000E-3	0.000000E+0	5.645840E+5
4.420000E-3	0.000000E+0	5.638380E+5
4.440000E-3	0.000000E+0	5.635700E+5
4.460000E-3	0.000000E+0	5.642220E+5
4.480000E-3	0.000000E+0	5.627080E+5
4.500000E-3	0.000000E+0	5.637250E+5
4.520000E-3	0.000000E+0	5.634340E+5
4.540000E-3	0.000000E+0	5.623120E+5
4.560000E-3	0.000000E+0	5.632970E+5
4.580000E-3	0.000000E+0	5.639760E+5
4.600000E-3	0.000000E+0	5.640610E+5
4.620000E-3	0.000000E+0	5.631180E+5
4.640000E-3	0.000000E+0	5.637880E+5
4.660000E-3	0.000000E+0	5.641780E+5
4.680000E-3	0.000000E+0	5.633230E+5
4.700000E-3	0.000000E+0	5.642180E+5
4.720000E-3	0.000000E+0	5.636790E+5
4.740000E-3	0.000000E+0	5.629590E+5
4.760000E-3	0.000000E+0	5.643060E+5
4.780000E-3	0.000000E+0	5.622850E+5
4.800000E-3	0.000000E+0	5.626280E+5
4.820000E-3	0.000000E+0	5.623580E+5
4.840000E-3	0.000000E+0	5.622040E+5
4.860000E-3	0.000000E+0	5.605270E+5
4.880000E-3	0.000000E+0	5.594850E+5
4.900000E-3	0.000000E+0	5.592510E+5
4.920000E-3	0.000000E+0	5.561180E+5
4.940000E-3	0.000000E+0	5.552630E+5
4.960000E-3	0.000000E+0	5.547640E+5
4.980000E-3	0.000000E+0	5.553670E+5
5.000000E-3	0.000000E+0	5.532450E+5
5.020000E-3	0.000000E+0	5.512370E+5
5.040000E-3	0.000000E+0	5.492770E+5
5.060000E-3	0.000000E+0	5.471630E+5
5.080000E-3	0.000000E+0	5.485610E+5
5.100000E-3	0.000000E+0	5.486880E+5
5.120000E-3	0.000000E+0	5.483410E+5
5.140000E-3	0.000000E+0	5.502530E+5
5.160000E-3	0.000000E+0	5.528650E+5
5.180000E-3	0.000000E+0	5.537500E+5
5.200000E-3	0.000000E+0	5.551470E+5
5.220000E-3	0.000000E+0	5.573590E+5
5.240000E-3	0.000000E+0	5.567270E+5
5.260000E-3	0.000000E+0	5.607050E+5
5.280000E-3	0.000000E+0	5.579820E+5
5.300000E-3	0.000000E+0	5.602700E+5
5.320000E-3	0.000000E+0	5.617390E+5
5.340000E-3	0.000000E+0	5.624480E+5
5.360000E-3	0.000000E+0	5.629770E+5
5.380000E-3	0.000000E+0	5.619230E+5
5.400000E-3	0.000000E+0	5.637820E+5
5.420000E-3	0.000000E+0	5.629860E+5
5.440000E-3	0.000000E+0	5.623530E+5
5.460000E-3	0.000000E+0	5.615070E+5
5.480000E-3	0.000000E+0	5.616230E+5
5.500000E-3	0.000000E+0	5.617650E+5
5.520000E-3	0.000000E+0	5.595160E+5
5.540000E-3	0.000000E+0	5.592870E+5
5.560000E-3	0.000000E+0	5.560790E+5
5.580000E-3	0.000000E+0	5.555710E+5
5.600000E-3	0.000000E+0	5.540780E+5
5.620000E-3	0.000000E+0	5.545570E+5
5.640000E-3	0.000000E+0	5.550140E+5
5.660000E-3	0.000000E+0	5.527980E+5
5.680000E-3	0.000000E+0	5.522100E+5
5.700000E-3	0.000000E+0	5.490040E+5
5.720000E-3	0.000000E+0	5.488110E+5
5.740000E-3	0.000000E+0	5.499340E+5
5.760000E-3	0.000000E+0	5.502590E+5
5.780000E-3	0.000000E+0	5.509060E+5
5.800000E-3	0.000000E+0	5.531330E+5
5.820000E-3	0.000000E+0	5.548910E+5
5.840000E-3	0.000000E+0	5.562760E+5
5.860000E-3	0.000000E+0	5.565030E+5
5.880000E-3	0.000000E+0	5.584610E+5
5.900000E-3	0.000000E+0	5.602640E+5
5.920000E-3	0.000000E+0	5.621040E+5
5.940000E-3	0.000000E+0	5.616600E+5
5.960000E-3	0.000000E+0	5.618750E+5
5.980000E-3	0.000000E+0	5.634340E+5
6.000000E-3	0.000000E+0	5.628310E+5
6.020000E-3	0.000000E+0	5.625540E+5
6.040000E-3	0.000000E+0	5.631390E+5
6.060000E-3	0.000000E+0	5.632580E+5
6.080000E-3	0.000000E+0	5.634570E+5
6.100000E-3	0.000000E+0	5.619670E+5
6.120000E-3	0.000000E+0	5.632810E+5
6.140000E-3	0.000000E+0	5.633370E+5
6.160000E-3	0.000000E+0	5.625310E+5
6.180000E-3	0.000000E+0	5.641340E+5
6.200000E-3	0.000000E+0	5.633040E+5
6.220000E-3	0.000000E+0	5.638520E+5
6.240000E-3	0.000000E+0	5.629260E+5
6.260000E-3	0.000000E+0	5.638870E+5
6.280000E-3	0.000000E+0	5.647440E+5
6.300000E-3	0.000000E+0	5.646910E+5
6.320000E-3	0.000000E+0	5.640030E+5
6.340000E-3	0.000000E+0	5.636820E+5
6.360000E-3	0.000000E+0	5.634520E+5
6.380000E-3	0.000000E+0	5.649190E+5
6.400000E-3	0.000000E+0	5.634670E+5
6.420000E-3	0.000000E+0	5.621950E+5
6.440000E-3	0.000000E+0	5.656860E+5
6.460000E-3	0.000000E+0	5.627260E+5
6.480000E-3	0.000000E+0	5.631310E+5
6.500000E-3	0.000000E+0	5.630240E+5
6.520000E-3	0.000000E+0	5.643280E+5
6.540000E-3	0.000000E+0	5.634190E+5
6.560000E-3	0.000000E+0	5.644180E+5
6.580000E-3	0.000000E+0	5.628800E+5
6.600000E-3	0.000000E+0	5.644390E+5
6.620000E-3	0.000000E+0	5.638460E+5
6.640000E-3	0.000000E+0	5.640460E+5
6.660000E-3	0.000000E+0	5.629260E+5
6.680000E-3	0.000000E+0	5.638900E+5
6.700000E-3	0.000000E+0	5.645220E+5
6.720000E-3	0.000000E+0	5.638520E+5
6.740000E-3	0.000000E+0	5.638110E+5
6.760000E-3	0.000000E+0	5.646660E+5
6.780000E-3	0.000000E+0	5.631950E+5
6.800000E-3	0.000000E+0	5.645140E+5
6.820000E-3	0.000000E+0	5.638830E+5
6.840000E-3	0.000000E+0	5.638900E+5
6.860000E-3	0.000000E+0	5.641700E+5
6.880000E-3	0.000000E+0	5.647840E+5
6.900000E-3	0.000000E+0	5.637750E+5
6.920000E-3	0.000000E+0	5.626060E+5
6.940000E-3	0.000000E+0	5.639980E+5
6.960000E-3	0.000000E+0	5.620440E+5
6.980000E-3	0.000000E+0	5.637300E+5
7.000000E-3	0.000000E+0	5.632950E+5
7.020000E-3	0.000000E+0	5.644140E+5
7.040000E-3	0.000000E+0	5.642150E+5
7.060000E-3	0.000000E+0	5.645470E+5
7.080000E-3	0.000000E+0	5.638040E+5
7.100000E-3	0.000000E+0	5.627410E+5
7.120000E-3	0.000000E+0	5.644990E+5
7.140000E-3	0.000000E+0	5.634150E+5
7.160000E-3	0.000000E+0	5.635110E+5
7.180000E-3	0.000000E+0	5.630280E+5
7.200000E-3	0.000000E+0	5.636990E+5
7.220000E-3	0.000000E+0	5.648400E+5
7.240000E-3	0.000000E+0	5.636020E+5
7.260000E-3	0.000000E+0	5.638830E+5
7.280000E-3	0.000000E+0	5.637790E+5
7.300000E-3	0.000000E+0	5.638460E+5
7.320000E-3	0.000000E+0	5.638210E+5
7.340000E-3	0.000000E+0	5.649240E+5
7.360000E-3	0.000000E+0	5.636430E+5
7.380000E-3	0.000000E+0	5.648490E+5
7.400000E-3	0.000000E+0	5.643720E+5
7.420000E-3	0.000000E+0	5.636640E+5
7.440000E-3	0.000000E+0	5.637400E+5
7.460000E-3	0.000000E+0	5.635110E+5
7.480000E-3	0.000000E+0	5.632350E+5
7.500000E-3	0.000000E+0	5.652080E+5
7.520000E-3	0.000000E+0	5.644840E+5
7.540000E-3	0.000000E+0	5.637760E+5
7.560000E-3	0.000000E+0	5.646140E+5
7.580000E-3	0.000000E+0	5.641160E+5
7.600000E-3	0.000000E+0	5.638000E+5
7.620000E-3	0.000000E+0	5.643160E+5
7.640000E-3	0.000000E+0	5.650460E+5
7.660000E-3	0.000000E+0	5.637760E+5
7.680000E-3	0.000000E+0	5.639330E+5
7.700000E-3	0.000000E+0	5.635830E+5
7.720000E-3	0.000000E+0	5.647090E+5
7.740000E-3	0.000000E+0	5.633170E+5
7.760000E-3	0.000000E+0	5.643560E+5
7.780000E-3	0.000000E+0	5.653290E+5
7.800000E-3	0.000000E+0	5.638650E+5
7.820000E-3	0.000000E+0	5.635870E+5
7.840000E-3	0.000000E+0	5.655670E+5
7.860000E-3	0.000000E+0	5.638920E+5
7.880000E-3	0.000000E+0	5.635510E+5
7.900000E-3	0.000000E+0	5.642450E+5
7.920000E-3	0.000000E+0	5.636990E+5
7.940000E-3	0.000000E+0	5.649700E+5
7.960000E-3	0.000000E+0	5.657400E+5
7.980000E-3	0.000000E+0	5.648560E+5
8.000000E-3	0.000000E+0	5.643290E+5
8.020000E-3	0.000000E+0	5.643950E+5
8.040000E-3	0.000000E+0	5.628140E+5
8.060000E-3	0.000000E+0	5.629930E+5
8.080000E-3	0.000000E+0	5.647720E+5
8.100000E-3	0.000000E+0	5.653980E+5
8.120000E-3	0.000000E+0	5.645340E+5
8.140000E-3	0.000000E+0	5.635160E+5
8.160000E-3	0.000000E+0	5.636640E+5
8.180000E-3	0.000000E+0	5.635460E+5
8.200000E-3	0.000000E+0	5.639970E+5
8.220000E-3	0.000000E+0	5.641590E+5
8.240000E-3	0.000000E+0	5.646230E+5
8.260000E-3	0.000000E+0	5.657730E+5
8.280000E-3	0.000000E+0	5.629000E+5
8.300000E-3	0.000000E+0	5.641730E+5
8.320000E-3	0.000000E+0	5.632560E+5
8.340000E-3	0.000000E+0	5.629560E+5
8.360000E-3	0.000000E+0	5.635750E+5
8.380000E-3	0.000000E+0	5.627990E+5
8.400000E-3	0.000000E+0	5.629820E+5
8.420000E-3	0.000000E+0	5.639740E+5
8.440000E-3	0.000000E+0	5.645890E+5
8.460000E-3	0.000000E+0	5.648490E+5
8.480000E-3	0.000000E+0	5.650950E+5
8.500000E-3	0.000000E+0	5.630200E+5
8.520000E-3	0.000000E+0	5.639330E+5
8.540000E-3	0.000000E+0	5.647120E+5
8.560000E-3	0.000000E+0	5.643740E+5
8.580000E-3	0.000000E+0	5.654720E+5
8.600000E-3	0.000000E+0	5.645370E+5
8.620000E-3	0.000000E+0	5.659250E+5
8.640000E-3	0.000000E+0	5.640820E+5
8.660000E-3	0.000000E+0	5.634180E+5
8.680000E-3	0.000000E+0	5.644860E+5
8.700000E-3	0.000000E+0	5.626240E+5
8.720000E-3	0.000000E+0	5.649180E+5
8.740000E-3	0.000000E+0	5.628350E+5
8.760000E-3	0.000000E+0	5.639340E+5
8.780000E-3	0.000000E+0	5.641470E+5
8.800000E-3	0.000000E+0	5.647940E+5
8.820000E-3	0.000000E+0	5.643240E+5
8.840000E-3	0.000000E+0	5.634520E+5
8.860000E-3	0.000000E+0	5.659670E+5
8.880000E-3	0.000000E+0	5.634660E+5
8.900000E-3	0.000000E+0	5.641210E+5
8.920000E-3	0.000000E+0	5.636660E+5
8.940000E-3	0.000000E+0	5.624340E+5
8.960000E-3	0.000000E+0	5.648060E+5
8.980000E-3	0.000000E+0	5.634510E+5
9.000000E-3	0.000000E+0	5.640990E+5
9.020000E-3	0.000000E+0	5.623780E+5
9.040000E-3	0.000000E+0	5.642380E+5
9.060000E-3	0.000000E+0	5.665000E+5
9.080000E-3	0.000000E+0	5.635900E+5
9.100000E-3	0.000000E+0	5.654420E+5
9.120000E-3	0.000000E+0	5.626150E+5
9.140000E-3	0.000000E+0	5.645640E+5
9.160000E-3	0.000000E+0	5.640050E+5
9.180000E-3	0.000000E+0	5.631080E+5
9.200000E-3	0.000000E+0	5.638030E+5
9.220000E-3	0.000000E+0	5.641550E+5
9.240000E-3	0.000000E+0	5.642770E+5
9.260000E-3	0.000000E+0	5.653220E+5
9.280000E-3	0.000000E+0	5.647620E+5
9.300000E-3	0.000000E+0	5.646760E+5
9.320000E-3	0.000000E+0	5.638630E+5
9.340000E-3	0.000000E+0	5.639050E+5
9.360000E-3	0.000000E+0	5.645260E+5
9.380000E-3	0.000000E+0	5.651120E+5
9.400000E-3	0.000000E+0	5.646780E+5
9.420000E-3	0.000000E+0	5.654100E+5
9.440000E-3	0.000000E+0	5.634590E+5
9.460000E-3	0.000000E+0	5.650340E+5
9.480000E-3	0.000000E+0	5.640710E+5
9.500000E-3	0.000000E+0	5.631340E+5
9.520000E-3	0.000000E+0	5.650160E+5
9.540000E-3	0.000000E+0	5.626710E+5
9.560000E-3	0.000000E+0	5.638550E+5
9.580000E-3	0.000000E+0	5.640020E+5
9.600000E-3	0.000000E+0	5.644810E+5
9.620000E-3	0.000000E+0	5.644220E+5
9.640000E-3	0.000000E+0	5.634140E+5
9.660000E-3	0.000000E+0	5.653890E+5
9.680000E-3	0.000000E+0	5.632110E+5
9.700000E-3	0.000000E+0	5.635350E+5
9.720000E-3	0.000000E+0	5.638680E+5
9.740000E-3	0.000000E+0	5.642460E+5
9.760000E-3	0.000000E+0	5.640090E+5
9.780000E-3	0.000000E+0	5.648030E+5
9.800000E-3	0.000000E+0	5.640090E+5
9.820000E-3	0.000000E+0	5.645970E+5
9.840000E-3	0.000000E+0	5.638850E+5
9.860000E-3	0.000000E+0	5.633390E+5
9.880000E-3	0.000000E+0	5.651210E+5
9.900000E-3	0.000000E+0	5.658520E+5
9.920000E-3	0.000000E+0	5.642150E+5
9.940000E-3	0.000000E+0	5.631960E+5
9.960000E-3	0.000000E+0	5.635100E+5
9.980000E-3	0.000000E+0	5.648130E+5
1.000000E-2	0.000000E+0	5.643190E+5
1.002000E-2	0.000000E+0	5.640370E+5
1.004000E-2	0.000000E+0	5.650820E+5
1.006000E-2	0.000000E+0	5.633890E+5
1.008000E-2	0.000000E+0	5.638010E+5
1.010000E-2	0.000000E+0	5.636240E+5
1.012000E-2	0.000000E+0	5.652230E+5
1.014000E-2	0.000000E+0	5.658770E+5
1.016000E-2	0.000000E+0	5.650300E+5
1.018000E-2	0.000000E+0	5.644290E+5
1.020000E-2	0.000000E+0	5.649720E+5
1.022000E-2	0.000000E+0	5.644180E+5
1.024000E-2	0.000000E+0	5.635220E+5
1.026000E-2	0.000000E+0	5.653790E+5
1.028000E-2	0.000000E+0	5.644060E+5
1.030000E-2	0.000000E+0	5.647860E+5
1.032000E-2	0.000000E+0	5.634840E+5
1.034000E-2	0.000000E+0	5.654230E+5
1.036000E-2	0.000000E+0	5.641540E+5
1.038000E-2	0.000000E+0	5.648810E+5
1.040000E-2	0.000000E+0	5.637310E+5
1.042000E-2	0.000000E+0	5.644040E+5
1.044000E-2	0.000000E+0	5.643400E+5
1.046000E-2	0.000000E+0	5.649270E+5
1.048000E-2	0.000000E+0	5.657490E+5
1.050000E-2	0.000000E+0	5.636940E+5
1.052000E-2	0.000000E+0	5.652100E+5
1.054000E-2	0.000000E+0	5.655510E+5
1.056000E-2	0.000000E+0	5.640990E+5
1.058000E-2	0.000000E+0	5.657250E+5
1.060000E-2	0.000000E+0	5.637460E+5
1.062000E-2	0.000000E+0	5.639070E+5
1.064000E-2	0.000000E+0	5.648030E+5
1.066000E-2	0.000000E+0	5.642500E+5
1.068000E-2	0.000000E+0	5.643790E+5
1.070000E-2	0.000000E+0	5.632130E+5
1.072000E-2	0.000000E+0	5.641870E+5
1.074000E-2	0.000000E+0	5.646880E+5
1.076000E-2	0.000000E+0	5.643920E+5
1.078000E-2	0.000000E+0	5.651070E+5
1.080000E-2	0.000000E+0	5.654220E+5
1.082000E-2	0.000000E+0	5.656510E+5
1.084000E-2	0.000000E+0	5.647680E+5
1.086000E-2	0.000000E+0	5.649060E+5
1.088000E-2	0.000000E+0	5.644170E+5
1.090000E-2	0.000000E+0	5.644400E+5
1.092000E-2	0.000000E+0	5.646150E+5
1.094000E-2	0.000000E+0	5.635430E+5
1.096000E-2	0.000000E+0	5.642650E+5
1.098000E-2	0.000000E+0	5.650890E+5
1.100000E-2	0.000000E+0	5.650740E+5
1.102000E-2	0.000000E+0	5.635360E+5
1.104000E-2	0.000000E+0	5.648550E+5
1.106000E-2	0.000000E+0	5.641050E+5
1.108000E-2	0.000000E+0	5.651870E+5
1.110000E-2	0.000000E+0	5.641050E+5
1.112000E-2	0.000000E+0	5.637950E+5
1.114000E-2	0.000000E+0	5.650200E+5
1.116000E-2	0.000000E+0	5.629990E+5
1.118000E-2	0.000000E+0	5.642760E+5
1.120000E-2	0.000000E+0	5.635720E+5
1.122000E-2	0.000000E+0	5.659660E+5
1.124000E-2	0.000000E+0	5.658370E+5
1.126000E-2	0.000000E+0	5.631680E+5
1.128000E-2	0.000000E+0	5.629880E+5
1.130000E-2	0.000000E+0	5.646560E+5
1.132000E-2	0.000000E+0	5.658110E+5
1.134000E-2	0.000000E+0	5.630880E+5
1.136000E-2	0.000000E+0	5.655220E+5
1.138000E-2	0.000000E+0	5.640920E+5
1.140000E-2	0.000000E+0	5.656100E+5
1.142000E-2	0.000000E+0	5.634200E+5
1.144000E-2	0.000000E+0	5.653530E+5
1.146000E-2	0.000000E+0	5.637980E+5
1.148000E-2	0.000000E+0	5.643310E+5
1.150000E-2	0.000000E+0	5.641870E+5
1.152000E-2	0.000000E+0	5.638910E+5
1.154000E-2	0.000000E+0	5.636910E+5
1.156000E-2	0.000000E+0	5.646970E+5
1.158000E-2	0.000000E+0	5.637430E+5
1.160000E-2	0.000000E+0	5.645680E+5
1.162000E-2	0.000000E+0	5.647660E+5
1.164000E-2	0.000000E+0	5.654070E+5
1.166000E-2	0.000000E+0	5.662420E+5
1.168000E-2	0.000000E+0	5.647180E+5
1.170000E-2	0.000000E+0	5.653680E+5
1.172000E-2	0.000000E+0	5.652780E+5
1.174000E-2	0.000000E+0	5.643920E+5
1.176000E-2	0.000000E+0	5.645300E+5
1.178000E-2	0.000000E+0	5.630690E+5
1.180000E-2	0.000000E+0	5.643760E+5
1.182000E-2	0.000000E+0	5.652060E+5
1.184000E-2	0.000000E+0	5.655610E+5
1.186000E-2	0.000000E+0	5.635890E+5
1.188000E-2	0.000000E+0	5.635580E+5
1.190000E-2	0.000000E+0	5.637230E+5
1.192000E-2	0.000000E+0	5.633210E+5
1.194000E-2	0.000000E+0	5.658090E+5
1.196000E-2	0.000000E+0	5.644610E+5
1.198000E-2	0.000000E+0	5.644950E+5
1.200000E-2	0.000000E+0	5.643220E+5
1.202000E-2	0.000000E+0	5.642930E+5
1.204000E-2	0.000000E+0	5.638820E+5
1.206000E-2	0.000000E+0	5.645110E+5
1.208000E-2	0.000000E+0	5.654850E+5
1.210000E-2	0.000000E+0	5.646450E+5
1.212000E-2	0.000000E+0	5.640510E+5
1.214000E-2	0.000000E+0	5.631610E+5
1.216000E-2	0.000000E+0	5.643140E+5
1.218000E-2	0.000000E+0	5.639530E+5
1.220000E-2	0.000000E+0	5.637180E+5
1.222000E-2	0.000000E+0	5.648060E+5
1.224000E-2	0.000000E+0	5.646160E+5
1.226000E-2	0.000000E+0	5.639260E+5
1.228000E-2	0.000000E+0	5.644510E+5
1.230000E-2	0.000000E+0	5.644460E+5
1.232000E-2	0.000000E+0	5.649670E+5
1.234000E-2	0.000000E+0	5.651380E+5
1.236000E-2	0.000000E+0	5.645290E+5
1.238000E-2	0.000000E+0	5.657380E+5
1.240000E-2	0.000000E+0	5.651050E+5
1.242000E-2	0.000000E+0	5.649050E+5
1.244000E-2	0.000000E+0	5.650860E+5
1.246000E-2	0.000000E+0	5.645940E+5
1.248000E-2	0.000000E+0	5.643620E+5
1.250000E-2	0.000000E+0	5.639260E+5
1.252000E-2	0.000000E+0	5.663400E+5
1.254000E-2	0.000000E+0	5.651970E+5
1.256000E-2	0.000000E+0	5.637610E+5
1.258000E-2	0.000000E+0	5.654380E+5
1.260000E-2	0.000000E+0	5.654920E+5
1.262000E-2	0.000000E+0	5.635240E+5
1.264000E-2	0.000000E+0	5.636730E+5
1.266000E-2	0.000000E+0	5.664070E+5
1.268000E-2	0.000000E+0	5.648390E+5
1.270000E-2	0.000000E+0	5.640740E+5
1.272000E-2	0.000000E+0	5.653580E+5
1.274000E-2	0.000000E+0	5.640630E+5
1.276000E-2	0.000000E+0	5.646490E+5
1.278000E-2	0.000000E+0	5.641270E+5
1.280000E-2	0.000000E+0	5.638390E+5
1.282000E-2	0.000000E+0	5.638980E+5
1.284000E-2	0.000000E+0	5.645480E+5
1.286000E-2	0.000000E+0	5.652050E+5
1.288000E-2	0.000000E+0	5.649820E+5
1.290000E-2	0.000000E+0	5.643550E+5
1.292000E-2	0.000000E+0	5.647230E+5
1.294000E-2	0.000000E+0	5.636640E+5
1.296000E-2	0.000000E+0	5.648390E+5
1.298000E-2	0.000000E+0	5.647400E+5
1.300000E-2	0.000000E+0	5.647820E+5
1.302000E-2	0.000000E+0	5.652810E+5
1.304000E-2	0.000000E+0	5.647910E+5
1.306000E-2	0.000000E+0	5.637130E+5
1.308000E-2	0.000000E+0	5.659370E+5
1.310000E-2	0.000000E+0	5.651930E+5
1.312000E-2	0.000000E+0	5.645550E+5
1.314000E-2	0.000000E+0	5.657080E+5
1.316000E-2	0.000000E+0	5.646310E+5
1.318000E-2	0.000000E+0	5.642750E+5
1.320000E-2	0.000000E+0	5.650510E+5
1.322000E-2	0.000000E+0	5.647640E+5
1.324000E-2	0.000000E+0	5.634070E+5
1.326000E-2	0.000000E+0	5.656140E+5
1.328000E-2	0.000000E+0	5.654260E+5
1.330000E-2	0.000000E+0	5.627780E+5
1.332000E-2	0.000000E+0	5.641360E+5
1.334000E-2	0.000000E+0	5.640110E+5
1.336000E-2	0.000000E+0	5.646530E+5
1.338000E-2	0.000000E+0	5.649640E+5
1.340000E-2	0.000000E+0	5.643210E+5
1.342000E-2	0.000000E+0	5.633010E+5
1.344000E-2	0.000000E+0	5.642110E+5
1.346000E-2	0.000000E+0	5.637650E+5
1.348000E-2	0.000000E+0	5.650520E+5
1.350000E-2	0.000000E+0	5.650920E+5
1.352000E-2	0.000000E+0	5.649580E+5
1.354000E-2	0.000000E+0	5.646060E+5
1.356000E-2	0.000000E+0	5.653150E+5
1.358000E-2	0.000000E+0	5.641880E+5
1.360000E-2	0.000000E+0	5.641940E+5
1.362000E-2	0.000000E+0	5.650170E+5
1.364000E-2	0.000000E+0	5.628920E+5
1.366000E-2	0.000000E+0	5.642240E+5
1.368000E-2	0.000000E+0	5.651070E+5
1.370000E-2	0.000000E+0	5.655160E+5
1.372000E-2	0.000000E+0	5.638290E+5
1.374000E-2	0.000000E+0	5.651560E+5
1.376000E-2	0.000000E+0	5.640840E+5
1.378000E-2	0.000000E+0	5.639330E+5
1.380000E-2	0.000000E+0	5.647880E+5
1.382000E-2	0.000000E+0	5.632040E+5
1.384000E-2	0.000000E+0	5.640970E+5
1.386000E-2	0.000000E+0	5.646760E+5
1.388000E-2	0.000000E+0	5.643290E+5
1.390000E-2	0.000000E+0	5.655430E+5
1.392000E-2	0.000000E+0	5.656090E+5
1.394000E-2	0.000000E+0	5.652280E+5
1.396000E-2	0.000000E+0	5.644960E+5
1.398000E-2	0.000000E+0	5.655140E+5
1.400000E-2	0.000000E+0	5.654980E+5
1.402000E-2	0.000000E+0	5.635910E+5
1.404000E-2	0.000000E+0	5.659380E+5
1.406000E-2	0.000000E+0	5.639350E+5
1.408000E-2	0.000000E+0	5.642370E+5
1.410000E-2	0.000000E+0	5.650140E+5
1.412000E-2	0.000000E+0	5.637870E+5
1.414000E-2	0.000000E+0	5.634330E+5
1.416000E-2	0.000000E+0	5.635400E+5
1.418000E-2	0.000000E+0	5.638190E+5
1.420000E-2	0.000000E+0	5.651070E+5
1.422000E-2	0.000000E+0	5.649400E+5
1.424000E-2	0.000000E+0	5.631350E+5
1.426000E-2	0.000000E+0	5.633750E+5
1.428000E-2	0.000000E+0	5.642530E+5
1.430000E-2	0.000000E+0	5.645200E+5
1.432000E-2	0.000000E+0	5.640240E+5
1.434000E-2	0.000000E+0	5.646110E+5
1.436000E-2	0.000000E+0	5.651550E+5
1.438000E-2	0.000000E+0	5.644250E+5
1.440000E-2	0.000000E+0	5.661850E+5
1.442000E-2	0.000000E+0	5.646400E+5
1.444000E-2	0.000000E+0	5.632710E+5
1.446000E-2	0.000000E+0	5.648910E+5
1.448000E-2	0.000000E+0	5.653300E+5
1.450000E-2	0.000000E+0	5.642710E+5
1.452000E-2	0.000000E+0	5.647740E+5
1.454000E-2	0.000000E+0	5.643740E+5
1.456000E-2	0.000000E+0	5.652750E+5
1.458000E-2	0.000000E+0	5.632610E+5
1.460000E-2	0.000000E+0	5.647430E+5
1.462000E-2	0.000000E+0	5.626570E+5
1.464000E-2	0.000000E+0	5.649790E+5
1.466000E-2	0.000000E+0	5.642370E+5
1.468000E-2	0.000000E+0	5.658770E+5
1.470000E-2	0.000000E+0	5.638640E+5
1.472000E-2	0.000000E+0	5.636960E+5
1.474000E-2	0.000000E+0	5.647280E+5
1.476000E-2	0.000000E+0	5.653700E+5
1.478000E-2	0.000000E+0	5.654970E+5
1.480000E-2	0.000000E+0	5.634730E+5
1.482000E-2	0.000000E+0	5.633580E+5
1.484000E-2	0.000000E+0	5.654230E+5
1.486000E-2	0.000000E+0	5.633500E+5
1.488000E-2	0.000000E+0	5.630280E+5
1.490000E-2	0.000000E+0	5.622460E+5
1.492000E-2	0.000000E+0	5.611620E+5
1.494000E-2	0.000000E+0	5.585550E+5
1.496000E-2	0.000000E+0	5.570250E+5
1.498000E-2	0.000000E+0	5.569230E+5
1.500000E-2	0.000000E+0	5.560040E+5
1.502000E-2	0.000000E+0	5.559170E+5
1.504000E-2	0.000000E+0	5.540360E+5
1.506000E-2	0.000000E+0	5.532920E+5
1.508000E-2	0.000000E+0	5.511700E+5
1.510000E-2	0.000000E+0	5.496200E+5
1.512000E-2	0.000000E+0	5.488830E+5
1.514000E-2	0.000000E+0	5.504950E+5
1.516000E-2	0.000000E+0	5.504990E+5
1.518000E-2	0.000000E+0	5.518370E+5
1.520000E-2	0.000000E+0	5.545290E+5
1.522000E-2	0.000000E+0	5.557510E+5
1.524000E-2	0.000000E+0	5.593920E+5
1.526000E-2	0.000000E+0	5.588020E+5
1.528000E-2	0.000000E+0	5.604690E+5
1.530000E-2	0.000000E+0	5.604060E+5
1.532000E-2	0.000000E+0	5.624430E+5
1.534000E-2	0.000000E+0	5.619370E+5
1.536000E-2	0.000000E+0	5.626980E+5
1.538000E-2	0.000000E+0	5.642520E+5
1.540000E-2	0.000000E+0	5.635380E+5
1.542000E-2	0.000000E+0	5.637080E+5
1.544000E-2	0.000000E+0	5.628570E+5
1.546000E-2	0.000000E+0	5.627690E+5
1.548000E-2	0.000000E+0	5.626680E+5
1.550000E-2	0.000000E+0	5.623570E+5
1.552000E-2	0.000000E+0	5.635620E+5
1.554000E-2	0.000000E+0	5.620950E+5
1.556000E-2	0.000000E+0	5.600520E+5
1.558000E-2	0.000000E+0	5.579210E+5
1.560000E-2	0.000000E+0	5.573970E+5
1.562000E-2	0.000000E+0	5.563400E+5
1.564000E-2	0.000000E+0	5.550930E+5
1.566000E-2	0.000000E+0	5.558300E+5
1.568000E-2	0.000000E+0	5.543610E+5
1.570000E-2	0.000000E+0	5.530390E+5
1.572000E-2	0.000000E+0	5.507000E+5
1.574000E-2	0.000000E+0	5.491480E+5
1.576000E-2	0.000000E+0	5.502670E+5
1.578000E-2	0.000000E+0	5.475360E+5
1.580000E-2	0.000000E+0	5.502510E+5
1.582000E-2	0.000000E+0	5.519000E+5
1.584000E-2	0.000000E+0	5.530350E+5
1.586000E-2	0.000000E+0	5.551920E+5
1.588000E-2	0.000000E+0	5.574880E+5
1.590000E-2	0.000000E+0	5.584220E+5
1.592000E-2	0.000000E+0	5.600500E+5
1.594000E-2	0.000000E+0	5.595390E+5
1.596000E-2	0.000000E+0	5.616550E+5
1.598000E-2	0.000000E+0	5.634950E+5
1.600000E-2	0.000000E+0	5.638000E+5
1.602000E-2	0.000000E+0	5.635020E+5
1.604000E-2	0.000000E+0	5.632510E+5
1.606000E-2	0.000000E+0	5.636620E+5
1.608000E-2	0.000000E+0	5.640710E+5
1.610000E-2	0.000000E+0	5.648310E+5
1.612000E-2	0.000000E+0	5.645150E+5
1.614000E-2	0.000000E+0	5.638580E+5
1.616000E-2	0.000000E+0	5.662120E+5
1.618000E-2	0.000000E+0	5.641390E+5
1.620000E-2	0.000000E+0	5.644600E+5
1.622000E-2	0.000000E+0	5.646710E+5
1.624000E-2	0.000000E+0	5.641500E+5
1.626000E-2	0.000000E+0	5.641760E+5
1.628000E-2	0.000000E+0	5.656270E+5
1.630000E-2	0.000000E+0	5.641930E+5
1.632000E-2	0.000000E+0	5.647130E+5
1.634000E-2	0.000000E+0	5.647010E+5
1.636000E-2	0.000000E+0	5.654820E+5
1.638000E-2	0.000000E+0	5.643310E+5
1.640000E-2	0.000000E+0	5.650930E+5
1.642000E-2	0.000000E+0	5.645690E+5
1.644000E-2	0.000000E+0	5.642160E+5
1.646000E-2	0.000000E+0	5.642460E+5
1.648000E-2	0.000000E+0	5.639440E+5
1.650000E-2	0.000000E+0	5.639630E+5
1.652000E-2	0.000000E+0	5.652370E+5
1.654000E-2	0.000000E+0	5.639370E+5
1.656000E-2	0.000000E+0	5.638470E+5
1.658000E-2	0.000000E+0	5.640590E+5
1.660000E-2	0.000000E+0	5.643000E+5
1.662000E-2	0.000000E+0	5.645090E+5
1.664000E-2	0.000000E+0	5.647070E+5
1.666000E-2	0.000000E+0	5.640580E+5
1.668000E-2	0.000000E+0	5.637610E+5
1.670000E-2	0.000000E+0	5.644400E+5
1.672000E-2	0.000000E+0	5.654040E+5
1.674000E-2	0.000000E+0	5.643040E+5
1.676000E-2	0.000000E+0	5.632060E+5
1.678000E-2	0.000000E+0	5.634300E+5
1.680000E-2	0.000000E+0	5.647790E+5
1.682000E-2	0.000000E+0	5.647510E+5
1.684000E-2	0.000000E+0	5.650810E+5
1.686000E-2	0.000000E+0	5.663220E+5
1.688000E-2	0.000000E+0	5.646100E+5
1.690000E-2	0.000000E+0	5.646680E+5
1.692000E-2	0.000000E+0	5.649420E+5
1.694000E-2	0.000000E+0	5.644170E+5
1.696000E-2	0.000000E+0	5.637970E+5
1.698000E-2	0.000000E+0	5.640870E+5
1.700000E-2	0.000000E+0	5.653660E+5
1.702000E-2	0.000000E+0	5.645930E+5
1.704000E-2	0.000000E+0	5.653770E+5
1.706000E-2	0.000000E+0	5.652470E+5
1.708000E-2	0.000000E+0	5.641280E+5
1.710000E-2	0.000000E+0	5.654090E+5
1.712000E-2	0.000000E+0	5.645870E+5
1.714000E-2	0.000000E+0	5.635470E+5
1.716000E-2	0.000000E+0	5.652160E+5
1.718000E-2	0.000000E+0	5.645860E+5
1.720000E-2	0.000000E+0	5.649750E+5
1.722000E-2	0.000000E+0	5.655060E+5
1.724000E-2	0.000000E+0	5.645030E+5
1.726000E-2	0.000000E+0	5.642110E+5
1.728000E-2	0.000000E+0	5.639550E+5
1.730000E-2	0.000000E+0	5.643610E+5
1.732000E-2	0.000000E+0	5.639770E+5
1.734000E-2	0.000000E+0	5.648920E+5
1.736000E-2	0.000000E+0	5.657880E+5
1.738000E-2	0.000000E+0	5.653150E+5
1.740000E-2	0.000000E+0	5.657500E+5
1.742000E-2	0.000000E+0	5.640480E+5
1.744000E-2	0.000000E+0	5.642760E+5
1.746000E-2	0.000000E+0	5.641640E+5
1.748000E-2	0.000000E+0	5.647840E+5
1.750000E-2	0.000000E+0	5.650800E+5
1.752000E-2	0.000000E+0	5.654260E+5
1.754000E-2	0.000000E+0	5.641380E+5
1.756000E-2	0.000000E+0	5.637080E+5
1.758000E-2	0.000000E+0	5.645580E+5
1.760000E-2	0.000000E+0	5.647560E+5
1.762000E-2	0.000000E+0	5.648790E+5
1.764000E-2	0.000000E+0	5.651310E+5
1.766000E-2	0.000000E+0	5.641950E+5
1.768000E-2	0.000000E+0	5.649210E+5
1.770000E-2	0.000000E+0	5.644150E+5
1.772000E-2	0.000000E+0	5.657240E+5
1.774000E-2	0.000000E+0	5.642960E+5
1.776000E-2	0.000000E+0	5.644350E+5
1.778000E-2	0.000000E+0	5.654620E+5
1.780000E-2	0.000000E+0	5.631640E+5
1.782000E-2	0.000000E+0	5.647190E+5
1.784000E-2	0.000000E+0	5.643640E+5
1.786000E-2	0.000000E+0	5.643330E+5
1.788000E-2	0.000000E+0	5.649170E+5
1.790000E-2	0.000000E+0	5.649200E+5
1.792000E-2	0.000000E+0	5.634630E+5
1.794000E-2	0.000000E+0	5.644610E+5
1.796000E-2	0.000000E+0	5.648040E+5
1.798000E-2	0.000000E+0	5.650720E+5
1.800000E-2	0.000000E+0	5.630580E+5
1.802000E-2	0.000000E+0	5.642290E+5
1.804000E-2	0.000000E+0	5.633570E+5
1.806000E-2	0.000000E+0	5.641480E+5
1.808000E-2	0.000000E+0	5.641190E+5
1.810000E-2	0.000000E+0	5.651190E+5
1.812000E-2	0.000000E+0	5.659620E+5
1.814000E-2	0.000000E+0	5.658350E+5
1.816000E-2	0.000000E+0	5.648630E+5
1.818000E-2	0.000000E+0	5.634200E+5
1.820000E-2	0.000000E+0	5.654030E+5
1.822000E-2	0.000000E+0	5.642040E+5
1.824000E-2	0.000000E+0	5.647090E+5
1.826000E-2	0.000000E+0	5.651130E+5
1.828000E-2	0.000000E+0	5.638870E+5
1.830000E-2	0.000000E+0	5.634530E+5
1.832000E-2	0.000000E+0	5.650060E+5
1.834000E-2	0.000000E+0	5.637350E+5
1.836000E-2	0.000000E+0	5.655690E+5
1.838000E-2	0.000000E+0	5.638770E+5
1.840000E-2	0.000000E+0	5.642580E+5
1.842000E-2	0.000000E+0	5.636810E+5
1.844000E-2	0.000000E+0	5.637260E+5
1.846000E-2	0.000000E+0	5.630040E+5
1.848000E-2	0.000000E+0	5.653860E+5
1.850000E-2	0.000000E+0	5.647100E+5
1.852000E-2	0.000000E+0	5.646880E+5
1.854000E-2	0.000000E+0	5.664670E+5
1.856000E-2	0.000000E+0	5.628570E+5
1.858000E-2	0.000000E+0	5.634530E+5
1.860000E-2	0.000000E+0	5.647210E+5
1.862000E-2	0.000000E+0	5.637640E+5
1.864000E-2	0.000000E+0	5.635100E+5
1.866000E-2	0.000000E+0	5.650250E+5
1.868000E-2	0.000000E+0	5.647610E+5
1.870000E-2	0.000000E+0	5.647010E+5
1.872000E-2	0.000000E+0	5.648210E+5
1.874000E-2	0.000000E+0	5.623560E+5
1.876000E-2	0.000000E+0	5.643570E+5
1.878000E-2	0.000000E+0	5.644550E+5
1.880000E-2	0.000000E+0	5.638920E+5
1.882000E-2	0.000000E+0	5.640440E+5
1.884000E-2	0.000000E+0	5.652560E+5
1.886000E-2	0.000000E+0	5.641510E+5
1.888000E-2	0.000000E+0	5.636950E+5
1.890000E-2	0.000000E+0	5.640870E+5
1.892000E-2	0.000000E+0	5.656660E+5
1.894000E-2	0.000000E+0	5.642830E+5
1.896000E-2	0.000000E+0	5.646560E+5
1.898000E-2	0.000000E+0	5.653950E+5
1.900000E-2	0.000000E+0	5.639080E+5
1.902000E-2	0.000000E+0	5.634940E+5
1.904000E-2	0.000000E+0	5.645070E+5
1.906000E-2	0.000000E+0	5.652730E+5
1.908000E-2	0.000000E+0	5.646430E+5
1.910000E-2	0.000000E+0	5.632800E+5
1.912000E-2	0.000000E+0	5.634920E+5
1.914000E-2	0.000000E+0	5.646400E+5
1.916000E-2	0.000000E+0	5.638580E+5
1.918000E-2	0.000000E+0	5.638630E+5
1.920000E-2	0.000000E+0	5.652500E+5
1.922000E-2	0.000000E+0	5.644590E+5
1.924000E-2	0.000000E+0	5.648670E+5
1.926000E-2	0.000000E+0	5.650480E+5
1.928000E-2	0.000000E+0	5.651500E+5
1.930000E-2	0.000000E+0	5.643320E+5
1.932000E-2	0.000000E+0	5.642330E+5
1.934000E-2	0.000000E+0	5.646220E+5
1.936000E-2	0.000000E+0	5.640330E+5
1.938000E-2	0.000000E+0	5.649450E+5
1.940000E-2	0.000000E+0	5.626350E+5
1.942000E-2	0.000000E+0	5.654950E+5
1.944000E-2	0.000000E+0	5.652070E+5
1.946000E-2	0.000000E+0	5.631280E+5
1.948000E-2	0.000000E+0	5.645570E+5
1.950000E-2	0.000000E+0	5.644930E+5
1.952000E-2	0.000000E+0	5.654050E+5
1.954000E-2	0.000000E+0	5.641450E+5
1.956000E-2	0.000000E+0	5.655400E+5
1.958000E-2	0.000000E+0	5.638500E+5
1.960000E-2	0.000000E+0	5.649340E+5
1.962000E-2	0.000000E+0	5.637910E+5
1.964000E-2	0.000000E+0	5.653150E+5
1.966000E-2	0.000000E+0	5.653310E+5
1.968000E-2	0.000000E+0	5.645160E+5
1.970000E-2	0.000000E+0	5.643630E+5
1.972000E-2	0.000000E+0	5.646100E+5
1.974000E-2	0.000000E+0	5.647260E+5
1.976000E-2	0.000000E+0	5.627280E+5
1.978000E-2	0.000000E+0	5.638630E+5
1.980000E-2	0.000000E+0	5.649740E+5
1.982000E-2	0.000000E+0	5.637470E+5
1.984000E-2	0.000000E+0	5.644980E+5
1.986000E-2	0.000000E+0	5.635360E+5
1.988000E-2	0.000000E+0	5.631420E+5
1.990000E-2	0.000000E+0	5.639740E+5
1.992000E-2	0.000000E+0	5.640820E+5
1.994000E-2	0.000000E+0	5.660800E+5
1.996000E-2	0.000000E+0	5.638230E+5
1.998000E-2	0.000000E+0	5.643830E+5
