

live time:  176782.640000
real time:  244808.548000
sweeps:  8839132.000000
0.000000E+0	0.000000E+0	0.000000E+0
2.000000E-5	0.000000E+0	3.874650E+5
4.000000E-5	0.000000E+0	3.879250E+5
6.000000E-5	0.000000E+0	3.875520E+5
8.000000E-5	0.000000E+0	3.878760E+5
1.000000E-4	0.000000E+0	3.864740E+5
1.200000E-4	0.000000E+0	3.880560E+5
1.400000E-4	0.000000E+0	3.880880E+5
1.600000E-4	0.000000E+0	3.878650E+5
1.800000E-4	0.000000E+0	3.876590E+5
2.000000E-4	0.000000E+0	3.875010E+5
2.200000E-4	0.000000E+0	3.876500E+5
2.400000E-4	0.000000E+0	3.864440E+5
2.600000E-4	0.000000E+0	3.865910E+5
2.800000E-4	0.000000E+0	3.872270E+5
3.000000E-4	0.000000E+0	3.888050E+5
3.200000E-4	0.000000E+0	3.875640E+5
3.400000E-4	0.000000E+0	3.876780E+5
3.600000E-4	0.000000E+0	3.883260E+5
3.800000E-4	0.000000E+0	3.873360E+5
4.000000E-4	0.000000E+0	3.867130E+5
4.200000E-4	0.000000E+0	3.874140E+5
4.400000E-4	0.000000E+0	3.871140E+5
4.600000E-4	0.000000E+0	3.883020E+5
4.800000E-4	0.000000E+0	3.871120E+5
5.000000E-4	0.000000E+0	3.875990E+5
5.200000E-4	0.000000E+0	3.879720E+5
5.400000E-4	0.000000E+0	3.871410E+5
5.600000E-4	0.000000E+0	3.868250E+5
5.800000E-4	0.000000E+0	3.875800E+5
6.000000E-4	0.000000E+0	3.881450E+5
6.200000E-4	0.000000E+0	3.870540E+5
6.400000E-4	0.000000E+0	3.887480E+5
6.600000E-4	0.000000E+0	3.866370E+5
6.800000E-4	0.000000E+0	3.872200E+5
7.000000E-4	0.000000E+0	3.878690E+5
7.200000E-4	0.000000E+0	3.887970E+5
7.400000E-4	0.000000E+0	3.869010E+5
7.600000E-4	0.000000E+0	3.870700E+5
7.800000E-4	0.000000E+0	3.863310E+5
8.000000E-4	0.000000E+0	3.881020E+5
8.200000E-4	0.000000E+0	3.875140E+5
8.400000E-4	0.000000E+0	3.871710E+5
8.600000E-4	0.000000E+0	3.883210E+5
8.800000E-4	0.000000E+0	3.869860E+5
9.000000E-4	0.000000E+0	3.885350E+5
9.200000E-4	0.000000E+0	3.869990E+5
9.400000E-4	0.000000E+0	3.877760E+5
9.600000E-4	0.000000E+0	3.865220E+5
9.800000E-4	0.000000E+0	3.887520E+5
1.000000E-3	0.000000E+0	3.880850E+5
1.020000E-3	0.000000E+0	3.875070E+5
1.040000E-3	0.000000E+0	3.874350E+5
1.060000E-3	0.000000E+0	3.871210E+5
1.080000E-3	0.000000E+0	3.871550E+5
1.100000E-3	0.000000E+0	3.867970E+5
1.120000E-3	0.000000E+0	3.879050E+5
1.140000E-3	0.000000E+0	3.868040E+5
1.160000E-3	0.000000E+0	3.874160E+5
1.180000E-3	0.000000E+0	3.870960E+5
1.200000E-3	0.000000E+0	3.877020E+5
1.220000E-3	0.000000E+0	3.880220E+5
1.240000E-3	0.000000E+0	3.875530E+5
1.260000E-3	0.000000E+0	3.871810E+5
1.280000E-3	0.000000E+0	3.878620E+5
1.300000E-3	0.000000E+0	3.862950E+5
1.320000E-3	0.000000E+0	3.885820E+5
1.340000E-3	0.000000E+0	3.877370E+5
1.360000E-3	0.000000E+0	3.866120E+5
1.380000E-3	0.000000E+0	3.886240E+5
1.400000E-3	0.000000E+0	3.873810E+5
1.420000E-3	0.000000E+0	3.878840E+5
1.440000E-3	0.000000E+0	3.874420E+5
1.460000E-3	0.000000E+0	3.864700E+5
1.480000E-3	0.000000E+0	3.886440E+5
1.500000E-3	0.000000E+0	3.876810E+5
1.520000E-3	0.000000E+0	3.873390E+5
1.540000E-3	0.000000E+0	3.879050E+5
1.560000E-3	0.000000E+0	3.879180E+5
1.580000E-3	0.000000E+0	3.876870E+5
1.600000E-3	0.000000E+0	3.871140E+5
1.620000E-3	0.000000E+0	3.872430E+5
1.640000E-3	0.000000E+0	3.863910E+5
1.660000E-3	0.000000E+0	3.878350E+5
1.680000E-3	0.000000E+0	3.872230E+5
1.700000E-3	0.000000E+0	3.868980E+5
1.720000E-3	0.000000E+0	3.877210E+5
1.740000E-3	0.000000E+0	3.885580E+5
1.760000E-3	0.000000E+0	3.880580E+5
1.780000E-3	0.000000E+0	3.885880E+5
1.800000E-3	0.000000E+0	3.884750E+5
1.820000E-3	0.000000E+0	3.870520E+5
1.840000E-3	0.000000E+0	3.868470E+5
1.860000E-3	0.000000E+0	3.876660E+5
1.880000E-3	0.000000E+0	3.874130E+5
1.900000E-3	0.000000E+0	3.866680E+5
1.920000E-3	0.000000E+0	3.873070E+5
1.940000E-3	0.000000E+0	3.874090E+5
1.960000E-3	0.000000E+0	3.875640E+5
1.980000E-3	0.000000E+0	3.881500E+5
2.000000E-3	0.000000E+0	3.871140E+5
2.020000E-3	0.000000E+0	3.876010E+5
2.040000E-3	0.000000E+0	3.873230E+5
2.060000E-3	0.000000E+0	3.881570E+5
2.080000E-3	0.000000E+0	3.886230E+5
2.100000E-3	0.000000E+0	3.885780E+5
2.120000E-3	0.000000E+0	3.882670E+5
2.140000E-3	0.000000E+0	3.862580E+5
2.160000E-3	0.000000E+0	3.864190E+5
2.180000E-3	0.000000E+0	3.875790E+5
2.200000E-3	0.000000E+0	3.882040E+5
2.220000E-3	0.000000E+0	3.881680E+5
2.240000E-3	0.000000E+0	3.868490E+5
2.260000E-3	0.000000E+0	3.876980E+5
2.280000E-3	0.000000E+0	3.876730E+5
2.300000E-3	0.000000E+0	3.879010E+5
2.320000E-3	0.000000E+0	3.875720E+5
2.340000E-3	0.000000E+0	3.871920E+5
2.360000E-3	0.000000E+0	3.874700E+5
2.380000E-3	0.000000E+0	3.888310E+5
2.400000E-3	0.000000E+0	3.862420E+5
2.420000E-3	0.000000E+0	3.873110E+5
2.440000E-3	0.000000E+0	3.868030E+5
2.460000E-3	0.000000E+0	3.874410E+5
2.480000E-3	0.000000E+0	3.889670E+5
2.500000E-3	0.000000E+0	3.871890E+5
2.520000E-3	0.000000E+0	3.880310E+5
2.540000E-3	0.000000E+0	3.864690E+5
2.560000E-3	0.000000E+0	3.876550E+5
2.580000E-3	0.000000E+0	3.868420E+5
2.600000E-3	0.000000E+0	3.882650E+5
2.620000E-3	0.000000E+0	3.873360E+5
2.640000E-3	0.000000E+0	3.863570E+5
2.660000E-3	0.000000E+0	3.879880E+5
2.680000E-3	0.000000E+0	3.871070E+5
2.700000E-3	0.000000E+0	3.874960E+5
2.720000E-3	0.000000E+0	3.859240E+5
2.740000E-3	0.000000E+0	3.877050E+5
2.760000E-3	0.000000E+0	3.871860E+5
2.780000E-3	0.000000E+0	3.876460E+5
2.800000E-3	0.000000E+0	3.872240E+5
2.820000E-3	0.000000E+0	3.871360E+5
2.840000E-3	0.000000E+0	3.867510E+5
2.860000E-3	0.000000E+0	3.884170E+5
2.880000E-3	0.000000E+0	3.876140E+5
2.900000E-3	0.000000E+0	3.880350E+5
2.920000E-3	0.000000E+0	3.864480E+5
2.940000E-3	0.000000E+0	3.876800E+5
2.960000E-3	0.000000E+0	3.874110E+5
2.980000E-3	0.000000E+0	3.864400E+5
3.000000E-3	0.000000E+0	3.876910E+5
3.020000E-3	0.000000E+0	3.874620E+5
3.040000E-3	0.000000E+0	3.881740E+5
3.060000E-3	0.000000E+0	3.891770E+5
3.080000E-3	0.000000E+0	3.874070E+5
3.100000E-3	0.000000E+0	3.866570E+5
3.120000E-3	0.000000E+0	3.879190E+5
3.140000E-3	0.000000E+0	3.878270E+5
3.160000E-3	0.000000E+0	3.874490E+5
3.180000E-3	0.000000E+0	3.878930E+5
3.200000E-3	0.000000E+0	3.874410E+5
3.220000E-3	0.000000E+0	3.880370E+5
3.240000E-3	0.000000E+0	3.885090E+5
3.260000E-3	0.000000E+0	3.879250E+5
3.280000E-3	0.000000E+0	3.876840E+5
3.300000E-3	0.000000E+0	3.868590E+5
3.320000E-3	0.000000E+0	3.875810E+5
3.340000E-3	0.000000E+0	3.869860E+5
3.360000E-3	0.000000E+0	3.865350E+5
3.380000E-3	0.000000E+0	3.866000E+5
3.400000E-3	0.000000E+0	3.876440E+5
3.420000E-3	0.000000E+0	3.883590E+5
3.440000E-3	0.000000E+0	3.868130E+5
3.460000E-3	0.000000E+0	3.879360E+5
3.480000E-3	0.000000E+0	3.871130E+5
3.500000E-3	0.000000E+0	3.875520E+5
3.520000E-3	0.000000E+0	3.869370E+5
3.540000E-3	0.000000E+0	3.873450E+5
3.560000E-3	0.000000E+0	3.871940E+5
3.580000E-3	0.000000E+0	3.865910E+5
3.600000E-3	0.000000E+0	3.869450E+5
3.620000E-3	0.000000E+0	3.857890E+5
3.640000E-3	0.000000E+0	3.881550E+5
3.660000E-3	0.000000E+0	3.873430E+5
3.680000E-3	0.000000E+0	3.872110E+5
3.700000E-3	0.000000E+0	3.866580E+5
3.720000E-3	0.000000E+0	3.874410E+5
3.740000E-3	0.000000E+0	3.866760E+5
3.760000E-3	0.000000E+0	3.873630E+5
3.780000E-3	0.000000E+0	3.867930E+5
3.800000E-3	0.000000E+0	3.867780E+5
3.820000E-3	0.000000E+0	3.867610E+5
3.840000E-3	0.000000E+0	3.873680E+5
3.860000E-3	0.000000E+0	3.870800E+5
3.880000E-3	0.000000E+0	3.865910E+5
3.900000E-3	0.000000E+0	3.880570E+5
3.920000E-3	0.000000E+0	3.889240E+5
3.940000E-3	0.000000E+0	3.881300E+5
3.960000E-3	0.000000E+0	3.882390E+5
3.980000E-3	0.000000E+0	3.876870E+5
4.000000E-3	0.000000E+0	3.874530E+5
4.020000E-3	0.000000E+0	3.879820E+5
4.040000E-3	0.000000E+0	3.870680E+5
4.060000E-3	0.000000E+0	3.878870E+5
4.080000E-3	0.000000E+0	3.877300E+5
4.100000E-3	0.000000E+0	3.878350E+5
4.120000E-3	0.000000E+0	3.872690E+5
4.140000E-3	0.000000E+0	3.867020E+5
4.160000E-3	0.000000E+0	3.882490E+5
4.180000E-3	0.000000E+0	3.868820E+5
4.200000E-3	0.000000E+0	3.877380E+5
4.220000E-3	0.000000E+0	3.872730E+5
4.240000E-3	0.000000E+0	3.873000E+5
4.260000E-3	0.000000E+0	3.865820E+5
4.280000E-3	0.000000E+0	3.881510E+5
4.300000E-3	0.000000E+0	3.877710E+5
4.320000E-3	0.000000E+0	3.870560E+5
4.340000E-3	0.000000E+0	3.866930E+5
4.360000E-3	0.000000E+0	3.868440E+5
4.380000E-3	0.000000E+0	3.868990E+5
4.400000E-3	0.000000E+0	3.875420E+5
4.420000E-3	0.000000E+0	3.872440E+5
4.440000E-3	0.000000E+0	3.870400E+5
4.460000E-3	0.000000E+0	3.869050E+5
4.480000E-3	0.000000E+0	3.867070E+5
4.500000E-3	0.000000E+0	3.873850E+5
4.520000E-3	0.000000E+0	3.864330E+5
4.540000E-3	0.000000E+0	3.865310E+5
4.560000E-3	0.000000E+0	3.863990E+5
4.580000E-3	0.000000E+0	3.873200E+5
4.600000E-3	0.000000E+0	3.870740E+5
4.620000E-3	0.000000E+0	3.864340E+5
4.640000E-3	0.000000E+0	3.874920E+5
4.660000E-3	0.000000E+0	3.872580E+5
4.680000E-3	0.000000E+0	3.870250E+5
4.700000E-3	0.000000E+0	3.875710E+5
4.720000E-3	0.000000E+0	3.875650E+5
4.740000E-3	0.000000E+0	3.863190E+5
4.760000E-3	0.000000E+0	3.877660E+5
4.780000E-3	0.000000E+0	3.864670E+5
4.800000E-3	0.000000E+0	3.866790E+5
4.820000E-3	0.000000E+0	3.865760E+5
4.840000E-3	0.000000E+0	3.865070E+5
4.860000E-3	0.000000E+0	3.852000E+5
4.880000E-3	0.000000E+0	3.845660E+5
4.900000E-3	0.000000E+0	3.847860E+5
4.920000E-3	0.000000E+0	3.823630E+5
4.940000E-3	0.000000E+0	3.814890E+5
4.960000E-3	0.000000E+0	3.814520E+5
4.980000E-3	0.000000E+0	3.817890E+5
5.000000E-3	0.000000E+0	3.799860E+5
5.020000E-3	0.000000E+0	3.795560E+5
5.040000E-3	0.000000E+0	3.777340E+5
5.060000E-3	0.000000E+0	3.769480E+5
5.080000E-3	0.000000E+0	3.765790E+5
5.100000E-3	0.000000E+0	3.767880E+5
5.120000E-3	0.000000E+0	3.765030E+5
5.140000E-3	0.000000E+0	3.777900E+5
5.160000E-3	0.000000E+0	3.791090E+5
5.180000E-3	0.000000E+0	3.801890E+5
5.200000E-3	0.000000E+0	3.812770E+5
5.220000E-3	0.000000E+0	3.821560E+5
5.240000E-3	0.000000E+0	3.821790E+5
5.260000E-3	0.000000E+0	3.849100E+5
5.280000E-3	0.000000E+0	3.829880E+5
5.300000E-3	0.000000E+0	3.846310E+5
5.320000E-3	0.000000E+0	3.862390E+5
5.340000E-3	0.000000E+0	3.860020E+5
5.360000E-3	0.000000E+0	3.871350E+5
5.380000E-3	0.000000E+0	3.856810E+5
5.400000E-3	0.000000E+0	3.874590E+5
5.420000E-3	0.000000E+0	3.863400E+5
5.440000E-3	0.000000E+0	3.861200E+5
5.460000E-3	0.000000E+0	3.856620E+5
5.480000E-3	0.000000E+0	3.853010E+5
5.500000E-3	0.000000E+0	3.860250E+5
5.520000E-3	0.000000E+0	3.850550E+5
5.540000E-3	0.000000E+0	3.846750E+5
5.560000E-3	0.000000E+0	3.829810E+5
5.580000E-3	0.000000E+0	3.825890E+5
5.600000E-3	0.000000E+0	3.804870E+5
5.620000E-3	0.000000E+0	3.810890E+5
5.640000E-3	0.000000E+0	3.819820E+5
5.660000E-3	0.000000E+0	3.801230E+5
5.680000E-3	0.000000E+0	3.799190E+5
5.700000E-3	0.000000E+0	3.784390E+5
5.720000E-3	0.000000E+0	3.774030E+5
5.740000E-3	0.000000E+0	3.774400E+5
5.760000E-3	0.000000E+0	3.778630E+5
5.780000E-3	0.000000E+0	3.783020E+5
5.800000E-3	0.000000E+0	3.787710E+5
5.820000E-3	0.000000E+0	3.804080E+5
5.840000E-3	0.000000E+0	3.815530E+5
5.860000E-3	0.000000E+0	3.822380E+5
5.880000E-3	0.000000E+0	3.836450E+5
5.900000E-3	0.000000E+0	3.849550E+5
5.920000E-3	0.000000E+0	3.860180E+5
5.940000E-3	0.000000E+0	3.849850E+5
5.960000E-3	0.000000E+0	3.857890E+5
5.980000E-3	0.000000E+0	3.868570E+5
6.000000E-3	0.000000E+0	3.864780E+5
6.020000E-3	0.000000E+0	3.865780E+5
6.040000E-3	0.000000E+0	3.870900E+5
6.060000E-3	0.000000E+0	3.867820E+5
6.080000E-3	0.000000E+0	3.869270E+5
6.100000E-3	0.000000E+0	3.862730E+5
6.120000E-3	0.000000E+0	3.874500E+5
6.140000E-3	0.000000E+0	3.870340E+5
6.160000E-3	0.000000E+0	3.866990E+5
6.180000E-3	0.000000E+0	3.874460E+5
6.200000E-3	0.000000E+0	3.870640E+5
6.220000E-3	0.000000E+0	3.876780E+5
6.240000E-3	0.000000E+0	3.862410E+5
6.260000E-3	0.000000E+0	3.867290E+5
6.280000E-3	0.000000E+0	3.886820E+5
6.300000E-3	0.000000E+0	3.882830E+5
6.320000E-3	0.000000E+0	3.875280E+5
6.340000E-3	0.000000E+0	3.876410E+5
6.360000E-3	0.000000E+0	3.868390E+5
6.380000E-3	0.000000E+0	3.877700E+5
6.400000E-3	0.000000E+0	3.868450E+5
6.420000E-3	0.000000E+0	3.865500E+5
6.440000E-3	0.000000E+0	3.887870E+5
6.460000E-3	0.000000E+0	3.871370E+5
6.480000E-3	0.000000E+0	3.868910E+5
6.500000E-3	0.000000E+0	3.868030E+5
6.520000E-3	0.000000E+0	3.872270E+5
6.540000E-3	0.000000E+0	3.868950E+5
6.560000E-3	0.000000E+0	3.879380E+5
6.580000E-3	0.000000E+0	3.869730E+5
6.600000E-3	0.000000E+0	3.878790E+5
6.620000E-3	0.000000E+0	3.873570E+5
6.640000E-3	0.000000E+0	3.870090E+5
6.660000E-3	0.000000E+0	3.866790E+5
6.680000E-3	0.000000E+0	3.873280E+5
6.700000E-3	0.000000E+0	3.875820E+5
6.720000E-3	0.000000E+0	3.874360E+5
6.740000E-3	0.000000E+0	3.879240E+5
6.760000E-3	0.000000E+0	3.881010E+5
6.780000E-3	0.000000E+0	3.866340E+5
6.800000E-3	0.000000E+0	3.875680E+5
6.820000E-3	0.000000E+0	3.876160E+5
6.840000E-3	0.000000E+0	3.870560E+5
6.860000E-3	0.000000E+0	3.875250E+5
6.880000E-3	0.000000E+0	3.884290E+5
6.900000E-3	0.000000E+0	3.864690E+5
6.920000E-3	0.000000E+0	3.864410E+5
6.940000E-3	0.000000E+0	3.874860E+5
6.960000E-3	0.000000E+0	3.857600E+5
6.980000E-3	0.000000E+0	3.873510E+5
7.000000E-3	0.000000E+0	3.872790E+5
7.020000E-3	0.000000E+0	3.876270E+5
7.040000E-3	0.000000E+0	3.873610E+5
7.060000E-3	0.000000E+0	3.877520E+5
7.080000E-3	0.000000E+0	3.875100E+5
7.100000E-3	0.000000E+0	3.872170E+5
7.120000E-3	0.000000E+0	3.876900E+5
7.140000E-3	0.000000E+0	3.874200E+5
7.160000E-3	0.000000E+0	3.880240E+5
7.180000E-3	0.000000E+0	3.867550E+5
7.200000E-3	0.000000E+0	3.878610E+5
7.220000E-3	0.000000E+0	3.877940E+5
7.240000E-3	0.000000E+0	3.875790E+5
7.260000E-3	0.000000E+0	3.870050E+5
7.280000E-3	0.000000E+0	3.874650E+5
7.300000E-3	0.000000E+0	3.869650E+5
7.320000E-3	0.000000E+0	3.878950E+5
7.340000E-3	0.000000E+0	3.882260E+5
7.360000E-3	0.000000E+0	3.872500E+5
7.380000E-3	0.000000E+0	3.879610E+5
7.400000E-3	0.000000E+0	3.872720E+5
7.420000E-3	0.000000E+0	3.873700E+5
7.440000E-3	0.000000E+0	3.874850E+5
7.460000E-3	0.000000E+0	3.880240E+5
7.480000E-3	0.000000E+0	3.870710E+5
7.500000E-3	0.000000E+0	3.879480E+5
7.520000E-3	0.000000E+0	3.878910E+5
7.540000E-3	0.000000E+0	3.875570E+5
7.560000E-3	0.000000E+0	3.881490E+5
7.580000E-3	0.000000E+0	3.875870E+5
7.600000E-3	0.000000E+0	3.867380E+5
7.620000E-3	0.000000E+0	3.877230E+5
7.640000E-3	0.000000E+0	3.884110E+5
7.660000E-3	0.000000E+0	3.870920E+5
7.680000E-3	0.000000E+0	3.873950E+5
7.700000E-3	0.000000E+0	3.868380E+5
7.720000E-3	0.000000E+0	3.876050E+5
7.740000E-3	0.000000E+0	3.868590E+5
7.760000E-3	0.000000E+0	3.871480E+5
7.780000E-3	0.000000E+0	3.885990E+5
7.800000E-3	0.000000E+0	3.873010E+5
7.820000E-3	0.000000E+0	3.871500E+5
7.840000E-3	0.000000E+0	3.885330E+5
7.860000E-3	0.000000E+0	3.873100E+5
7.880000E-3	0.000000E+0	3.874340E+5
7.900000E-3	0.000000E+0	3.870510E+5
7.920000E-3	0.000000E+0	3.871970E+5
7.940000E-3	0.000000E+0	3.883560E+5
7.960000E-3	0.000000E+0	3.885730E+5
7.980000E-3	0.000000E+0	3.885750E+5
8.000000E-3	0.000000E+0	3.878530E+5
8.020000E-3	0.000000E+0	3.875810E+5
8.040000E-3	0.000000E+0	3.863830E+5
8.060000E-3	0.000000E+0	3.869230E+5
8.080000E-3	0.000000E+0	3.878060E+5
8.100000E-3	0.000000E+0	3.881060E+5
8.120000E-3	0.000000E+0	3.874900E+5
8.140000E-3	0.000000E+0	3.868790E+5
8.160000E-3	0.000000E+0	3.877190E+5
8.180000E-3	0.000000E+0	3.870770E+5
8.200000E-3	0.000000E+0	3.878330E+5
8.220000E-3	0.000000E+0	3.870400E+5
8.240000E-3	0.000000E+0	3.878240E+5
8.260000E-3	0.000000E+0	3.887850E+5
8.280000E-3	0.000000E+0	3.867680E+5
8.300000E-3	0.000000E+0	3.876510E+5
8.320000E-3	0.000000E+0	3.867000E+5
8.340000E-3	0.000000E+0	3.869360E+5
8.360000E-3	0.000000E+0	3.870600E+5
8.380000E-3	0.000000E+0	3.857050E+5
8.400000E-3	0.000000E+0	3.870230E+5
8.420000E-3	0.000000E+0	3.874170E+5
8.440000E-3	0.000000E+0	3.880080E+5
8.460000E-3	0.000000E+0	3.878050E+5
8.480000E-3	0.000000E+0	3.886330E+5
8.500000E-3	0.000000E+0	3.864440E+5
8.520000E-3	0.000000E+0	3.879990E+5
8.540000E-3	0.000000E+0	3.878790E+5
8.560000E-3	0.000000E+0	3.875110E+5
8.580000E-3	0.000000E+0	3.888210E+5
8.600000E-3	0.000000E+0	3.870690E+5
8.620000E-3	0.000000E+0	3.885920E+5
8.640000E-3	0.000000E+0	3.871660E+5
8.660000E-3	0.000000E+0	3.872620E+5
8.680000E-3	0.000000E+0	3.876560E+5
8.700000E-3	0.000000E+0	3.856470E+5
8.720000E-3	0.000000E+0	3.880540E+5
8.740000E-3	0.000000E+0	3.867420E+5
8.760000E-3	0.000000E+0	3.875150E+5
8.780000E-3	0.000000E+0	3.877030E+5
8.800000E-3	0.000000E+0	3.881650E+5
8.820000E-3	0.000000E+0	3.877770E+5
8.840000E-3	0.000000E+0	3.870090E+5
8.860000E-3	0.000000E+0	3.888250E+5
8.880000E-3	0.000000E+0	3.867830E+5
8.900000E-3	0.000000E+0	3.874840E+5
8.920000E-3	0.000000E+0	3.863700E+5
8.940000E-3	0.000000E+0	3.867220E+5
8.960000E-3	0.000000E+0	3.881890E+5
8.980000E-3	0.000000E+0	3.873070E+5
9.000000E-3	0.000000E+0	3.868950E+5
9.020000E-3	0.000000E+0	3.863120E+5
9.040000E-3	0.000000E+0	3.877430E+5
9.060000E-3	0.000000E+0	3.892020E+5
9.080000E-3	0.000000E+0	3.876690E+5
9.100000E-3	0.000000E+0	3.881940E+5
9.120000E-3	0.000000E+0	3.870510E+5
9.140000E-3	0.000000E+0	3.877410E+5
9.160000E-3	0.000000E+0	3.877310E+5
9.180000E-3	0.000000E+0	3.865150E+5
9.200000E-3	0.000000E+0	3.872970E+5
9.220000E-3	0.000000E+0	3.873950E+5
9.240000E-3	0.000000E+0	3.880300E+5
9.260000E-3	0.000000E+0	3.885980E+5
9.280000E-3	0.000000E+0	3.887220E+5
9.300000E-3	0.000000E+0	3.881180E+5
9.320000E-3	0.000000E+0	3.871220E+5
9.340000E-3	0.000000E+0	3.875070E+5
9.360000E-3	0.000000E+0	3.870440E+5
9.380000E-3	0.000000E+0	3.884750E+5
9.400000E-3	0.000000E+0	3.882340E+5
9.420000E-3	0.000000E+0	3.886880E+5
9.440000E-3	0.000000E+0	3.872760E+5
9.460000E-3	0.000000E+0	3.885790E+5
9.480000E-3	0.000000E+0	3.873200E+5
9.500000E-3	0.000000E+0	3.863560E+5
9.520000E-3	0.000000E+0	3.880730E+5
9.540000E-3	0.000000E+0	3.866510E+5
9.560000E-3	0.000000E+0	3.872660E+5
9.580000E-3	0.000000E+0	3.876290E+5
9.600000E-3	0.000000E+0	3.878080E+5
9.620000E-3	0.000000E+0	3.869260E+5
9.640000E-3	0.000000E+0	3.871640E+5
9.660000E-3	0.000000E+0	3.880910E+5
9.680000E-3	0.000000E+0	3.864700E+5
9.700000E-3	0.000000E+0	3.871010E+5
9.720000E-3	0.000000E+0	3.881660E+5
9.740000E-3	0.000000E+0	3.874980E+5
9.760000E-3	0.000000E+0	3.872380E+5
9.780000E-3	0.000000E+0	3.879930E+5
9.800000E-3	0.000000E+0	3.881770E+5
9.820000E-3	0.000000E+0	3.884770E+5
9.840000E-3	0.000000E+0	3.877810E+5
9.860000E-3	0.000000E+0	3.871110E+5
9.880000E-3	0.000000E+0	3.883640E+5
9.900000E-3	0.000000E+0	3.885850E+5
9.920000E-3	0.000000E+0	3.866540E+5
9.940000E-3	0.000000E+0	3.864970E+5
9.960000E-3	0.000000E+0	3.868150E+5
9.980000E-3	0.000000E+0	3.884530E+5
1.000000E-2	0.000000E+0	3.870100E+5
1.002000E-2	0.000000E+0	3.874690E+5
1.004000E-2	0.000000E+0	3.879360E+5
1.006000E-2	0.000000E+0	3.880000E+5
1.008000E-2	0.000000E+0	3.871180E+5
1.010000E-2	0.000000E+0	3.874990E+5
1.012000E-2	0.000000E+0	3.888500E+5
1.014000E-2	0.000000E+0	3.890870E+5
1.016000E-2	0.000000E+0	3.881130E+5
1.018000E-2	0.000000E+0	3.879190E+5
1.020000E-2	0.000000E+0	3.883330E+5
1.022000E-2	0.000000E+0	3.873670E+5
1.024000E-2	0.000000E+0	3.870900E+5
1.026000E-2	0.000000E+0	3.889330E+5
1.028000E-2	0.000000E+0	3.869570E+5
1.030000E-2	0.000000E+0	3.881770E+5
1.032000E-2	0.000000E+0	3.871600E+5
1.034000E-2	0.000000E+0	3.881870E+5
1.036000E-2	0.000000E+0	3.876570E+5
1.038000E-2	0.000000E+0	3.881710E+5
1.040000E-2	0.000000E+0	3.871790E+5
1.042000E-2	0.000000E+0	3.873450E+5
1.044000E-2	0.000000E+0	3.871740E+5
1.046000E-2	0.000000E+0	3.883450E+5
1.048000E-2	0.000000E+0	3.884530E+5
1.050000E-2	0.000000E+0	3.874750E+5
1.052000E-2	0.000000E+0	3.881610E+5
1.054000E-2	0.000000E+0	3.891730E+5
1.056000E-2	0.000000E+0	3.870370E+5
1.058000E-2	0.000000E+0	3.881530E+5
1.060000E-2	0.000000E+0	3.871600E+5
1.062000E-2	0.000000E+0	3.873310E+5
1.064000E-2	0.000000E+0	3.880310E+5
1.066000E-2	0.000000E+0	3.879220E+5
1.068000E-2	0.000000E+0	3.880630E+5
1.070000E-2	0.000000E+0	3.869520E+5
1.072000E-2	0.000000E+0	3.876890E+5
1.074000E-2	0.000000E+0	3.882150E+5
1.076000E-2	0.000000E+0	3.886570E+5
1.078000E-2	0.000000E+0	3.886680E+5
1.080000E-2	0.000000E+0	3.884700E+5
1.082000E-2	0.000000E+0	3.893270E+5
1.084000E-2	0.000000E+0	3.875320E+5
1.086000E-2	0.000000E+0	3.878650E+5
1.088000E-2	0.000000E+0	3.878790E+5
1.090000E-2	0.000000E+0	3.881070E+5
1.092000E-2	0.000000E+0	3.876010E+5
1.094000E-2	0.000000E+0	3.872100E+5
1.096000E-2	0.000000E+0	3.872600E+5
1.098000E-2	0.000000E+0	3.879940E+5
1.100000E-2	0.000000E+0	3.878970E+5
1.102000E-2	0.000000E+0	3.866920E+5
1.104000E-2	0.000000E+0	3.883900E+5
1.106000E-2	0.000000E+0	3.877840E+5
1.108000E-2	0.000000E+0	3.885190E+5
1.110000E-2	0.000000E+0	3.875760E+5
1.112000E-2	0.000000E+0	3.875760E+5
1.114000E-2	0.000000E+0	3.880720E+5
1.116000E-2	0.000000E+0	3.856900E+5
1.118000E-2	0.000000E+0	3.877390E+5
1.120000E-2	0.000000E+0	3.878260E+5
1.122000E-2	0.000000E+0	3.891030E+5
1.124000E-2	0.000000E+0	3.887790E+5
1.126000E-2	0.000000E+0	3.866530E+5
1.128000E-2	0.000000E+0	3.869320E+5
1.130000E-2	0.000000E+0	3.876080E+5
1.132000E-2	0.000000E+0	3.886200E+5
1.134000E-2	0.000000E+0	3.870400E+5
1.136000E-2	0.000000E+0	3.886130E+5
1.138000E-2	0.000000E+0	3.873270E+5
1.140000E-2	0.000000E+0	3.890450E+5
1.142000E-2	0.000000E+0	3.874250E+5
1.144000E-2	0.000000E+0	3.885110E+5
1.146000E-2	0.000000E+0	3.874910E+5
1.148000E-2	0.000000E+0	3.877020E+5
1.150000E-2	0.000000E+0	3.873020E+5
1.152000E-2	0.000000E+0	3.870800E+5
1.154000E-2	0.000000E+0	3.871660E+5
1.156000E-2	0.000000E+0	3.881740E+5
1.158000E-2	0.000000E+0	3.868740E+5
1.160000E-2	0.000000E+0	3.878890E+5
1.162000E-2	0.000000E+0	3.874170E+5
1.164000E-2	0.000000E+0	3.889480E+5
1.166000E-2	0.000000E+0	3.897460E+5
1.168000E-2	0.000000E+0	3.889580E+5
1.170000E-2	0.000000E+0	3.887610E+5
1.172000E-2	0.000000E+0	3.883850E+5
1.174000E-2	0.000000E+0	3.875920E+5
1.176000E-2	0.000000E+0	3.879710E+5
1.178000E-2	0.000000E+0	3.873840E+5
1.180000E-2	0.000000E+0	3.881460E+5
1.182000E-2	0.000000E+0	3.884090E+5
1.184000E-2	0.000000E+0	3.883530E+5
1.186000E-2	0.000000E+0	3.872380E+5
1.188000E-2	0.000000E+0	3.872580E+5
1.190000E-2	0.000000E+0	3.869790E+5
1.192000E-2	0.000000E+0	3.873050E+5
1.194000E-2	0.000000E+0	3.889760E+5
1.196000E-2	0.000000E+0	3.875620E+5
1.198000E-2	0.000000E+0	3.882300E+5
1.200000E-2	0.000000E+0	3.873360E+5
1.202000E-2	0.000000E+0	3.878740E+5
1.204000E-2	0.000000E+0	3.877570E+5
1.206000E-2	0.000000E+0	3.878020E+5
1.208000E-2	0.000000E+0	3.889440E+5
1.210000E-2	0.000000E+0	3.884820E+5
1.212000E-2	0.000000E+0	3.879940E+5
1.214000E-2	0.000000E+0	3.868610E+5
1.216000E-2	0.000000E+0	3.871040E+5
1.218000E-2	0.000000E+0	3.876630E+5
1.220000E-2	0.000000E+0	3.864880E+5
1.222000E-2	0.000000E+0	3.882960E+5
1.224000E-2	0.000000E+0	3.878510E+5
1.226000E-2	0.000000E+0	3.875930E+5
1.228000E-2	0.000000E+0	3.883830E+5
1.230000E-2	0.000000E+0	3.881580E+5
1.232000E-2	0.000000E+0	3.884000E+5
1.234000E-2	0.000000E+0	3.879990E+5
1.236000E-2	0.000000E+0	3.873670E+5
1.238000E-2	0.000000E+0	3.885960E+5
1.240000E-2	0.000000E+0	3.886380E+5
1.242000E-2	0.000000E+0	3.881520E+5
1.244000E-2	0.000000E+0	3.885100E+5
1.246000E-2	0.000000E+0	3.873720E+5
1.248000E-2	0.000000E+0	3.881830E+5
1.250000E-2	0.000000E+0	3.873770E+5
1.252000E-2	0.000000E+0	3.891620E+5
1.254000E-2	0.000000E+0	3.880450E+5
1.256000E-2	0.000000E+0	3.876460E+5
1.258000E-2	0.000000E+0	3.888970E+5
1.260000E-2	0.000000E+0	3.886830E+5
1.262000E-2	0.000000E+0	3.869850E+5
1.264000E-2	0.000000E+0	3.869770E+5
1.266000E-2	0.000000E+0	3.890620E+5
1.268000E-2	0.000000E+0	3.880230E+5
1.270000E-2	0.000000E+0	3.872470E+5
1.272000E-2	0.000000E+0	3.886170E+5
1.274000E-2	0.000000E+0	3.877760E+5
1.276000E-2	0.000000E+0	3.879420E+5
1.278000E-2	0.000000E+0	3.873830E+5
1.280000E-2	0.000000E+0	3.872470E+5
1.282000E-2	0.000000E+0	3.869760E+5
1.284000E-2	0.000000E+0	3.876140E+5
1.286000E-2	0.000000E+0	3.885570E+5
1.288000E-2	0.000000E+0	3.888960E+5
1.290000E-2	0.000000E+0	3.876320E+5
1.292000E-2	0.000000E+0	3.880760E+5
1.294000E-2	0.000000E+0	3.868800E+5
1.296000E-2	0.000000E+0	3.874530E+5
1.298000E-2	0.000000E+0	3.877210E+5
1.300000E-2	0.000000E+0	3.879860E+5
1.302000E-2	0.000000E+0	3.885400E+5
1.304000E-2	0.000000E+0	3.877920E+5
1.306000E-2	0.000000E+0	3.872980E+5
1.308000E-2	0.000000E+0	3.889590E+5
1.310000E-2	0.000000E+0	3.880280E+5
1.312000E-2	0.000000E+0	3.883460E+5
1.314000E-2	0.000000E+0	3.889500E+5
1.316000E-2	0.000000E+0	3.884100E+5
1.318000E-2	0.000000E+0	3.872600E+5
1.320000E-2	0.000000E+0	3.878860E+5
1.322000E-2	0.000000E+0	3.883590E+5
1.324000E-2	0.000000E+0	3.870790E+5
1.326000E-2	0.000000E+0	3.886860E+5
1.328000E-2	0.000000E+0	3.886510E+5
1.330000E-2	0.000000E+0	3.871050E+5
1.332000E-2	0.000000E+0	3.871370E+5
1.334000E-2	0.000000E+0	3.876070E+5
1.336000E-2	0.000000E+0	3.879970E+5
1.338000E-2	0.000000E+0	3.881790E+5
1.340000E-2	0.000000E+0	3.869070E+5
1.342000E-2	0.000000E+0	3.870170E+5
1.344000E-2	0.000000E+0	3.871000E+5
1.346000E-2	0.000000E+0	3.868360E+5
1.348000E-2	0.000000E+0	3.880550E+5
1.350000E-2	0.000000E+0	3.878270E+5
1.352000E-2	0.000000E+0	3.888260E+5
1.354000E-2	0.000000E+0	3.881470E+5
1.356000E-2	0.000000E+0	3.881580E+5
1.358000E-2	0.000000E+0	3.876860E+5
1.360000E-2	0.000000E+0	3.872950E+5
1.362000E-2	0.000000E+0	3.880310E+5
1.364000E-2	0.000000E+0	3.866130E+5
1.366000E-2	0.000000E+0	3.878280E+5
1.368000E-2	0.000000E+0	3.882830E+5
1.370000E-2	0.000000E+0	3.884050E+5
1.372000E-2	0.000000E+0	3.872640E+5
1.374000E-2	0.000000E+0	3.878000E+5
1.376000E-2	0.000000E+0	3.872010E+5
1.378000E-2	0.000000E+0	3.871980E+5
1.380000E-2	0.000000E+0	3.882030E+5
1.382000E-2	0.000000E+0	3.870720E+5
1.384000E-2	0.000000E+0	3.870270E+5
1.386000E-2	0.000000E+0	3.880300E+5
1.388000E-2	0.000000E+0	3.878640E+5
1.390000E-2	0.000000E+0	3.882340E+5
1.392000E-2	0.000000E+0	3.888660E+5
1.394000E-2	0.000000E+0	3.878560E+5
1.396000E-2	0.000000E+0	3.879030E+5
1.398000E-2	0.000000E+0	3.886260E+5
1.400000E-2	0.000000E+0	3.883810E+5
1.402000E-2	0.000000E+0	3.873470E+5
1.404000E-2	0.000000E+0	3.890070E+5
1.406000E-2	0.000000E+0	3.872600E+5
1.408000E-2	0.000000E+0	3.872900E+5
1.410000E-2	0.000000E+0	3.875790E+5
1.412000E-2	0.000000E+0	3.879320E+5
1.414000E-2	0.000000E+0	3.875210E+5
1.416000E-2	0.000000E+0	3.872180E+5
1.418000E-2	0.000000E+0	3.875630E+5
1.420000E-2	0.000000E+0	3.878120E+5
1.422000E-2	0.000000E+0	3.878620E+5
1.424000E-2	0.000000E+0	3.866710E+5
1.426000E-2	0.000000E+0	3.863940E+5
1.428000E-2	0.000000E+0	3.872940E+5
1.430000E-2	0.000000E+0	3.874100E+5
1.432000E-2	0.000000E+0	3.878900E+5
1.434000E-2	0.000000E+0	3.871630E+5
1.436000E-2	0.000000E+0	3.881420E+5
1.438000E-2	0.000000E+0	3.879480E+5
1.440000E-2	0.000000E+0	3.890070E+5
1.442000E-2	0.000000E+0	3.876980E+5
1.444000E-2	0.000000E+0	3.865980E+5
1.446000E-2	0.000000E+0	3.883010E+5
1.448000E-2	0.000000E+0	3.879490E+5
1.450000E-2	0.000000E+0	3.877640E+5
1.452000E-2	0.000000E+0	3.881080E+5
1.454000E-2	0.000000E+0	3.874630E+5
1.456000E-2	0.000000E+0	3.884530E+5
1.458000E-2	0.000000E+0	3.867750E+5
1.460000E-2	0.000000E+0	3.886760E+5
1.462000E-2	0.000000E+0	3.864140E+5
1.464000E-2	0.000000E+0	3.884900E+5
1.466000E-2	0.000000E+0	3.875180E+5
1.468000E-2	0.000000E+0	3.885000E+5
1.470000E-2	0.000000E+0	3.874090E+5
1.472000E-2	0.000000E+0	3.871340E+5
1.474000E-2	0.000000E+0	3.875910E+5
1.476000E-2	0.000000E+0	3.887860E+5
1.478000E-2	0.000000E+0	3.884770E+5
1.480000E-2	0.000000E+0	3.870920E+5
1.482000E-2	0.000000E+0	3.868440E+5
1.484000E-2	0.000000E+0	3.885840E+5
1.486000E-2	0.000000E+0	3.871580E+5
1.488000E-2	0.000000E+0	3.869690E+5
1.490000E-2	0.000000E+0	3.863640E+5
1.492000E-2	0.000000E+0	3.857830E+5
1.494000E-2	0.000000E+0	3.836220E+5
1.496000E-2	0.000000E+0	3.831770E+5
1.498000E-2	0.000000E+0	3.832510E+5
1.500000E-2	0.000000E+0	3.821730E+5
1.502000E-2	0.000000E+0	3.816860E+5
1.504000E-2	0.000000E+0	3.803940E+5
1.506000E-2	0.000000E+0	3.805880E+5
1.508000E-2	0.000000E+0	3.794360E+5
1.510000E-2	0.000000E+0	3.779950E+5
1.512000E-2	0.000000E+0	3.775790E+5
1.514000E-2	0.000000E+0	3.773560E+5
1.516000E-2	0.000000E+0	3.776350E+5
1.518000E-2	0.000000E+0	3.785920E+5
1.520000E-2	0.000000E+0	3.800350E+5
1.522000E-2	0.000000E+0	3.815700E+5
1.524000E-2	0.000000E+0	3.836870E+5
1.526000E-2	0.000000E+0	3.835460E+5
1.528000E-2	0.000000E+0	3.855920E+5
1.530000E-2	0.000000E+0	3.845250E+5
1.532000E-2	0.000000E+0	3.857800E+5
1.534000E-2	0.000000E+0	3.868440E+5
1.536000E-2	0.000000E+0	3.863330E+5
1.538000E-2	0.000000E+0	3.877370E+5
1.540000E-2	0.000000E+0	3.869160E+5
1.542000E-2	0.000000E+0	3.870840E+5
1.544000E-2	0.000000E+0	3.864950E+5
1.546000E-2	0.000000E+0	3.869690E+5
1.548000E-2	0.000000E+0	3.867760E+5
1.550000E-2	0.000000E+0	3.863180E+5
1.552000E-2	0.000000E+0	3.872670E+5
1.554000E-2	0.000000E+0	3.861800E+5
1.556000E-2	0.000000E+0	3.844430E+5
1.558000E-2	0.000000E+0	3.833620E+5
1.560000E-2	0.000000E+0	3.839530E+5
1.562000E-2	0.000000E+0	3.826570E+5
1.564000E-2	0.000000E+0	3.818570E+5
1.566000E-2	0.000000E+0	3.813140E+5
1.568000E-2	0.000000E+0	3.806110E+5
1.570000E-2	0.000000E+0	3.802000E+5
1.572000E-2	0.000000E+0	3.790430E+5
1.574000E-2	0.000000E+0	3.784350E+5
1.576000E-2	0.000000E+0	3.784280E+5
1.578000E-2	0.000000E+0	3.758870E+5
1.580000E-2	0.000000E+0	3.776270E+5
1.582000E-2	0.000000E+0	3.782010E+5
1.584000E-2	0.000000E+0	3.793980E+5
1.586000E-2	0.000000E+0	3.807580E+5
1.588000E-2	0.000000E+0	3.824910E+5
1.590000E-2	0.000000E+0	3.831000E+5
1.592000E-2	0.000000E+0	3.839580E+5
1.594000E-2	0.000000E+0	3.841550E+5
1.596000E-2	0.000000E+0	3.856250E+5
1.598000E-2	0.000000E+0	3.869660E+5
1.600000E-2	0.000000E+0	3.883050E+5
1.602000E-2	0.000000E+0	3.870760E+5
1.604000E-2	0.000000E+0	3.868920E+5
1.606000E-2	0.000000E+0	3.869130E+5
1.608000E-2	0.000000E+0	3.870420E+5
1.610000E-2	0.000000E+0	3.880970E+5
1.612000E-2	0.000000E+0	3.878570E+5
1.614000E-2	0.000000E+0	3.878900E+5
1.616000E-2	0.000000E+0	3.886590E+5
1.618000E-2	0.000000E+0	3.874660E+5
1.620000E-2	0.000000E+0	3.874630E+5
1.622000E-2	0.000000E+0	3.873510E+5
1.624000E-2	0.000000E+0	3.874620E+5
1.626000E-2	0.000000E+0	3.874120E+5
1.628000E-2	0.000000E+0	3.890510E+5
1.630000E-2	0.000000E+0	3.875880E+5
1.632000E-2	0.000000E+0	3.884180E+5
1.634000E-2	0.000000E+0	3.881970E+5
1.636000E-2	0.000000E+0	3.886510E+5
1.638000E-2	0.000000E+0	3.879920E+5
1.640000E-2	0.000000E+0	3.879040E+5
1.642000E-2	0.000000E+0	3.876850E+5
1.644000E-2	0.000000E+0	3.872610E+5
1.646000E-2	0.000000E+0	3.878550E+5
1.648000E-2	0.000000E+0	3.866860E+5
1.650000E-2	0.000000E+0	3.877360E+5
1.652000E-2	0.000000E+0	3.885460E+5
1.654000E-2	0.000000E+0	3.873920E+5
1.656000E-2	0.000000E+0	3.873410E+5
1.658000E-2	0.000000E+0	3.879890E+5
1.660000E-2	0.000000E+0	3.880820E+5
1.662000E-2	0.000000E+0	3.873720E+5
1.664000E-2	0.000000E+0	3.878190E+5
1.666000E-2	0.000000E+0	3.878690E+5
1.668000E-2	0.000000E+0	3.870800E+5
1.670000E-2	0.000000E+0	3.873470E+5
1.672000E-2	0.000000E+0	3.879930E+5
1.674000E-2	0.000000E+0	3.871610E+5
1.676000E-2	0.000000E+0	3.867630E+5
1.678000E-2	0.000000E+0	3.865080E+5
1.680000E-2	0.000000E+0	3.877590E+5
1.682000E-2	0.000000E+0	3.873140E+5
1.684000E-2	0.000000E+0	3.880740E+5
1.686000E-2	0.000000E+0	3.888400E+5
1.688000E-2	0.000000E+0	3.879370E+5
1.690000E-2	0.000000E+0	3.875990E+5
1.692000E-2	0.000000E+0	3.879460E+5
1.694000E-2	0.000000E+0	3.876630E+5
1.696000E-2	0.000000E+0	3.866200E+5
1.698000E-2	0.000000E+0	3.869570E+5
1.700000E-2	0.000000E+0	3.880510E+5
1.702000E-2	0.000000E+0	3.880910E+5
1.704000E-2	0.000000E+0	3.879580E+5
1.706000E-2	0.000000E+0	3.892570E+5
1.708000E-2	0.000000E+0	3.877120E+5
1.710000E-2	0.000000E+0	3.881150E+5
1.712000E-2	0.000000E+0	3.876290E+5
1.714000E-2	0.000000E+0	3.874660E+5
1.716000E-2	0.000000E+0	3.882000E+5
1.718000E-2	0.000000E+0	3.877050E+5
1.720000E-2	0.000000E+0	3.883350E+5
1.722000E-2	0.000000E+0	3.885320E+5
1.724000E-2	0.000000E+0	3.874250E+5
1.726000E-2	0.000000E+0	3.872450E+5
1.728000E-2	0.000000E+0	3.876760E+5
1.730000E-2	0.000000E+0	3.874190E+5
1.732000E-2	0.000000E+0	3.869030E+5
1.734000E-2	0.000000E+0	3.878320E+5
1.736000E-2	0.000000E+0	3.888270E+5
1.738000E-2	0.000000E+0	3.887570E+5
1.740000E-2	0.000000E+0	3.881200E+5
1.742000E-2	0.000000E+0	3.866440E+5
1.744000E-2	0.000000E+0	3.879560E+5
1.746000E-2	0.000000E+0	3.882430E+5
1.748000E-2	0.000000E+0	3.877030E+5
1.750000E-2	0.000000E+0	3.880700E+5
1.752000E-2	0.000000E+0	3.884140E+5
1.754000E-2	0.000000E+0	3.870830E+5
1.756000E-2	0.000000E+0	3.871770E+5
1.758000E-2	0.000000E+0	3.884130E+5
1.760000E-2	0.000000E+0	3.876400E+5
1.762000E-2	0.000000E+0	3.881720E+5
1.764000E-2	0.000000E+0	3.886390E+5
1.766000E-2	0.000000E+0	3.880680E+5
1.768000E-2	0.000000E+0	3.882700E+5
1.770000E-2	0.000000E+0	3.879990E+5
1.772000E-2	0.000000E+0	3.890630E+5
1.774000E-2	0.000000E+0	3.879380E+5
1.776000E-2	0.000000E+0	3.871010E+5
1.778000E-2	0.000000E+0	3.882180E+5
1.780000E-2	0.000000E+0	3.871900E+5
1.782000E-2	0.000000E+0	3.877690E+5
1.784000E-2	0.000000E+0	3.872220E+5
1.786000E-2	0.000000E+0	3.877080E+5
1.788000E-2	0.000000E+0	3.874450E+5
1.790000E-2	0.000000E+0	3.883100E+5
1.792000E-2	0.000000E+0	3.872880E+5
1.794000E-2	0.000000E+0	3.879650E+5
1.796000E-2	0.000000E+0	3.885040E+5
1.798000E-2	0.000000E+0	3.888250E+5
1.800000E-2	0.000000E+0	3.870490E+5
1.802000E-2	0.000000E+0	3.875320E+5
1.804000E-2	0.000000E+0	3.868800E+5
1.806000E-2	0.000000E+0	3.875600E+5
1.808000E-2	0.000000E+0	3.876900E+5
1.810000E-2	0.000000E+0	3.882530E+5
1.812000E-2	0.000000E+0	3.883640E+5
1.814000E-2	0.000000E+0	3.886660E+5
1.816000E-2	0.000000E+0	3.888030E+5
1.818000E-2	0.000000E+0	3.876210E+5
1.820000E-2	0.000000E+0	3.889260E+5
1.822000E-2	0.000000E+0	3.873140E+5
1.824000E-2	0.000000E+0	3.878710E+5
1.826000E-2	0.000000E+0	3.884350E+5
1.828000E-2	0.000000E+0	3.876800E+5
1.830000E-2	0.000000E+0	3.869970E+5
1.832000E-2	0.000000E+0	3.879830E+5
1.834000E-2	0.000000E+0	3.872110E+5
1.836000E-2	0.000000E+0	3.887380E+5
1.838000E-2	0.000000E+0	3.876580E+5
1.840000E-2	0.000000E+0	3.876550E+5
1.842000E-2	0.000000E+0	3.872740E+5
1.844000E-2	0.000000E+0	3.874080E+5
1.846000E-2	0.000000E+0	3.866590E+5
1.848000E-2	0.000000E+0	3.887370E+5
1.850000E-2	0.000000E+0	3.882980E+5
1.852000E-2	0.000000E+0	3.886190E+5
1.854000E-2	0.000000E+0	3.894360E+5
1.856000E-2	0.000000E+0	3.872440E+5
1.858000E-2	0.000000E+0	3.876660E+5
1.860000E-2	0.000000E+0	3.880210E+5
1.862000E-2	0.000000E+0	3.875210E+5
1.864000E-2	0.000000E+0	3.870230E+5
1.866000E-2	0.000000E+0	3.880490E+5
1.868000E-2	0.000000E+0	3.870520E+5
1.870000E-2	0.000000E+0	3.880240E+5
1.872000E-2	0.000000E+0	3.884430E+5
1.874000E-2	0.000000E+0	3.862210E+5
1.876000E-2	0.000000E+0	3.875340E+5
1.878000E-2	0.000000E+0	3.875130E+5
1.880000E-2	0.000000E+0	3.873570E+5
1.882000E-2	0.000000E+0	3.876010E+5
1.884000E-2	0.000000E+0	3.881750E+5
1.886000E-2	0.000000E+0	3.881430E+5
1.888000E-2	0.000000E+0	3.868630E+5
1.890000E-2	0.000000E+0	3.872460E+5
1.892000E-2	0.000000E+0	3.886600E+5
1.894000E-2	0.000000E+0	3.880090E+5
1.896000E-2	0.000000E+0	3.878590E+5
1.898000E-2	0.000000E+0	3.880610E+5
1.900000E-2	0.000000E+0	3.870260E+5
1.902000E-2	0.000000E+0	3.874590E+5
1.904000E-2	0.000000E+0	3.883160E+5
1.906000E-2	0.000000E+0	3.880550E+5
1.908000E-2	0.000000E+0	3.878180E+5
1.910000E-2	0.000000E+0	3.866720E+5
1.912000E-2	0.000000E+0	3.870750E+5
1.914000E-2	0.000000E+0	3.877610E+5
1.916000E-2	0.000000E+0	3.867660E+5
1.918000E-2	0.000000E+0	3.870750E+5
1.920000E-2	0.000000E+0	3.882400E+5
1.922000E-2	0.000000E+0	3.876010E+5
1.924000E-2	0.000000E+0	3.876030E+5
1.926000E-2	0.000000E+0	3.886710E+5
1.928000E-2	0.000000E+0	3.886150E+5
1.930000E-2	0.000000E+0	3.876340E+5
1.932000E-2	0.000000E+0	3.873500E+5
1.934000E-2	0.000000E+0	3.879870E+5
1.936000E-2	0.000000E+0	3.872570E+5
1.938000E-2	0.000000E+0	3.881210E+5
1.940000E-2	0.000000E+0	3.869250E+5
1.942000E-2	0.000000E+0	3.893130E+5
1.944000E-2	0.000000E+0	3.885160E+5
1.946000E-2	0.000000E+0	3.870830E+5
1.948000E-2	0.000000E+0	3.882300E+5
1.950000E-2	0.000000E+0	3.877520E+5
1.952000E-2	0.000000E+0	3.886980E+5
1.954000E-2	0.000000E+0	3.880810E+5
1.956000E-2	0.000000E+0	3.883410E+5
1.958000E-2	0.000000E+0	3.878150E+5
1.960000E-2	0.000000E+0	3.881640E+5
1.962000E-2	0.000000E+0	3.871040E+5
1.964000E-2	0.000000E+0	3.884430E+5
1.966000E-2	0.000000E+0	3.882120E+5
1.968000E-2	0.000000E+0	3.877810E+5
1.970000E-2	0.000000E+0	3.876230E+5
1.972000E-2	0.000000E+0	3.881070E+5
1.974000E-2	0.000000E+0	3.880900E+5
1.976000E-2	0.000000E+0	3.867200E+5
1.978000E-2	0.000000E+0	3.876000E+5
1.980000E-2	0.000000E+0	3.883720E+5
1.982000E-2	0.000000E+0	3.875090E+5
1.984000E-2	0.000000E+0	3.880510E+5
1.986000E-2	0.000000E+0	3.872790E+5
1.988000E-2	0.000000E+0	3.866570E+5
1.990000E-2	0.000000E+0	3.880410E+5
1.992000E-2	0.000000E+0	3.871830E+5
1.994000E-2	0.000000E+0	3.889970E+5
1.996000E-2	0.000000E+0	3.870110E+5
1.998000E-2	0.000000E+0	3.881720E+5
