

live time:  295345.260000
real time:  414003.784000
sweeps:  14767263.000000
0.000000E+0	0.000000E+0	0.000000E+0
2.000000E-5	0.000000E+0	6.458370E+5
4.000000E-5	0.000000E+0	6.464770E+5
6.000000E-5	0.000000E+0	6.457330E+5
8.000000E-5	0.000000E+0	6.476760E+5
1.000000E-4	0.000000E+0	6.453710E+5
1.200000E-4	0.000000E+0	6.467100E+5
1.400000E-4	0.000000E+0	6.462300E+5
1.600000E-4	0.000000E+0	6.475890E+5
1.800000E-4	0.000000E+0	6.465330E+5
2.000000E-4	0.000000E+0	6.461170E+5
2.200000E-4	0.000000E+0	6.466680E+5
2.400000E-4	0.000000E+0	6.451340E+5
2.600000E-4	0.000000E+0	6.455480E+5
2.800000E-4	0.000000E+0	6.455490E+5
3.000000E-4	0.000000E+0	6.477950E+5
3.200000E-4	0.000000E+0	6.460650E+5
3.400000E-4	0.000000E+0	6.453190E+5
3.600000E-4	0.000000E+0	6.464810E+5
3.800000E-4	0.000000E+0	6.449280E+5
4.000000E-4	0.000000E+0	6.452120E+5
4.200000E-4	0.000000E+0	6.465420E+5
4.400000E-4	0.000000E+0	6.461540E+5
4.600000E-4	0.000000E+0	6.473310E+5
4.800000E-4	0.000000E+0	6.452280E+5
5.000000E-4	0.000000E+0	6.459290E+5
5.200000E-4	0.000000E+0	6.468020E+5
5.400000E-4	0.000000E+0	6.453420E+5
5.600000E-4	0.000000E+0	6.452840E+5
5.800000E-4	0.000000E+0	6.465800E+5
6.000000E-4	0.000000E+0	6.470190E+5
6.200000E-4	0.000000E+0	6.453900E+5
6.400000E-4	0.000000E+0	6.465930E+5
6.600000E-4	0.000000E+0	6.451520E+5
6.800000E-4	0.000000E+0	6.448670E+5
7.000000E-4	0.000000E+0	6.464790E+5
7.200000E-4	0.000000E+0	6.466620E+5
7.400000E-4	0.000000E+0	6.458100E+5
7.600000E-4	0.000000E+0	6.457930E+5
7.800000E-4	0.000000E+0	6.449630E+5
8.000000E-4	0.000000E+0	6.462650E+5
8.200000E-4	0.000000E+0	6.449960E+5
8.400000E-4	0.000000E+0	6.454500E+5
8.600000E-4	0.000000E+0	6.464400E+5
8.800000E-4	0.000000E+0	6.441900E+5
9.000000E-4	0.000000E+0	6.473160E+5
9.200000E-4	0.000000E+0	6.452500E+5
9.400000E-4	0.000000E+0	6.463530E+5
9.600000E-4	0.000000E+0	6.447810E+5
9.800000E-4	0.000000E+0	6.467660E+5
1.000000E-3	0.000000E+0	6.461290E+5
1.020000E-3	0.000000E+0	6.459430E+5
1.040000E-3	0.000000E+0	6.454160E+5
1.060000E-3	0.000000E+0	6.461310E+5
1.080000E-3	0.000000E+0	6.458510E+5
1.100000E-3	0.000000E+0	6.459980E+5
1.120000E-3	0.000000E+0	6.464180E+5
1.140000E-3	0.000000E+0	6.447790E+5
1.160000E-3	0.000000E+0	6.456930E+5
1.180000E-3	0.000000E+0	6.451140E+5
1.200000E-3	0.000000E+0	6.469210E+5
1.220000E-3	0.000000E+0	6.464100E+5
1.240000E-3	0.000000E+0	6.462620E+5
1.260000E-3	0.000000E+0	6.462450E+5
1.280000E-3	0.000000E+0	6.462070E+5
1.300000E-3	0.000000E+0	6.446020E+5
1.320000E-3	0.000000E+0	6.473680E+5
1.340000E-3	0.000000E+0	6.454460E+5
1.360000E-3	0.000000E+0	6.450830E+5
1.380000E-3	0.000000E+0	6.470960E+5
1.400000E-3	0.000000E+0	6.463870E+5
1.420000E-3	0.000000E+0	6.461390E+5
1.440000E-3	0.000000E+0	6.456080E+5
1.460000E-3	0.000000E+0	6.445190E+5
1.480000E-3	0.000000E+0	6.461800E+5
1.500000E-3	0.000000E+0	6.458150E+5
1.520000E-3	0.000000E+0	6.447710E+5
1.540000E-3	0.000000E+0	6.463900E+5
1.560000E-3	0.000000E+0	6.455410E+5
1.580000E-3	0.000000E+0	6.469920E+5
1.600000E-3	0.000000E+0	6.451230E+5
1.620000E-3	0.000000E+0	6.451200E+5
1.640000E-3	0.000000E+0	6.450420E+5
1.660000E-3	0.000000E+0	6.459480E+5
1.680000E-3	0.000000E+0	6.467550E+5
1.700000E-3	0.000000E+0	6.447230E+5
1.720000E-3	0.000000E+0	6.464440E+5
1.740000E-3	0.000000E+0	6.472240E+5
1.760000E-3	0.000000E+0	6.451440E+5
1.780000E-3	0.000000E+0	6.473680E+5
1.800000E-3	0.000000E+0	6.465400E+5
1.820000E-3	0.000000E+0	6.450800E+5
1.840000E-3	0.000000E+0	6.447850E+5
1.860000E-3	0.000000E+0	6.458360E+5
1.880000E-3	0.000000E+0	6.459730E+5
1.900000E-3	0.000000E+0	6.451820E+5
1.920000E-3	0.000000E+0	6.456910E+5
1.940000E-3	0.000000E+0	6.455180E+5
1.960000E-3	0.000000E+0	6.463760E+5
1.980000E-3	0.000000E+0	6.468270E+5
2.000000E-3	0.000000E+0	6.450110E+5
2.020000E-3	0.000000E+0	6.455540E+5
2.040000E-3	0.000000E+0	6.453540E+5
2.060000E-3	0.000000E+0	6.470780E+5
2.080000E-3	0.000000E+0	6.475530E+5
2.100000E-3	0.000000E+0	6.465900E+5
2.120000E-3	0.000000E+0	6.461610E+5
2.140000E-3	0.000000E+0	6.444790E+5
2.160000E-3	0.000000E+0	6.453460E+5
2.180000E-3	0.000000E+0	6.456910E+5
2.200000E-3	0.000000E+0	6.467230E+5
2.220000E-3	0.000000E+0	6.470160E+5
2.240000E-3	0.000000E+0	6.457500E+5
2.260000E-3	0.000000E+0	6.460190E+5
2.280000E-3	0.000000E+0	6.459580E+5
2.300000E-3	0.000000E+0	6.472310E+5
2.320000E-3	0.000000E+0	6.458040E+5
2.340000E-3	0.000000E+0	6.459240E+5
2.360000E-3	0.000000E+0	6.462050E+5
2.380000E-3	0.000000E+0	6.478610E+5
2.400000E-3	0.000000E+0	6.439200E+5
2.420000E-3	0.000000E+0	6.453670E+5
2.440000E-3	0.000000E+0	6.454750E+5
2.460000E-3	0.000000E+0	6.462890E+5
2.480000E-3	0.000000E+0	6.476680E+5
2.500000E-3	0.000000E+0	6.456450E+5
2.520000E-3	0.000000E+0	6.457500E+5
2.540000E-3	0.000000E+0	6.449870E+5
2.560000E-3	0.000000E+0	6.462900E+5
2.580000E-3	0.000000E+0	6.451780E+5
2.600000E-3	0.000000E+0	6.472170E+5
2.620000E-3	0.000000E+0	6.462280E+5
2.640000E-3	0.000000E+0	6.439680E+5
2.660000E-3	0.000000E+0	6.476020E+5
2.680000E-3	0.000000E+0	6.459150E+5
2.700000E-3	0.000000E+0	6.467110E+5
2.720000E-3	0.000000E+0	6.443380E+5
2.740000E-3	0.000000E+0	6.454110E+5
2.760000E-3	0.000000E+0	6.455380E+5
2.780000E-3	0.000000E+0	6.460480E+5
2.800000E-3	0.000000E+0	6.464660E+5
2.820000E-3	0.000000E+0	6.448860E+5
2.840000E-3	0.000000E+0	6.450570E+5
2.860000E-3	0.000000E+0	6.463770E+5
2.880000E-3	0.000000E+0	6.459350E+5
2.900000E-3	0.000000E+0	6.453660E+5
2.920000E-3	0.000000E+0	6.447980E+5
2.940000E-3	0.000000E+0	6.462700E+5
2.960000E-3	0.000000E+0	6.461220E+5
2.980000E-3	0.000000E+0	6.458080E+5
3.000000E-3	0.000000E+0	6.456000E+5
3.020000E-3	0.000000E+0	6.458740E+5
3.040000E-3	0.000000E+0	6.466240E+5
3.060000E-3	0.000000E+0	6.476690E+5
3.080000E-3	0.000000E+0	6.453890E+5
3.100000E-3	0.000000E+0	6.456500E+5
3.120000E-3	0.000000E+0	6.464700E+5
3.140000E-3	0.000000E+0	6.466340E+5
3.160000E-3	0.000000E+0	6.449380E+5
3.180000E-3	0.000000E+0	6.462860E+5
3.200000E-3	0.000000E+0	6.458270E+5
3.220000E-3	0.000000E+0	6.464860E+5
3.240000E-3	0.000000E+0	6.468980E+5
3.260000E-3	0.000000E+0	6.463240E+5
3.280000E-3	0.000000E+0	6.458460E+5
3.300000E-3	0.000000E+0	6.455370E+5
3.320000E-3	0.000000E+0	6.463020E+5
3.340000E-3	0.000000E+0	6.448850E+5
3.360000E-3	0.000000E+0	6.460160E+5
3.380000E-3	0.000000E+0	6.440440E+5
3.400000E-3	0.000000E+0	6.456070E+5
3.420000E-3	0.000000E+0	6.475320E+5
3.440000E-3	0.000000E+0	6.454740E+5
3.460000E-3	0.000000E+0	6.464730E+5
3.480000E-3	0.000000E+0	6.450760E+5
3.500000E-3	0.000000E+0	6.462240E+5
3.520000E-3	0.000000E+0	6.450810E+5
3.540000E-3	0.000000E+0	6.457170E+5
3.560000E-3	0.000000E+0	6.454900E+5
3.580000E-3	0.000000E+0	6.454900E+5
3.600000E-3	0.000000E+0	6.454500E+5
3.620000E-3	0.000000E+0	6.432590E+5
3.640000E-3	0.000000E+0	6.471750E+5
3.660000E-3	0.000000E+0	6.454470E+5
3.680000E-3	0.000000E+0	6.459300E+5
3.700000E-3	0.000000E+0	6.452380E+5
3.720000E-3	0.000000E+0	6.452650E+5
3.740000E-3	0.000000E+0	6.457480E+5
3.760000E-3	0.000000E+0	6.454760E+5
3.780000E-3	0.000000E+0	6.450170E+5
3.800000E-3	0.000000E+0	6.446710E+5
3.820000E-3	0.000000E+0	6.451080E+5
3.840000E-3	0.000000E+0	6.458640E+5
3.860000E-3	0.000000E+0	6.456250E+5
3.880000E-3	0.000000E+0	6.447090E+5
3.900000E-3	0.000000E+0	6.456570E+5
3.920000E-3	0.000000E+0	6.474040E+5
3.940000E-3	0.000000E+0	6.461930E+5
3.960000E-3	0.000000E+0	6.463500E+5
3.980000E-3	0.000000E+0	6.458070E+5
4.000000E-3	0.000000E+0	6.453650E+5
4.020000E-3	0.000000E+0	6.467460E+5
4.040000E-3	0.000000E+0	6.458680E+5
4.060000E-3	0.000000E+0	6.464920E+5
4.080000E-3	0.000000E+0	6.456800E+5
4.100000E-3	0.000000E+0	6.463190E+5
4.120000E-3	0.000000E+0	6.456470E+5
4.140000E-3	0.000000E+0	6.452610E+5
4.160000E-3	0.000000E+0	6.457980E+5
4.180000E-3	0.000000E+0	6.449650E+5
4.200000E-3	0.000000E+0	6.455140E+5
4.220000E-3	0.000000E+0	6.456280E+5
4.240000E-3	0.000000E+0	6.449460E+5
4.260000E-3	0.000000E+0	6.452540E+5
4.280000E-3	0.000000E+0	6.459560E+5
4.300000E-3	0.000000E+0	6.458350E+5
4.320000E-3	0.000000E+0	6.452620E+5
4.340000E-3	0.000000E+0	6.454170E+5
4.360000E-3	0.000000E+0	6.454840E+5
4.380000E-3	0.000000E+0	6.453550E+5
4.400000E-3	0.000000E+0	6.462350E+5
4.420000E-3	0.000000E+0	6.457910E+5
4.440000E-3	0.000000E+0	6.452710E+5
4.460000E-3	0.000000E+0	6.461920E+5
4.480000E-3	0.000000E+0	6.445360E+5
4.500000E-3	0.000000E+0	6.454620E+5
4.520000E-3	0.000000E+0	6.450410E+5
4.540000E-3	0.000000E+0	6.444360E+5
4.560000E-3	0.000000E+0	6.455130E+5
4.580000E-3	0.000000E+0	6.456690E+5
4.600000E-3	0.000000E+0	6.459970E+5
4.620000E-3	0.000000E+0	6.448910E+5
4.640000E-3	0.000000E+0	6.455880E+5
4.660000E-3	0.000000E+0	6.455440E+5
4.680000E-3	0.000000E+0	6.450290E+5
4.700000E-3	0.000000E+0	6.452730E+5
4.720000E-3	0.000000E+0	6.450200E+5
4.740000E-3	0.000000E+0	6.443930E+5
4.760000E-3	0.000000E+0	6.461050E+5
4.780000E-3	0.000000E+0	6.438830E+5
4.800000E-3	0.000000E+0	6.446150E+5
4.820000E-3	0.000000E+0	6.437660E+5
4.840000E-3	0.000000E+0	6.440570E+5
4.860000E-3	0.000000E+0	6.412420E+5
4.880000E-3	0.000000E+0	6.401430E+5
4.900000E-3	0.000000E+0	6.396320E+5
4.920000E-3	0.000000E+0	6.366100E+5
4.940000E-3	0.000000E+0	6.357980E+5
4.960000E-3	0.000000E+0	6.347620E+5
4.980000E-3	0.000000E+0	6.356720E+5
5.000000E-3	0.000000E+0	6.335520E+5
5.020000E-3	0.000000E+0	6.314760E+5
5.040000E-3	0.000000E+0	6.286810E+5
5.060000E-3	0.000000E+0	6.268540E+5
5.080000E-3	0.000000E+0	6.294160E+5
5.100000E-3	0.000000E+0	6.290410E+5
5.120000E-3	0.000000E+0	6.285660E+5
5.140000E-3	0.000000E+0	6.301310E+5
5.160000E-3	0.000000E+0	6.329510E+5
5.180000E-3	0.000000E+0	6.348430E+5
5.200000E-3	0.000000E+0	6.360790E+5
5.220000E-3	0.000000E+0	6.382190E+5
5.240000E-3	0.000000E+0	6.373560E+5
5.260000E-3	0.000000E+0	6.420670E+5
5.280000E-3	0.000000E+0	6.392520E+5
5.300000E-3	0.000000E+0	6.416780E+5
5.320000E-3	0.000000E+0	6.436380E+5
5.340000E-3	0.000000E+0	6.438030E+5
5.360000E-3	0.000000E+0	6.448230E+5
5.380000E-3	0.000000E+0	6.434090E+5
5.400000E-3	0.000000E+0	6.456070E+5
5.420000E-3	0.000000E+0	6.443730E+5
5.440000E-3	0.000000E+0	6.444630E+5
5.460000E-3	0.000000E+0	6.427100E+5
5.480000E-3	0.000000E+0	6.427390E+5
5.500000E-3	0.000000E+0	6.432010E+5
5.520000E-3	0.000000E+0	6.407390E+5
5.540000E-3	0.000000E+0	6.400820E+5
5.560000E-3	0.000000E+0	6.366850E+5
5.580000E-3	0.000000E+0	6.358850E+5
5.600000E-3	0.000000E+0	6.344790E+5
5.620000E-3	0.000000E+0	6.351960E+5
5.640000E-3	0.000000E+0	6.353140E+5
5.660000E-3	0.000000E+0	6.322130E+5
5.680000E-3	0.000000E+0	6.315260E+5
5.700000E-3	0.000000E+0	6.280770E+5
5.720000E-3	0.000000E+0	6.280910E+5
5.740000E-3	0.000000E+0	6.301450E+5
5.760000E-3	0.000000E+0	6.306000E+5
5.780000E-3	0.000000E+0	6.312970E+5
5.800000E-3	0.000000E+0	6.338530E+5
5.820000E-3	0.000000E+0	6.361820E+5
5.840000E-3	0.000000E+0	6.371120E+5
5.860000E-3	0.000000E+0	6.371350E+5
5.880000E-3	0.000000E+0	6.395790E+5
5.900000E-3	0.000000E+0	6.416950E+5
5.920000E-3	0.000000E+0	6.436270E+5
5.940000E-3	0.000000E+0	6.429720E+5
5.960000E-3	0.000000E+0	6.438180E+5
5.980000E-3	0.000000E+0	6.452690E+5
6.000000E-3	0.000000E+0	6.444510E+5
6.020000E-3	0.000000E+0	6.443460E+5
6.040000E-3	0.000000E+0	6.450990E+5
6.060000E-3	0.000000E+0	6.451650E+5
6.080000E-3	0.000000E+0	6.452590E+5
6.100000E-3	0.000000E+0	6.437210E+5
6.120000E-3	0.000000E+0	6.455040E+5
6.140000E-3	0.000000E+0	6.451780E+5
6.160000E-3	0.000000E+0	6.446500E+5
6.180000E-3	0.000000E+0	6.457880E+5
6.200000E-3	0.000000E+0	6.454740E+5
6.220000E-3	0.000000E+0	6.456990E+5
6.240000E-3	0.000000E+0	6.447310E+5
6.260000E-3	0.000000E+0	6.464850E+5
6.280000E-3	0.000000E+0	6.466220E+5
6.300000E-3	0.000000E+0	6.462430E+5
6.320000E-3	0.000000E+0	6.460950E+5
6.340000E-3	0.000000E+0	6.454930E+5
6.360000E-3	0.000000E+0	6.446510E+5
6.380000E-3	0.000000E+0	6.475440E+5
6.400000E-3	0.000000E+0	6.458880E+5
6.420000E-3	0.000000E+0	6.440160E+5
6.440000E-3	0.000000E+0	6.476080E+5
6.460000E-3	0.000000E+0	6.444450E+5
6.480000E-3	0.000000E+0	6.448130E+5
6.500000E-3	0.000000E+0	6.451800E+5
6.520000E-3	0.000000E+0	6.454010E+5
6.540000E-3	0.000000E+0	6.453760E+5
6.560000E-3	0.000000E+0	6.460710E+5
6.580000E-3	0.000000E+0	6.446240E+5
6.600000E-3	0.000000E+0	6.459910E+5
6.620000E-3	0.000000E+0	6.459180E+5
6.640000E-3	0.000000E+0	6.459040E+5
6.660000E-3	0.000000E+0	6.450420E+5
6.680000E-3	0.000000E+0	6.457190E+5
6.700000E-3	0.000000E+0	6.465240E+5
6.720000E-3	0.000000E+0	6.458860E+5
6.740000E-3	0.000000E+0	6.453740E+5
6.760000E-3	0.000000E+0	6.465950E+5
6.780000E-3	0.000000E+0	6.453410E+5
6.800000E-3	0.000000E+0	6.466830E+5
6.820000E-3	0.000000E+0	6.460090E+5
6.840000E-3	0.000000E+0	6.454940E+5
6.860000E-3	0.000000E+0	6.460310E+5
6.880000E-3	0.000000E+0	6.468120E+5
6.900000E-3	0.000000E+0	6.454380E+5
6.920000E-3	0.000000E+0	6.445260E+5
6.940000E-3	0.000000E+0	6.464260E+5
6.960000E-3	0.000000E+0	6.441210E+5
6.980000E-3	0.000000E+0	6.454840E+5
7.000000E-3	0.000000E+0	6.453360E+5
7.020000E-3	0.000000E+0	6.463730E+5
7.040000E-3	0.000000E+0	6.458350E+5
7.060000E-3	0.000000E+0	6.463340E+5
7.080000E-3	0.000000E+0	6.457420E+5
7.100000E-3	0.000000E+0	6.445690E+5
7.120000E-3	0.000000E+0	6.462470E+5
7.140000E-3	0.000000E+0	6.451680E+5
7.160000E-3	0.000000E+0	6.450680E+5
7.180000E-3	0.000000E+0	6.451600E+5
7.200000E-3	0.000000E+0	6.454260E+5
7.220000E-3	0.000000E+0	6.469800E+5
7.240000E-3	0.000000E+0	6.455660E+5
7.260000E-3	0.000000E+0	6.458600E+5
7.280000E-3	0.000000E+0	6.458010E+5
7.300000E-3	0.000000E+0	6.459030E+5
7.320000E-3	0.000000E+0	6.456540E+5
7.340000E-3	0.000000E+0	6.470870E+5
7.360000E-3	0.000000E+0	6.457510E+5
7.380000E-3	0.000000E+0	6.464240E+5
7.400000E-3	0.000000E+0	6.460780E+5
7.420000E-3	0.000000E+0	6.452880E+5
7.440000E-3	0.000000E+0	6.458770E+5
7.460000E-3	0.000000E+0	6.454370E+5
7.480000E-3	0.000000E+0	6.447360E+5
7.500000E-3	0.000000E+0	6.467840E+5
7.520000E-3	0.000000E+0	6.455830E+5
7.540000E-3	0.000000E+0	6.459490E+5
7.560000E-3	0.000000E+0	6.457700E+5
7.580000E-3	0.000000E+0	6.454370E+5
7.600000E-3	0.000000E+0	6.459330E+5
7.620000E-3	0.000000E+0	6.463430E+5
7.640000E-3	0.000000E+0	6.465890E+5
7.660000E-3	0.000000E+0	6.456410E+5
7.680000E-3	0.000000E+0	6.459130E+5
7.700000E-3	0.000000E+0	6.454190E+5
7.720000E-3	0.000000E+0	6.467950E+5
7.740000E-3	0.000000E+0	6.454050E+5
7.760000E-3	0.000000E+0	6.464680E+5
7.780000E-3	0.000000E+0	6.473720E+5
7.800000E-3	0.000000E+0	6.459730E+5
7.820000E-3	0.000000E+0	6.453600E+5
7.840000E-3	0.000000E+0	6.473190E+5
7.860000E-3	0.000000E+0	6.458340E+5
7.880000E-3	0.000000E+0	6.451470E+5
7.900000E-3	0.000000E+0	6.456600E+5
7.920000E-3	0.000000E+0	6.455580E+5
7.940000E-3	0.000000E+0	6.467200E+5
7.960000E-3	0.000000E+0	6.476810E+5
7.980000E-3	0.000000E+0	6.470350E+5
8.000000E-3	0.000000E+0	6.458510E+5
8.020000E-3	0.000000E+0	6.457680E+5
8.040000E-3	0.000000E+0	6.441080E+5
8.060000E-3	0.000000E+0	6.449780E+5
8.080000E-3	0.000000E+0	6.464200E+5
8.100000E-3	0.000000E+0	6.475360E+5
8.120000E-3	0.000000E+0	6.464590E+5
8.140000E-3	0.000000E+0	6.451220E+5
8.160000E-3	0.000000E+0	6.457360E+5
8.180000E-3	0.000000E+0	6.457330E+5
8.200000E-3	0.000000E+0	6.458220E+5
8.220000E-3	0.000000E+0	6.460670E+5
8.240000E-3	0.000000E+0	6.465500E+5
8.260000E-3	0.000000E+0	6.478350E+5
8.280000E-3	0.000000E+0	6.450860E+5
8.300000E-3	0.000000E+0	6.460990E+5
8.320000E-3	0.000000E+0	6.452940E+5
8.340000E-3	0.000000E+0	6.451260E+5
8.360000E-3	0.000000E+0	6.453700E+5
8.380000E-3	0.000000E+0	6.449030E+5
8.400000E-3	0.000000E+0	6.449130E+5
8.420000E-3	0.000000E+0	6.458930E+5
8.440000E-3	0.000000E+0	6.465880E+5
8.460000E-3	0.000000E+0	6.470530E+5
8.480000E-3	0.000000E+0	6.472150E+5
8.500000E-3	0.000000E+0	6.447870E+5
8.520000E-3	0.000000E+0	6.461850E+5
8.540000E-3	0.000000E+0	6.466440E+5
8.560000E-3	0.000000E+0	6.463460E+5
8.580000E-3	0.000000E+0	6.473110E+5
8.600000E-3	0.000000E+0	6.466090E+5
8.620000E-3	0.000000E+0	6.481560E+5
8.640000E-3	0.000000E+0	6.460170E+5
8.660000E-3	0.000000E+0	6.448370E+5
8.680000E-3	0.000000E+0	6.461780E+5
8.700000E-3	0.000000E+0	6.440890E+5
8.720000E-3	0.000000E+0	6.470940E+5
8.740000E-3	0.000000E+0	6.442880E+5
8.760000E-3	0.000000E+0	6.454040E+5
8.780000E-3	0.000000E+0	6.460660E+5
8.800000E-3	0.000000E+0	6.469970E+5
8.820000E-3	0.000000E+0	6.462540E+5
8.840000E-3	0.000000E+0	6.453260E+5
8.860000E-3	0.000000E+0	6.477920E+5
8.880000E-3	0.000000E+0	6.451730E+5
8.900000E-3	0.000000E+0	6.464700E+5
8.920000E-3	0.000000E+0	6.454950E+5
8.940000E-3	0.000000E+0	6.441460E+5
8.960000E-3	0.000000E+0	6.463680E+5
8.980000E-3	0.000000E+0	6.456680E+5
9.000000E-3	0.000000E+0	6.460440E+5
9.020000E-3	0.000000E+0	6.441210E+5
9.040000E-3	0.000000E+0	6.459900E+5
9.060000E-3	0.000000E+0	6.487050E+5
9.080000E-3	0.000000E+0	6.452270E+5
9.100000E-3	0.000000E+0	6.472440E+5
9.120000E-3	0.000000E+0	6.443660E+5
9.140000E-3	0.000000E+0	6.466080E+5
9.160000E-3	0.000000E+0	6.457600E+5
9.180000E-3	0.000000E+0	6.447000E+5
9.200000E-3	0.000000E+0	6.459530E+5
9.220000E-3	0.000000E+0	6.460520E+5
9.240000E-3	0.000000E+0	6.466120E+5
9.260000E-3	0.000000E+0	6.473920E+5
9.280000E-3	0.000000E+0	6.464510E+5
9.300000E-3	0.000000E+0	6.463220E+5
9.320000E-3	0.000000E+0	6.456260E+5
9.340000E-3	0.000000E+0	6.461010E+5
9.360000E-3	0.000000E+0	6.464450E+5
9.380000E-3	0.000000E+0	6.469960E+5
9.400000E-3	0.000000E+0	6.466360E+5
9.420000E-3	0.000000E+0	6.475990E+5
9.440000E-3	0.000000E+0	6.454350E+5
9.460000E-3	0.000000E+0	6.467520E+5
9.480000E-3	0.000000E+0	6.462090E+5
9.500000E-3	0.000000E+0	6.451920E+5
9.520000E-3	0.000000E+0	6.474870E+5
9.540000E-3	0.000000E+0	6.439140E+5
9.560000E-3	0.000000E+0	6.457580E+5
9.580000E-3	0.000000E+0	6.459550E+5
9.600000E-3	0.000000E+0	6.461280E+5
9.620000E-3	0.000000E+0	6.462050E+5
9.640000E-3	0.000000E+0	6.449150E+5
9.660000E-3	0.000000E+0	6.471060E+5
9.680000E-3	0.000000E+0	6.452030E+5
9.700000E-3	0.000000E+0	6.455770E+5
9.720000E-3	0.000000E+0	6.459580E+5
9.740000E-3	0.000000E+0	6.459510E+5
9.760000E-3	0.000000E+0	6.458360E+5
9.780000E-3	0.000000E+0	6.470540E+5
9.800000E-3	0.000000E+0	6.466880E+5
9.820000E-3	0.000000E+0	6.462880E+5
9.840000E-3	0.000000E+0	6.457440E+5
9.860000E-3	0.000000E+0	6.451190E+5
9.880000E-3	0.000000E+0	6.470760E+5
9.900000E-3	0.000000E+0	6.475850E+5
9.920000E-3	0.000000E+0	6.462210E+5
9.940000E-3	0.000000E+0	6.448530E+5
9.960000E-3	0.000000E+0	6.453090E+5
9.980000E-3	0.000000E+0	6.468970E+5
1.000000E-2	0.000000E+0	6.463190E+5
1.002000E-2	0.000000E+0	6.458800E+5
1.004000E-2	0.000000E+0	6.468120E+5
1.006000E-2	0.000000E+0	6.448720E+5
1.008000E-2	0.000000E+0	6.456160E+5
1.010000E-2	0.000000E+0	6.453900E+5
1.012000E-2	0.000000E+0	6.473000E+5
1.014000E-2	0.000000E+0	6.482190E+5
1.016000E-2	0.000000E+0	6.467460E+5
1.018000E-2	0.000000E+0	6.465700E+5
1.020000E-2	0.000000E+0	6.465820E+5
1.022000E-2	0.000000E+0	6.466060E+5
1.024000E-2	0.000000E+0	6.456470E+5
1.026000E-2	0.000000E+0	6.477710E+5
1.028000E-2	0.000000E+0	6.459480E+5
1.030000E-2	0.000000E+0	6.470030E+5
1.032000E-2	0.000000E+0	6.460590E+5
1.034000E-2	0.000000E+0	6.468020E+5
1.036000E-2	0.000000E+0	6.462790E+5
1.038000E-2	0.000000E+0	6.470260E+5
1.040000E-2	0.000000E+0	6.454060E+5
1.042000E-2	0.000000E+0	6.466300E+5
1.044000E-2	0.000000E+0	6.465410E+5
1.046000E-2	0.000000E+0	6.472860E+5
1.048000E-2	0.000000E+0	6.473960E+5
1.050000E-2	0.000000E+0	6.456980E+5
1.052000E-2	0.000000E+0	6.473560E+5
1.054000E-2	0.000000E+0	6.476350E+5
1.056000E-2	0.000000E+0	6.457560E+5
1.058000E-2	0.000000E+0	6.478510E+5
1.060000E-2	0.000000E+0	6.453810E+5
1.062000E-2	0.000000E+0	6.460880E+5
1.064000E-2	0.000000E+0	6.465870E+5
1.066000E-2	0.000000E+0	6.456310E+5
1.068000E-2	0.000000E+0	6.468370E+5
1.070000E-2	0.000000E+0	6.452340E+5
1.072000E-2	0.000000E+0	6.460140E+5
1.074000E-2	0.000000E+0	6.468900E+5
1.076000E-2	0.000000E+0	6.460020E+5
1.078000E-2	0.000000E+0	6.472630E+5
1.080000E-2	0.000000E+0	6.473740E+5
1.082000E-2	0.000000E+0	6.480400E+5
1.084000E-2	0.000000E+0	6.465420E+5
1.086000E-2	0.000000E+0	6.469650E+5
1.088000E-2	0.000000E+0	6.464290E+5
1.090000E-2	0.000000E+0	6.466180E+5
1.092000E-2	0.000000E+0	6.466050E+5
1.094000E-2	0.000000E+0	6.453650E+5
1.096000E-2	0.000000E+0	6.459370E+5
1.098000E-2	0.000000E+0	6.472170E+5
1.100000E-2	0.000000E+0	6.471740E+5
1.102000E-2	0.000000E+0	6.451490E+5
1.104000E-2	0.000000E+0	6.469080E+5
1.106000E-2	0.000000E+0	6.465100E+5
1.108000E-2	0.000000E+0	6.468840E+5
1.110000E-2	0.000000E+0	6.458620E+5
1.112000E-2	0.000000E+0	6.456130E+5
1.114000E-2	0.000000E+0	6.472120E+5
1.116000E-2	0.000000E+0	6.445250E+5
1.118000E-2	0.000000E+0	6.462930E+5
1.120000E-2	0.000000E+0	6.456860E+5
1.122000E-2	0.000000E+0	6.474510E+5
1.124000E-2	0.000000E+0	6.477200E+5
1.126000E-2	0.000000E+0	6.448930E+5
1.128000E-2	0.000000E+0	6.457090E+5
1.130000E-2	0.000000E+0	6.460070E+5
1.132000E-2	0.000000E+0	6.475690E+5
1.134000E-2	0.000000E+0	6.449340E+5
1.136000E-2	0.000000E+0	6.472300E+5
1.138000E-2	0.000000E+0	6.459080E+5
1.140000E-2	0.000000E+0	6.473050E+5
1.142000E-2	0.000000E+0	6.458840E+5
1.144000E-2	0.000000E+0	6.475500E+5
1.146000E-2	0.000000E+0	6.461950E+5
1.148000E-2	0.000000E+0	6.465800E+5
1.150000E-2	0.000000E+0	6.458870E+5
1.152000E-2	0.000000E+0	6.460800E+5
1.154000E-2	0.000000E+0	6.453830E+5
1.156000E-2	0.000000E+0	6.464200E+5
1.158000E-2	0.000000E+0	6.458340E+5
1.160000E-2	0.000000E+0	6.471520E+5
1.162000E-2	0.000000E+0	6.462480E+5
1.164000E-2	0.000000E+0	6.473630E+5
1.166000E-2	0.000000E+0	6.478420E+5
1.168000E-2	0.000000E+0	6.467910E+5
1.170000E-2	0.000000E+0	6.476950E+5
1.172000E-2	0.000000E+0	6.467070E+5
1.174000E-2	0.000000E+0	6.465050E+5
1.176000E-2	0.000000E+0	6.460670E+5
1.178000E-2	0.000000E+0	6.447890E+5
1.180000E-2	0.000000E+0	6.465140E+5
1.182000E-2	0.000000E+0	6.473250E+5
1.184000E-2	0.000000E+0	6.476430E+5
1.186000E-2	0.000000E+0	6.458610E+5
1.188000E-2	0.000000E+0	6.455320E+5
1.190000E-2	0.000000E+0	6.457720E+5
1.192000E-2	0.000000E+0	6.454230E+5
1.194000E-2	0.000000E+0	6.476780E+5
1.196000E-2	0.000000E+0	6.465060E+5
1.198000E-2	0.000000E+0	6.457770E+5
1.200000E-2	0.000000E+0	6.463700E+5
1.202000E-2	0.000000E+0	6.464750E+5
1.204000E-2	0.000000E+0	6.462510E+5
1.206000E-2	0.000000E+0	6.465300E+5
1.208000E-2	0.000000E+0	6.470790E+5
1.210000E-2	0.000000E+0	6.470930E+5
1.212000E-2	0.000000E+0	6.458910E+5
1.214000E-2	0.000000E+0	6.449650E+5
1.216000E-2	0.000000E+0	6.461800E+5
1.218000E-2	0.000000E+0	6.458010E+5
1.220000E-2	0.000000E+0	6.460720E+5
1.222000E-2	0.000000E+0	6.466370E+5
1.224000E-2	0.000000E+0	6.471330E+5
1.226000E-2	0.000000E+0	6.454990E+5
1.228000E-2	0.000000E+0	6.463650E+5
1.230000E-2	0.000000E+0	6.463530E+5
1.232000E-2	0.000000E+0	6.467710E+5
1.234000E-2	0.000000E+0	6.473410E+5
1.236000E-2	0.000000E+0	6.469220E+5
1.238000E-2	0.000000E+0	6.480840E+5
1.240000E-2	0.000000E+0	6.468850E+5
1.242000E-2	0.000000E+0	6.465310E+5
1.244000E-2	0.000000E+0	6.469660E+5
1.246000E-2	0.000000E+0	6.462750E+5
1.248000E-2	0.000000E+0	6.464690E+5
1.250000E-2	0.000000E+0	6.462530E+5
1.252000E-2	0.000000E+0	6.485060E+5
1.254000E-2	0.000000E+0	6.469880E+5
1.256000E-2	0.000000E+0	6.454550E+5
1.258000E-2	0.000000E+0	6.472600E+5
1.260000E-2	0.000000E+0	6.475080E+5
1.262000E-2	0.000000E+0	6.454660E+5
1.264000E-2	0.000000E+0	6.454010E+5
1.266000E-2	0.000000E+0	6.485900E+5
1.268000E-2	0.000000E+0	6.469290E+5
1.270000E-2	0.000000E+0	6.459410E+5
1.272000E-2	0.000000E+0	6.479930E+5
1.274000E-2	0.000000E+0	6.459960E+5
1.276000E-2	0.000000E+0	6.469360E+5
1.278000E-2	0.000000E+0	6.461790E+5
1.280000E-2	0.000000E+0	6.455150E+5
1.282000E-2	0.000000E+0	6.456690E+5
1.284000E-2	0.000000E+0	6.461300E+5
1.286000E-2	0.000000E+0	6.469400E+5
1.288000E-2	0.000000E+0	6.473220E+5
1.290000E-2	0.000000E+0	6.463260E+5
1.292000E-2	0.000000E+0	6.463810E+5
1.294000E-2	0.000000E+0	6.458960E+5
1.296000E-2	0.000000E+0	6.462250E+5
1.298000E-2	0.000000E+0	6.465650E+5
1.300000E-2	0.000000E+0	6.466870E+5
1.302000E-2	0.000000E+0	6.475610E+5
1.304000E-2	0.000000E+0	6.465370E+5
1.306000E-2	0.000000E+0	6.455380E+5
1.308000E-2	0.000000E+0	6.476080E+5
1.310000E-2	0.000000E+0	6.471160E+5
1.312000E-2	0.000000E+0	6.463810E+5
1.314000E-2	0.000000E+0	6.472820E+5
1.316000E-2	0.000000E+0	6.465480E+5
1.318000E-2	0.000000E+0	6.460630E+5
1.320000E-2	0.000000E+0	6.467910E+5
1.322000E-2	0.000000E+0	6.465660E+5
1.324000E-2	0.000000E+0	6.451800E+5
1.326000E-2	0.000000E+0	6.473470E+5
1.328000E-2	0.000000E+0	6.473700E+5
1.330000E-2	0.000000E+0	6.452580E+5
1.332000E-2	0.000000E+0	6.460750E+5
1.334000E-2	0.000000E+0	6.457170E+5
1.336000E-2	0.000000E+0	6.465090E+5
1.338000E-2	0.000000E+0	6.469770E+5
1.340000E-2	0.000000E+0	6.460730E+5
1.342000E-2	0.000000E+0	6.455950E+5
1.344000E-2	0.000000E+0	6.459080E+5
1.346000E-2	0.000000E+0	6.453480E+5
1.348000E-2	0.000000E+0	6.464410E+5
1.350000E-2	0.000000E+0	6.474220E+5
1.352000E-2	0.000000E+0	6.466380E+5
1.354000E-2	0.000000E+0	6.461610E+5
1.356000E-2	0.000000E+0	6.475950E+5
1.358000E-2	0.000000E+0	6.459450E+5
1.360000E-2	0.000000E+0	6.461150E+5
1.362000E-2	0.000000E+0	6.464160E+5
1.364000E-2	0.000000E+0	6.447960E+5
1.366000E-2	0.000000E+0	6.461020E+5
1.368000E-2	0.000000E+0	6.467330E+5
1.370000E-2	0.000000E+0	6.474660E+5
1.372000E-2	0.000000E+0	6.459330E+5
1.374000E-2	0.000000E+0	6.474410E+5
1.376000E-2	0.000000E+0	6.460920E+5
1.378000E-2	0.000000E+0	6.456280E+5
1.380000E-2	0.000000E+0	6.466750E+5
1.382000E-2	0.000000E+0	6.453740E+5
1.384000E-2	0.000000E+0	6.460580E+5
1.386000E-2	0.000000E+0	6.467530E+5
1.388000E-2	0.000000E+0	6.463620E+5
1.390000E-2	0.000000E+0	6.472200E+5
1.392000E-2	0.000000E+0	6.476130E+5
1.394000E-2	0.000000E+0	6.469540E+5
1.396000E-2	0.000000E+0	6.467370E+5
1.398000E-2	0.000000E+0	6.475300E+5
1.400000E-2	0.000000E+0	6.474550E+5
1.402000E-2	0.000000E+0	6.454700E+5
1.404000E-2	0.000000E+0	6.481430E+5
1.406000E-2	0.000000E+0	6.462650E+5
1.408000E-2	0.000000E+0	6.461900E+5
1.410000E-2	0.000000E+0	6.470630E+5
1.412000E-2	0.000000E+0	6.458130E+5
1.414000E-2	0.000000E+0	6.455900E+5
1.416000E-2	0.000000E+0	6.455230E+5
1.418000E-2	0.000000E+0	6.456520E+5
1.420000E-2	0.000000E+0	6.467470E+5
1.422000E-2	0.000000E+0	6.467490E+5
1.424000E-2	0.000000E+0	6.447560E+5
1.426000E-2	0.000000E+0	6.453030E+5
1.428000E-2	0.000000E+0	6.464810E+5
1.430000E-2	0.000000E+0	6.468260E+5
1.432000E-2	0.000000E+0	6.462890E+5
1.434000E-2	0.000000E+0	6.468090E+5
1.436000E-2	0.000000E+0	6.472240E+5
1.438000E-2	0.000000E+0	6.467740E+5
1.440000E-2	0.000000E+0	6.479580E+5
1.442000E-2	0.000000E+0	6.467230E+5
1.444000E-2	0.000000E+0	6.447880E+5
1.446000E-2	0.000000E+0	6.466110E+5
1.448000E-2	0.000000E+0	6.469630E+5
1.450000E-2	0.000000E+0	6.464700E+5
1.452000E-2	0.000000E+0	6.463070E+5
1.454000E-2	0.000000E+0	6.463550E+5
1.456000E-2	0.000000E+0	6.472550E+5
1.458000E-2	0.000000E+0	6.455640E+5
1.460000E-2	0.000000E+0	6.467120E+5
1.462000E-2	0.000000E+0	6.444760E+5
1.464000E-2	0.000000E+0	6.471860E+5
1.466000E-2	0.000000E+0	6.457250E+5
1.468000E-2	0.000000E+0	6.479430E+5
1.470000E-2	0.000000E+0	6.460800E+5
1.472000E-2	0.000000E+0	6.458600E+5
1.474000E-2	0.000000E+0	6.467310E+5
1.476000E-2	0.000000E+0	6.473160E+5
1.478000E-2	0.000000E+0	6.473090E+5
1.480000E-2	0.000000E+0	6.447910E+5
1.482000E-2	0.000000E+0	6.454270E+5
1.484000E-2	0.000000E+0	6.472030E+5
1.486000E-2	0.000000E+0	6.448490E+5
1.488000E-2	0.000000E+0	6.442550E+5
1.490000E-2	0.000000E+0	6.440800E+5
1.492000E-2	0.000000E+0	6.423760E+5
1.494000E-2	0.000000E+0	6.395280E+5
1.496000E-2	0.000000E+0	6.381960E+5
1.498000E-2	0.000000E+0	6.374750E+5
1.500000E-2	0.000000E+0	6.367480E+5
1.502000E-2	0.000000E+0	6.365320E+5
1.504000E-2	0.000000E+0	6.343920E+5
1.506000E-2	0.000000E+0	6.332550E+5
1.508000E-2	0.000000E+0	6.309130E+5
1.510000E-2	0.000000E+0	6.290820E+5
1.512000E-2	0.000000E+0	6.291730E+5
1.514000E-2	0.000000E+0	6.303740E+5
1.516000E-2	0.000000E+0	6.311220E+5
1.518000E-2	0.000000E+0	6.322420E+5
1.520000E-2	0.000000E+0	6.353400E+5
1.522000E-2	0.000000E+0	6.362850E+5
1.524000E-2	0.000000E+0	6.408010E+5
1.526000E-2	0.000000E+0	6.399670E+5
1.528000E-2	0.000000E+0	6.420700E+5
1.530000E-2	0.000000E+0	6.418700E+5
1.532000E-2	0.000000E+0	6.442090E+5
1.534000E-2	0.000000E+0	6.439780E+5
1.536000E-2	0.000000E+0	6.444210E+5
1.538000E-2	0.000000E+0	6.458220E+5
1.540000E-2	0.000000E+0	6.458610E+5
1.542000E-2	0.000000E+0	6.451880E+5
1.544000E-2	0.000000E+0	6.447870E+5
1.546000E-2	0.000000E+0	6.449100E+5
1.548000E-2	0.000000E+0	6.446250E+5
1.550000E-2	0.000000E+0	6.443210E+5
1.552000E-2	0.000000E+0	6.454730E+5
1.554000E-2	0.000000E+0	6.433920E+5
1.556000E-2	0.000000E+0	6.417630E+5
1.558000E-2	0.000000E+0	6.391680E+5
1.560000E-2	0.000000E+0	6.380420E+5
1.562000E-2	0.000000E+0	6.368040E+5
1.564000E-2	0.000000E+0	6.359060E+5
1.566000E-2	0.000000E+0	6.365910E+5
1.568000E-2	0.000000E+0	6.353580E+5
1.570000E-2	0.000000E+0	6.325620E+5
1.572000E-2	0.000000E+0	6.294370E+5
1.574000E-2	0.000000E+0	6.287480E+5
1.576000E-2	0.000000E+0	6.304030E+5
1.578000E-2	0.000000E+0	6.277490E+5
1.580000E-2	0.000000E+0	6.308880E+5
1.582000E-2	0.000000E+0	6.323130E+5
1.584000E-2	0.000000E+0	6.342140E+5
1.586000E-2	0.000000E+0	6.362190E+5
1.588000E-2	0.000000E+0	6.381590E+5
1.590000E-2	0.000000E+0	6.396060E+5
1.592000E-2	0.000000E+0	6.408340E+5
1.594000E-2	0.000000E+0	6.407630E+5
1.596000E-2	0.000000E+0	6.432870E+5
1.598000E-2	0.000000E+0	6.446920E+5
1.600000E-2	0.000000E+0	6.456090E+5
1.602000E-2	0.000000E+0	6.452590E+5
1.604000E-2	0.000000E+0	6.451850E+5
1.606000E-2	0.000000E+0	6.461430E+5
1.608000E-2	0.000000E+0	6.457390E+5
1.610000E-2	0.000000E+0	6.466460E+5
1.612000E-2	0.000000E+0	6.462710E+5
1.614000E-2	0.000000E+0	6.457080E+5
1.616000E-2	0.000000E+0	6.483540E+5
1.618000E-2	0.000000E+0	6.459510E+5
1.620000E-2	0.000000E+0	6.460740E+5
1.622000E-2	0.000000E+0	6.467980E+5
1.624000E-2	0.000000E+0	6.458860E+5
1.626000E-2	0.000000E+0	6.459450E+5
1.628000E-2	0.000000E+0	6.473480E+5
1.630000E-2	0.000000E+0	6.461970E+5
1.632000E-2	0.000000E+0	6.466790E+5
1.634000E-2	0.000000E+0	6.464790E+5
1.636000E-2	0.000000E+0	6.477630E+5
1.638000E-2	0.000000E+0	6.459990E+5
1.640000E-2	0.000000E+0	6.471600E+5
1.642000E-2	0.000000E+0	6.463890E+5
1.644000E-2	0.000000E+0	6.463440E+5
1.646000E-2	0.000000E+0	6.460770E+5
1.648000E-2	0.000000E+0	6.458730E+5
1.650000E-2	0.000000E+0	6.459780E+5
1.652000E-2	0.000000E+0	6.468130E+5
1.654000E-2	0.000000E+0	6.456920E+5
1.656000E-2	0.000000E+0	6.459560E+5
1.658000E-2	0.000000E+0	6.461920E+5
1.660000E-2	0.000000E+0	6.460220E+5
1.662000E-2	0.000000E+0	6.466610E+5
1.664000E-2	0.000000E+0	6.466450E+5
1.666000E-2	0.000000E+0	6.458590E+5
1.668000E-2	0.000000E+0	6.462150E+5
1.670000E-2	0.000000E+0	6.468370E+5
1.672000E-2	0.000000E+0	6.473730E+5
1.674000E-2	0.000000E+0	6.463910E+5
1.676000E-2	0.000000E+0	6.450020E+5
1.678000E-2	0.000000E+0	6.453100E+5
1.680000E-2	0.000000E+0	6.471270E+5
1.682000E-2	0.000000E+0	6.468230E+5
1.684000E-2	0.000000E+0	6.471860E+5
1.686000E-2	0.000000E+0	6.483410E+5
1.688000E-2	0.000000E+0	6.465430E+5
1.690000E-2	0.000000E+0	6.467370E+5
1.692000E-2	0.000000E+0	6.470740E+5
1.694000E-2	0.000000E+0	6.462200E+5
1.696000E-2	0.000000E+0	6.456190E+5
1.698000E-2	0.000000E+0	6.466260E+5
1.700000E-2	0.000000E+0	6.470810E+5
1.702000E-2	0.000000E+0	6.470600E+5
1.704000E-2	0.000000E+0	6.478550E+5
1.706000E-2	0.000000E+0	6.474620E+5
1.708000E-2	0.000000E+0	6.462500E+5
1.710000E-2	0.000000E+0	6.470430E+5
1.712000E-2	0.000000E+0	6.465550E+5
1.714000E-2	0.000000E+0	6.454720E+5
1.716000E-2	0.000000E+0	6.473570E+5
1.718000E-2	0.000000E+0	6.467560E+5
1.720000E-2	0.000000E+0	6.467920E+5
1.722000E-2	0.000000E+0	6.472870E+5
1.724000E-2	0.000000E+0	6.468060E+5
1.726000E-2	0.000000E+0	6.461850E+5
1.728000E-2	0.000000E+0	6.462560E+5
1.730000E-2	0.000000E+0	6.467640E+5
1.732000E-2	0.000000E+0	6.456080E+5
1.734000E-2	0.000000E+0	6.469030E+5
1.736000E-2	0.000000E+0	6.476900E+5
1.738000E-2	0.000000E+0	6.471860E+5
1.740000E-2	0.000000E+0	6.477430E+5
1.742000E-2	0.000000E+0	6.461020E+5
1.744000E-2	0.000000E+0	6.454700E+5
1.746000E-2	0.000000E+0	6.464540E+5
1.748000E-2	0.000000E+0	6.470770E+5
1.750000E-2	0.000000E+0	6.468300E+5
1.752000E-2	0.000000E+0	6.470360E+5
1.754000E-2	0.000000E+0	6.461510E+5
1.756000E-2	0.000000E+0	6.460520E+5
1.758000E-2	0.000000E+0	6.468960E+5
1.760000E-2	0.000000E+0	6.467210E+5
1.762000E-2	0.000000E+0	6.466570E+5
1.764000E-2	0.000000E+0	6.473230E+5
1.766000E-2	0.000000E+0	6.460940E+5
1.768000E-2	0.000000E+0	6.466550E+5
1.770000E-2	0.000000E+0	6.464570E+5
1.772000E-2	0.000000E+0	6.476580E+5
1.774000E-2	0.000000E+0	6.464640E+5
1.776000E-2	0.000000E+0	6.461530E+5
1.778000E-2	0.000000E+0	6.478550E+5
1.780000E-2	0.000000E+0	6.449510E+5
1.782000E-2	0.000000E+0	6.472600E+5
1.784000E-2	0.000000E+0	6.465230E+5
1.786000E-2	0.000000E+0	6.462250E+5
1.788000E-2	0.000000E+0	6.462330E+5
1.790000E-2	0.000000E+0	6.469360E+5
1.792000E-2	0.000000E+0	6.450990E+5
1.794000E-2	0.000000E+0	6.463040E+5
1.796000E-2	0.000000E+0	6.464430E+5
1.798000E-2	0.000000E+0	6.474610E+5
1.800000E-2	0.000000E+0	6.453920E+5
1.802000E-2	0.000000E+0	6.463140E+5
1.804000E-2	0.000000E+0	6.455310E+5
1.806000E-2	0.000000E+0	6.460950E+5
1.808000E-2	0.000000E+0	6.464220E+5
1.810000E-2	0.000000E+0	6.472840E+5
1.812000E-2	0.000000E+0	6.480050E+5
1.814000E-2	0.000000E+0	6.480370E+5
1.816000E-2	0.000000E+0	6.461990E+5
1.818000E-2	0.000000E+0	6.457030E+5
1.820000E-2	0.000000E+0	6.471790E+5
1.822000E-2	0.000000E+0	6.461840E+5
1.824000E-2	0.000000E+0	6.468300E+5
1.826000E-2	0.000000E+0	6.471960E+5
1.828000E-2	0.000000E+0	6.460200E+5
1.830000E-2	0.000000E+0	6.454550E+5
1.832000E-2	0.000000E+0	6.475150E+5
1.834000E-2	0.000000E+0	6.459720E+5
1.836000E-2	0.000000E+0	6.474500E+5
1.838000E-2	0.000000E+0	6.457530E+5
1.840000E-2	0.000000E+0	6.458410E+5
1.842000E-2	0.000000E+0	6.455670E+5
1.844000E-2	0.000000E+0	6.457630E+5
1.846000E-2	0.000000E+0	6.452620E+5
1.848000E-2	0.000000E+0	6.479390E+5
1.850000E-2	0.000000E+0	6.471950E+5
1.852000E-2	0.000000E+0	6.465510E+5
1.854000E-2	0.000000E+0	6.482080E+5
1.856000E-2	0.000000E+0	6.447860E+5
1.858000E-2	0.000000E+0	6.454870E+5
1.860000E-2	0.000000E+0	6.462050E+5
1.862000E-2	0.000000E+0	6.454350E+5
1.864000E-2	0.000000E+0	6.451690E+5
1.866000E-2	0.000000E+0	6.471030E+5
1.868000E-2	0.000000E+0	6.461810E+5
1.870000E-2	0.000000E+0	6.464320E+5
1.872000E-2	0.000000E+0	6.464690E+5
1.874000E-2	0.000000E+0	6.441860E+5
1.876000E-2	0.000000E+0	6.467440E+5
1.878000E-2	0.000000E+0	6.466530E+5
1.880000E-2	0.000000E+0	6.454560E+5
1.882000E-2	0.000000E+0	6.461620E+5
1.884000E-2	0.000000E+0	6.469030E+5
1.886000E-2	0.000000E+0	6.460190E+5
1.888000E-2	0.000000E+0	6.457480E+5
1.890000E-2	0.000000E+0	6.457740E+5
1.892000E-2	0.000000E+0	6.476140E+5
1.894000E-2	0.000000E+0	6.465970E+5
1.896000E-2	0.000000E+0	6.467950E+5
1.898000E-2	0.000000E+0	6.473300E+5
1.900000E-2	0.000000E+0	6.460240E+5
1.902000E-2	0.000000E+0	6.451030E+5
1.904000E-2	0.000000E+0	6.465610E+5
1.906000E-2	0.000000E+0	6.471330E+5
1.908000E-2	0.000000E+0	6.468530E+5
1.910000E-2	0.000000E+0	6.457500E+5
1.912000E-2	0.000000E+0	6.449410E+5
1.914000E-2	0.000000E+0	6.466220E+5
1.916000E-2	0.000000E+0	6.459360E+5
1.918000E-2	0.000000E+0	6.453200E+5
1.920000E-2	0.000000E+0	6.470690E+5
1.922000E-2	0.000000E+0	6.472670E+5
1.924000E-2	0.000000E+0	6.468300E+5
1.926000E-2	0.000000E+0	6.471640E+5
1.928000E-2	0.000000E+0	6.473990E+5
1.930000E-2	0.000000E+0	6.462660E+5
1.932000E-2	0.000000E+0	6.458880E+5
1.934000E-2	0.000000E+0	6.464550E+5
1.936000E-2	0.000000E+0	6.463340E+5
1.938000E-2	0.000000E+0	6.466370E+5
1.940000E-2	0.000000E+0	6.445790E+5
1.942000E-2	0.000000E+0	6.475660E+5
1.944000E-2	0.000000E+0	6.467010E+5
1.946000E-2	0.000000E+0	6.449860E+5
1.948000E-2	0.000000E+0	6.462720E+5
1.950000E-2	0.000000E+0	6.466720E+5
1.952000E-2	0.000000E+0	6.474490E+5
1.954000E-2	0.000000E+0	6.458750E+5
1.956000E-2	0.000000E+0	6.469990E+5
1.958000E-2	0.000000E+0	6.461620E+5
1.960000E-2	0.000000E+0	6.466430E+5
1.962000E-2	0.000000E+0	6.459600E+5
1.964000E-2	0.000000E+0	6.471850E+5
1.966000E-2	0.000000E+0	6.473160E+5
1.968000E-2	0.000000E+0	6.466320E+5
1.970000E-2	0.000000E+0	6.459230E+5
1.972000E-2	0.000000E+0	6.466470E+5
1.974000E-2	0.000000E+0	6.464590E+5
1.976000E-2	0.000000E+0	6.451680E+5
1.978000E-2	0.000000E+0	6.458610E+5
1.980000E-2	0.000000E+0	6.464630E+5
1.982000E-2	0.000000E+0	6.457840E+5
1.984000E-2	0.000000E+0	6.467090E+5
1.986000E-2	0.000000E+0	6.458400E+5
1.988000E-2	0.000000E+0	6.457540E+5
1.990000E-2	0.000000E+0	6.458500E+5
1.992000E-2	0.000000E+0	6.458030E+5
1.994000E-2	0.000000E+0	6.479790E+5
1.996000E-2	0.000000E+0	6.458820E+5
1.998000E-2	0.000000E+0	6.461370E+5
