

live time:  153701.340000
real time:  212400.387000
sweeps:  7685067.000000
0.000000E+0	0.000000E+0	0.000000E+0
2.000000E-5	0.000000E+0	3.371640E+5
4.000000E-5	0.000000E+0	3.373620E+5
6.000000E-5	0.000000E+0	3.370330E+5
8.000000E-5	0.000000E+0	3.378170E+5
1.000000E-4	0.000000E+0	3.361400E+5
1.200000E-4	0.000000E+0	3.371300E+5
1.400000E-4	0.000000E+0	3.375040E+5
1.600000E-4	0.000000E+0	3.373480E+5
1.800000E-4	0.000000E+0	3.369400E+5
2.000000E-4	0.000000E+0	3.374370E+5
2.200000E-4	0.000000E+0	3.371420E+5
2.400000E-4	0.000000E+0	3.361670E+5
2.600000E-4	0.000000E+0	3.362890E+5
2.800000E-4	0.000000E+0	3.367530E+5
3.000000E-4	0.000000E+0	3.377680E+5
3.200000E-4	0.000000E+0	3.373390E+5
3.400000E-4	0.000000E+0	3.369490E+5
3.600000E-4	0.000000E+0	3.378340E+5
3.800000E-4	0.000000E+0	3.366930E+5
4.000000E-4	0.000000E+0	3.364100E+5
4.200000E-4	0.000000E+0	3.368250E+5
4.400000E-4	0.000000E+0	3.368290E+5
4.600000E-4	0.000000E+0	3.375500E+5
4.800000E-4	0.000000E+0	3.367650E+5
5.000000E-4	0.000000E+0	3.374210E+5
5.200000E-4	0.000000E+0	3.371650E+5
5.400000E-4	0.000000E+0	3.369520E+5
5.600000E-4	0.000000E+0	3.363130E+5
5.800000E-4	0.000000E+0	3.371440E+5
6.000000E-4	0.000000E+0	3.374130E+5
6.200000E-4	0.000000E+0	3.368500E+5
6.400000E-4	0.000000E+0	3.381410E+5
6.600000E-4	0.000000E+0	3.360530E+5
6.800000E-4	0.000000E+0	3.368340E+5
7.000000E-4	0.000000E+0	3.373220E+5
7.200000E-4	0.000000E+0	3.383850E+5
7.400000E-4	0.000000E+0	3.362790E+5
7.600000E-4	0.000000E+0	3.370090E+5
7.800000E-4	0.000000E+0	3.355830E+5
8.000000E-4	0.000000E+0	3.373580E+5
8.200000E-4	0.000000E+0	3.372820E+5
8.400000E-4	0.000000E+0	3.369960E+5
8.600000E-4	0.000000E+0	3.379340E+5
8.800000E-4	0.000000E+0	3.365810E+5
9.000000E-4	0.000000E+0	3.381450E+5
9.200000E-4	0.000000E+0	3.365060E+5
9.400000E-4	0.000000E+0	3.371390E+5
9.600000E-4	0.000000E+0	3.363660E+5
9.800000E-4	0.000000E+0	3.383230E+5
1.000000E-3	0.000000E+0	3.375640E+5
1.020000E-3	0.000000E+0	3.368650E+5
1.040000E-3	0.000000E+0	3.371250E+5
1.060000E-3	0.000000E+0	3.369630E+5
1.080000E-3	0.000000E+0	3.370010E+5
1.100000E-3	0.000000E+0	3.361900E+5
1.120000E-3	0.000000E+0	3.376050E+5
1.140000E-3	0.000000E+0	3.362860E+5
1.160000E-3	0.000000E+0	3.365290E+5
1.180000E-3	0.000000E+0	3.365080E+5
1.200000E-3	0.000000E+0	3.375550E+5
1.220000E-3	0.000000E+0	3.375250E+5
1.240000E-3	0.000000E+0	3.369880E+5
1.260000E-3	0.000000E+0	3.370000E+5
1.280000E-3	0.000000E+0	3.376580E+5
1.300000E-3	0.000000E+0	3.362830E+5
1.320000E-3	0.000000E+0	3.378530E+5
1.340000E-3	0.000000E+0	3.368770E+5
1.360000E-3	0.000000E+0	3.363930E+5
1.380000E-3	0.000000E+0	3.380710E+5
1.400000E-3	0.000000E+0	3.370720E+5
1.420000E-3	0.000000E+0	3.375450E+5
1.440000E-3	0.000000E+0	3.368230E+5
1.460000E-3	0.000000E+0	3.359950E+5
1.480000E-3	0.000000E+0	3.379710E+5
1.500000E-3	0.000000E+0	3.371700E+5
1.520000E-3	0.000000E+0	3.370520E+5
1.540000E-3	0.000000E+0	3.373550E+5
1.560000E-3	0.000000E+0	3.372970E+5
1.580000E-3	0.000000E+0	3.370240E+5
1.600000E-3	0.000000E+0	3.367170E+5
1.620000E-3	0.000000E+0	3.369330E+5
1.640000E-3	0.000000E+0	3.362140E+5
1.660000E-3	0.000000E+0	3.379270E+5
1.680000E-3	0.000000E+0	3.365950E+5
1.700000E-3	0.000000E+0	3.363750E+5
1.720000E-3	0.000000E+0	3.374190E+5
1.740000E-3	0.000000E+0	3.380840E+5
1.760000E-3	0.000000E+0	3.373460E+5
1.780000E-3	0.000000E+0	3.383000E+5
1.800000E-3	0.000000E+0	3.378900E+5
1.820000E-3	0.000000E+0	3.369740E+5
1.840000E-3	0.000000E+0	3.364450E+5
1.860000E-3	0.000000E+0	3.372740E+5
1.880000E-3	0.000000E+0	3.369900E+5
1.900000E-3	0.000000E+0	3.365520E+5
1.920000E-3	0.000000E+0	3.367490E+5
1.940000E-3	0.000000E+0	3.373330E+5
1.960000E-3	0.000000E+0	3.370700E+5
1.980000E-3	0.000000E+0	3.376750E+5
2.000000E-3	0.000000E+0	3.364360E+5
2.020000E-3	0.000000E+0	3.369350E+5
2.040000E-3	0.000000E+0	3.366080E+5
2.060000E-3	0.000000E+0	3.377020E+5
2.080000E-3	0.000000E+0	3.383180E+5
2.100000E-3	0.000000E+0	3.383190E+5
2.120000E-3	0.000000E+0	3.374750E+5
2.140000E-3	0.000000E+0	3.366900E+5
2.160000E-3	0.000000E+0	3.361890E+5
2.180000E-3	0.000000E+0	3.373960E+5
2.200000E-3	0.000000E+0	3.376530E+5
2.220000E-3	0.000000E+0	3.376680E+5
2.240000E-3	0.000000E+0	3.368450E+5
2.260000E-3	0.000000E+0	3.374710E+5
2.280000E-3	0.000000E+0	3.372330E+5
2.300000E-3	0.000000E+0	3.373200E+5
2.320000E-3	0.000000E+0	3.368150E+5
2.340000E-3	0.000000E+0	3.369620E+5
2.360000E-3	0.000000E+0	3.372060E+5
2.380000E-3	0.000000E+0	3.378970E+5
2.400000E-3	0.000000E+0	3.359850E+5
2.420000E-3	0.000000E+0	3.366690E+5
2.440000E-3	0.000000E+0	3.361760E+5
2.460000E-3	0.000000E+0	3.367150E+5
2.480000E-3	0.000000E+0	3.385850E+5
2.500000E-3	0.000000E+0	3.370940E+5
2.520000E-3	0.000000E+0	3.376690E+5
2.540000E-3	0.000000E+0	3.363880E+5
2.560000E-3	0.000000E+0	3.370280E+5
2.580000E-3	0.000000E+0	3.364260E+5
2.600000E-3	0.000000E+0	3.377370E+5
2.620000E-3	0.000000E+0	3.365750E+5
2.640000E-3	0.000000E+0	3.357330E+5
2.660000E-3	0.000000E+0	3.376740E+5
2.680000E-3	0.000000E+0	3.369380E+5
2.700000E-3	0.000000E+0	3.368600E+5
2.720000E-3	0.000000E+0	3.360630E+5
2.740000E-3	0.000000E+0	3.375660E+5
2.760000E-3	0.000000E+0	3.368970E+5
2.780000E-3	0.000000E+0	3.373610E+5
2.800000E-3	0.000000E+0	3.366560E+5
2.820000E-3	0.000000E+0	3.367950E+5
2.840000E-3	0.000000E+0	3.363140E+5
2.860000E-3	0.000000E+0	3.376700E+5
2.880000E-3	0.000000E+0	3.370530E+5
2.900000E-3	0.000000E+0	3.373280E+5
2.920000E-3	0.000000E+0	3.364270E+5
2.940000E-3	0.000000E+0	3.369890E+5
2.960000E-3	0.000000E+0	3.373590E+5
2.980000E-3	0.000000E+0	3.363520E+5
3.000000E-3	0.000000E+0	3.373750E+5
3.020000E-3	0.000000E+0	3.371460E+5
3.040000E-3	0.000000E+0	3.376200E+5
3.060000E-3	0.000000E+0	3.389580E+5
3.080000E-3	0.000000E+0	3.368390E+5
3.100000E-3	0.000000E+0	3.364040E+5
3.120000E-3	0.000000E+0	3.375970E+5
3.140000E-3	0.000000E+0	3.374710E+5
3.160000E-3	0.000000E+0	3.368790E+5
3.180000E-3	0.000000E+0	3.375030E+5
3.200000E-3	0.000000E+0	3.372810E+5
3.220000E-3	0.000000E+0	3.376080E+5
3.240000E-3	0.000000E+0	3.375740E+5
3.260000E-3	0.000000E+0	3.374090E+5
3.280000E-3	0.000000E+0	3.371850E+5
3.300000E-3	0.000000E+0	3.364620E+5
3.320000E-3	0.000000E+0	3.369020E+5
3.340000E-3	0.000000E+0	3.365620E+5
3.360000E-3	0.000000E+0	3.362670E+5
3.380000E-3	0.000000E+0	3.365610E+5
3.400000E-3	0.000000E+0	3.371960E+5
3.420000E-3	0.000000E+0	3.377200E+5
3.440000E-3	0.000000E+0	3.365770E+5
3.460000E-3	0.000000E+0	3.377730E+5
3.480000E-3	0.000000E+0	3.367090E+5
3.500000E-3	0.000000E+0	3.376520E+5
3.520000E-3	0.000000E+0	3.366780E+5
3.540000E-3	0.000000E+0	3.370210E+5
3.560000E-3	0.000000E+0	3.368560E+5
3.580000E-3	0.000000E+0	3.364230E+5
3.600000E-3	0.000000E+0	3.365050E+5
3.620000E-3	0.000000E+0	3.356740E+5
3.640000E-3	0.000000E+0	3.373620E+5
3.660000E-3	0.000000E+0	3.368000E+5
3.680000E-3	0.000000E+0	3.367210E+5
3.700000E-3	0.000000E+0	3.363420E+5
3.720000E-3	0.000000E+0	3.372810E+5
3.740000E-3	0.000000E+0	3.368230E+5
3.760000E-3	0.000000E+0	3.369240E+5
3.780000E-3	0.000000E+0	3.364990E+5
3.800000E-3	0.000000E+0	3.365550E+5
3.820000E-3	0.000000E+0	3.360820E+5
3.840000E-3	0.000000E+0	3.366730E+5
3.860000E-3	0.000000E+0	3.368310E+5
3.880000E-3	0.000000E+0	3.364060E+5
3.900000E-3	0.000000E+0	3.377460E+5
3.920000E-3	0.000000E+0	3.377740E+5
3.940000E-3	0.000000E+0	3.377130E+5
3.960000E-3	0.000000E+0	3.375970E+5
3.980000E-3	0.000000E+0	3.365950E+5
4.000000E-3	0.000000E+0	3.369860E+5
4.020000E-3	0.000000E+0	3.375290E+5
4.040000E-3	0.000000E+0	3.365430E+5
4.060000E-3	0.000000E+0	3.375320E+5
4.080000E-3	0.000000E+0	3.371930E+5
4.100000E-3	0.000000E+0	3.371280E+5
4.120000E-3	0.000000E+0	3.369330E+5
4.140000E-3	0.000000E+0	3.362440E+5
4.160000E-3	0.000000E+0	3.376610E+5
4.180000E-3	0.000000E+0	3.364050E+5
4.200000E-3	0.000000E+0	3.370710E+5
4.220000E-3	0.000000E+0	3.367480E+5
4.240000E-3	0.000000E+0	3.371360E+5
4.260000E-3	0.000000E+0	3.362180E+5
4.280000E-3	0.000000E+0	3.375010E+5
4.300000E-3	0.000000E+0	3.370230E+5
4.320000E-3	0.000000E+0	3.365580E+5
4.340000E-3	0.000000E+0	3.362860E+5
4.360000E-3	0.000000E+0	3.368330E+5
4.380000E-3	0.000000E+0	3.362690E+5
4.400000E-3	0.000000E+0	3.372650E+5
4.420000E-3	0.000000E+0	3.368200E+5
4.440000E-3	0.000000E+0	3.367490E+5
4.460000E-3	0.000000E+0	3.365600E+5
4.480000E-3	0.000000E+0	3.363400E+5
4.500000E-3	0.000000E+0	3.368280E+5
4.520000E-3	0.000000E+0	3.362940E+5
4.540000E-3	0.000000E+0	3.365560E+5
4.560000E-3	0.000000E+0	3.358990E+5
4.580000E-3	0.000000E+0	3.367930E+5
4.600000E-3	0.000000E+0	3.369380E+5
4.620000E-3	0.000000E+0	3.360190E+5
4.640000E-3	0.000000E+0	3.372350E+5
4.660000E-3	0.000000E+0	3.364070E+5
4.680000E-3	0.000000E+0	3.366490E+5
4.700000E-3	0.000000E+0	3.370630E+5
4.720000E-3	0.000000E+0	3.369050E+5
4.740000E-3	0.000000E+0	3.359680E+5
4.760000E-3	0.000000E+0	3.373330E+5
4.780000E-3	0.000000E+0	3.358220E+5
4.800000E-3	0.000000E+0	3.365220E+5
4.820000E-3	0.000000E+0	3.364320E+5
4.840000E-3	0.000000E+0	3.363620E+5
4.860000E-3	0.000000E+0	3.353650E+5
4.880000E-3	0.000000E+0	3.345440E+5
4.900000E-3	0.000000E+0	3.346370E+5
4.920000E-3	0.000000E+0	3.325430E+5
4.940000E-3	0.000000E+0	3.318920E+5
4.960000E-3	0.000000E+0	3.320760E+5
4.980000E-3	0.000000E+0	3.322350E+5
5.000000E-3	0.000000E+0	3.307880E+5
5.020000E-3	0.000000E+0	3.305670E+5
5.040000E-3	0.000000E+0	3.289140E+5
5.060000E-3	0.000000E+0	3.280100E+5
5.080000E-3	0.000000E+0	3.272900E+5
5.100000E-3	0.000000E+0	3.273930E+5
5.120000E-3	0.000000E+0	3.270900E+5
5.140000E-3	0.000000E+0	3.285070E+5
5.160000E-3	0.000000E+0	3.292420E+5
5.180000E-3	0.000000E+0	3.303920E+5
5.200000E-3	0.000000E+0	3.311920E+5
5.220000E-3	0.000000E+0	3.321090E+5
5.240000E-3	0.000000E+0	3.326840E+5
5.260000E-3	0.000000E+0	3.348750E+5
5.280000E-3	0.000000E+0	3.332330E+5
5.300000E-3	0.000000E+0	3.350980E+5
5.320000E-3	0.000000E+0	3.360690E+5
5.340000E-3	0.000000E+0	3.359660E+5
5.360000E-3	0.000000E+0	3.371090E+5
5.380000E-3	0.000000E+0	3.358870E+5
5.400000E-3	0.000000E+0	3.372230E+5
5.420000E-3	0.000000E+0	3.363260E+5
5.440000E-3	0.000000E+0	3.357510E+5
5.460000E-3	0.000000E+0	3.355260E+5
5.480000E-3	0.000000E+0	3.351240E+5
5.500000E-3	0.000000E+0	3.357240E+5
5.520000E-3	0.000000E+0	3.348650E+5
5.540000E-3	0.000000E+0	3.347400E+5
5.560000E-3	0.000000E+0	3.333520E+5
5.580000E-3	0.000000E+0	3.331010E+5
5.600000E-3	0.000000E+0	3.315890E+5
5.620000E-3	0.000000E+0	3.313520E+5
5.640000E-3	0.000000E+0	3.322490E+5
5.660000E-3	0.000000E+0	3.309860E+5
5.680000E-3	0.000000E+0	3.306900E+5
5.700000E-3	0.000000E+0	3.292420E+5
5.720000E-3	0.000000E+0	3.283820E+5
5.740000E-3	0.000000E+0	3.280440E+5
5.760000E-3	0.000000E+0	3.281250E+5
5.780000E-3	0.000000E+0	3.290620E+5
5.800000E-3	0.000000E+0	3.292430E+5
5.820000E-3	0.000000E+0	3.305060E+5
5.840000E-3	0.000000E+0	3.313660E+5
5.860000E-3	0.000000E+0	3.320720E+5
5.880000E-3	0.000000E+0	3.336420E+5
5.900000E-3	0.000000E+0	3.347900E+5
5.920000E-3	0.000000E+0	3.352990E+5
5.940000E-3	0.000000E+0	3.347270E+5
5.960000E-3	0.000000E+0	3.354100E+5
5.980000E-3	0.000000E+0	3.365160E+5
6.000000E-3	0.000000E+0	3.360620E+5
6.020000E-3	0.000000E+0	3.365970E+5
6.040000E-3	0.000000E+0	3.368360E+5
6.060000E-3	0.000000E+0	3.366990E+5
6.080000E-3	0.000000E+0	3.367900E+5
6.100000E-3	0.000000E+0	3.362690E+5
6.120000E-3	0.000000E+0	3.370200E+5
6.140000E-3	0.000000E+0	3.367840E+5
6.160000E-3	0.000000E+0	3.363290E+5
6.180000E-3	0.000000E+0	3.373780E+5
6.200000E-3	0.000000E+0	3.366570E+5
6.220000E-3	0.000000E+0	3.370360E+5
6.240000E-3	0.000000E+0	3.362380E+5
6.260000E-3	0.000000E+0	3.360940E+5
6.280000E-3	0.000000E+0	3.379540E+5
6.300000E-3	0.000000E+0	3.373460E+5
6.320000E-3	0.000000E+0	3.368610E+5
6.340000E-3	0.000000E+0	3.369760E+5
6.360000E-3	0.000000E+0	3.362990E+5
6.380000E-3	0.000000E+0	3.371100E+5
6.400000E-3	0.000000E+0	3.366980E+5
6.420000E-3	0.000000E+0	3.362230E+5
6.440000E-3	0.000000E+0	3.380850E+5
6.460000E-3	0.000000E+0	3.369160E+5
6.480000E-3	0.000000E+0	3.367330E+5
6.500000E-3	0.000000E+0	3.365340E+5
6.520000E-3	0.000000E+0	3.371590E+5
6.540000E-3	0.000000E+0	3.363450E+5
6.560000E-3	0.000000E+0	3.374910E+5
6.580000E-3	0.000000E+0	3.366080E+5
6.600000E-3	0.000000E+0	3.373860E+5
6.620000E-3	0.000000E+0	3.369270E+5
6.640000E-3	0.000000E+0	3.365100E+5
6.660000E-3	0.000000E+0	3.362200E+5
6.680000E-3	0.000000E+0	3.368380E+5
6.700000E-3	0.000000E+0	3.375000E+5
6.720000E-3	0.000000E+0	3.368580E+5
6.740000E-3	0.000000E+0	3.370890E+5
6.760000E-3	0.000000E+0	3.377810E+5
6.780000E-3	0.000000E+0	3.361500E+5
6.800000E-3	0.000000E+0	3.373330E+5
6.820000E-3	0.000000E+0	3.372820E+5
6.840000E-3	0.000000E+0	3.368300E+5
6.860000E-3	0.000000E+0	3.371060E+5
6.880000E-3	0.000000E+0	3.372260E+5
6.900000E-3	0.000000E+0	3.357120E+5
6.920000E-3	0.000000E+0	3.364000E+5
6.940000E-3	0.000000E+0	3.368010E+5
6.960000E-3	0.000000E+0	3.353790E+5
6.980000E-3	0.000000E+0	3.365860E+5
7.000000E-3	0.000000E+0	3.364980E+5
7.020000E-3	0.000000E+0	3.369100E+5
7.040000E-3	0.000000E+0	3.369870E+5
7.060000E-3	0.000000E+0	3.369630E+5
7.080000E-3	0.000000E+0	3.371350E+5
7.100000E-3	0.000000E+0	3.364860E+5
7.120000E-3	0.000000E+0	3.370300E+5
7.140000E-3	0.000000E+0	3.368690E+5
7.160000E-3	0.000000E+0	3.375460E+5
7.180000E-3	0.000000E+0	3.363330E+5
7.200000E-3	0.000000E+0	3.373430E+5
7.220000E-3	0.000000E+0	3.373210E+5
7.240000E-3	0.000000E+0	3.370570E+5
7.260000E-3	0.000000E+0	3.369710E+5
7.280000E-3	0.000000E+0	3.368230E+5
7.300000E-3	0.000000E+0	3.366570E+5
7.320000E-3	0.000000E+0	3.371730E+5
7.340000E-3	0.000000E+0	3.375880E+5
7.360000E-3	0.000000E+0	3.369210E+5
7.380000E-3	0.000000E+0	3.376690E+5
7.400000E-3	0.000000E+0	3.367210E+5
7.420000E-3	0.000000E+0	3.365510E+5
7.440000E-3	0.000000E+0	3.371770E+5
7.460000E-3	0.000000E+0	3.376320E+5
7.480000E-3	0.000000E+0	3.368910E+5
7.500000E-3	0.000000E+0	3.372610E+5
7.520000E-3	0.000000E+0	3.378330E+5
7.540000E-3	0.000000E+0	3.370490E+5
7.560000E-3	0.000000E+0	3.377840E+5
7.580000E-3	0.000000E+0	3.370880E+5
7.600000E-3	0.000000E+0	3.364680E+5
7.620000E-3	0.000000E+0	3.376570E+5
7.640000E-3	0.000000E+0	3.378790E+5
7.660000E-3	0.000000E+0	3.366400E+5
7.680000E-3	0.000000E+0	3.362410E+5
7.700000E-3	0.000000E+0	3.364170E+5
7.720000E-3	0.000000E+0	3.371170E+5
7.740000E-3	0.000000E+0	3.366970E+5
7.760000E-3	0.000000E+0	3.362920E+5
7.780000E-3	0.000000E+0	3.379240E+5
7.800000E-3	0.000000E+0	3.369010E+5
7.820000E-3	0.000000E+0	3.370700E+5
7.840000E-3	0.000000E+0	3.379180E+5
7.860000E-3	0.000000E+0	3.368330E+5
7.880000E-3	0.000000E+0	3.369270E+5
7.900000E-3	0.000000E+0	3.367350E+5
7.920000E-3	0.000000E+0	3.363540E+5
7.940000E-3	0.000000E+0	3.380730E+5
7.960000E-3	0.000000E+0	3.379590E+5
7.980000E-3	0.000000E+0	3.380250E+5
8.000000E-3	0.000000E+0	3.376450E+5
8.020000E-3	0.000000E+0	3.374270E+5
8.040000E-3	0.000000E+0	3.357890E+5
8.060000E-3	0.000000E+0	3.368860E+5
8.080000E-3	0.000000E+0	3.373040E+5
8.100000E-3	0.000000E+0	3.374590E+5
8.120000E-3	0.000000E+0	3.369870E+5
8.140000E-3	0.000000E+0	3.363550E+5
8.160000E-3	0.000000E+0	3.367760E+5
8.180000E-3	0.000000E+0	3.367070E+5
8.200000E-3	0.000000E+0	3.371990E+5
8.220000E-3	0.000000E+0	3.367150E+5
8.240000E-3	0.000000E+0	3.371330E+5
8.260000E-3	0.000000E+0	3.385910E+5
8.280000E-3	0.000000E+0	3.364330E+5
8.300000E-3	0.000000E+0	3.372360E+5
8.320000E-3	0.000000E+0	3.369780E+5
8.340000E-3	0.000000E+0	3.369130E+5
8.360000E-3	0.000000E+0	3.367850E+5
8.380000E-3	0.000000E+0	3.356060E+5
8.400000E-3	0.000000E+0	3.365690E+5
8.420000E-3	0.000000E+0	3.369770E+5
8.440000E-3	0.000000E+0	3.375340E+5
8.460000E-3	0.000000E+0	3.376230E+5
8.480000E-3	0.000000E+0	3.383800E+5
8.500000E-3	0.000000E+0	3.357800E+5
8.520000E-3	0.000000E+0	3.376600E+5
8.540000E-3	0.000000E+0	3.371650E+5
8.560000E-3	0.000000E+0	3.373150E+5
8.580000E-3	0.000000E+0	3.384190E+5
8.600000E-3	0.000000E+0	3.362400E+5
8.620000E-3	0.000000E+0	3.380540E+5
8.640000E-3	0.000000E+0	3.366490E+5
8.660000E-3	0.000000E+0	3.366380E+5
8.680000E-3	0.000000E+0	3.371170E+5
8.700000E-3	0.000000E+0	3.357470E+5
8.720000E-3	0.000000E+0	3.374880E+5
8.740000E-3	0.000000E+0	3.362760E+5
8.760000E-3	0.000000E+0	3.369310E+5
8.780000E-3	0.000000E+0	3.371790E+5
8.800000E-3	0.000000E+0	3.377450E+5
8.820000E-3	0.000000E+0	3.373470E+5
8.840000E-3	0.000000E+0	3.365200E+5
8.860000E-3	0.000000E+0	3.384120E+5
8.880000E-3	0.000000E+0	3.368170E+5
8.900000E-3	0.000000E+0	3.375680E+5
8.920000E-3	0.000000E+0	3.362750E+5
8.940000E-3	0.000000E+0	3.363430E+5
8.960000E-3	0.000000E+0	3.376150E+5
8.980000E-3	0.000000E+0	3.368230E+5
9.000000E-3	0.000000E+0	3.364100E+5
9.020000E-3	0.000000E+0	3.361430E+5
9.040000E-3	0.000000E+0	3.372940E+5
9.060000E-3	0.000000E+0	3.387970E+5
9.080000E-3	0.000000E+0	3.373300E+5
9.100000E-3	0.000000E+0	3.377600E+5
9.120000E-3	0.000000E+0	3.366870E+5
9.140000E-3	0.000000E+0	3.375070E+5
9.160000E-3	0.000000E+0	3.377070E+5
9.180000E-3	0.000000E+0	3.362460E+5
9.200000E-3	0.000000E+0	3.368090E+5
9.220000E-3	0.000000E+0	3.371930E+5
9.240000E-3	0.000000E+0	3.375440E+5
9.260000E-3	0.000000E+0	3.379430E+5
9.280000E-3	0.000000E+0	3.381930E+5
9.300000E-3	0.000000E+0	3.373270E+5
9.320000E-3	0.000000E+0	3.366410E+5
9.340000E-3	0.000000E+0	3.374410E+5
9.360000E-3	0.000000E+0	3.367850E+5
9.380000E-3	0.000000E+0	3.379160E+5
9.400000E-3	0.000000E+0	3.379280E+5
9.420000E-3	0.000000E+0	3.380400E+5
9.440000E-3	0.000000E+0	3.368990E+5
9.460000E-3	0.000000E+0	3.381980E+5
9.480000E-3	0.000000E+0	3.371160E+5
9.500000E-3	0.000000E+0	3.359810E+5
9.520000E-3	0.000000E+0	3.375870E+5
9.540000E-3	0.000000E+0	3.362270E+5
9.560000E-3	0.000000E+0	3.366360E+5
9.580000E-3	0.000000E+0	3.368900E+5
9.600000E-3	0.000000E+0	3.375860E+5
9.620000E-3	0.000000E+0	3.365190E+5
9.640000E-3	0.000000E+0	3.368150E+5
9.660000E-3	0.000000E+0	3.372880E+5
9.680000E-3	0.000000E+0	3.358510E+5
9.700000E-3	0.000000E+0	3.367830E+5
9.720000E-3	0.000000E+0	3.374320E+5
9.740000E-3	0.000000E+0	3.372650E+5
9.760000E-3	0.000000E+0	3.365940E+5
9.780000E-3	0.000000E+0	3.372690E+5
9.800000E-3	0.000000E+0	3.374600E+5
9.820000E-3	0.000000E+0	3.382390E+5
9.840000E-3	0.000000E+0	3.370710E+5
9.860000E-3	0.000000E+0	3.370380E+5
9.880000E-3	0.000000E+0	3.378840E+5
9.900000E-3	0.000000E+0	3.378260E+5
9.920000E-3	0.000000E+0	3.365240E+5
9.940000E-3	0.000000E+0	3.360920E+5
9.960000E-3	0.000000E+0	3.365730E+5
9.980000E-3	0.000000E+0	3.378980E+5
1.000000E-2	0.000000E+0	3.366190E+5
1.002000E-2	0.000000E+0	3.371650E+5
1.004000E-2	0.000000E+0	3.377730E+5
1.006000E-2	0.000000E+0	3.377360E+5
1.008000E-2	0.000000E+0	3.369250E+5
1.010000E-2	0.000000E+0	3.368160E+5
1.012000E-2	0.000000E+0	3.380710E+5
1.014000E-2	0.000000E+0	3.386540E+5
1.016000E-2	0.000000E+0	3.374690E+5
1.018000E-2	0.000000E+0	3.372180E+5
1.020000E-2	0.000000E+0	3.375460E+5
1.022000E-2	0.000000E+0	3.373750E+5
1.024000E-2	0.000000E+0	3.368150E+5
1.026000E-2	0.000000E+0	3.385040E+5
1.028000E-2	0.000000E+0	3.369960E+5
1.030000E-2	0.000000E+0	3.376380E+5
1.032000E-2	0.000000E+0	3.367830E+5
1.034000E-2	0.000000E+0	3.375810E+5
1.036000E-2	0.000000E+0	3.370430E+5
1.038000E-2	0.000000E+0	3.376150E+5
1.040000E-2	0.000000E+0	3.368450E+5
1.042000E-2	0.000000E+0	3.370100E+5
1.044000E-2	0.000000E+0	3.371350E+5
1.046000E-2	0.000000E+0	3.374740E+5
1.048000E-2	0.000000E+0	3.378060E+5
1.050000E-2	0.000000E+0	3.371200E+5
1.052000E-2	0.000000E+0	3.377110E+5
1.054000E-2	0.000000E+0	3.383090E+5
1.056000E-2	0.000000E+0	3.369450E+5
1.058000E-2	0.000000E+0	3.379060E+5
1.060000E-2	0.000000E+0	3.368360E+5
1.062000E-2	0.000000E+0	3.371700E+5
1.064000E-2	0.000000E+0	3.372530E+5
1.066000E-2	0.000000E+0	3.372420E+5
1.068000E-2	0.000000E+0	3.378600E+5
1.070000E-2	0.000000E+0	3.366630E+5
1.072000E-2	0.000000E+0	3.372540E+5
1.074000E-2	0.000000E+0	3.378860E+5
1.076000E-2	0.000000E+0	3.381810E+5
1.078000E-2	0.000000E+0	3.379610E+5
1.080000E-2	0.000000E+0	3.379030E+5
1.082000E-2	0.000000E+0	3.385940E+5
1.084000E-2	0.000000E+0	3.369250E+5
1.086000E-2	0.000000E+0	3.373050E+5
1.088000E-2	0.000000E+0	3.371360E+5
1.090000E-2	0.000000E+0	3.375280E+5
1.092000E-2	0.000000E+0	3.370700E+5
1.094000E-2	0.000000E+0	3.366560E+5
1.096000E-2	0.000000E+0	3.367010E+5
1.098000E-2	0.000000E+0	3.375960E+5
1.100000E-2	0.000000E+0	3.371280E+5
1.102000E-2	0.000000E+0	3.364440E+5
1.104000E-2	0.000000E+0	3.378680E+5
1.106000E-2	0.000000E+0	3.370390E+5
1.108000E-2	0.000000E+0	3.376240E+5
1.110000E-2	0.000000E+0	3.368550E+5
1.112000E-2	0.000000E+0	3.374470E+5
1.114000E-2	0.000000E+0	3.375640E+5
1.116000E-2	0.000000E+0	3.352860E+5
1.118000E-2	0.000000E+0	3.374680E+5
1.120000E-2	0.000000E+0	3.373550E+5
1.122000E-2	0.000000E+0	3.386190E+5
1.124000E-2	0.000000E+0	3.380140E+5
1.126000E-2	0.000000E+0	3.362270E+5
1.128000E-2	0.000000E+0	3.366410E+5
1.130000E-2	0.000000E+0	3.370070E+5
1.132000E-2	0.000000E+0	3.379250E+5
1.134000E-2	0.000000E+0	3.366480E+5
1.136000E-2	0.000000E+0	3.384660E+5
1.138000E-2	0.000000E+0	3.371090E+5
1.140000E-2	0.000000E+0	3.386330E+5
1.142000E-2	0.000000E+0	3.372770E+5
1.144000E-2	0.000000E+0	3.377650E+5
1.146000E-2	0.000000E+0	3.370580E+5
1.148000E-2	0.000000E+0	3.374320E+5
1.150000E-2	0.000000E+0	3.370460E+5
1.152000E-2	0.000000E+0	3.366030E+5
1.154000E-2	0.000000E+0	3.369520E+5
1.156000E-2	0.000000E+0	3.376690E+5
1.158000E-2	0.000000E+0	3.365290E+5
1.160000E-2	0.000000E+0	3.372730E+5
1.162000E-2	0.000000E+0	3.374770E+5
1.164000E-2	0.000000E+0	3.385000E+5
1.166000E-2	0.000000E+0	3.388730E+5
1.168000E-2	0.000000E+0	3.382580E+5
1.170000E-2	0.000000E+0	3.382290E+5
1.172000E-2	0.000000E+0	3.380080E+5
1.174000E-2	0.000000E+0	3.372330E+5
1.176000E-2	0.000000E+0	3.373640E+5
1.178000E-2	0.000000E+0	3.368250E+5
1.180000E-2	0.000000E+0	3.377590E+5
1.182000E-2	0.000000E+0	3.378870E+5
1.184000E-2	0.000000E+0	3.372870E+5
1.186000E-2	0.000000E+0	3.370060E+5
1.188000E-2	0.000000E+0	3.365390E+5
1.190000E-2	0.000000E+0	3.364630E+5
1.192000E-2	0.000000E+0	3.367900E+5
1.194000E-2	0.000000E+0	3.384590E+5
1.196000E-2	0.000000E+0	3.369240E+5
1.198000E-2	0.000000E+0	3.378990E+5
1.200000E-2	0.000000E+0	3.369030E+5
1.202000E-2	0.000000E+0	3.376770E+5
1.204000E-2	0.000000E+0	3.373460E+5
1.206000E-2	0.000000E+0	3.374100E+5
1.208000E-2	0.000000E+0	3.379960E+5
1.210000E-2	0.000000E+0	3.376480E+5
1.212000E-2	0.000000E+0	3.379330E+5
1.214000E-2	0.000000E+0	3.363420E+5
1.216000E-2	0.000000E+0	3.369470E+5
1.218000E-2	0.000000E+0	3.374680E+5
1.220000E-2	0.000000E+0	3.361210E+5
1.222000E-2	0.000000E+0	3.376710E+5
1.224000E-2	0.000000E+0	3.374600E+5
1.226000E-2	0.000000E+0	3.373750E+5
1.228000E-2	0.000000E+0	3.377050E+5
1.230000E-2	0.000000E+0	3.376910E+5
1.232000E-2	0.000000E+0	3.376950E+5
1.234000E-2	0.000000E+0	3.374010E+5
1.236000E-2	0.000000E+0	3.370900E+5
1.238000E-2	0.000000E+0	3.377790E+5
1.240000E-2	0.000000E+0	3.382440E+5
1.242000E-2	0.000000E+0	3.378470E+5
1.244000E-2	0.000000E+0	3.381140E+5
1.246000E-2	0.000000E+0	3.371540E+5
1.248000E-2	0.000000E+0	3.378290E+5
1.250000E-2	0.000000E+0	3.368910E+5
1.252000E-2	0.000000E+0	3.382650E+5
1.254000E-2	0.000000E+0	3.373890E+5
1.256000E-2	0.000000E+0	3.371840E+5
1.258000E-2	0.000000E+0	3.381530E+5
1.260000E-2	0.000000E+0	3.382360E+5
1.262000E-2	0.000000E+0	3.366500E+5
1.264000E-2	0.000000E+0	3.364230E+5
1.266000E-2	0.000000E+0	3.381930E+5
1.268000E-2	0.000000E+0	3.379590E+5
1.270000E-2	0.000000E+0	3.373320E+5
1.272000E-2	0.000000E+0	3.382710E+5
1.274000E-2	0.000000E+0	3.374080E+5
1.276000E-2	0.000000E+0	3.378150E+5
1.278000E-2	0.000000E+0	3.369550E+5
1.280000E-2	0.000000E+0	3.367100E+5
1.282000E-2	0.000000E+0	3.370420E+5
1.284000E-2	0.000000E+0	3.373230E+5
1.286000E-2	0.000000E+0	3.377350E+5
1.288000E-2	0.000000E+0	3.383060E+5
1.290000E-2	0.000000E+0	3.369980E+5
1.292000E-2	0.000000E+0	3.374770E+5
1.294000E-2	0.000000E+0	3.365580E+5
1.296000E-2	0.000000E+0	3.374810E+5
1.298000E-2	0.000000E+0	3.374790E+5
1.300000E-2	0.000000E+0	3.375410E+5
1.302000E-2	0.000000E+0	3.377960E+5
1.304000E-2	0.000000E+0	3.371750E+5
1.306000E-2	0.000000E+0	3.370480E+5
1.308000E-2	0.000000E+0	3.383850E+5
1.310000E-2	0.000000E+0	3.375890E+5
1.312000E-2	0.000000E+0	3.379160E+5
1.314000E-2	0.000000E+0	3.381850E+5
1.316000E-2	0.000000E+0	3.374970E+5
1.318000E-2	0.000000E+0	3.368410E+5
1.320000E-2	0.000000E+0	3.375640E+5
1.322000E-2	0.000000E+0	3.378250E+5
1.324000E-2	0.000000E+0	3.366870E+5
1.326000E-2	0.000000E+0	3.385720E+5
1.328000E-2	0.000000E+0	3.380670E+5
1.330000E-2	0.000000E+0	3.367600E+5
1.332000E-2	0.000000E+0	3.368890E+5
1.334000E-2	0.000000E+0	3.373860E+5
1.336000E-2	0.000000E+0	3.376590E+5
1.338000E-2	0.000000E+0	3.375110E+5
1.340000E-2	0.000000E+0	3.364390E+5
1.342000E-2	0.000000E+0	3.367990E+5
1.344000E-2	0.000000E+0	3.365430E+5
1.346000E-2	0.000000E+0	3.361880E+5
1.348000E-2	0.000000E+0	3.378020E+5
1.350000E-2	0.000000E+0	3.371590E+5
1.352000E-2	0.000000E+0	3.383720E+5
1.354000E-2	0.000000E+0	3.378460E+5
1.356000E-2	0.000000E+0	3.378730E+5
1.358000E-2	0.000000E+0	3.372400E+5
1.360000E-2	0.000000E+0	3.368560E+5
1.362000E-2	0.000000E+0	3.376720E+5
1.364000E-2	0.000000E+0	3.363150E+5
1.366000E-2	0.000000E+0	3.372290E+5
1.368000E-2	0.000000E+0	3.376070E+5
1.370000E-2	0.000000E+0	3.376130E+5
1.372000E-2	0.000000E+0	3.372370E+5
1.374000E-2	0.000000E+0	3.370890E+5
1.376000E-2	0.000000E+0	3.368430E+5
1.378000E-2	0.000000E+0	3.366550E+5
1.380000E-2	0.000000E+0	3.373230E+5
1.382000E-2	0.000000E+0	3.363840E+5
1.384000E-2	0.000000E+0	3.368470E+5
1.386000E-2	0.000000E+0	3.371240E+5
1.388000E-2	0.000000E+0	3.370050E+5
1.390000E-2	0.000000E+0	3.377200E+5
1.392000E-2	0.000000E+0	3.386430E+5
1.394000E-2	0.000000E+0	3.374680E+5
1.396000E-2	0.000000E+0	3.374000E+5
1.398000E-2	0.000000E+0	3.378920E+5
1.400000E-2	0.000000E+0	3.383150E+5
1.402000E-2	0.000000E+0	3.368410E+5
1.404000E-2	0.000000E+0	3.384790E+5
1.406000E-2	0.000000E+0	3.371680E+5
1.408000E-2	0.000000E+0	3.370190E+5
1.410000E-2	0.000000E+0	3.372490E+5
1.412000E-2	0.000000E+0	3.374310E+5
1.414000E-2	0.000000E+0	3.369660E+5
1.416000E-2	0.000000E+0	3.367130E+5
1.418000E-2	0.000000E+0	3.371170E+5
1.420000E-2	0.000000E+0	3.372360E+5
1.422000E-2	0.000000E+0	3.373040E+5
1.424000E-2	0.000000E+0	3.361290E+5
1.426000E-2	0.000000E+0	3.361030E+5
1.428000E-2	0.000000E+0	3.371450E+5
1.430000E-2	0.000000E+0	3.369760E+5
1.432000E-2	0.000000E+0	3.377550E+5
1.434000E-2	0.000000E+0	3.369780E+5
1.436000E-2	0.000000E+0	3.376130E+5
1.438000E-2	0.000000E+0	3.375570E+5
1.440000E-2	0.000000E+0	3.381310E+5
1.442000E-2	0.000000E+0	3.372760E+5
1.444000E-2	0.000000E+0	3.362380E+5
1.446000E-2	0.000000E+0	3.373340E+5
1.448000E-2	0.000000E+0	3.373940E+5
1.450000E-2	0.000000E+0	3.372380E+5
1.452000E-2	0.000000E+0	3.375850E+5
1.454000E-2	0.000000E+0	3.371680E+5
1.456000E-2	0.000000E+0	3.377880E+5
1.458000E-2	0.000000E+0	3.362280E+5
1.460000E-2	0.000000E+0	3.382040E+5
1.462000E-2	0.000000E+0	3.360630E+5
1.464000E-2	0.000000E+0	3.378110E+5
1.466000E-2	0.000000E+0	3.371550E+5
1.468000E-2	0.000000E+0	3.378340E+5
1.470000E-2	0.000000E+0	3.369930E+5
1.472000E-2	0.000000E+0	3.369370E+5
1.474000E-2	0.000000E+0	3.371190E+5
1.476000E-2	0.000000E+0	3.384090E+5
1.478000E-2	0.000000E+0	3.382070E+5
1.480000E-2	0.000000E+0	3.369130E+5
1.482000E-2	0.000000E+0	3.365130E+5
1.484000E-2	0.000000E+0	3.375680E+5
1.486000E-2	0.000000E+0	3.369930E+5
1.488000E-2	0.000000E+0	3.366490E+5
1.490000E-2	0.000000E+0	3.361560E+5
1.492000E-2	0.000000E+0	3.357650E+5
1.494000E-2	0.000000E+0	3.339840E+5
1.496000E-2	0.000000E+0	3.333030E+5
1.498000E-2	0.000000E+0	3.332250E+5
1.500000E-2	0.000000E+0	3.324810E+5
1.502000E-2	0.000000E+0	3.321550E+5
1.504000E-2	0.000000E+0	3.314980E+5
1.506000E-2	0.000000E+0	3.314490E+5
1.508000E-2	0.000000E+0	3.303700E+5
1.510000E-2	0.000000E+0	3.289930E+5
1.512000E-2	0.000000E+0	3.281000E+5
1.514000E-2	0.000000E+0	3.280950E+5
1.516000E-2	0.000000E+0	3.284960E+5
1.518000E-2	0.000000E+0	3.290870E+5
1.520000E-2	0.000000E+0	3.301290E+5
1.522000E-2	0.000000E+0	3.313280E+5
1.524000E-2	0.000000E+0	3.335050E+5
1.526000E-2	0.000000E+0	3.337020E+5
1.528000E-2	0.000000E+0	3.353520E+5
1.530000E-2	0.000000E+0	3.346780E+5
1.532000E-2	0.000000E+0	3.356970E+5
1.534000E-2	0.000000E+0	3.362040E+5
1.536000E-2	0.000000E+0	3.358250E+5
1.538000E-2	0.000000E+0	3.370750E+5
1.540000E-2	0.000000E+0	3.363970E+5
1.542000E-2	0.000000E+0	3.366470E+5
1.544000E-2	0.000000E+0	3.361700E+5
1.546000E-2	0.000000E+0	3.360960E+5
1.548000E-2	0.000000E+0	3.364110E+5
1.550000E-2	0.000000E+0	3.359910E+5
1.552000E-2	0.000000E+0	3.371280E+5
1.554000E-2	0.000000E+0	3.360770E+5
1.556000E-2	0.000000E+0	3.342940E+5
1.558000E-2	0.000000E+0	3.338060E+5
1.560000E-2	0.000000E+0	3.341140E+5
1.562000E-2	0.000000E+0	3.328520E+5
1.564000E-2	0.000000E+0	3.319980E+5
1.566000E-2	0.000000E+0	3.314410E+5
1.568000E-2	0.000000E+0	3.307980E+5
1.570000E-2	0.000000E+0	3.306190E+5
1.572000E-2	0.000000E+0	3.297580E+5
1.574000E-2	0.000000E+0	3.295660E+5
1.576000E-2	0.000000E+0	3.290940E+5
1.578000E-2	0.000000E+0	3.267480E+5
1.580000E-2	0.000000E+0	3.284070E+5
1.582000E-2	0.000000E+0	3.288050E+5
1.584000E-2	0.000000E+0	3.298130E+5
1.586000E-2	0.000000E+0	3.308970E+5
1.588000E-2	0.000000E+0	3.326480E+5
1.590000E-2	0.000000E+0	3.331510E+5
1.592000E-2	0.000000E+0	3.339450E+5
1.594000E-2	0.000000E+0	3.339880E+5
1.596000E-2	0.000000E+0	3.351060E+5
1.598000E-2	0.000000E+0	3.365630E+5
1.600000E-2	0.000000E+0	3.377180E+5
1.602000E-2	0.000000E+0	3.371630E+5
1.604000E-2	0.000000E+0	3.362680E+5
1.606000E-2	0.000000E+0	3.362950E+5
1.608000E-2	0.000000E+0	3.365840E+5
1.610000E-2	0.000000E+0	3.373810E+5
1.612000E-2	0.000000E+0	3.373180E+5
1.614000E-2	0.000000E+0	3.375240E+5
1.616000E-2	0.000000E+0	3.379880E+5
1.618000E-2	0.000000E+0	3.370300E+5
1.620000E-2	0.000000E+0	3.368580E+5
1.622000E-2	0.000000E+0	3.369180E+5
1.624000E-2	0.000000E+0	3.368470E+5
1.626000E-2	0.000000E+0	3.370940E+5
1.628000E-2	0.000000E+0	3.383760E+5
1.630000E-2	0.000000E+0	3.370420E+5
1.632000E-2	0.000000E+0	3.375480E+5
1.634000E-2	0.000000E+0	3.378900E+5
1.636000E-2	0.000000E+0	3.384310E+5
1.638000E-2	0.000000E+0	3.373860E+5
1.640000E-2	0.000000E+0	3.372780E+5
1.642000E-2	0.000000E+0	3.373800E+5
1.644000E-2	0.000000E+0	3.368140E+5
1.646000E-2	0.000000E+0	3.373570E+5
1.648000E-2	0.000000E+0	3.362990E+5
1.650000E-2	0.000000E+0	3.372130E+5
1.652000E-2	0.000000E+0	3.380530E+5
1.654000E-2	0.000000E+0	3.370990E+5
1.656000E-2	0.000000E+0	3.369590E+5
1.658000E-2	0.000000E+0	3.375060E+5
1.660000E-2	0.000000E+0	3.376250E+5
1.662000E-2	0.000000E+0	3.369500E+5
1.664000E-2	0.000000E+0	3.375960E+5
1.666000E-2	0.000000E+0	3.373610E+5
1.668000E-2	0.000000E+0	3.364680E+5
1.670000E-2	0.000000E+0	3.368180E+5
1.672000E-2	0.000000E+0	3.378600E+5
1.674000E-2	0.000000E+0	3.366050E+5
1.676000E-2	0.000000E+0	3.366420E+5
1.678000E-2	0.000000E+0	3.361710E+5
1.680000E-2	0.000000E+0	3.375230E+5
1.682000E-2	0.000000E+0	3.368930E+5
1.684000E-2	0.000000E+0	3.376750E+5
1.686000E-2	0.000000E+0	3.379450E+5
1.688000E-2	0.000000E+0	3.371570E+5
1.690000E-2	0.000000E+0	3.370820E+5
1.692000E-2	0.000000E+0	3.373430E+5
1.694000E-2	0.000000E+0	3.368210E+5
1.696000E-2	0.000000E+0	3.360850E+5
1.698000E-2	0.000000E+0	3.365190E+5
1.700000E-2	0.000000E+0	3.371720E+5
1.702000E-2	0.000000E+0	3.376530E+5
1.704000E-2	0.000000E+0	3.377280E+5
1.706000E-2	0.000000E+0	3.388170E+5
1.708000E-2	0.000000E+0	3.368600E+5
1.710000E-2	0.000000E+0	3.373380E+5
1.712000E-2	0.000000E+0	3.370300E+5
1.714000E-2	0.000000E+0	3.371040E+5
1.716000E-2	0.000000E+0	3.375970E+5
1.718000E-2	0.000000E+0	3.368980E+5
1.720000E-2	0.000000E+0	3.381600E+5
1.722000E-2	0.000000E+0	3.378690E+5
1.724000E-2	0.000000E+0	3.370900E+5
1.726000E-2	0.000000E+0	3.369200E+5
1.728000E-2	0.000000E+0	3.371310E+5
1.730000E-2	0.000000E+0	3.369290E+5
1.732000E-2	0.000000E+0	3.366130E+5
1.734000E-2	0.000000E+0	3.372180E+5
1.736000E-2	0.000000E+0	3.381270E+5
1.738000E-2	0.000000E+0	3.380450E+5
1.740000E-2	0.000000E+0	3.371740E+5
1.742000E-2	0.000000E+0	3.360090E+5
1.744000E-2	0.000000E+0	3.374200E+5
1.746000E-2	0.000000E+0	3.372330E+5
1.748000E-2	0.000000E+0	3.373090E+5
1.750000E-2	0.000000E+0	3.372980E+5
1.752000E-2	0.000000E+0	3.376510E+5
1.754000E-2	0.000000E+0	3.361550E+5
1.756000E-2	0.000000E+0	3.365450E+5
1.758000E-2	0.000000E+0	3.381590E+5
1.760000E-2	0.000000E+0	3.372960E+5
1.762000E-2	0.000000E+0	3.376900E+5
1.764000E-2	0.000000E+0	3.382550E+5
1.766000E-2	0.000000E+0	3.376000E+5
1.768000E-2	0.000000E+0	3.378760E+5
1.770000E-2	0.000000E+0	3.370370E+5
1.772000E-2	0.000000E+0	3.384260E+5
1.774000E-2	0.000000E+0	3.374590E+5
1.776000E-2	0.000000E+0	3.367610E+5
1.778000E-2	0.000000E+0	3.378140E+5
1.780000E-2	0.000000E+0	3.371300E+5
1.782000E-2	0.000000E+0	3.373810E+5
1.784000E-2	0.000000E+0	3.369340E+5
1.786000E-2	0.000000E+0	3.375030E+5
1.788000E-2	0.000000E+0	3.371110E+5
1.790000E-2	0.000000E+0	3.374250E+5
1.792000E-2	0.000000E+0	3.365080E+5
1.794000E-2	0.000000E+0	3.375980E+5
1.796000E-2	0.000000E+0	3.376150E+5
1.798000E-2	0.000000E+0	3.380510E+5
1.800000E-2	0.000000E+0	3.368110E+5
1.802000E-2	0.000000E+0	3.371770E+5
1.804000E-2	0.000000E+0	3.366630E+5
1.806000E-2	0.000000E+0	3.370230E+5
1.808000E-2	0.000000E+0	3.371280E+5
1.810000E-2	0.000000E+0	3.379890E+5
1.812000E-2	0.000000E+0	3.378780E+5
1.814000E-2	0.000000E+0	3.380150E+5
1.816000E-2	0.000000E+0	3.379940E+5
1.818000E-2	0.000000E+0	3.369130E+5
1.820000E-2	0.000000E+0	3.385240E+5
1.822000E-2	0.000000E+0	3.366030E+5
1.824000E-2	0.000000E+0	3.375070E+5
1.826000E-2	0.000000E+0	3.379560E+5
1.828000E-2	0.000000E+0	3.370830E+5
1.830000E-2	0.000000E+0	3.367140E+5
1.832000E-2	0.000000E+0	3.370530E+5
1.834000E-2	0.000000E+0	3.365980E+5
1.836000E-2	0.000000E+0	3.380750E+5
1.838000E-2	0.000000E+0	3.372380E+5
1.840000E-2	0.000000E+0	3.368390E+5
1.842000E-2	0.000000E+0	3.371680E+5
1.844000E-2	0.000000E+0	3.369010E+5
1.846000E-2	0.000000E+0	3.362420E+5
1.848000E-2	0.000000E+0	3.381790E+5
1.850000E-2	0.000000E+0	3.377950E+5
1.852000E-2	0.000000E+0	3.381360E+5
1.854000E-2	0.000000E+0	3.384360E+5
1.856000E-2	0.000000E+0	3.366670E+5
1.858000E-2	0.000000E+0	3.369560E+5
1.860000E-2	0.000000E+0	3.378240E+5
1.862000E-2	0.000000E+0	3.371960E+5
1.864000E-2	0.000000E+0	3.364620E+5
1.866000E-2	0.000000E+0	3.373490E+5
1.868000E-2	0.000000E+0	3.367270E+5
1.870000E-2	0.000000E+0	3.373490E+5
1.872000E-2	0.000000E+0	3.381040E+5
1.874000E-2	0.000000E+0	3.361180E+5
1.876000E-2	0.000000E+0	3.371350E+5
1.878000E-2	0.000000E+0	3.370290E+5
1.880000E-2	0.000000E+0	3.370440E+5
1.882000E-2	0.000000E+0	3.372690E+5
1.884000E-2	0.000000E+0	3.374150E+5
1.886000E-2	0.000000E+0	3.379070E+5
1.888000E-2	0.000000E+0	3.366950E+5
1.890000E-2	0.000000E+0	3.369390E+5
1.892000E-2	0.000000E+0	3.383620E+5
1.894000E-2	0.000000E+0	3.373250E+5
1.896000E-2	0.000000E+0	3.376680E+5
1.898000E-2	0.000000E+0	3.375400E+5
1.900000E-2	0.000000E+0	3.368780E+5
1.902000E-2	0.000000E+0	3.370220E+5
1.904000E-2	0.000000E+0	3.374880E+5
1.906000E-2	0.000000E+0	3.376060E+5
1.908000E-2	0.000000E+0	3.375030E+5
1.910000E-2	0.000000E+0	3.363950E+5
1.912000E-2	0.000000E+0	3.368890E+5
1.914000E-2	0.000000E+0	3.372520E+5
1.916000E-2	0.000000E+0	3.364790E+5
1.918000E-2	0.000000E+0	3.367090E+5
1.920000E-2	0.000000E+0	3.377430E+5
1.922000E-2	0.000000E+0	3.371410E+5
1.924000E-2	0.000000E+0	3.372560E+5
1.926000E-2	0.000000E+0	3.377580E+5
1.928000E-2	0.000000E+0	3.380740E+5
1.930000E-2	0.000000E+0	3.372520E+5
1.932000E-2	0.000000E+0	3.369490E+5
1.934000E-2	0.000000E+0	3.372150E+5
1.936000E-2	0.000000E+0	3.367600E+5
1.938000E-2	0.000000E+0	3.377060E+5
1.940000E-2	0.000000E+0	3.367070E+5
1.942000E-2	0.000000E+0	3.386300E+5
1.944000E-2	0.000000E+0	3.380550E+5
1.946000E-2	0.000000E+0	3.365390E+5
1.948000E-2	0.000000E+0	3.376820E+5
1.950000E-2	0.000000E+0	3.371780E+5
1.952000E-2	0.000000E+0	3.380090E+5
1.954000E-2	0.000000E+0	3.373680E+5
1.956000E-2	0.000000E+0	3.377730E+5
1.958000E-2	0.000000E+0	3.372960E+5
1.960000E-2	0.000000E+0	3.375520E+5
1.962000E-2	0.000000E+0	3.367630E+5
1.964000E-2	0.000000E+0	3.380090E+5
1.966000E-2	0.000000E+0	3.376680E+5
1.968000E-2	0.000000E+0	3.370310E+5
1.970000E-2	0.000000E+0	3.372840E+5
1.972000E-2	0.000000E+0	3.374900E+5
1.974000E-2	0.000000E+0	3.374340E+5
1.976000E-2	0.000000E+0	3.361520E+5
1.978000E-2	0.000000E+0	3.368050E+5
1.980000E-2	0.000000E+0	3.376700E+5
1.982000E-2	0.000000E+0	3.372670E+5
1.984000E-2	0.000000E+0	3.374200E+5
1.986000E-2	0.000000E+0	3.365240E+5
1.988000E-2	0.000000E+0	3.361820E+5
1.990000E-2	0.000000E+0	3.369080E+5
1.992000E-2	0.000000E+0	3.368310E+5
1.994000E-2	0.000000E+0	3.381590E+5
1.996000E-2	0.000000E+0	3.364720E+5
1.998000E-2	0.000000E+0	3.375840E+5
