

live time:  109271.960000
real time:  151201.442000
sweeps:  5463598.000000
0.000000E+0	0.000000E+0	0.000000E+0
2.000000E-5	0.000000E+0	2.397030E+5
4.000000E-5	0.000000E+0	2.402950E+5
6.000000E-5	0.000000E+0	2.395290E+5
8.000000E-5	0.000000E+0	2.403540E+5
1.000000E-4	0.000000E+0	2.395830E+5
1.200000E-4	0.000000E+0	2.395340E+5
1.400000E-4	0.000000E+0	2.400310E+5
1.600000E-4	0.000000E+0	2.403430E+5
1.800000E-4	0.000000E+0	2.396830E+5
2.000000E-4	0.000000E+0	2.403410E+5
2.200000E-4	0.000000E+0	2.396770E+5
2.400000E-4	0.000000E+0	2.394600E+5
2.600000E-4	0.000000E+0	2.391680E+5
2.800000E-4	0.000000E+0	2.397950E+5
3.000000E-4	0.000000E+0	2.404240E+5
3.200000E-4	0.000000E+0	2.399820E+5
3.400000E-4	0.000000E+0	2.397610E+5
3.600000E-4	0.000000E+0	2.400260E+5
3.800000E-4	0.000000E+0	2.393520E+5
4.000000E-4	0.000000E+0	2.395310E+5
4.200000E-4	0.000000E+0	2.399660E+5
4.400000E-4	0.000000E+0	2.391450E+5
4.600000E-4	0.000000E+0	2.407100E+5
4.800000E-4	0.000000E+0	2.394980E+5
5.000000E-4	0.000000E+0	2.400930E+5
5.200000E-4	0.000000E+0	2.400020E+5
5.400000E-4	0.000000E+0	2.398380E+5
5.600000E-4	0.000000E+0	2.391970E+5
5.800000E-4	0.000000E+0	2.402630E+5
6.000000E-4	0.000000E+0	2.402960E+5
6.200000E-4	0.000000E+0	2.393640E+5
6.400000E-4	0.000000E+0	2.405540E+5
6.600000E-4	0.000000E+0	2.393890E+5
6.800000E-4	0.000000E+0	2.395240E+5
7.000000E-4	0.000000E+0	2.399050E+5
7.200000E-4	0.000000E+0	2.406360E+5
7.400000E-4	0.000000E+0	2.391590E+5
7.600000E-4	0.000000E+0	2.397610E+5
7.800000E-4	0.000000E+0	2.390810E+5
8.000000E-4	0.000000E+0	2.398310E+5
8.200000E-4	0.000000E+0	2.402300E+5
8.400000E-4	0.000000E+0	2.399410E+5
8.600000E-4	0.000000E+0	2.406690E+5
8.800000E-4	0.000000E+0	2.390080E+5
9.000000E-4	0.000000E+0	2.406480E+5
9.200000E-4	0.000000E+0	2.395160E+5
9.400000E-4	0.000000E+0	2.397090E+5
9.600000E-4	0.000000E+0	2.387090E+5
9.800000E-4	0.000000E+0	2.406930E+5
1.000000E-3	0.000000E+0	2.399880E+5
1.020000E-3	0.000000E+0	2.396520E+5
1.040000E-3	0.000000E+0	2.397330E+5
1.060000E-3	0.000000E+0	2.396190E+5
1.080000E-3	0.000000E+0	2.397210E+5
1.100000E-3	0.000000E+0	2.391230E+5
1.120000E-3	0.000000E+0	2.400300E+5
1.140000E-3	0.000000E+0	2.392960E+5
1.160000E-3	0.000000E+0	2.389990E+5
1.180000E-3	0.000000E+0	2.393450E+5
1.200000E-3	0.000000E+0	2.402500E+5
1.220000E-3	0.000000E+0	2.404290E+5
1.240000E-3	0.000000E+0	2.398160E+5
1.260000E-3	0.000000E+0	2.396520E+5
1.280000E-3	0.000000E+0	2.406040E+5
1.300000E-3	0.000000E+0	2.390750E+5
1.320000E-3	0.000000E+0	2.403840E+5
1.340000E-3	0.000000E+0	2.395950E+5
1.360000E-3	0.000000E+0	2.394410E+5
1.380000E-3	0.000000E+0	2.401280E+5
1.400000E-3	0.000000E+0	2.398300E+5
1.420000E-3	0.000000E+0	2.402150E+5
1.440000E-3	0.000000E+0	2.393000E+5
1.460000E-3	0.000000E+0	2.390530E+5
1.480000E-3	0.000000E+0	2.401640E+5
1.500000E-3	0.000000E+0	2.400910E+5
1.520000E-3	0.000000E+0	2.399420E+5
1.540000E-3	0.000000E+0	2.402780E+5
1.560000E-3	0.000000E+0	2.395420E+5
1.580000E-3	0.000000E+0	2.399520E+5
1.600000E-3	0.000000E+0	2.395380E+5
1.620000E-3	0.000000E+0	2.397690E+5
1.640000E-3	0.000000E+0	2.391420E+5
1.660000E-3	0.000000E+0	2.409030E+5
1.680000E-3	0.000000E+0	2.390850E+5
1.700000E-3	0.000000E+0	2.388820E+5
1.720000E-3	0.000000E+0	2.401550E+5
1.740000E-3	0.000000E+0	2.407950E+5
1.760000E-3	0.000000E+0	2.403010E+5
1.780000E-3	0.000000E+0	2.406590E+5
1.800000E-3	0.000000E+0	2.403310E+5
1.820000E-3	0.000000E+0	2.397400E+5
1.840000E-3	0.000000E+0	2.398120E+5
1.860000E-3	0.000000E+0	2.401280E+5
1.880000E-3	0.000000E+0	2.399470E+5
1.900000E-3	0.000000E+0	2.394040E+5
1.920000E-3	0.000000E+0	2.398220E+5
1.940000E-3	0.000000E+0	2.398650E+5
1.960000E-3	0.000000E+0	2.397930E+5
1.980000E-3	0.000000E+0	2.402620E+5
2.000000E-3	0.000000E+0	2.395030E+5
2.020000E-3	0.000000E+0	2.396800E+5
2.040000E-3	0.000000E+0	2.393650E+5
2.060000E-3	0.000000E+0	2.402770E+5
2.080000E-3	0.000000E+0	2.407290E+5
2.100000E-3	0.000000E+0	2.408520E+5
2.120000E-3	0.000000E+0	2.399000E+5
2.140000E-3	0.000000E+0	2.397940E+5
2.160000E-3	0.000000E+0	2.393600E+5
2.180000E-3	0.000000E+0	2.403420E+5
2.200000E-3	0.000000E+0	2.399890E+5
2.220000E-3	0.000000E+0	2.401550E+5
2.240000E-3	0.000000E+0	2.399230E+5
2.260000E-3	0.000000E+0	2.403530E+5
2.280000E-3	0.000000E+0	2.399890E+5
2.300000E-3	0.000000E+0	2.400870E+5
2.320000E-3	0.000000E+0	2.394910E+5
2.340000E-3	0.000000E+0	2.398440E+5
2.360000E-3	0.000000E+0	2.400020E+5
2.380000E-3	0.000000E+0	2.401620E+5
2.400000E-3	0.000000E+0	2.394270E+5
2.420000E-3	0.000000E+0	2.397420E+5
2.440000E-3	0.000000E+0	2.388260E+5
2.460000E-3	0.000000E+0	2.395920E+5
2.480000E-3	0.000000E+0	2.409200E+5
2.500000E-3	0.000000E+0	2.400130E+5
2.520000E-3	0.000000E+0	2.404840E+5
2.540000E-3	0.000000E+0	2.392890E+5
2.560000E-3	0.000000E+0	2.397590E+5
2.580000E-3	0.000000E+0	2.395170E+5
2.600000E-3	0.000000E+0	2.407310E+5
2.620000E-3	0.000000E+0	2.393810E+5
2.640000E-3	0.000000E+0	2.394380E+5
2.660000E-3	0.000000E+0	2.405360E+5
2.680000E-3	0.000000E+0	2.399170E+5
2.700000E-3	0.000000E+0	2.401950E+5
2.720000E-3	0.000000E+0	2.398560E+5
2.740000E-3	0.000000E+0	2.404910E+5
2.760000E-3	0.000000E+0	2.398820E+5
2.780000E-3	0.000000E+0	2.401270E+5
2.800000E-3	0.000000E+0	2.396190E+5
2.820000E-3	0.000000E+0	2.394830E+5
2.840000E-3	0.000000E+0	2.392700E+5
2.860000E-3	0.000000E+0	2.404720E+5
2.880000E-3	0.000000E+0	2.402050E+5
2.900000E-3	0.000000E+0	2.404150E+5
2.920000E-3	0.000000E+0	2.394140E+5
2.940000E-3	0.000000E+0	2.399890E+5
2.960000E-3	0.000000E+0	2.403770E+5
2.980000E-3	0.000000E+0	2.389670E+5
3.000000E-3	0.000000E+0	2.401510E+5
3.020000E-3	0.000000E+0	2.399340E+5
3.040000E-3	0.000000E+0	2.401990E+5
3.060000E-3	0.000000E+0	2.410870E+5
3.080000E-3	0.000000E+0	2.398770E+5
3.100000E-3	0.000000E+0	2.392060E+5
3.120000E-3	0.000000E+0	2.398040E+5
3.140000E-3	0.000000E+0	2.400780E+5
3.160000E-3	0.000000E+0	2.399330E+5
3.180000E-3	0.000000E+0	2.404040E+5
3.200000E-3	0.000000E+0	2.401470E+5
3.220000E-3	0.000000E+0	2.401040E+5
3.240000E-3	0.000000E+0	2.398570E+5
3.260000E-3	0.000000E+0	2.401440E+5
3.280000E-3	0.000000E+0	2.397410E+5
3.300000E-3	0.000000E+0	2.396290E+5
3.320000E-3	0.000000E+0	2.398970E+5
3.340000E-3	0.000000E+0	2.400990E+5
3.360000E-3	0.000000E+0	2.395610E+5
3.380000E-3	0.000000E+0	2.396070E+5
3.400000E-3	0.000000E+0	2.398650E+5
3.420000E-3	0.000000E+0	2.403780E+5
3.440000E-3	0.000000E+0	2.393570E+5
3.460000E-3	0.000000E+0	2.403710E+5
3.480000E-3	0.000000E+0	2.397410E+5
3.500000E-3	0.000000E+0	2.404670E+5
3.520000E-3	0.000000E+0	2.394380E+5
3.540000E-3	0.000000E+0	2.397660E+5
3.560000E-3	0.000000E+0	2.395520E+5
3.580000E-3	0.000000E+0	2.394860E+5
3.600000E-3	0.000000E+0	2.395200E+5
3.620000E-3	0.000000E+0	2.385670E+5
3.640000E-3	0.000000E+0	2.401090E+5
3.660000E-3	0.000000E+0	2.398620E+5
3.680000E-3	0.000000E+0	2.396900E+5
3.700000E-3	0.000000E+0	2.391550E+5
3.720000E-3	0.000000E+0	2.401160E+5
3.740000E-3	0.000000E+0	2.397320E+5
3.760000E-3	0.000000E+0	2.398110E+5
3.780000E-3	0.000000E+0	2.396370E+5
3.800000E-3	0.000000E+0	2.397020E+5
3.820000E-3	0.000000E+0	2.392030E+5
3.840000E-3	0.000000E+0	2.397240E+5
3.860000E-3	0.000000E+0	2.397580E+5
3.880000E-3	0.000000E+0	2.392590E+5
3.900000E-3	0.000000E+0	2.397970E+5
3.920000E-3	0.000000E+0	2.409820E+5
3.940000E-3	0.000000E+0	2.403620E+5
3.960000E-3	0.000000E+0	2.400440E+5
3.980000E-3	0.000000E+0	2.394080E+5
4.000000E-3	0.000000E+0	2.400610E+5
4.020000E-3	0.000000E+0	2.401800E+5
4.040000E-3	0.000000E+0	2.395810E+5
4.060000E-3	0.000000E+0	2.401590E+5
4.080000E-3	0.000000E+0	2.401120E+5
4.100000E-3	0.000000E+0	2.401730E+5
4.120000E-3	0.000000E+0	2.397650E+5
4.140000E-3	0.000000E+0	2.398320E+5
4.160000E-3	0.000000E+0	2.403710E+5
4.180000E-3	0.000000E+0	2.391320E+5
4.200000E-3	0.000000E+0	2.394770E+5
4.220000E-3	0.000000E+0	2.393490E+5
4.240000E-3	0.000000E+0	2.397320E+5
4.260000E-3	0.000000E+0	2.389320E+5
4.280000E-3	0.000000E+0	2.400620E+5
4.300000E-3	0.000000E+0	2.394870E+5
4.320000E-3	0.000000E+0	2.396240E+5
4.340000E-3	0.000000E+0	2.393070E+5
4.360000E-3	0.000000E+0	2.398680E+5
4.380000E-3	0.000000E+0	2.386170E+5
4.400000E-3	0.000000E+0	2.400140E+5
4.420000E-3	0.000000E+0	2.398810E+5
4.440000E-3	0.000000E+0	2.393480E+5
4.460000E-3	0.000000E+0	2.394560E+5
4.480000E-3	0.000000E+0	2.392540E+5
4.500000E-3	0.000000E+0	2.394590E+5
4.520000E-3	0.000000E+0	2.394500E+5
4.540000E-3	0.000000E+0	2.393900E+5
4.560000E-3	0.000000E+0	2.387330E+5
4.580000E-3	0.000000E+0	2.393800E+5
4.600000E-3	0.000000E+0	2.392970E+5
4.620000E-3	0.000000E+0	2.392750E+5
4.640000E-3	0.000000E+0	2.397580E+5
4.660000E-3	0.000000E+0	2.397720E+5
4.680000E-3	0.000000E+0	2.395820E+5
4.700000E-3	0.000000E+0	2.400700E+5
4.720000E-3	0.000000E+0	2.400390E+5
4.740000E-3	0.000000E+0	2.386210E+5
4.760000E-3	0.000000E+0	2.397310E+5
4.780000E-3	0.000000E+0	2.388430E+5
4.800000E-3	0.000000E+0	2.397750E+5
4.820000E-3	0.000000E+0	2.393300E+5
4.840000E-3	0.000000E+0	2.397950E+5
4.860000E-3	0.000000E+0	2.386390E+5
4.880000E-3	0.000000E+0	2.380040E+5
4.900000E-3	0.000000E+0	2.383150E+5
4.920000E-3	0.000000E+0	2.370760E+5
4.940000E-3	0.000000E+0	2.363710E+5
4.960000E-3	0.000000E+0	2.360970E+5
4.980000E-3	0.000000E+0	2.367600E+5
5.000000E-3	0.000000E+0	2.355500E+5
5.020000E-3	0.000000E+0	2.359650E+5
5.040000E-3	0.000000E+0	2.347350E+5
5.060000E-3	0.000000E+0	2.333020E+5
5.080000E-3	0.000000E+0	2.324130E+5
5.100000E-3	0.000000E+0	2.328780E+5
5.120000E-3	0.000000E+0	2.327820E+5
5.140000E-3	0.000000E+0	2.331300E+5
5.160000E-3	0.000000E+0	2.340310E+5
5.180000E-3	0.000000E+0	2.347970E+5
5.200000E-3	0.000000E+0	2.354320E+5
5.220000E-3	0.000000E+0	2.363370E+5
5.240000E-3	0.000000E+0	2.362640E+5
5.260000E-3	0.000000E+0	2.383190E+5
5.280000E-3	0.000000E+0	2.370240E+5
5.300000E-3	0.000000E+0	2.385020E+5
5.320000E-3	0.000000E+0	2.390980E+5
5.340000E-3	0.000000E+0	2.388000E+5
5.360000E-3	0.000000E+0	2.399290E+5
5.380000E-3	0.000000E+0	2.389170E+5
5.400000E-3	0.000000E+0	2.400630E+5
5.420000E-3	0.000000E+0	2.395370E+5
5.440000E-3	0.000000E+0	2.385630E+5
5.460000E-3	0.000000E+0	2.387360E+5
5.480000E-3	0.000000E+0	2.389390E+5
5.500000E-3	0.000000E+0	2.391230E+5
5.520000E-3	0.000000E+0	2.385550E+5
5.540000E-3	0.000000E+0	2.386020E+5
5.560000E-3	0.000000E+0	2.380290E+5
5.580000E-3	0.000000E+0	2.376010E+5
5.600000E-3	0.000000E+0	2.359900E+5
5.620000E-3	0.000000E+0	2.355950E+5
5.640000E-3	0.000000E+0	2.359240E+5
5.660000E-3	0.000000E+0	2.362390E+5
5.680000E-3	0.000000E+0	2.360070E+5
5.700000E-3	0.000000E+0	2.343490E+5
5.720000E-3	0.000000E+0	2.337260E+5
5.740000E-3	0.000000E+0	2.330020E+5
5.760000E-3	0.000000E+0	2.332670E+5
5.780000E-3	0.000000E+0	2.337780E+5
5.800000E-3	0.000000E+0	2.338980E+5
5.820000E-3	0.000000E+0	2.346590E+5
5.840000E-3	0.000000E+0	2.357300E+5
5.860000E-3	0.000000E+0	2.358110E+5
5.880000E-3	0.000000E+0	2.371250E+5
5.900000E-3	0.000000E+0	2.381300E+5
5.920000E-3	0.000000E+0	2.383160E+5
5.940000E-3	0.000000E+0	2.376640E+5
5.960000E-3	0.000000E+0	2.386130E+5
5.980000E-3	0.000000E+0	2.391330E+5
6.000000E-3	0.000000E+0	2.391630E+5
6.020000E-3	0.000000E+0	2.397700E+5
6.040000E-3	0.000000E+0	2.396190E+5
6.060000E-3	0.000000E+0	2.393180E+5
6.080000E-3	0.000000E+0	2.394890E+5
6.100000E-3	0.000000E+0	2.392180E+5
6.120000E-3	0.000000E+0	2.396900E+5
6.140000E-3	0.000000E+0	2.392100E+5
6.160000E-3	0.000000E+0	2.398370E+5
6.180000E-3	0.000000E+0	2.400930E+5
6.200000E-3	0.000000E+0	2.394460E+5
6.220000E-3	0.000000E+0	2.398480E+5
6.240000E-3	0.000000E+0	2.390760E+5
6.260000E-3	0.000000E+0	2.394200E+5
6.280000E-3	0.000000E+0	2.406700E+5
6.300000E-3	0.000000E+0	2.395070E+5
6.320000E-3	0.000000E+0	2.396970E+5
6.340000E-3	0.000000E+0	2.396890E+5
6.360000E-3	0.000000E+0	2.388540E+5
6.380000E-3	0.000000E+0	2.402420E+5
6.400000E-3	0.000000E+0	2.392730E+5
6.420000E-3	0.000000E+0	2.394310E+5
6.440000E-3	0.000000E+0	2.407070E+5
6.460000E-3	0.000000E+0	2.396970E+5
6.480000E-3	0.000000E+0	2.393540E+5
6.500000E-3	0.000000E+0	2.395080E+5
6.520000E-3	0.000000E+0	2.404000E+5
6.540000E-3	0.000000E+0	2.390200E+5
6.560000E-3	0.000000E+0	2.404680E+5
6.580000E-3	0.000000E+0	2.396560E+5
6.600000E-3	0.000000E+0	2.402690E+5
6.620000E-3	0.000000E+0	2.396640E+5
6.640000E-3	0.000000E+0	2.395620E+5
6.660000E-3	0.000000E+0	2.389640E+5
6.680000E-3	0.000000E+0	2.394100E+5
6.700000E-3	0.000000E+0	2.399260E+5
6.720000E-3	0.000000E+0	2.397420E+5
6.740000E-3	0.000000E+0	2.399080E+5
6.760000E-3	0.000000E+0	2.402850E+5
6.780000E-3	0.000000E+0	2.393820E+5
6.800000E-3	0.000000E+0	2.403870E+5
6.820000E-3	0.000000E+0	2.396290E+5
6.840000E-3	0.000000E+0	2.395380E+5
6.860000E-3	0.000000E+0	2.397250E+5
6.880000E-3	0.000000E+0	2.401600E+5
6.900000E-3	0.000000E+0	2.391050E+5
6.920000E-3	0.000000E+0	2.400230E+5
6.940000E-3	0.000000E+0	2.393300E+5
6.960000E-3	0.000000E+0	2.387700E+5
6.980000E-3	0.000000E+0	2.399120E+5
7.000000E-3	0.000000E+0	2.391590E+5
7.020000E-3	0.000000E+0	2.394150E+5
7.040000E-3	0.000000E+0	2.397490E+5
7.060000E-3	0.000000E+0	2.398160E+5
7.080000E-3	0.000000E+0	2.398120E+5
7.100000E-3	0.000000E+0	2.394930E+5
7.120000E-3	0.000000E+0	2.396790E+5
7.140000E-3	0.000000E+0	2.396050E+5
7.160000E-3	0.000000E+0	2.402120E+5
7.180000E-3	0.000000E+0	2.391330E+5
7.200000E-3	0.000000E+0	2.399150E+5
7.220000E-3	0.000000E+0	2.400030E+5
7.240000E-3	0.000000E+0	2.397430E+5
7.260000E-3	0.000000E+0	2.391870E+5
7.280000E-3	0.000000E+0	2.392590E+5
7.300000E-3	0.000000E+0	2.393990E+5
7.320000E-3	0.000000E+0	2.404410E+5
7.340000E-3	0.000000E+0	2.403130E+5
7.360000E-3	0.000000E+0	2.395370E+5
7.380000E-3	0.000000E+0	2.403890E+5
7.400000E-3	0.000000E+0	2.393700E+5
7.420000E-3	0.000000E+0	2.396070E+5
7.440000E-3	0.000000E+0	2.397370E+5
7.460000E-3	0.000000E+0	2.401250E+5
7.480000E-3	0.000000E+0	2.398530E+5
7.500000E-3	0.000000E+0	2.404590E+5
7.520000E-3	0.000000E+0	2.405340E+5
7.540000E-3	0.000000E+0	2.400510E+5
7.560000E-3	0.000000E+0	2.403430E+5
7.580000E-3	0.000000E+0	2.395790E+5
7.600000E-3	0.000000E+0	2.394530E+5
7.620000E-3	0.000000E+0	2.398660E+5
7.640000E-3	0.000000E+0	2.411090E+5
7.660000E-3	0.000000E+0	2.394620E+5
7.680000E-3	0.000000E+0	2.393100E+5
7.700000E-3	0.000000E+0	2.395150E+5
7.720000E-3	0.000000E+0	2.399480E+5
7.740000E-3	0.000000E+0	2.396590E+5
7.760000E-3	0.000000E+0	2.388960E+5
7.780000E-3	0.000000E+0	2.406240E+5
7.800000E-3	0.000000E+0	2.399400E+5
7.820000E-3	0.000000E+0	2.399780E+5
7.840000E-3	0.000000E+0	2.405540E+5
7.860000E-3	0.000000E+0	2.397860E+5
7.880000E-3	0.000000E+0	2.398820E+5
7.900000E-3	0.000000E+0	2.397000E+5
7.920000E-3	0.000000E+0	2.388310E+5
7.940000E-3	0.000000E+0	2.405490E+5
7.960000E-3	0.000000E+0	2.399120E+5
7.980000E-3	0.000000E+0	2.405550E+5
8.000000E-3	0.000000E+0	2.402280E+5
8.020000E-3	0.000000E+0	2.404720E+5
8.040000E-3	0.000000E+0	2.390510E+5
8.060000E-3	0.000000E+0	2.401360E+5
8.080000E-3	0.000000E+0	2.396560E+5
8.100000E-3	0.000000E+0	2.397490E+5
8.120000E-3	0.000000E+0	2.402950E+5
8.140000E-3	0.000000E+0	2.393670E+5
8.160000E-3	0.000000E+0	2.399140E+5
8.180000E-3	0.000000E+0	2.395750E+5
8.200000E-3	0.000000E+0	2.398010E+5
8.220000E-3	0.000000E+0	2.395620E+5
8.240000E-3	0.000000E+0	2.394010E+5
8.260000E-3	0.000000E+0	2.413830E+5
8.280000E-3	0.000000E+0	2.393260E+5
8.300000E-3	0.000000E+0	2.396970E+5
8.320000E-3	0.000000E+0	2.397000E+5
8.340000E-3	0.000000E+0	2.401170E+5
8.360000E-3	0.000000E+0	2.395860E+5
8.380000E-3	0.000000E+0	2.383240E+5
8.400000E-3	0.000000E+0	2.394810E+5
8.420000E-3	0.000000E+0	2.401060E+5
8.440000E-3	0.000000E+0	2.402280E+5
8.460000E-3	0.000000E+0	2.399930E+5
8.480000E-3	0.000000E+0	2.409340E+5
8.500000E-3	0.000000E+0	2.386130E+5
8.520000E-3	0.000000E+0	2.402010E+5
8.540000E-3	0.000000E+0	2.399960E+5
8.560000E-3	0.000000E+0	2.401680E+5
8.580000E-3	0.000000E+0	2.413640E+5
8.600000E-3	0.000000E+0	2.389910E+5
8.620000E-3	0.000000E+0	2.400060E+5
8.640000E-3	0.000000E+0	2.398080E+5
8.660000E-3	0.000000E+0	2.395240E+5
8.680000E-3	0.000000E+0	2.402310E+5
8.700000E-3	0.000000E+0	2.394120E+5
8.720000E-3	0.000000E+0	2.398480E+5
8.740000E-3	0.000000E+0	2.394630E+5
8.760000E-3	0.000000E+0	2.397350E+5
8.780000E-3	0.000000E+0	2.401410E+5
8.800000E-3	0.000000E+0	2.404210E+5
8.820000E-3	0.000000E+0	2.402430E+5
8.840000E-3	0.000000E+0	2.395220E+5
8.860000E-3	0.000000E+0	2.408070E+5
8.880000E-3	0.000000E+0	2.396340E+5
8.900000E-3	0.000000E+0	2.403660E+5
8.920000E-3	0.000000E+0	2.390670E+5
8.940000E-3	0.000000E+0	2.396750E+5
8.960000E-3	0.000000E+0	2.406250E+5
8.980000E-3	0.000000E+0	2.390330E+5
9.000000E-3	0.000000E+0	2.394160E+5
9.020000E-3	0.000000E+0	2.391990E+5
9.040000E-3	0.000000E+0	2.397880E+5
9.060000E-3	0.000000E+0	2.406880E+5
9.080000E-3	0.000000E+0	2.404200E+5
9.100000E-3	0.000000E+0	2.403610E+5
9.120000E-3	0.000000E+0	2.397620E+5
9.140000E-3	0.000000E+0	2.398670E+5
9.160000E-3	0.000000E+0	2.405290E+5
9.180000E-3	0.000000E+0	2.394140E+5
9.200000E-3	0.000000E+0	2.400660E+5
9.220000E-3	0.000000E+0	2.397780E+5
9.240000E-3	0.000000E+0	2.403900E+5
9.260000E-3	0.000000E+0	2.403900E+5
9.280000E-3	0.000000E+0	2.408280E+5
9.300000E-3	0.000000E+0	2.399140E+5
9.320000E-3	0.000000E+0	2.396730E+5
9.340000E-3	0.000000E+0	2.399540E+5
9.360000E-3	0.000000E+0	2.391900E+5
9.380000E-3	0.000000E+0	2.400060E+5
9.400000E-3	0.000000E+0	2.403140E+5
9.420000E-3	0.000000E+0	2.408210E+5
9.440000E-3	0.000000E+0	2.397870E+5
9.460000E-3	0.000000E+0	2.405950E+5
9.480000E-3	0.000000E+0	2.394650E+5
9.500000E-3	0.000000E+0	2.393680E+5
9.520000E-3	0.000000E+0	2.400450E+5
9.540000E-3	0.000000E+0	2.388240E+5
9.560000E-3	0.000000E+0	2.393040E+5
9.580000E-3	0.000000E+0	2.401010E+5
9.600000E-3	0.000000E+0	2.400500E+5
9.620000E-3	0.000000E+0	2.391570E+5
9.640000E-3	0.000000E+0	2.398540E+5
9.660000E-3	0.000000E+0	2.399300E+5
9.680000E-3	0.000000E+0	2.388330E+5
9.700000E-3	0.000000E+0	2.401660E+5
9.720000E-3	0.000000E+0	2.396700E+5
9.740000E-3	0.000000E+0	2.397660E+5
9.760000E-3	0.000000E+0	2.392620E+5
9.780000E-3	0.000000E+0	2.398280E+5
9.800000E-3	0.000000E+0	2.400700E+5
9.820000E-3	0.000000E+0	2.404050E+5
9.840000E-3	0.000000E+0	2.398140E+5
9.860000E-3	0.000000E+0	2.401640E+5
9.880000E-3	0.000000E+0	2.408550E+5
9.900000E-3	0.000000E+0	2.401640E+5
9.920000E-3	0.000000E+0	2.391490E+5
9.940000E-3	0.000000E+0	2.393300E+5
9.960000E-3	0.000000E+0	2.395300E+5
9.980000E-3	0.000000E+0	2.408430E+5
1.000000E-2	0.000000E+0	2.394400E+5
1.002000E-2	0.000000E+0	2.397880E+5
1.004000E-2	0.000000E+0	2.405190E+5
1.006000E-2	0.000000E+0	2.405360E+5
1.008000E-2	0.000000E+0	2.396660E+5
1.010000E-2	0.000000E+0	2.394560E+5
1.012000E-2	0.000000E+0	2.404120E+5
1.014000E-2	0.000000E+0	2.409220E+5
1.016000E-2	0.000000E+0	2.401430E+5
1.018000E-2	0.000000E+0	2.400070E+5
1.020000E-2	0.000000E+0	2.399470E+5
1.022000E-2	0.000000E+0	2.404240E+5
1.024000E-2	0.000000E+0	2.393520E+5
1.026000E-2	0.000000E+0	2.411990E+5
1.028000E-2	0.000000E+0	2.398170E+5
1.030000E-2	0.000000E+0	2.400300E+5
1.032000E-2	0.000000E+0	2.399230E+5
1.034000E-2	0.000000E+0	2.402610E+5
1.036000E-2	0.000000E+0	2.396720E+5
1.038000E-2	0.000000E+0	2.406380E+5
1.040000E-2	0.000000E+0	2.399100E+5
1.042000E-2	0.000000E+0	2.399080E+5
1.044000E-2	0.000000E+0	2.395530E+5
1.046000E-2	0.000000E+0	2.403330E+5
1.048000E-2	0.000000E+0	2.398760E+5
1.050000E-2	0.000000E+0	2.397280E+5
1.052000E-2	0.000000E+0	2.404160E+5
1.054000E-2	0.000000E+0	2.405190E+5
1.056000E-2	0.000000E+0	2.401860E+5
1.058000E-2	0.000000E+0	2.404620E+5
1.060000E-2	0.000000E+0	2.391710E+5
1.062000E-2	0.000000E+0	2.397290E+5
1.064000E-2	0.000000E+0	2.402570E+5
1.066000E-2	0.000000E+0	2.397540E+5
1.068000E-2	0.000000E+0	2.406280E+5
1.070000E-2	0.000000E+0	2.398030E+5
1.072000E-2	0.000000E+0	2.399610E+5
1.074000E-2	0.000000E+0	2.404300E+5
1.076000E-2	0.000000E+0	2.409410E+5
1.078000E-2	0.000000E+0	2.405230E+5
1.080000E-2	0.000000E+0	2.401420E+5
1.082000E-2	0.000000E+0	2.409610E+5
1.084000E-2	0.000000E+0	2.398180E+5
1.086000E-2	0.000000E+0	2.401440E+5
1.088000E-2	0.000000E+0	2.401180E+5
1.090000E-2	0.000000E+0	2.398560E+5
1.092000E-2	0.000000E+0	2.401860E+5
1.094000E-2	0.000000E+0	2.395050E+5
1.096000E-2	0.000000E+0	2.397850E+5
1.098000E-2	0.000000E+0	2.402660E+5
1.100000E-2	0.000000E+0	2.405900E+5
1.102000E-2	0.000000E+0	2.396510E+5
1.104000E-2	0.000000E+0	2.404530E+5
1.106000E-2	0.000000E+0	2.400710E+5
1.108000E-2	0.000000E+0	2.397180E+5
1.110000E-2	0.000000E+0	2.397050E+5
1.112000E-2	0.000000E+0	2.403080E+5
1.114000E-2	0.000000E+0	2.402900E+5
1.116000E-2	0.000000E+0	2.385620E+5
1.118000E-2	0.000000E+0	2.405690E+5
1.120000E-2	0.000000E+0	2.399390E+5
1.122000E-2	0.000000E+0	2.413280E+5
1.124000E-2	0.000000E+0	2.400310E+5
1.126000E-2	0.000000E+0	2.393980E+5
1.128000E-2	0.000000E+0	2.394900E+5
1.130000E-2	0.000000E+0	2.391970E+5
1.132000E-2	0.000000E+0	2.405840E+5
1.134000E-2	0.000000E+0	2.396710E+5
1.136000E-2	0.000000E+0	2.412410E+5
1.138000E-2	0.000000E+0	2.397420E+5
1.140000E-2	0.000000E+0	2.407260E+5
1.142000E-2	0.000000E+0	2.398690E+5
1.144000E-2	0.000000E+0	2.400750E+5
1.146000E-2	0.000000E+0	2.403460E+5
1.148000E-2	0.000000E+0	2.403650E+5
1.150000E-2	0.000000E+0	2.401760E+5
1.152000E-2	0.000000E+0	2.396200E+5
1.154000E-2	0.000000E+0	2.398010E+5
1.156000E-2	0.000000E+0	2.406350E+5
1.158000E-2	0.000000E+0	2.395060E+5
1.160000E-2	0.000000E+0	2.400650E+5
1.162000E-2	0.000000E+0	2.398640E+5
1.164000E-2	0.000000E+0	2.412290E+5
1.166000E-2	0.000000E+0	2.408370E+5
1.168000E-2	0.000000E+0	2.411920E+5
1.170000E-2	0.000000E+0	2.406350E+5
1.172000E-2	0.000000E+0	2.401400E+5
1.174000E-2	0.000000E+0	2.400650E+5
1.176000E-2	0.000000E+0	2.403370E+5
1.178000E-2	0.000000E+0	2.393470E+5
1.180000E-2	0.000000E+0	2.399190E+5
1.182000E-2	0.000000E+0	2.396980E+5
1.184000E-2	0.000000E+0	2.396000E+5
1.186000E-2	0.000000E+0	2.397390E+5
1.188000E-2	0.000000E+0	2.395460E+5
1.190000E-2	0.000000E+0	2.396830E+5
1.192000E-2	0.000000E+0	2.393490E+5
1.194000E-2	0.000000E+0	2.408140E+5
1.196000E-2	0.000000E+0	2.396860E+5
1.198000E-2	0.000000E+0	2.401960E+5
1.200000E-2	0.000000E+0	2.398740E+5
1.202000E-2	0.000000E+0	2.405810E+5
1.204000E-2	0.000000E+0	2.400130E+5
1.206000E-2	0.000000E+0	2.402180E+5
1.208000E-2	0.000000E+0	2.406490E+5
1.210000E-2	0.000000E+0	2.401360E+5
1.212000E-2	0.000000E+0	2.401660E+5
1.214000E-2	0.000000E+0	2.390700E+5
1.216000E-2	0.000000E+0	2.398000E+5
1.218000E-2	0.000000E+0	2.405050E+5
1.220000E-2	0.000000E+0	2.391680E+5
1.222000E-2	0.000000E+0	2.397430E+5
1.224000E-2	0.000000E+0	2.401700E+5
1.226000E-2	0.000000E+0	2.401760E+5
1.228000E-2	0.000000E+0	2.402320E+5
1.230000E-2	0.000000E+0	2.404310E+5
1.232000E-2	0.000000E+0	2.400730E+5
1.234000E-2	0.000000E+0	2.402720E+5
1.236000E-2	0.000000E+0	2.404840E+5
1.238000E-2	0.000000E+0	2.402130E+5
1.240000E-2	0.000000E+0	2.405610E+5
1.242000E-2	0.000000E+0	2.404600E+5
1.244000E-2	0.000000E+0	2.403060E+5
1.246000E-2	0.000000E+0	2.397790E+5
1.248000E-2	0.000000E+0	2.398530E+5
1.250000E-2	0.000000E+0	2.395560E+5
1.252000E-2	0.000000E+0	2.407780E+5
1.254000E-2	0.000000E+0	2.401310E+5
1.256000E-2	0.000000E+0	2.395650E+5
1.258000E-2	0.000000E+0	2.406440E+5
1.260000E-2	0.000000E+0	2.406950E+5
1.262000E-2	0.000000E+0	2.390650E+5
1.264000E-2	0.000000E+0	2.390980E+5
1.266000E-2	0.000000E+0	2.403860E+5
1.268000E-2	0.000000E+0	2.401220E+5
1.270000E-2	0.000000E+0	2.403540E+5
1.272000E-2	0.000000E+0	2.402840E+5
1.274000E-2	0.000000E+0	2.399090E+5
1.276000E-2	0.000000E+0	2.406610E+5
1.278000E-2	0.000000E+0	2.395800E+5
1.280000E-2	0.000000E+0	2.395680E+5
1.282000E-2	0.000000E+0	2.398880E+5
1.284000E-2	0.000000E+0	2.401680E+5
1.286000E-2	0.000000E+0	2.407440E+5
1.288000E-2	0.000000E+0	2.406380E+5
1.290000E-2	0.000000E+0	2.403690E+5
1.292000E-2	0.000000E+0	2.403250E+5
1.294000E-2	0.000000E+0	2.392070E+5
1.296000E-2	0.000000E+0	2.402330E+5
1.298000E-2	0.000000E+0	2.399680E+5
1.300000E-2	0.000000E+0	2.403580E+5
1.302000E-2	0.000000E+0	2.402510E+5
1.304000E-2	0.000000E+0	2.400220E+5
1.306000E-2	0.000000E+0	2.402320E+5
1.308000E-2	0.000000E+0	2.404950E+5
1.310000E-2	0.000000E+0	2.401130E+5
1.312000E-2	0.000000E+0	2.401420E+5
1.314000E-2	0.000000E+0	2.406130E+5
1.316000E-2	0.000000E+0	2.396060E+5
1.318000E-2	0.000000E+0	2.395020E+5
1.320000E-2	0.000000E+0	2.406830E+5
1.322000E-2	0.000000E+0	2.406250E+5
1.324000E-2	0.000000E+0	2.397200E+5
1.326000E-2	0.000000E+0	2.407660E+5
1.328000E-2	0.000000E+0	2.403850E+5
1.330000E-2	0.000000E+0	2.397030E+5
1.332000E-2	0.000000E+0	2.400610E+5
1.334000E-2	0.000000E+0	2.399660E+5
1.336000E-2	0.000000E+0	2.405060E+5
1.338000E-2	0.000000E+0	2.401430E+5
1.340000E-2	0.000000E+0	2.393190E+5
1.342000E-2	0.000000E+0	2.397800E+5
1.344000E-2	0.000000E+0	2.394030E+5
1.346000E-2	0.000000E+0	2.391450E+5
1.348000E-2	0.000000E+0	2.406080E+5
1.350000E-2	0.000000E+0	2.399000E+5
1.352000E-2	0.000000E+0	2.405420E+5
1.354000E-2	0.000000E+0	2.407920E+5
1.356000E-2	0.000000E+0	2.406580E+5
1.358000E-2	0.000000E+0	2.401850E+5
1.360000E-2	0.000000E+0	2.397700E+5
1.362000E-2	0.000000E+0	2.404200E+5
1.364000E-2	0.000000E+0	2.397510E+5
1.366000E-2	0.000000E+0	2.399340E+5
1.368000E-2	0.000000E+0	2.404310E+5
1.370000E-2	0.000000E+0	2.404820E+5
1.372000E-2	0.000000E+0	2.396090E+5
1.374000E-2	0.000000E+0	2.393130E+5
1.376000E-2	0.000000E+0	2.393250E+5
1.378000E-2	0.000000E+0	2.389230E+5
1.380000E-2	0.000000E+0	2.403400E+5
1.382000E-2	0.000000E+0	2.394060E+5
1.384000E-2	0.000000E+0	2.400460E+5
1.386000E-2	0.000000E+0	2.394940E+5
1.388000E-2	0.000000E+0	2.400240E+5
1.390000E-2	0.000000E+0	2.401860E+5
1.392000E-2	0.000000E+0	2.409140E+5
1.394000E-2	0.000000E+0	2.404620E+5
1.396000E-2	0.000000E+0	2.401840E+5
1.398000E-2	0.000000E+0	2.404020E+5
1.400000E-2	0.000000E+0	2.410270E+5
1.402000E-2	0.000000E+0	2.393070E+5
1.404000E-2	0.000000E+0	2.409510E+5
1.406000E-2	0.000000E+0	2.401200E+5
1.408000E-2	0.000000E+0	2.399830E+5
1.410000E-2	0.000000E+0	2.396710E+5
1.412000E-2	0.000000E+0	2.401620E+5
1.414000E-2	0.000000E+0	2.398130E+5
1.416000E-2	0.000000E+0	2.396570E+5
1.418000E-2	0.000000E+0	2.397310E+5
1.420000E-2	0.000000E+0	2.401100E+5
1.422000E-2	0.000000E+0	2.401410E+5
1.424000E-2	0.000000E+0	2.390450E+5
1.426000E-2	0.000000E+0	2.394070E+5
1.428000E-2	0.000000E+0	2.400340E+5
1.430000E-2	0.000000E+0	2.400540E+5
1.432000E-2	0.000000E+0	2.405860E+5
1.434000E-2	0.000000E+0	2.394720E+5
1.436000E-2	0.000000E+0	2.401920E+5
1.438000E-2	0.000000E+0	2.400670E+5
1.440000E-2	0.000000E+0	2.409130E+5
1.442000E-2	0.000000E+0	2.398940E+5
1.444000E-2	0.000000E+0	2.391840E+5
1.446000E-2	0.000000E+0	2.399440E+5
1.448000E-2	0.000000E+0	2.397050E+5
1.450000E-2	0.000000E+0	2.393710E+5
1.452000E-2	0.000000E+0	2.400300E+5
1.454000E-2	0.000000E+0	2.397030E+5
1.456000E-2	0.000000E+0	2.406060E+5
1.458000E-2	0.000000E+0	2.392630E+5
1.460000E-2	0.000000E+0	2.404630E+5
1.462000E-2	0.000000E+0	2.393470E+5
1.464000E-2	0.000000E+0	2.403950E+5
1.466000E-2	0.000000E+0	2.402060E+5
1.468000E-2	0.000000E+0	2.408120E+5
1.470000E-2	0.000000E+0	2.393160E+5
1.472000E-2	0.000000E+0	2.396870E+5
1.474000E-2	0.000000E+0	2.399130E+5
1.476000E-2	0.000000E+0	2.407540E+5
1.478000E-2	0.000000E+0	2.407090E+5
1.480000E-2	0.000000E+0	2.396550E+5
1.482000E-2	0.000000E+0	2.394700E+5
1.484000E-2	0.000000E+0	2.401080E+5
1.486000E-2	0.000000E+0	2.397540E+5
1.488000E-2	0.000000E+0	2.398830E+5
1.490000E-2	0.000000E+0	2.397830E+5
1.492000E-2	0.000000E+0	2.393110E+5
1.494000E-2	0.000000E+0	2.377790E+5
1.496000E-2	0.000000E+0	2.376330E+5
1.498000E-2	0.000000E+0	2.370250E+5
1.500000E-2	0.000000E+0	2.365030E+5
1.502000E-2	0.000000E+0	2.364050E+5
1.504000E-2	0.000000E+0	2.359090E+5
1.506000E-2	0.000000E+0	2.364730E+5
1.508000E-2	0.000000E+0	2.357330E+5
1.510000E-2	0.000000E+0	2.344060E+5
1.512000E-2	0.000000E+0	2.332550E+5
1.514000E-2	0.000000E+0	2.329450E+5
1.516000E-2	0.000000E+0	2.333970E+5
1.518000E-2	0.000000E+0	2.338030E+5
1.520000E-2	0.000000E+0	2.344460E+5
1.522000E-2	0.000000E+0	2.352280E+5
1.524000E-2	0.000000E+0	2.371000E+5
1.526000E-2	0.000000E+0	2.375600E+5
1.528000E-2	0.000000E+0	2.388220E+5
1.530000E-2	0.000000E+0	2.378780E+5
1.532000E-2	0.000000E+0	2.385430E+5
1.534000E-2	0.000000E+0	2.389740E+5
1.536000E-2	0.000000E+0	2.392090E+5
1.538000E-2	0.000000E+0	2.398050E+5
1.540000E-2	0.000000E+0	2.395670E+5
1.542000E-2	0.000000E+0	2.399390E+5
1.544000E-2	0.000000E+0	2.389350E+5
1.546000E-2	0.000000E+0	2.395920E+5
1.548000E-2	0.000000E+0	2.396360E+5
1.550000E-2	0.000000E+0	2.388010E+5
1.552000E-2	0.000000E+0	2.398010E+5
1.554000E-2	0.000000E+0	2.395700E+5
1.556000E-2	0.000000E+0	2.384190E+5
1.558000E-2	0.000000E+0	2.379660E+5
1.560000E-2	0.000000E+0	2.380980E+5
1.562000E-2	0.000000E+0	2.373600E+5
1.564000E-2	0.000000E+0	2.362690E+5
1.566000E-2	0.000000E+0	2.356900E+5
1.568000E-2	0.000000E+0	2.352050E+5
1.570000E-2	0.000000E+0	2.355510E+5
1.572000E-2	0.000000E+0	2.352030E+5
1.574000E-2	0.000000E+0	2.345740E+5
1.576000E-2	0.000000E+0	2.341880E+5
1.578000E-2	0.000000E+0	2.320160E+5
1.580000E-2	0.000000E+0	2.335910E+5
1.582000E-2	0.000000E+0	2.337440E+5
1.584000E-2	0.000000E+0	2.346830E+5
1.586000E-2	0.000000E+0	2.350630E+5
1.588000E-2	0.000000E+0	2.362430E+5
1.590000E-2	0.000000E+0	2.365780E+5
1.592000E-2	0.000000E+0	2.380350E+5
1.594000E-2	0.000000E+0	2.374230E+5
1.596000E-2	0.000000E+0	2.381500E+5
1.598000E-2	0.000000E+0	2.394130E+5
1.600000E-2	0.000000E+0	2.401150E+5
1.602000E-2	0.000000E+0	2.397080E+5
1.604000E-2	0.000000E+0	2.392510E+5
1.606000E-2	0.000000E+0	2.390020E+5
1.608000E-2	0.000000E+0	2.399730E+5
1.610000E-2	0.000000E+0	2.394360E+5
1.612000E-2	0.000000E+0	2.399710E+5
1.614000E-2	0.000000E+0	2.403630E+5
1.616000E-2	0.000000E+0	2.402240E+5
1.618000E-2	0.000000E+0	2.398640E+5
1.620000E-2	0.000000E+0	2.395260E+5
1.622000E-2	0.000000E+0	2.400610E+5
1.624000E-2	0.000000E+0	2.392970E+5
1.626000E-2	0.000000E+0	2.397610E+5
1.628000E-2	0.000000E+0	2.406690E+5
1.630000E-2	0.000000E+0	2.402320E+5
1.632000E-2	0.000000E+0	2.399190E+5
1.634000E-2	0.000000E+0	2.398830E+5
1.636000E-2	0.000000E+0	2.409480E+5
1.638000E-2	0.000000E+0	2.396440E+5
1.640000E-2	0.000000E+0	2.398760E+5
1.642000E-2	0.000000E+0	2.399000E+5
1.644000E-2	0.000000E+0	2.396790E+5
1.646000E-2	0.000000E+0	2.398780E+5
1.648000E-2	0.000000E+0	2.392330E+5
1.650000E-2	0.000000E+0	2.400790E+5
1.652000E-2	0.000000E+0	2.407770E+5
1.654000E-2	0.000000E+0	2.400450E+5
1.656000E-2	0.000000E+0	2.400700E+5
1.658000E-2	0.000000E+0	2.399180E+5
1.660000E-2	0.000000E+0	2.404850E+5
1.662000E-2	0.000000E+0	2.398820E+5
1.664000E-2	0.000000E+0	2.399940E+5
1.666000E-2	0.000000E+0	2.398560E+5
1.668000E-2	0.000000E+0	2.394740E+5
1.670000E-2	0.000000E+0	2.397100E+5
1.672000E-2	0.000000E+0	2.407460E+5
1.674000E-2	0.000000E+0	2.396870E+5
1.676000E-2	0.000000E+0	2.398480E+5
1.678000E-2	0.000000E+0	2.396180E+5
1.680000E-2	0.000000E+0	2.400540E+5
1.682000E-2	0.000000E+0	2.397810E+5
1.684000E-2	0.000000E+0	2.398690E+5
1.686000E-2	0.000000E+0	2.405750E+5
1.688000E-2	0.000000E+0	2.396710E+5
1.690000E-2	0.000000E+0	2.401690E+5
1.692000E-2	0.000000E+0	2.398830E+5
1.694000E-2	0.000000E+0	2.399530E+5
1.696000E-2	0.000000E+0	2.392750E+5
1.698000E-2	0.000000E+0	2.397800E+5
1.700000E-2	0.000000E+0	2.397360E+5
1.702000E-2	0.000000E+0	2.401340E+5
1.704000E-2	0.000000E+0	2.404490E+5
1.706000E-2	0.000000E+0	2.412700E+5
1.708000E-2	0.000000E+0	2.396370E+5
1.710000E-2	0.000000E+0	2.404180E+5
1.712000E-2	0.000000E+0	2.400810E+5
1.714000E-2	0.000000E+0	2.398390E+5
1.716000E-2	0.000000E+0	2.402160E+5
1.718000E-2	0.000000E+0	2.398100E+5
1.720000E-2	0.000000E+0	2.406810E+5
1.722000E-2	0.000000E+0	2.404470E+5
1.724000E-2	0.000000E+0	2.391300E+5
1.726000E-2	0.000000E+0	2.397330E+5
1.728000E-2	0.000000E+0	2.400530E+5
1.730000E-2	0.000000E+0	2.396870E+5
1.732000E-2	0.000000E+0	2.394940E+5
1.734000E-2	0.000000E+0	2.395310E+5
1.736000E-2	0.000000E+0	2.407250E+5
1.738000E-2	0.000000E+0	2.406360E+5
1.740000E-2	0.000000E+0	2.401870E+5
1.742000E-2	0.000000E+0	2.388150E+5
1.744000E-2	0.000000E+0	2.398350E+5
1.746000E-2	0.000000E+0	2.395720E+5
1.748000E-2	0.000000E+0	2.400820E+5
1.750000E-2	0.000000E+0	2.396930E+5
1.752000E-2	0.000000E+0	2.403440E+5
1.754000E-2	0.000000E+0	2.388620E+5
1.756000E-2	0.000000E+0	2.396600E+5
1.758000E-2	0.000000E+0	2.401930E+5
1.760000E-2	0.000000E+0	2.401720E+5
1.762000E-2	0.000000E+0	2.401220E+5
1.764000E-2	0.000000E+0	2.403510E+5
1.766000E-2	0.000000E+0	2.402800E+5
1.768000E-2	0.000000E+0	2.403830E+5
1.770000E-2	0.000000E+0	2.400910E+5
1.772000E-2	0.000000E+0	2.409260E+5
1.774000E-2	0.000000E+0	2.394600E+5
1.776000E-2	0.000000E+0	2.396570E+5
1.778000E-2	0.000000E+0	2.405570E+5
1.780000E-2	0.000000E+0	2.395660E+5
1.782000E-2	0.000000E+0	2.403480E+5
1.784000E-2	0.000000E+0	2.398990E+5
1.786000E-2	0.000000E+0	2.399960E+5
1.788000E-2	0.000000E+0	2.395800E+5
1.790000E-2	0.000000E+0	2.400940E+5
1.792000E-2	0.000000E+0	2.394610E+5
1.794000E-2	0.000000E+0	2.403790E+5
1.796000E-2	0.000000E+0	2.399550E+5
1.798000E-2	0.000000E+0	2.403440E+5
1.800000E-2	0.000000E+0	2.393050E+5
1.802000E-2	0.000000E+0	2.399210E+5
1.804000E-2	0.000000E+0	2.394600E+5
1.806000E-2	0.000000E+0	2.397550E+5
1.808000E-2	0.000000E+0	2.394730E+5
1.810000E-2	0.000000E+0	2.407490E+5
1.812000E-2	0.000000E+0	2.408190E+5
1.814000E-2	0.000000E+0	2.402060E+5
1.816000E-2	0.000000E+0	2.403140E+5
1.818000E-2	0.000000E+0	2.393640E+5
1.820000E-2	0.000000E+0	2.407910E+5
1.822000E-2	0.000000E+0	2.391570E+5
1.824000E-2	0.000000E+0	2.399150E+5
1.826000E-2	0.000000E+0	2.404200E+5
1.828000E-2	0.000000E+0	2.399210E+5
1.830000E-2	0.000000E+0	2.396680E+5
1.832000E-2	0.000000E+0	2.404770E+5
1.834000E-2	0.000000E+0	2.391810E+5
1.836000E-2	0.000000E+0	2.403430E+5
1.838000E-2	0.000000E+0	2.399120E+5
1.840000E-2	0.000000E+0	2.396460E+5
1.842000E-2	0.000000E+0	2.402380E+5
1.844000E-2	0.000000E+0	2.395000E+5
1.846000E-2	0.000000E+0	2.391170E+5
1.848000E-2	0.000000E+0	2.402270E+5
1.850000E-2	0.000000E+0	2.400670E+5
1.852000E-2	0.000000E+0	2.402830E+5
1.854000E-2	0.000000E+0	2.405850E+5
1.856000E-2	0.000000E+0	2.393470E+5
1.858000E-2	0.000000E+0	2.400530E+5
1.860000E-2	0.000000E+0	2.404590E+5
1.862000E-2	0.000000E+0	2.395990E+5
1.864000E-2	0.000000E+0	2.395490E+5
1.866000E-2	0.000000E+0	2.399700E+5
1.868000E-2	0.000000E+0	2.396560E+5
1.870000E-2	0.000000E+0	2.397290E+5
1.872000E-2	0.000000E+0	2.402520E+5
1.874000E-2	0.000000E+0	2.391990E+5
1.876000E-2	0.000000E+0	2.401280E+5
1.878000E-2	0.000000E+0	2.403360E+5
1.880000E-2	0.000000E+0	2.401020E+5
1.882000E-2	0.000000E+0	2.396460E+5
1.884000E-2	0.000000E+0	2.403200E+5
1.886000E-2	0.000000E+0	2.400070E+5
1.888000E-2	0.000000E+0	2.395840E+5
1.890000E-2	0.000000E+0	2.397980E+5
1.892000E-2	0.000000E+0	2.410810E+5
1.894000E-2	0.000000E+0	2.405270E+5
1.896000E-2	0.000000E+0	2.404870E+5
1.898000E-2	0.000000E+0	2.397020E+5
1.900000E-2	0.000000E+0	2.401040E+5
1.902000E-2	0.000000E+0	2.391980E+5
1.904000E-2	0.000000E+0	2.402400E+5
1.906000E-2	0.000000E+0	2.405230E+5
1.908000E-2	0.000000E+0	2.400180E+5
1.910000E-2	0.000000E+0	2.390930E+5
1.912000E-2	0.000000E+0	2.401230E+5
1.914000E-2	0.000000E+0	2.399230E+5
1.916000E-2	0.000000E+0	2.392640E+5
1.918000E-2	0.000000E+0	2.400420E+5
1.920000E-2	0.000000E+0	2.399880E+5
1.922000E-2	0.000000E+0	2.398070E+5
1.924000E-2	0.000000E+0	2.398720E+5
1.926000E-2	0.000000E+0	2.402140E+5
1.928000E-2	0.000000E+0	2.400760E+5
1.930000E-2	0.000000E+0	2.400720E+5
1.932000E-2	0.000000E+0	2.398870E+5
1.934000E-2	0.000000E+0	2.398000E+5
1.936000E-2	0.000000E+0	2.395930E+5
1.938000E-2	0.000000E+0	2.402860E+5
1.940000E-2	0.000000E+0	2.397170E+5
1.942000E-2	0.000000E+0	2.408750E+5
1.944000E-2	0.000000E+0	2.405170E+5
1.946000E-2	0.000000E+0	2.395040E+5
1.948000E-2	0.000000E+0	2.403150E+5
1.950000E-2	0.000000E+0	2.398490E+5
1.952000E-2	0.000000E+0	2.406800E+5
1.954000E-2	0.000000E+0	2.399140E+5
1.956000E-2	0.000000E+0	2.402580E+5
1.958000E-2	0.000000E+0	2.400690E+5
1.960000E-2	0.000000E+0	2.400880E+5
1.962000E-2	0.000000E+0	2.401030E+5
1.964000E-2	0.000000E+0	2.405120E+5
1.966000E-2	0.000000E+0	2.401910E+5
1.968000E-2	0.000000E+0	2.403640E+5
1.970000E-2	0.000000E+0	2.397430E+5
1.972000E-2	0.000000E+0	2.400220E+5
1.974000E-2	0.000000E+0	2.396930E+5
1.976000E-2	0.000000E+0	2.392380E+5
1.978000E-2	0.000000E+0	2.396970E+5
1.980000E-2	0.000000E+0	2.403180E+5
1.982000E-2	0.000000E+0	2.398200E+5
1.984000E-2	0.000000E+0	2.403190E+5
1.986000E-2	0.000000E+0	2.397610E+5
1.988000E-2	0.000000E+0	2.390430E+5
1.990000E-2	0.000000E+0	2.400550E+5
1.992000E-2	0.000000E+0	2.395050E+5
1.994000E-2	0.000000E+0	2.403650E+5
1.996000E-2	0.000000E+0	2.396580E+5
1.998000E-2	0.000000E+0	2.401260E+5
