

live time:  88057.640000
real time:  122405.172000
sweeps:  4402882.000000
0.000000E+0	0.000000E+0	0.000000E+0
2.000000E-5	0.000000E+0	1.930690E+5
4.000000E-5	0.000000E+0	1.938010E+5
6.000000E-5	0.000000E+0	1.931720E+5
8.000000E-5	0.000000E+0	1.938310E+5
1.000000E-4	0.000000E+0	1.931710E+5
1.200000E-4	0.000000E+0	1.932650E+5
1.400000E-4	0.000000E+0	1.932850E+5
1.600000E-4	0.000000E+0	1.936880E+5
1.800000E-4	0.000000E+0	1.934730E+5
2.000000E-4	0.000000E+0	1.935520E+5
2.200000E-4	0.000000E+0	1.931940E+5
2.400000E-4	0.000000E+0	1.928820E+5
2.600000E-4	0.000000E+0	1.928250E+5
2.800000E-4	0.000000E+0	1.932880E+5
3.000000E-4	0.000000E+0	1.939870E+5
3.200000E-4	0.000000E+0	1.937250E+5
3.400000E-4	0.000000E+0	1.932060E+5
3.600000E-4	0.000000E+0	1.931890E+5
3.800000E-4	0.000000E+0	1.927600E+5
4.000000E-4	0.000000E+0	1.931540E+5
4.200000E-4	0.000000E+0	1.935060E+5
4.400000E-4	0.000000E+0	1.926320E+5
4.600000E-4	0.000000E+0	1.941560E+5
4.800000E-4	0.000000E+0	1.932430E+5
5.000000E-4	0.000000E+0	1.933990E+5
5.200000E-4	0.000000E+0	1.935550E+5
5.400000E-4	0.000000E+0	1.936610E+5
5.600000E-4	0.000000E+0	1.928140E+5
5.800000E-4	0.000000E+0	1.935170E+5
6.000000E-4	0.000000E+0	1.935780E+5
6.200000E-4	0.000000E+0	1.928140E+5
6.400000E-4	0.000000E+0	1.937840E+5
6.600000E-4	0.000000E+0	1.928690E+5
6.800000E-4	0.000000E+0	1.929270E+5
7.000000E-4	0.000000E+0	1.934660E+5
7.200000E-4	0.000000E+0	1.938560E+5
7.400000E-4	0.000000E+0	1.929740E+5
7.600000E-4	0.000000E+0	1.931690E+5
7.800000E-4	0.000000E+0	1.926920E+5
8.000000E-4	0.000000E+0	1.933670E+5
8.200000E-4	0.000000E+0	1.937440E+5
8.400000E-4	0.000000E+0	1.933070E+5
8.600000E-4	0.000000E+0	1.934300E+5
8.800000E-4	0.000000E+0	1.926130E+5
9.000000E-4	0.000000E+0	1.938880E+5
9.200000E-4	0.000000E+0	1.930950E+5
9.400000E-4	0.000000E+0	1.933600E+5
9.600000E-4	0.000000E+0	1.924560E+5
9.800000E-4	0.000000E+0	1.940590E+5
1.000000E-3	0.000000E+0	1.934640E+5
1.020000E-3	0.000000E+0	1.930500E+5
1.040000E-3	0.000000E+0	1.929310E+5
1.060000E-3	0.000000E+0	1.931030E+5
1.080000E-3	0.000000E+0	1.931250E+5
1.100000E-3	0.000000E+0	1.930430E+5
1.120000E-3	0.000000E+0	1.934460E+5
1.140000E-3	0.000000E+0	1.930450E+5
1.160000E-3	0.000000E+0	1.923760E+5
1.180000E-3	0.000000E+0	1.929200E+5
1.200000E-3	0.000000E+0	1.937860E+5
1.220000E-3	0.000000E+0	1.940010E+5
1.240000E-3	0.000000E+0	1.934140E+5
1.260000E-3	0.000000E+0	1.928840E+5
1.280000E-3	0.000000E+0	1.939740E+5
1.300000E-3	0.000000E+0	1.925870E+5
1.320000E-3	0.000000E+0	1.937720E+5
1.340000E-3	0.000000E+0	1.929370E+5
1.360000E-3	0.000000E+0	1.930320E+5
1.380000E-3	0.000000E+0	1.937480E+5
1.400000E-3	0.000000E+0	1.930200E+5
1.420000E-3	0.000000E+0	1.937340E+5
1.440000E-3	0.000000E+0	1.926300E+5
1.460000E-3	0.000000E+0	1.925100E+5
1.480000E-3	0.000000E+0	1.933600E+5
1.500000E-3	0.000000E+0	1.937580E+5
1.520000E-3	0.000000E+0	1.932350E+5
1.540000E-3	0.000000E+0	1.937820E+5
1.560000E-3	0.000000E+0	1.929550E+5
1.580000E-3	0.000000E+0	1.931570E+5
1.600000E-3	0.000000E+0	1.930750E+5
1.620000E-3	0.000000E+0	1.929330E+5
1.640000E-3	0.000000E+0	1.928380E+5
1.660000E-3	0.000000E+0	1.941720E+5
1.680000E-3	0.000000E+0	1.928850E+5
1.700000E-3	0.000000E+0	1.929780E+5
1.720000E-3	0.000000E+0	1.935970E+5
1.740000E-3	0.000000E+0	1.940730E+5
1.760000E-3	0.000000E+0	1.939960E+5
1.780000E-3	0.000000E+0	1.939300E+5
1.800000E-3	0.000000E+0	1.939160E+5
1.820000E-3	0.000000E+0	1.929690E+5
1.840000E-3	0.000000E+0	1.934320E+5
1.860000E-3	0.000000E+0	1.934850E+5
1.880000E-3	0.000000E+0	1.934940E+5
1.900000E-3	0.000000E+0	1.932360E+5
1.920000E-3	0.000000E+0	1.936930E+5
1.940000E-3	0.000000E+0	1.931260E+5
1.960000E-3	0.000000E+0	1.934580E+5
1.980000E-3	0.000000E+0	1.937400E+5
2.000000E-3	0.000000E+0	1.931460E+5
2.020000E-3	0.000000E+0	1.931720E+5
2.040000E-3	0.000000E+0	1.929430E+5
2.060000E-3	0.000000E+0	1.937540E+5
2.080000E-3	0.000000E+0	1.937150E+5
2.100000E-3	0.000000E+0	1.943640E+5
2.120000E-3	0.000000E+0	1.930560E+5
2.140000E-3	0.000000E+0	1.933890E+5
2.160000E-3	0.000000E+0	1.931100E+5
2.180000E-3	0.000000E+0	1.937160E+5
2.200000E-3	0.000000E+0	1.937040E+5
2.220000E-3	0.000000E+0	1.935710E+5
2.240000E-3	0.000000E+0	1.932580E+5
2.260000E-3	0.000000E+0	1.937900E+5
2.280000E-3	0.000000E+0	1.931390E+5
2.300000E-3	0.000000E+0	1.936330E+5
2.320000E-3	0.000000E+0	1.930560E+5
2.340000E-3	0.000000E+0	1.933980E+5
2.360000E-3	0.000000E+0	1.933150E+5
2.380000E-3	0.000000E+0	1.936400E+5
2.400000E-3	0.000000E+0	1.927480E+5
2.420000E-3	0.000000E+0	1.931110E+5
2.440000E-3	0.000000E+0	1.923570E+5
2.460000E-3	0.000000E+0	1.929860E+5
2.480000E-3	0.000000E+0	1.939810E+5
2.500000E-3	0.000000E+0	1.934840E+5
2.520000E-3	0.000000E+0	1.933650E+5
2.540000E-3	0.000000E+0	1.929550E+5
2.560000E-3	0.000000E+0	1.931700E+5
2.580000E-3	0.000000E+0	1.928650E+5
2.600000E-3	0.000000E+0	1.941990E+5
2.620000E-3	0.000000E+0	1.930660E+5
2.640000E-3	0.000000E+0	1.932030E+5
2.660000E-3	0.000000E+0	1.936030E+5
2.680000E-3	0.000000E+0	1.933160E+5
2.700000E-3	0.000000E+0	1.935190E+5
2.720000E-3	0.000000E+0	1.934020E+5
2.740000E-3	0.000000E+0	1.941910E+5
2.760000E-3	0.000000E+0	1.935930E+5
2.780000E-3	0.000000E+0	1.933460E+5
2.800000E-3	0.000000E+0	1.927870E+5
2.820000E-3	0.000000E+0	1.933540E+5
2.840000E-3	0.000000E+0	1.929350E+5
2.860000E-3	0.000000E+0	1.940910E+5
2.880000E-3	0.000000E+0	1.935960E+5
2.900000E-3	0.000000E+0	1.938990E+5
2.920000E-3	0.000000E+0	1.930330E+5
2.940000E-3	0.000000E+0	1.934960E+5
2.960000E-3	0.000000E+0	1.937430E+5
2.980000E-3	0.000000E+0	1.928770E+5
3.000000E-3	0.000000E+0	1.933900E+5
3.020000E-3	0.000000E+0	1.935920E+5
3.040000E-3	0.000000E+0	1.935530E+5
3.060000E-3	0.000000E+0	1.947040E+5
3.080000E-3	0.000000E+0	1.935980E+5
3.100000E-3	0.000000E+0	1.928290E+5
3.120000E-3	0.000000E+0	1.934110E+5
3.140000E-3	0.000000E+0	1.933220E+5
3.160000E-3	0.000000E+0	1.932980E+5
3.180000E-3	0.000000E+0	1.940940E+5
3.200000E-3	0.000000E+0	1.934390E+5
3.220000E-3	0.000000E+0	1.936660E+5
3.240000E-3	0.000000E+0	1.930400E+5
3.260000E-3	0.000000E+0	1.937280E+5
3.280000E-3	0.000000E+0	1.929010E+5
3.300000E-3	0.000000E+0	1.930930E+5
3.320000E-3	0.000000E+0	1.933060E+5
3.340000E-3	0.000000E+0	1.935340E+5
3.360000E-3	0.000000E+0	1.932980E+5
3.380000E-3	0.000000E+0	1.929480E+5
3.400000E-3	0.000000E+0	1.932420E+5
3.420000E-3	0.000000E+0	1.935800E+5
3.440000E-3	0.000000E+0	1.928700E+5
3.460000E-3	0.000000E+0	1.938500E+5
3.480000E-3	0.000000E+0	1.930380E+5
3.500000E-3	0.000000E+0	1.941110E+5
3.520000E-3	0.000000E+0	1.930770E+5
3.540000E-3	0.000000E+0	1.930750E+5
3.560000E-3	0.000000E+0	1.931370E+5
3.580000E-3	0.000000E+0	1.933660E+5
3.600000E-3	0.000000E+0	1.930710E+5
3.620000E-3	0.000000E+0	1.919080E+5
3.640000E-3	0.000000E+0	1.937880E+5
3.660000E-3	0.000000E+0	1.934080E+5
3.680000E-3	0.000000E+0	1.931790E+5
3.700000E-3	0.000000E+0	1.930830E+5
3.720000E-3	0.000000E+0	1.933660E+5
3.740000E-3	0.000000E+0	1.933530E+5
3.760000E-3	0.000000E+0	1.931920E+5
3.780000E-3	0.000000E+0	1.934040E+5
3.800000E-3	0.000000E+0	1.930890E+5
3.820000E-3	0.000000E+0	1.927850E+5
3.840000E-3	0.000000E+0	1.931280E+5
3.860000E-3	0.000000E+0	1.933110E+5
3.880000E-3	0.000000E+0	1.929440E+5
3.900000E-3	0.000000E+0	1.933100E+5
3.920000E-3	0.000000E+0	1.944840E+5
3.940000E-3	0.000000E+0	1.939520E+5
3.960000E-3	0.000000E+0	1.935790E+5
3.980000E-3	0.000000E+0	1.930760E+5
4.000000E-3	0.000000E+0	1.939010E+5
4.020000E-3	0.000000E+0	1.933260E+5
4.040000E-3	0.000000E+0	1.929700E+5
4.060000E-3	0.000000E+0	1.937120E+5
4.080000E-3	0.000000E+0	1.936440E+5
4.100000E-3	0.000000E+0	1.932240E+5
4.120000E-3	0.000000E+0	1.929210E+5
4.140000E-3	0.000000E+0	1.935740E+5
4.160000E-3	0.000000E+0	1.937780E+5
4.180000E-3	0.000000E+0	1.925970E+5
4.200000E-3	0.000000E+0	1.928750E+5
4.220000E-3	0.000000E+0	1.924850E+5
4.240000E-3	0.000000E+0	1.932300E+5
4.260000E-3	0.000000E+0	1.927130E+5
4.280000E-3	0.000000E+0	1.935270E+5
4.300000E-3	0.000000E+0	1.932740E+5
4.320000E-3	0.000000E+0	1.930750E+5
4.340000E-3	0.000000E+0	1.929080E+5
4.360000E-3	0.000000E+0	1.933720E+5
4.380000E-3	0.000000E+0	1.925370E+5
4.400000E-3	0.000000E+0	1.940370E+5
4.420000E-3	0.000000E+0	1.934920E+5
4.440000E-3	0.000000E+0	1.926150E+5
4.460000E-3	0.000000E+0	1.930710E+5
4.480000E-3	0.000000E+0	1.925620E+5
4.500000E-3	0.000000E+0	1.929600E+5
4.520000E-3	0.000000E+0	1.929800E+5
4.540000E-3	0.000000E+0	1.932180E+5
4.560000E-3	0.000000E+0	1.928290E+5
4.580000E-3	0.000000E+0	1.932620E+5
4.600000E-3	0.000000E+0	1.927080E+5
4.620000E-3	0.000000E+0	1.929450E+5
4.640000E-3	0.000000E+0	1.932820E+5
4.660000E-3	0.000000E+0	1.933290E+5
4.680000E-3	0.000000E+0	1.931440E+5
4.700000E-3	0.000000E+0	1.936060E+5
4.720000E-3	0.000000E+0	1.936140E+5
4.740000E-3	0.000000E+0	1.919590E+5
4.760000E-3	0.000000E+0	1.936150E+5
4.780000E-3	0.000000E+0	1.926490E+5
4.800000E-3	0.000000E+0	1.933290E+5
4.820000E-3	0.000000E+0	1.929910E+5
4.840000E-3	0.000000E+0	1.933920E+5
4.860000E-3	0.000000E+0	1.926270E+5
4.880000E-3	0.000000E+0	1.920270E+5
4.900000E-3	0.000000E+0	1.922750E+5
4.920000E-3	0.000000E+0	1.909610E+5
4.940000E-3	0.000000E+0	1.909260E+5
4.960000E-3	0.000000E+0	1.903510E+5
4.980000E-3	0.000000E+0	1.907500E+5
5.000000E-3	0.000000E+0	1.900350E+5
5.020000E-3	0.000000E+0	1.903940E+5
5.040000E-3	0.000000E+0	1.892370E+5
5.060000E-3	0.000000E+0	1.882130E+5
5.080000E-3	0.000000E+0	1.875960E+5
5.100000E-3	0.000000E+0	1.875500E+5
5.120000E-3	0.000000E+0	1.874390E+5
5.140000E-3	0.000000E+0	1.882670E+5
5.160000E-3	0.000000E+0	1.884880E+5
5.180000E-3	0.000000E+0	1.889420E+5
5.200000E-3	0.000000E+0	1.897170E+5
5.220000E-3	0.000000E+0	1.904400E+5
5.240000E-3	0.000000E+0	1.908450E+5
5.260000E-3	0.000000E+0	1.919380E+5
5.280000E-3	0.000000E+0	1.909400E+5
5.300000E-3	0.000000E+0	1.920320E+5
5.320000E-3	0.000000E+0	1.925840E+5
5.340000E-3	0.000000E+0	1.925370E+5
5.360000E-3	0.000000E+0	1.929990E+5
5.380000E-3	0.000000E+0	1.928780E+5
5.400000E-3	0.000000E+0	1.936850E+5
5.420000E-3	0.000000E+0	1.930460E+5
5.440000E-3	0.000000E+0	1.919370E+5
5.460000E-3	0.000000E+0	1.923760E+5
5.480000E-3	0.000000E+0	1.927880E+5
5.500000E-3	0.000000E+0	1.926860E+5
5.520000E-3	0.000000E+0	1.921640E+5
5.540000E-3	0.000000E+0	1.926060E+5
5.560000E-3	0.000000E+0	1.919570E+5
5.580000E-3	0.000000E+0	1.916740E+5
5.600000E-3	0.000000E+0	1.902510E+5
5.620000E-3	0.000000E+0	1.896010E+5
5.640000E-3	0.000000E+0	1.898060E+5
5.660000E-3	0.000000E+0	1.903390E+5
5.680000E-3	0.000000E+0	1.903200E+5
5.700000E-3	0.000000E+0	1.892920E+5
5.720000E-3	0.000000E+0	1.886860E+5
5.740000E-3	0.000000E+0	1.878420E+5
5.760000E-3	0.000000E+0	1.878700E+5
5.780000E-3	0.000000E+0	1.886440E+5
5.800000E-3	0.000000E+0	1.884030E+5
5.820000E-3	0.000000E+0	1.892120E+5
5.840000E-3	0.000000E+0	1.899750E+5
5.860000E-3	0.000000E+0	1.903070E+5
5.880000E-3	0.000000E+0	1.914050E+5
5.900000E-3	0.000000E+0	1.919050E+5
5.920000E-3	0.000000E+0	1.923420E+5
5.940000E-3	0.000000E+0	1.912190E+5
5.960000E-3	0.000000E+0	1.923680E+5
5.980000E-3	0.000000E+0	1.927560E+5
6.000000E-3	0.000000E+0	1.927450E+5
6.020000E-3	0.000000E+0	1.932930E+5
6.040000E-3	0.000000E+0	1.933330E+5
6.060000E-3	0.000000E+0	1.929730E+5
6.080000E-3	0.000000E+0	1.929760E+5
6.100000E-3	0.000000E+0	1.928460E+5
6.120000E-3	0.000000E+0	1.930980E+5
6.140000E-3	0.000000E+0	1.927370E+5
6.160000E-3	0.000000E+0	1.929580E+5
6.180000E-3	0.000000E+0	1.934700E+5
6.200000E-3	0.000000E+0	1.929390E+5
6.220000E-3	0.000000E+0	1.935400E+5
6.240000E-3	0.000000E+0	1.922960E+5
6.260000E-3	0.000000E+0	1.933160E+5
6.280000E-3	0.000000E+0	1.938980E+5
6.300000E-3	0.000000E+0	1.928280E+5
6.320000E-3	0.000000E+0	1.934530E+5
6.340000E-3	0.000000E+0	1.934050E+5
6.360000E-3	0.000000E+0	1.923450E+5
6.380000E-3	0.000000E+0	1.934470E+5
6.400000E-3	0.000000E+0	1.927230E+5
6.420000E-3	0.000000E+0	1.933480E+5
6.440000E-3	0.000000E+0	1.941600E+5
6.460000E-3	0.000000E+0	1.931160E+5
6.480000E-3	0.000000E+0	1.928770E+5
6.500000E-3	0.000000E+0	1.929780E+5
6.520000E-3	0.000000E+0	1.934450E+5
6.540000E-3	0.000000E+0	1.927090E+5
6.560000E-3	0.000000E+0	1.937460E+5
6.580000E-3	0.000000E+0	1.933860E+5
6.600000E-3	0.000000E+0	1.936620E+5
6.620000E-3	0.000000E+0	1.930730E+5
6.640000E-3	0.000000E+0	1.929060E+5
6.660000E-3	0.000000E+0	1.925600E+5
6.680000E-3	0.000000E+0	1.932620E+5
6.700000E-3	0.000000E+0	1.932560E+5
6.720000E-3	0.000000E+0	1.930610E+5
6.740000E-3	0.000000E+0	1.934560E+5
6.760000E-3	0.000000E+0	1.935480E+5
6.780000E-3	0.000000E+0	1.926120E+5
6.800000E-3	0.000000E+0	1.937250E+5
6.820000E-3	0.000000E+0	1.931650E+5
6.840000E-3	0.000000E+0	1.932330E+5
6.860000E-3	0.000000E+0	1.932670E+5
6.880000E-3	0.000000E+0	1.937630E+5
6.900000E-3	0.000000E+0	1.927750E+5
6.920000E-3	0.000000E+0	1.934340E+5
6.940000E-3	0.000000E+0	1.929350E+5
6.960000E-3	0.000000E+0	1.927220E+5
6.980000E-3	0.000000E+0	1.933680E+5
7.000000E-3	0.000000E+0	1.930900E+5
7.020000E-3	0.000000E+0	1.926940E+5
7.040000E-3	0.000000E+0	1.931350E+5
7.060000E-3	0.000000E+0	1.931790E+5
7.080000E-3	0.000000E+0	1.936800E+5
7.100000E-3	0.000000E+0	1.935340E+5
7.120000E-3	0.000000E+0	1.933470E+5
7.140000E-3	0.000000E+0	1.933080E+5
7.160000E-3	0.000000E+0	1.938420E+5
7.180000E-3	0.000000E+0	1.925610E+5
7.200000E-3	0.000000E+0	1.932760E+5
7.220000E-3	0.000000E+0	1.936430E+5
7.240000E-3	0.000000E+0	1.930650E+5
7.260000E-3	0.000000E+0	1.926270E+5
7.280000E-3	0.000000E+0	1.927430E+5
7.300000E-3	0.000000E+0	1.930780E+5
7.320000E-3	0.000000E+0	1.940350E+5
7.340000E-3	0.000000E+0	1.935410E+5
7.360000E-3	0.000000E+0	1.931460E+5
7.380000E-3	0.000000E+0	1.936160E+5
7.400000E-3	0.000000E+0	1.932370E+5
7.420000E-3	0.000000E+0	1.930770E+5
7.440000E-3	0.000000E+0	1.932480E+5
7.460000E-3	0.000000E+0	1.935260E+5
7.480000E-3	0.000000E+0	1.932380E+5
7.500000E-3	0.000000E+0	1.940540E+5
7.520000E-3	0.000000E+0	1.937160E+5
7.540000E-3	0.000000E+0	1.937080E+5
7.560000E-3	0.000000E+0	1.938020E+5
7.580000E-3	0.000000E+0	1.930620E+5
7.600000E-3	0.000000E+0	1.927260E+5
7.620000E-3	0.000000E+0	1.932790E+5
7.640000E-3	0.000000E+0	1.942350E+5
7.660000E-3	0.000000E+0	1.930500E+5
7.680000E-3	0.000000E+0	1.934280E+5
7.700000E-3	0.000000E+0	1.930990E+5
7.720000E-3	0.000000E+0	1.933580E+5
7.740000E-3	0.000000E+0	1.930290E+5
7.760000E-3	0.000000E+0	1.923210E+5
7.780000E-3	0.000000E+0	1.938870E+5
7.800000E-3	0.000000E+0	1.934580E+5
7.820000E-3	0.000000E+0	1.936850E+5
7.840000E-3	0.000000E+0	1.937730E+5
7.860000E-3	0.000000E+0	1.933460E+5
7.880000E-3	0.000000E+0	1.935110E+5
7.900000E-3	0.000000E+0	1.936390E+5
7.920000E-3	0.000000E+0	1.927770E+5
7.940000E-3	0.000000E+0	1.936580E+5
7.960000E-3	0.000000E+0	1.937120E+5
7.980000E-3	0.000000E+0	1.938570E+5
8.000000E-3	0.000000E+0	1.936400E+5
8.020000E-3	0.000000E+0	1.939100E+5
8.040000E-3	0.000000E+0	1.926780E+5
8.060000E-3	0.000000E+0	1.934490E+5
8.080000E-3	0.000000E+0	1.932500E+5
8.100000E-3	0.000000E+0	1.934140E+5
8.120000E-3	0.000000E+0	1.939030E+5
8.140000E-3	0.000000E+0	1.931340E+5
8.160000E-3	0.000000E+0	1.934410E+5
8.180000E-3	0.000000E+0	1.932790E+5
8.200000E-3	0.000000E+0	1.931540E+5
8.220000E-3	0.000000E+0	1.928980E+5
8.240000E-3	0.000000E+0	1.929750E+5
8.260000E-3	0.000000E+0	1.942860E+5
8.280000E-3	0.000000E+0	1.928650E+5
8.300000E-3	0.000000E+0	1.935260E+5
8.320000E-3	0.000000E+0	1.931430E+5
8.340000E-3	0.000000E+0	1.934030E+5
8.360000E-3	0.000000E+0	1.932410E+5
8.380000E-3	0.000000E+0	1.924600E+5
8.400000E-3	0.000000E+0	1.929850E+5
8.420000E-3	0.000000E+0	1.935120E+5
8.440000E-3	0.000000E+0	1.938240E+5
8.460000E-3	0.000000E+0	1.934400E+5
8.480000E-3	0.000000E+0	1.943090E+5
8.500000E-3	0.000000E+0	1.921240E+5
8.520000E-3	0.000000E+0	1.933880E+5
8.540000E-3	0.000000E+0	1.935480E+5
8.560000E-3	0.000000E+0	1.930930E+5
8.580000E-3	0.000000E+0	1.945890E+5
8.600000E-3	0.000000E+0	1.924780E+5
8.620000E-3	0.000000E+0	1.934270E+5
8.640000E-3	0.000000E+0	1.934410E+5
8.660000E-3	0.000000E+0	1.931670E+5
8.680000E-3	0.000000E+0	1.939680E+5
8.700000E-3	0.000000E+0	1.927670E+5
8.720000E-3	0.000000E+0	1.932710E+5
8.740000E-3	0.000000E+0	1.929010E+5
8.760000E-3	0.000000E+0	1.934220E+5
8.780000E-3	0.000000E+0	1.936080E+5
8.800000E-3	0.000000E+0	1.938840E+5
8.820000E-3	0.000000E+0	1.936420E+5
8.840000E-3	0.000000E+0	1.931300E+5
8.860000E-3	0.000000E+0	1.940880E+5
8.880000E-3	0.000000E+0	1.932020E+5
8.900000E-3	0.000000E+0	1.938320E+5
8.920000E-3	0.000000E+0	1.927140E+5
8.940000E-3	0.000000E+0	1.927440E+5
8.960000E-3	0.000000E+0	1.942220E+5
8.980000E-3	0.000000E+0	1.928720E+5
9.000000E-3	0.000000E+0	1.927510E+5
9.020000E-3	0.000000E+0	1.930250E+5
9.040000E-3	0.000000E+0	1.934680E+5
9.060000E-3	0.000000E+0	1.942480E+5
9.080000E-3	0.000000E+0	1.936140E+5
9.100000E-3	0.000000E+0	1.935020E+5
9.120000E-3	0.000000E+0	1.931910E+5
9.140000E-3	0.000000E+0	1.934200E+5
9.160000E-3	0.000000E+0	1.939970E+5
9.180000E-3	0.000000E+0	1.930880E+5
9.200000E-3	0.000000E+0	1.936740E+5
9.220000E-3	0.000000E+0	1.931870E+5
9.240000E-3	0.000000E+0	1.938810E+5
9.260000E-3	0.000000E+0	1.936690E+5
9.280000E-3	0.000000E+0	1.940940E+5
9.300000E-3	0.000000E+0	1.938070E+5
9.320000E-3	0.000000E+0	1.931680E+5
9.340000E-3	0.000000E+0	1.933660E+5
9.360000E-3	0.000000E+0	1.928790E+5
9.380000E-3	0.000000E+0	1.934160E+5
9.400000E-3	0.000000E+0	1.935990E+5
9.420000E-3	0.000000E+0	1.938660E+5
9.440000E-3	0.000000E+0	1.936030E+5
9.460000E-3	0.000000E+0	1.940490E+5
9.480000E-3	0.000000E+0	1.926550E+5
9.500000E-3	0.000000E+0	1.930480E+5
9.520000E-3	0.000000E+0	1.941070E+5
9.540000E-3	0.000000E+0	1.924420E+5
9.560000E-3	0.000000E+0	1.928580E+5
9.580000E-3	0.000000E+0	1.937420E+5
9.600000E-3	0.000000E+0	1.934960E+5
9.620000E-3	0.000000E+0	1.927710E+5
9.640000E-3	0.000000E+0	1.934260E+5
9.660000E-3	0.000000E+0	1.936420E+5
9.680000E-3	0.000000E+0	1.927080E+5
9.700000E-3	0.000000E+0	1.939000E+5
9.720000E-3	0.000000E+0	1.929790E+5
9.740000E-3	0.000000E+0	1.934860E+5
9.760000E-3	0.000000E+0	1.926340E+5
9.780000E-3	0.000000E+0	1.932800E+5
9.800000E-3	0.000000E+0	1.934370E+5
9.820000E-3	0.000000E+0	1.937380E+5
9.840000E-3	0.000000E+0	1.931950E+5
9.860000E-3	0.000000E+0	1.937040E+5
9.880000E-3	0.000000E+0	1.943030E+5
9.900000E-3	0.000000E+0	1.934120E+5
9.920000E-3	0.000000E+0	1.928120E+5
9.940000E-3	0.000000E+0	1.928710E+5
9.960000E-3	0.000000E+0	1.928670E+5
9.980000E-3	0.000000E+0	1.941610E+5
1.000000E-2	0.000000E+0	1.926050E+5
1.002000E-2	0.000000E+0	1.932460E+5
1.004000E-2	0.000000E+0	1.936640E+5
1.006000E-2	0.000000E+0	1.937740E+5
1.008000E-2	0.000000E+0	1.928350E+5
1.010000E-2	0.000000E+0	1.934090E+5
1.012000E-2	0.000000E+0	1.935410E+5
1.014000E-2	0.000000E+0	1.939130E+5
1.016000E-2	0.000000E+0	1.934390E+5
1.018000E-2	0.000000E+0	1.936980E+5
1.020000E-2	0.000000E+0	1.933230E+5
1.022000E-2	0.000000E+0	1.938600E+5
1.024000E-2	0.000000E+0	1.928910E+5
1.026000E-2	0.000000E+0	1.946590E+5
1.028000E-2	0.000000E+0	1.933800E+5
1.030000E-2	0.000000E+0	1.937120E+5
1.032000E-2	0.000000E+0	1.934370E+5
1.034000E-2	0.000000E+0	1.935320E+5
1.036000E-2	0.000000E+0	1.932380E+5
1.038000E-2	0.000000E+0	1.939350E+5
1.040000E-2	0.000000E+0	1.936010E+5
1.042000E-2	0.000000E+0	1.936710E+5
1.044000E-2	0.000000E+0	1.935720E+5
1.046000E-2	0.000000E+0	1.933460E+5
1.048000E-2	0.000000E+0	1.936090E+5
1.050000E-2	0.000000E+0	1.927640E+5
1.052000E-2	0.000000E+0	1.937360E+5
1.054000E-2	0.000000E+0	1.942270E+5
1.056000E-2	0.000000E+0	1.935600E+5
1.058000E-2	0.000000E+0	1.936020E+5
1.060000E-2	0.000000E+0	1.927230E+5
1.062000E-2	0.000000E+0	1.930090E+5
1.064000E-2	0.000000E+0	1.936260E+5
1.066000E-2	0.000000E+0	1.932730E+5
1.068000E-2	0.000000E+0	1.941560E+5
1.070000E-2	0.000000E+0	1.935100E+5
1.072000E-2	0.000000E+0	1.935840E+5
1.074000E-2	0.000000E+0	1.938430E+5
1.076000E-2	0.000000E+0	1.941280E+5
1.078000E-2	0.000000E+0	1.941330E+5
1.080000E-2	0.000000E+0	1.932800E+5
1.082000E-2	0.000000E+0	1.945150E+5
1.084000E-2	0.000000E+0	1.934060E+5
1.086000E-2	0.000000E+0	1.934880E+5
1.088000E-2	0.000000E+0	1.934990E+5
1.090000E-2	0.000000E+0	1.930850E+5
1.092000E-2	0.000000E+0	1.938210E+5
1.094000E-2	0.000000E+0	1.932110E+5
1.096000E-2	0.000000E+0	1.934130E+5
1.098000E-2	0.000000E+0	1.934810E+5
1.100000E-2	0.000000E+0	1.938640E+5
1.102000E-2	0.000000E+0	1.933520E+5
1.104000E-2	0.000000E+0	1.939300E+5
1.106000E-2	0.000000E+0	1.934620E+5
1.108000E-2	0.000000E+0	1.932570E+5
1.110000E-2	0.000000E+0	1.933200E+5
1.112000E-2	0.000000E+0	1.939140E+5
1.114000E-2	0.000000E+0	1.938460E+5
1.116000E-2	0.000000E+0	1.923840E+5
1.118000E-2	0.000000E+0	1.938560E+5
1.120000E-2	0.000000E+0	1.935080E+5
1.122000E-2	0.000000E+0	1.944590E+5
1.124000E-2	0.000000E+0	1.936620E+5
1.126000E-2	0.000000E+0	1.929650E+5
1.128000E-2	0.000000E+0	1.932690E+5
1.130000E-2	0.000000E+0	1.926820E+5
1.132000E-2	0.000000E+0	1.938580E+5
1.134000E-2	0.000000E+0	1.932930E+5
1.136000E-2	0.000000E+0	1.947150E+5
1.138000E-2	0.000000E+0	1.930700E+5
1.140000E-2	0.000000E+0	1.940930E+5
1.142000E-2	0.000000E+0	1.934530E+5
1.144000E-2	0.000000E+0	1.933130E+5
1.146000E-2	0.000000E+0	1.937200E+5
1.148000E-2	0.000000E+0	1.938550E+5
1.150000E-2	0.000000E+0	1.939570E+5
1.152000E-2	0.000000E+0	1.931510E+5
1.154000E-2	0.000000E+0	1.931560E+5
1.156000E-2	0.000000E+0	1.940900E+5
1.158000E-2	0.000000E+0	1.932070E+5
1.160000E-2	0.000000E+0	1.935930E+5
1.162000E-2	0.000000E+0	1.934330E+5
1.164000E-2	0.000000E+0	1.943810E+5
1.166000E-2	0.000000E+0	1.942680E+5
1.168000E-2	0.000000E+0	1.943990E+5
1.170000E-2	0.000000E+0	1.941100E+5
1.172000E-2	0.000000E+0	1.932260E+5
1.174000E-2	0.000000E+0	1.937140E+5
1.176000E-2	0.000000E+0	1.937530E+5
1.178000E-2	0.000000E+0	1.928380E+5
1.180000E-2	0.000000E+0	1.934370E+5
1.182000E-2	0.000000E+0	1.930970E+5
1.184000E-2	0.000000E+0	1.931600E+5
1.186000E-2	0.000000E+0	1.934800E+5
1.188000E-2	0.000000E+0	1.933910E+5
1.190000E-2	0.000000E+0	1.929140E+5
1.192000E-2	0.000000E+0	1.928610E+5
1.194000E-2	0.000000E+0	1.941620E+5
1.196000E-2	0.000000E+0	1.933880E+5
1.198000E-2	0.000000E+0	1.933230E+5
1.200000E-2	0.000000E+0	1.933750E+5
1.202000E-2	0.000000E+0	1.940090E+5
1.204000E-2	0.000000E+0	1.938080E+5
1.206000E-2	0.000000E+0	1.935610E+5
1.208000E-2	0.000000E+0	1.941910E+5
1.210000E-2	0.000000E+0	1.931540E+5
1.212000E-2	0.000000E+0	1.931530E+5
1.214000E-2	0.000000E+0	1.928380E+5
1.216000E-2	0.000000E+0	1.928240E+5
1.218000E-2	0.000000E+0	1.938890E+5
1.220000E-2	0.000000E+0	1.928490E+5
1.222000E-2	0.000000E+0	1.931560E+5
1.224000E-2	0.000000E+0	1.936860E+5
1.226000E-2	0.000000E+0	1.937050E+5
1.228000E-2	0.000000E+0	1.936390E+5
1.230000E-2	0.000000E+0	1.937920E+5
1.232000E-2	0.000000E+0	1.930630E+5
1.234000E-2	0.000000E+0	1.937100E+5
1.236000E-2	0.000000E+0	1.934730E+5
1.238000E-2	0.000000E+0	1.935230E+5
1.240000E-2	0.000000E+0	1.939730E+5
1.242000E-2	0.000000E+0	1.937350E+5
1.244000E-2	0.000000E+0	1.937470E+5
1.246000E-2	0.000000E+0	1.932260E+5
1.248000E-2	0.000000E+0	1.936620E+5
1.250000E-2	0.000000E+0	1.928240E+5
1.252000E-2	0.000000E+0	1.939360E+5
1.254000E-2	0.000000E+0	1.935240E+5
1.256000E-2	0.000000E+0	1.929970E+5
1.258000E-2	0.000000E+0	1.939530E+5
1.260000E-2	0.000000E+0	1.939460E+5
1.262000E-2	0.000000E+0	1.925690E+5
1.264000E-2	0.000000E+0	1.925330E+5
1.266000E-2	0.000000E+0	1.938640E+5
1.268000E-2	0.000000E+0	1.935260E+5
1.270000E-2	0.000000E+0	1.936830E+5
1.272000E-2	0.000000E+0	1.935910E+5
1.274000E-2	0.000000E+0	1.930870E+5
1.276000E-2	0.000000E+0	1.942000E+5
1.278000E-2	0.000000E+0	1.932270E+5
1.280000E-2	0.000000E+0	1.929890E+5
1.282000E-2	0.000000E+0	1.932770E+5
1.284000E-2	0.000000E+0	1.934100E+5
1.286000E-2	0.000000E+0	1.942490E+5
1.288000E-2	0.000000E+0	1.938460E+5
1.290000E-2	0.000000E+0	1.936520E+5
1.292000E-2	0.000000E+0	1.937980E+5
1.294000E-2	0.000000E+0	1.928870E+5
1.296000E-2	0.000000E+0	1.938360E+5
1.298000E-2	0.000000E+0	1.933030E+5
1.300000E-2	0.000000E+0	1.937690E+5
1.302000E-2	0.000000E+0	1.937500E+5
1.304000E-2	0.000000E+0	1.935540E+5
1.306000E-2	0.000000E+0	1.933740E+5
1.308000E-2	0.000000E+0	1.935030E+5
1.310000E-2	0.000000E+0	1.935180E+5
1.312000E-2	0.000000E+0	1.938430E+5
1.314000E-2	0.000000E+0	1.941190E+5
1.316000E-2	0.000000E+0	1.929080E+5
1.318000E-2	0.000000E+0	1.932520E+5
1.320000E-2	0.000000E+0	1.942150E+5
1.322000E-2	0.000000E+0	1.938210E+5
1.324000E-2	0.000000E+0	1.931620E+5
1.326000E-2	0.000000E+0	1.939930E+5
1.328000E-2	0.000000E+0	1.938450E+5
1.330000E-2	0.000000E+0	1.931300E+5
1.332000E-2	0.000000E+0	1.936730E+5
1.334000E-2	0.000000E+0	1.935100E+5
1.336000E-2	0.000000E+0	1.940530E+5
1.338000E-2	0.000000E+0	1.937670E+5
1.340000E-2	0.000000E+0	1.930990E+5
1.342000E-2	0.000000E+0	1.931870E+5
1.344000E-2	0.000000E+0	1.931810E+5
1.346000E-2	0.000000E+0	1.928070E+5
1.348000E-2	0.000000E+0	1.940990E+5
1.350000E-2	0.000000E+0	1.934530E+5
1.352000E-2	0.000000E+0	1.939140E+5
1.354000E-2	0.000000E+0	1.941620E+5
1.356000E-2	0.000000E+0	1.942070E+5
1.358000E-2	0.000000E+0	1.937410E+5
1.360000E-2	0.000000E+0	1.931000E+5
1.362000E-2	0.000000E+0	1.938900E+5
1.364000E-2	0.000000E+0	1.933530E+5
1.366000E-2	0.000000E+0	1.936400E+5
1.368000E-2	0.000000E+0	1.942240E+5
1.370000E-2	0.000000E+0	1.939360E+5
1.372000E-2	0.000000E+0	1.931200E+5
1.374000E-2	0.000000E+0	1.925660E+5
1.376000E-2	0.000000E+0	1.928600E+5
1.378000E-2	0.000000E+0	1.924560E+5
1.380000E-2	0.000000E+0	1.938090E+5
1.382000E-2	0.000000E+0	1.930760E+5
1.384000E-2	0.000000E+0	1.935640E+5
1.386000E-2	0.000000E+0	1.931270E+5
1.388000E-2	0.000000E+0	1.936880E+5
1.390000E-2	0.000000E+0	1.935090E+5
1.392000E-2	0.000000E+0	1.942900E+5
1.394000E-2	0.000000E+0	1.939350E+5
1.396000E-2	0.000000E+0	1.933830E+5
1.398000E-2	0.000000E+0	1.936700E+5
1.400000E-2	0.000000E+0	1.944930E+5
1.402000E-2	0.000000E+0	1.929290E+5
1.404000E-2	0.000000E+0	1.943290E+5
1.406000E-2	0.000000E+0	1.935580E+5
1.408000E-2	0.000000E+0	1.931980E+5
1.410000E-2	0.000000E+0	1.931430E+5
1.412000E-2	0.000000E+0	1.935070E+5
1.414000E-2	0.000000E+0	1.933000E+5
1.416000E-2	0.000000E+0	1.933460E+5
1.418000E-2	0.000000E+0	1.931930E+5
1.420000E-2	0.000000E+0	1.937300E+5
1.422000E-2	0.000000E+0	1.938460E+5
1.424000E-2	0.000000E+0	1.923490E+5
1.426000E-2	0.000000E+0	1.927610E+5
1.428000E-2	0.000000E+0	1.936170E+5
1.430000E-2	0.000000E+0	1.935760E+5
1.432000E-2	0.000000E+0	1.940000E+5
1.434000E-2	0.000000E+0	1.930420E+5
1.436000E-2	0.000000E+0	1.935930E+5
1.438000E-2	0.000000E+0	1.936780E+5
1.440000E-2	0.000000E+0	1.942290E+5
1.442000E-2	0.000000E+0	1.933780E+5
1.444000E-2	0.000000E+0	1.927350E+5
1.446000E-2	0.000000E+0	1.936520E+5
1.448000E-2	0.000000E+0	1.933150E+5
1.450000E-2	0.000000E+0	1.930310E+5
1.452000E-2	0.000000E+0	1.938130E+5
1.454000E-2	0.000000E+0	1.930840E+5
1.456000E-2	0.000000E+0	1.939820E+5
1.458000E-2	0.000000E+0	1.926760E+5
1.460000E-2	0.000000E+0	1.936180E+5
1.462000E-2	0.000000E+0	1.930240E+5
1.464000E-2	0.000000E+0	1.935630E+5
1.466000E-2	0.000000E+0	1.933850E+5
1.468000E-2	0.000000E+0	1.941470E+5
1.470000E-2	0.000000E+0	1.932360E+5
1.472000E-2	0.000000E+0	1.933580E+5
1.474000E-2	0.000000E+0	1.934270E+5
1.476000E-2	0.000000E+0	1.941400E+5
1.478000E-2	0.000000E+0	1.942020E+5
1.480000E-2	0.000000E+0	1.930960E+5
1.482000E-2	0.000000E+0	1.931350E+5
1.484000E-2	0.000000E+0	1.934120E+5
1.486000E-2	0.000000E+0	1.929900E+5
1.488000E-2	0.000000E+0	1.937120E+5
1.490000E-2	0.000000E+0	1.931480E+5
1.492000E-2	0.000000E+0	1.932330E+5
1.494000E-2	0.000000E+0	1.918300E+5
1.496000E-2	0.000000E+0	1.916670E+5
1.498000E-2	0.000000E+0	1.913470E+5
1.500000E-2	0.000000E+0	1.908600E+5
1.502000E-2	0.000000E+0	1.905900E+5
1.504000E-2	0.000000E+0	1.901240E+5
1.506000E-2	0.000000E+0	1.907360E+5
1.508000E-2	0.000000E+0	1.902480E+5
1.510000E-2	0.000000E+0	1.889090E+5
1.512000E-2	0.000000E+0	1.878930E+5
1.514000E-2	0.000000E+0	1.876060E+5
1.516000E-2	0.000000E+0	1.884580E+5
1.518000E-2	0.000000E+0	1.885010E+5
1.520000E-2	0.000000E+0	1.892120E+5
1.522000E-2	0.000000E+0	1.897920E+5
1.524000E-2	0.000000E+0	1.907150E+5
1.526000E-2	0.000000E+0	1.914520E+5
1.528000E-2	0.000000E+0	1.920560E+5
1.530000E-2	0.000000E+0	1.914840E+5
1.532000E-2	0.000000E+0	1.923960E+5
1.534000E-2	0.000000E+0	1.927330E+5
1.536000E-2	0.000000E+0	1.926330E+5
1.538000E-2	0.000000E+0	1.933210E+5
1.540000E-2	0.000000E+0	1.930540E+5
1.542000E-2	0.000000E+0	1.933840E+5
1.544000E-2	0.000000E+0	1.925320E+5
1.546000E-2	0.000000E+0	1.931580E+5
1.548000E-2	0.000000E+0	1.930580E+5
1.550000E-2	0.000000E+0	1.926300E+5
1.552000E-2	0.000000E+0	1.935900E+5
1.554000E-2	0.000000E+0	1.929940E+5
1.556000E-2	0.000000E+0	1.924120E+5
1.558000E-2	0.000000E+0	1.920190E+5
1.560000E-2	0.000000E+0	1.923190E+5
1.562000E-2	0.000000E+0	1.911010E+5
1.564000E-2	0.000000E+0	1.907340E+5
1.566000E-2	0.000000E+0	1.897290E+5
1.568000E-2	0.000000E+0	1.897360E+5
1.570000E-2	0.000000E+0	1.896060E+5
1.572000E-2	0.000000E+0	1.895310E+5
1.574000E-2	0.000000E+0	1.892960E+5
1.576000E-2	0.000000E+0	1.885970E+5
1.578000E-2	0.000000E+0	1.871520E+5
1.580000E-2	0.000000E+0	1.884060E+5
1.582000E-2	0.000000E+0	1.882400E+5
1.584000E-2	0.000000E+0	1.891190E+5
1.586000E-2	0.000000E+0	1.896460E+5
1.588000E-2	0.000000E+0	1.903460E+5
1.590000E-2	0.000000E+0	1.905830E+5
1.592000E-2	0.000000E+0	1.918440E+5
1.594000E-2	0.000000E+0	1.914040E+5
1.596000E-2	0.000000E+0	1.920580E+5
1.598000E-2	0.000000E+0	1.931620E+5
1.600000E-2	0.000000E+0	1.935680E+5
1.602000E-2	0.000000E+0	1.935080E+5
1.604000E-2	0.000000E+0	1.930270E+5
1.606000E-2	0.000000E+0	1.926470E+5
1.608000E-2	0.000000E+0	1.935020E+5
1.610000E-2	0.000000E+0	1.930020E+5
1.612000E-2	0.000000E+0	1.934760E+5
1.614000E-2	0.000000E+0	1.940970E+5
1.616000E-2	0.000000E+0	1.936060E+5
1.618000E-2	0.000000E+0	1.931520E+5
1.620000E-2	0.000000E+0	1.933400E+5
1.622000E-2	0.000000E+0	1.932950E+5
1.624000E-2	0.000000E+0	1.929070E+5
1.626000E-2	0.000000E+0	1.932790E+5
1.628000E-2	0.000000E+0	1.939650E+5
1.630000E-2	0.000000E+0	1.935780E+5
1.632000E-2	0.000000E+0	1.932840E+5
1.634000E-2	0.000000E+0	1.935140E+5
1.636000E-2	0.000000E+0	1.945020E+5
1.638000E-2	0.000000E+0	1.930210E+5
1.640000E-2	0.000000E+0	1.935620E+5
1.642000E-2	0.000000E+0	1.933010E+5
1.644000E-2	0.000000E+0	1.932310E+5
1.646000E-2	0.000000E+0	1.934710E+5
1.648000E-2	0.000000E+0	1.929440E+5
1.650000E-2	0.000000E+0	1.937560E+5
1.652000E-2	0.000000E+0	1.939870E+5
1.654000E-2	0.000000E+0	1.933640E+5
1.656000E-2	0.000000E+0	1.932800E+5
1.658000E-2	0.000000E+0	1.934830E+5
1.660000E-2	0.000000E+0	1.937800E+5
1.662000E-2	0.000000E+0	1.934760E+5
1.664000E-2	0.000000E+0	1.937970E+5
1.666000E-2	0.000000E+0	1.937830E+5
1.668000E-2	0.000000E+0	1.931810E+5
1.670000E-2	0.000000E+0	1.932010E+5
1.672000E-2	0.000000E+0	1.943600E+5
1.674000E-2	0.000000E+0	1.932500E+5
1.676000E-2	0.000000E+0	1.934550E+5
1.678000E-2	0.000000E+0	1.930500E+5
1.680000E-2	0.000000E+0	1.935070E+5
1.682000E-2	0.000000E+0	1.934010E+5
1.684000E-2	0.000000E+0	1.929600E+5
1.686000E-2	0.000000E+0	1.936830E+5
1.688000E-2	0.000000E+0	1.929370E+5
1.690000E-2	0.000000E+0	1.935290E+5
1.692000E-2	0.000000E+0	1.931750E+5
1.694000E-2	0.000000E+0	1.938570E+5
1.696000E-2	0.000000E+0	1.933750E+5
1.698000E-2	0.000000E+0	1.934180E+5
1.700000E-2	0.000000E+0	1.933580E+5
1.702000E-2	0.000000E+0	1.938120E+5
1.704000E-2	0.000000E+0	1.934640E+5
1.706000E-2	0.000000E+0	1.944090E+5
1.708000E-2	0.000000E+0	1.928960E+5
1.710000E-2	0.000000E+0	1.936360E+5
1.712000E-2	0.000000E+0	1.940790E+5
1.714000E-2	0.000000E+0	1.932940E+5
1.716000E-2	0.000000E+0	1.938480E+5
1.718000E-2	0.000000E+0	1.931380E+5
1.720000E-2	0.000000E+0	1.940580E+5
1.722000E-2	0.000000E+0	1.941840E+5
1.724000E-2	0.000000E+0	1.924770E+5
1.726000E-2	0.000000E+0	1.931240E+5
1.728000E-2	0.000000E+0	1.934380E+5
1.730000E-2	0.000000E+0	1.930720E+5
1.732000E-2	0.000000E+0	1.932420E+5
1.734000E-2	0.000000E+0	1.931470E+5
1.736000E-2	0.000000E+0	1.942700E+5
1.738000E-2	0.000000E+0	1.941390E+5
1.740000E-2	0.000000E+0	1.935610E+5
1.742000E-2	0.000000E+0	1.926660E+5
1.744000E-2	0.000000E+0	1.930500E+5
1.746000E-2	0.000000E+0	1.928560E+5
1.748000E-2	0.000000E+0	1.933660E+5
1.750000E-2	0.000000E+0	1.932560E+5
1.752000E-2	0.000000E+0	1.938480E+5
1.754000E-2	0.000000E+0	1.925630E+5
1.756000E-2	0.000000E+0	1.930740E+5
1.758000E-2	0.000000E+0	1.938260E+5
1.760000E-2	0.000000E+0	1.934330E+5
1.762000E-2	0.000000E+0	1.935600E+5
1.764000E-2	0.000000E+0	1.935950E+5
1.766000E-2	0.000000E+0	1.937730E+5
1.768000E-2	0.000000E+0	1.935680E+5
1.770000E-2	0.000000E+0	1.935700E+5
1.772000E-2	0.000000E+0	1.941570E+5
1.774000E-2	0.000000E+0	1.932110E+5
1.776000E-2	0.000000E+0	1.928330E+5
1.778000E-2	0.000000E+0	1.941800E+5
1.780000E-2	0.000000E+0	1.930320E+5
1.782000E-2	0.000000E+0	1.935520E+5
1.784000E-2	0.000000E+0	1.931770E+5
1.786000E-2	0.000000E+0	1.934210E+5
1.788000E-2	0.000000E+0	1.933620E+5
1.790000E-2	0.000000E+0	1.936630E+5
1.792000E-2	0.000000E+0	1.930160E+5
1.794000E-2	0.000000E+0	1.935880E+5
1.796000E-2	0.000000E+0	1.935190E+5
1.798000E-2	0.000000E+0	1.938160E+5
1.800000E-2	0.000000E+0	1.930740E+5
1.802000E-2	0.000000E+0	1.934430E+5
1.804000E-2	0.000000E+0	1.925730E+5
1.806000E-2	0.000000E+0	1.930900E+5
1.808000E-2	0.000000E+0	1.932750E+5
1.810000E-2	0.000000E+0	1.942690E+5
1.812000E-2	0.000000E+0	1.941580E+5
1.814000E-2	0.000000E+0	1.940040E+5
1.816000E-2	0.000000E+0	1.937030E+5
1.818000E-2	0.000000E+0	1.933380E+5
1.820000E-2	0.000000E+0	1.941350E+5
1.822000E-2	0.000000E+0	1.927270E+5
1.824000E-2	0.000000E+0	1.935450E+5
1.826000E-2	0.000000E+0	1.936330E+5
1.828000E-2	0.000000E+0	1.931340E+5
1.830000E-2	0.000000E+0	1.932080E+5
1.832000E-2	0.000000E+0	1.942670E+5
1.834000E-2	0.000000E+0	1.925020E+5
1.836000E-2	0.000000E+0	1.940310E+5
1.838000E-2	0.000000E+0	1.932540E+5
1.840000E-2	0.000000E+0	1.935860E+5
1.842000E-2	0.000000E+0	1.935680E+5
1.844000E-2	0.000000E+0	1.934470E+5
1.846000E-2	0.000000E+0	1.929150E+5
1.848000E-2	0.000000E+0	1.937100E+5
1.850000E-2	0.000000E+0	1.938930E+5
1.852000E-2	0.000000E+0	1.935020E+5
1.854000E-2	0.000000E+0	1.937760E+5
1.856000E-2	0.000000E+0	1.925000E+5
1.858000E-2	0.000000E+0	1.935680E+5
1.860000E-2	0.000000E+0	1.938380E+5
1.862000E-2	0.000000E+0	1.933030E+5
1.864000E-2	0.000000E+0	1.928320E+5
1.866000E-2	0.000000E+0	1.935900E+5
1.868000E-2	0.000000E+0	1.933050E+5
1.870000E-2	0.000000E+0	1.934410E+5
1.872000E-2	0.000000E+0	1.936780E+5
1.874000E-2	0.000000E+0	1.928020E+5
1.876000E-2	0.000000E+0	1.933760E+5
1.878000E-2	0.000000E+0	1.937200E+5
1.880000E-2	0.000000E+0	1.933350E+5
1.882000E-2	0.000000E+0	1.930960E+5
1.884000E-2	0.000000E+0	1.938730E+5
1.886000E-2	0.000000E+0	1.935860E+5
1.888000E-2	0.000000E+0	1.929540E+5
1.890000E-2	0.000000E+0	1.933560E+5
1.892000E-2	0.000000E+0	1.943260E+5
1.894000E-2	0.000000E+0	1.939250E+5
1.896000E-2	0.000000E+0	1.939360E+5
1.898000E-2	0.000000E+0	1.933590E+5
1.900000E-2	0.000000E+0	1.936650E+5
1.902000E-2	0.000000E+0	1.927420E+5
1.904000E-2	0.000000E+0	1.934850E+5
1.906000E-2	0.000000E+0	1.935480E+5
1.908000E-2	0.000000E+0	1.937540E+5
1.910000E-2	0.000000E+0	1.929000E+5
1.912000E-2	0.000000E+0	1.936280E+5
1.914000E-2	0.000000E+0	1.934100E+5
1.916000E-2	0.000000E+0	1.928720E+5
1.918000E-2	0.000000E+0	1.932920E+5
1.920000E-2	0.000000E+0	1.939730E+5
1.922000E-2	0.000000E+0	1.933520E+5
1.924000E-2	0.000000E+0	1.932830E+5
1.926000E-2	0.000000E+0	1.933540E+5
1.928000E-2	0.000000E+0	1.938550E+5
1.930000E-2	0.000000E+0	1.933930E+5
1.932000E-2	0.000000E+0	1.932090E+5
1.934000E-2	0.000000E+0	1.930650E+5
1.936000E-2	0.000000E+0	1.931730E+5
1.938000E-2	0.000000E+0	1.939170E+5
1.940000E-2	0.000000E+0	1.930900E+5
1.942000E-2	0.000000E+0	1.942750E+5
1.944000E-2	0.000000E+0	1.939740E+5
1.946000E-2	0.000000E+0	1.932870E+5
1.948000E-2	0.000000E+0	1.934580E+5
1.950000E-2	0.000000E+0	1.932990E+5
1.952000E-2	0.000000E+0	1.942760E+5
1.954000E-2	0.000000E+0	1.934450E+5
1.956000E-2	0.000000E+0	1.938640E+5
1.958000E-2	0.000000E+0	1.938610E+5
1.960000E-2	0.000000E+0	1.936090E+5
1.962000E-2	0.000000E+0	1.932630E+5
1.964000E-2	0.000000E+0	1.936870E+5
1.966000E-2	0.000000E+0	1.937360E+5
1.968000E-2	0.000000E+0	1.938400E+5
1.970000E-2	0.000000E+0	1.933000E+5
1.972000E-2	0.000000E+0	1.934350E+5
1.974000E-2	0.000000E+0	1.931650E+5
1.976000E-2	0.000000E+0	1.929460E+5
1.978000E-2	0.000000E+0	1.931820E+5
1.980000E-2	0.000000E+0	1.936240E+5
1.982000E-2	0.000000E+0	1.934690E+5
1.984000E-2	0.000000E+0	1.939140E+5
1.986000E-2	0.000000E+0	1.934700E+5
1.988000E-2	0.000000E+0	1.928080E+5
1.990000E-2	0.000000E+0	1.933540E+5
1.992000E-2	0.000000E+0	1.930450E+5
1.994000E-2	0.000000E+0	1.938710E+5
1.996000E-2	0.000000E+0	1.935790E+5
1.998000E-2	0.000000E+0	1.933380E+5
