

live time:  111903.220000
real time:  154808.418000
sweeps:  5595161.000000
0.000000E+0	0.000000E+0	0.000000E+0
2.000000E-5	0.000000E+0	2.455040E+5
4.000000E-5	0.000000E+0	2.461490E+5
6.000000E-5	0.000000E+0	2.453980E+5
8.000000E-5	0.000000E+0	2.460460E+5
1.000000E-4	0.000000E+0	2.452260E+5
1.200000E-4	0.000000E+0	2.453700E+5
1.400000E-4	0.000000E+0	2.457860E+5
1.600000E-4	0.000000E+0	2.461670E+5
1.800000E-4	0.000000E+0	2.453730E+5
2.000000E-4	0.000000E+0	2.460690E+5
2.200000E-4	0.000000E+0	2.454170E+5
2.400000E-4	0.000000E+0	2.451680E+5
2.600000E-4	0.000000E+0	2.449620E+5
2.800000E-4	0.000000E+0	2.454720E+5
3.000000E-4	0.000000E+0	2.461810E+5
3.200000E-4	0.000000E+0	2.458510E+5
3.400000E-4	0.000000E+0	2.455630E+5
3.600000E-4	0.000000E+0	2.457290E+5
3.800000E-4	0.000000E+0	2.451560E+5
4.000000E-4	0.000000E+0	2.452520E+5
4.200000E-4	0.000000E+0	2.457510E+5
4.400000E-4	0.000000E+0	2.450650E+5
4.600000E-4	0.000000E+0	2.464900E+5
4.800000E-4	0.000000E+0	2.451910E+5
5.000000E-4	0.000000E+0	2.459370E+5
5.200000E-4	0.000000E+0	2.456900E+5
5.400000E-4	0.000000E+0	2.455870E+5
5.600000E-4	0.000000E+0	2.449830E+5
5.800000E-4	0.000000E+0	2.459340E+5
6.000000E-4	0.000000E+0	2.460220E+5
6.200000E-4	0.000000E+0	2.452790E+5
6.400000E-4	0.000000E+0	2.464340E+5
6.600000E-4	0.000000E+0	2.452420E+5
6.800000E-4	0.000000E+0	2.452300E+5
7.000000E-4	0.000000E+0	2.458970E+5
7.200000E-4	0.000000E+0	2.463720E+5
7.400000E-4	0.000000E+0	2.450220E+5
7.600000E-4	0.000000E+0	2.454490E+5
7.800000E-4	0.000000E+0	2.447800E+5
8.000000E-4	0.000000E+0	2.455930E+5
8.200000E-4	0.000000E+0	2.460280E+5
8.400000E-4	0.000000E+0	2.456890E+5
8.600000E-4	0.000000E+0	2.463640E+5
8.800000E-4	0.000000E+0	2.447280E+5
9.000000E-4	0.000000E+0	2.462850E+5
9.200000E-4	0.000000E+0	2.452410E+5
9.400000E-4	0.000000E+0	2.454010E+5
9.600000E-4	0.000000E+0	2.445030E+5
9.800000E-4	0.000000E+0	2.465360E+5
1.000000E-3	0.000000E+0	2.456230E+5
1.020000E-3	0.000000E+0	2.454690E+5
1.040000E-3	0.000000E+0	2.455030E+5
1.060000E-3	0.000000E+0	2.454160E+5
1.080000E-3	0.000000E+0	2.453530E+5
1.100000E-3	0.000000E+0	2.448700E+5
1.120000E-3	0.000000E+0	2.457370E+5
1.140000E-3	0.000000E+0	2.449380E+5
1.160000E-3	0.000000E+0	2.447190E+5
1.180000E-3	0.000000E+0	2.450690E+5
1.200000E-3	0.000000E+0	2.459880E+5
1.220000E-3	0.000000E+0	2.461270E+5
1.240000E-3	0.000000E+0	2.456370E+5
1.260000E-3	0.000000E+0	2.454290E+5
1.280000E-3	0.000000E+0	2.464900E+5
1.300000E-3	0.000000E+0	2.448460E+5
1.320000E-3	0.000000E+0	2.461500E+5
1.340000E-3	0.000000E+0	2.453660E+5
1.360000E-3	0.000000E+0	2.451700E+5
1.380000E-3	0.000000E+0	2.459370E+5
1.400000E-3	0.000000E+0	2.456180E+5
1.420000E-3	0.000000E+0	2.459680E+5
1.440000E-3	0.000000E+0	2.451080E+5
1.460000E-3	0.000000E+0	2.448500E+5
1.480000E-3	0.000000E+0	2.459460E+5
1.500000E-3	0.000000E+0	2.458560E+5
1.520000E-3	0.000000E+0	2.457130E+5
1.540000E-3	0.000000E+0	2.460370E+5
1.560000E-3	0.000000E+0	2.453510E+5
1.580000E-3	0.000000E+0	2.455720E+5
1.600000E-3	0.000000E+0	2.450640E+5
1.620000E-3	0.000000E+0	2.456810E+5
1.640000E-3	0.000000E+0	2.448730E+5
1.660000E-3	0.000000E+0	2.467570E+5
1.680000E-3	0.000000E+0	2.448080E+5
1.700000E-3	0.000000E+0	2.447520E+5
1.720000E-3	0.000000E+0	2.460040E+5
1.740000E-3	0.000000E+0	2.465590E+5
1.760000E-3	0.000000E+0	2.460180E+5
1.780000E-3	0.000000E+0	2.464360E+5
1.800000E-3	0.000000E+0	2.462390E+5
1.820000E-3	0.000000E+0	2.454970E+5
1.840000E-3	0.000000E+0	2.456310E+5
1.860000E-3	0.000000E+0	2.459120E+5
1.880000E-3	0.000000E+0	2.457260E+5
1.900000E-3	0.000000E+0	2.450570E+5
1.920000E-3	0.000000E+0	2.456930E+5
1.940000E-3	0.000000E+0	2.457470E+5
1.960000E-3	0.000000E+0	2.456240E+5
1.980000E-3	0.000000E+0	2.460900E+5
2.000000E-3	0.000000E+0	2.453020E+5
2.020000E-3	0.000000E+0	2.453370E+5
2.040000E-3	0.000000E+0	2.451940E+5
2.060000E-3	0.000000E+0	2.459250E+5
2.080000E-3	0.000000E+0	2.466290E+5
2.100000E-3	0.000000E+0	2.465490E+5
2.120000E-3	0.000000E+0	2.457230E+5
2.140000E-3	0.000000E+0	2.456350E+5
2.160000E-3	0.000000E+0	2.450780E+5
2.180000E-3	0.000000E+0	2.460390E+5
2.200000E-3	0.000000E+0	2.459580E+5
2.220000E-3	0.000000E+0	2.459550E+5
2.240000E-3	0.000000E+0	2.456940E+5
2.260000E-3	0.000000E+0	2.461950E+5
2.280000E-3	0.000000E+0	2.457680E+5
2.300000E-3	0.000000E+0	2.460340E+5
2.320000E-3	0.000000E+0	2.452000E+5
2.340000E-3	0.000000E+0	2.455670E+5
2.360000E-3	0.000000E+0	2.458970E+5
2.380000E-3	0.000000E+0	2.458780E+5
2.400000E-3	0.000000E+0	2.450720E+5
2.420000E-3	0.000000E+0	2.454790E+5
2.440000E-3	0.000000E+0	2.444890E+5
2.460000E-3	0.000000E+0	2.453780E+5
2.480000E-3	0.000000E+0	2.467670E+5
2.500000E-3	0.000000E+0	2.458900E+5
2.520000E-3	0.000000E+0	2.462510E+5
2.540000E-3	0.000000E+0	2.450920E+5
2.560000E-3	0.000000E+0	2.454410E+5
2.580000E-3	0.000000E+0	2.452300E+5
2.600000E-3	0.000000E+0	2.464600E+5
2.620000E-3	0.000000E+0	2.450220E+5
2.640000E-3	0.000000E+0	2.451340E+5
2.660000E-3	0.000000E+0	2.461930E+5
2.680000E-3	0.000000E+0	2.456810E+5
2.700000E-3	0.000000E+0	2.459130E+5
2.720000E-3	0.000000E+0	2.457030E+5
2.740000E-3	0.000000E+0	2.461780E+5
2.760000E-3	0.000000E+0	2.456600E+5
2.780000E-3	0.000000E+0	2.460300E+5
2.800000E-3	0.000000E+0	2.454700E+5
2.820000E-3	0.000000E+0	2.451600E+5
2.840000E-3	0.000000E+0	2.449080E+5
2.860000E-3	0.000000E+0	2.461730E+5
2.880000E-3	0.000000E+0	2.459210E+5
2.900000E-3	0.000000E+0	2.461580E+5
2.920000E-3	0.000000E+0	2.452260E+5
2.940000E-3	0.000000E+0	2.459110E+5
2.960000E-3	0.000000E+0	2.462310E+5
2.980000E-3	0.000000E+0	2.446940E+5
3.000000E-3	0.000000E+0	2.459570E+5
3.020000E-3	0.000000E+0	2.457290E+5
3.040000E-3	0.000000E+0	2.459990E+5
3.060000E-3	0.000000E+0	2.468290E+5
3.080000E-3	0.000000E+0	2.457080E+5
3.100000E-3	0.000000E+0	2.450410E+5
3.120000E-3	0.000000E+0	2.455380E+5
3.140000E-3	0.000000E+0	2.457930E+5
3.160000E-3	0.000000E+0	2.456170E+5
3.180000E-3	0.000000E+0	2.462170E+5
3.200000E-3	0.000000E+0	2.459250E+5
3.220000E-3	0.000000E+0	2.459460E+5
3.240000E-3	0.000000E+0	2.457480E+5
3.260000E-3	0.000000E+0	2.458780E+5
3.280000E-3	0.000000E+0	2.455740E+5
3.300000E-3	0.000000E+0	2.453100E+5
3.320000E-3	0.000000E+0	2.456690E+5
3.340000E-3	0.000000E+0	2.458610E+5
3.360000E-3	0.000000E+0	2.454520E+5
3.380000E-3	0.000000E+0	2.453880E+5
3.400000E-3	0.000000E+0	2.455360E+5
3.420000E-3	0.000000E+0	2.460520E+5
3.440000E-3	0.000000E+0	2.451570E+5
3.460000E-3	0.000000E+0	2.460860E+5
3.480000E-3	0.000000E+0	2.455290E+5
3.500000E-3	0.000000E+0	2.462210E+5
3.520000E-3	0.000000E+0	2.451850E+5
3.540000E-3	0.000000E+0	2.455360E+5
3.560000E-3	0.000000E+0	2.453520E+5
3.580000E-3	0.000000E+0	2.452400E+5
3.600000E-3	0.000000E+0	2.452580E+5
3.620000E-3	0.000000E+0	2.444290E+5
3.640000E-3	0.000000E+0	2.459060E+5
3.660000E-3	0.000000E+0	2.456020E+5
3.680000E-3	0.000000E+0	2.455380E+5
3.700000E-3	0.000000E+0	2.448900E+5
3.720000E-3	0.000000E+0	2.458900E+5
3.740000E-3	0.000000E+0	2.453630E+5
3.760000E-3	0.000000E+0	2.455480E+5
3.780000E-3	0.000000E+0	2.452720E+5
3.800000E-3	0.000000E+0	2.454260E+5
3.820000E-3	0.000000E+0	2.449640E+5
3.840000E-3	0.000000E+0	2.455230E+5
3.860000E-3	0.000000E+0	2.454490E+5
3.880000E-3	0.000000E+0	2.449280E+5
3.900000E-3	0.000000E+0	2.456270E+5
3.920000E-3	0.000000E+0	2.467480E+5
3.940000E-3	0.000000E+0	2.460950E+5
3.960000E-3	0.000000E+0	2.457900E+5
3.980000E-3	0.000000E+0	2.452420E+5
4.000000E-3	0.000000E+0	2.457940E+5
4.020000E-3	0.000000E+0	2.458740E+5
4.040000E-3	0.000000E+0	2.452150E+5
4.060000E-3	0.000000E+0	2.460820E+5
4.080000E-3	0.000000E+0	2.458150E+5
4.100000E-3	0.000000E+0	2.458710E+5
4.120000E-3	0.000000E+0	2.454700E+5
4.140000E-3	0.000000E+0	2.455880E+5
4.160000E-3	0.000000E+0	2.462040E+5
4.180000E-3	0.000000E+0	2.448620E+5
4.200000E-3	0.000000E+0	2.452010E+5
4.220000E-3	0.000000E+0	2.451290E+5
4.240000E-3	0.000000E+0	2.455130E+5
4.260000E-3	0.000000E+0	2.447610E+5
4.280000E-3	0.000000E+0	2.458360E+5
4.300000E-3	0.000000E+0	2.451780E+5
4.320000E-3	0.000000E+0	2.453600E+5
4.340000E-3	0.000000E+0	2.448390E+5
4.360000E-3	0.000000E+0	2.455450E+5
4.380000E-3	0.000000E+0	2.444980E+5
4.400000E-3	0.000000E+0	2.457380E+5
4.420000E-3	0.000000E+0	2.456000E+5
4.440000E-3	0.000000E+0	2.451840E+5
4.460000E-3	0.000000E+0	2.451390E+5
4.480000E-3	0.000000E+0	2.449710E+5
4.500000E-3	0.000000E+0	2.451830E+5
4.520000E-3	0.000000E+0	2.453560E+5
4.540000E-3	0.000000E+0	2.451690E+5
4.560000E-3	0.000000E+0	2.446020E+5
4.580000E-3	0.000000E+0	2.452730E+5
4.600000E-3	0.000000E+0	2.451120E+5
4.620000E-3	0.000000E+0	2.450850E+5
4.640000E-3	0.000000E+0	2.455230E+5
4.660000E-3	0.000000E+0	2.455430E+5
4.680000E-3	0.000000E+0	2.452890E+5
4.700000E-3	0.000000E+0	2.457870E+5
4.720000E-3	0.000000E+0	2.457360E+5
4.740000E-3	0.000000E+0	2.443600E+5
4.760000E-3	0.000000E+0	2.454850E+5
4.780000E-3	0.000000E+0	2.445800E+5
4.800000E-3	0.000000E+0	2.455400E+5
4.820000E-3	0.000000E+0	2.451070E+5
4.840000E-3	0.000000E+0	2.455130E+5
4.860000E-3	0.000000E+0	2.443790E+5
4.880000E-3	0.000000E+0	2.437940E+5
4.900000E-3	0.000000E+0	2.441580E+5
4.920000E-3	0.000000E+0	2.428500E+5
4.940000E-3	0.000000E+0	2.420640E+5
4.960000E-3	0.000000E+0	2.417040E+5
4.980000E-3	0.000000E+0	2.422980E+5
5.000000E-3	0.000000E+0	2.413450E+5
5.020000E-3	0.000000E+0	2.415450E+5
5.040000E-3	0.000000E+0	2.403300E+5
5.060000E-3	0.000000E+0	2.387760E+5
5.080000E-3	0.000000E+0	2.380420E+5
5.100000E-3	0.000000E+0	2.385600E+5
5.120000E-3	0.000000E+0	2.383280E+5
5.140000E-3	0.000000E+0	2.388310E+5
5.160000E-3	0.000000E+0	2.396810E+5
5.180000E-3	0.000000E+0	2.404350E+5
5.200000E-3	0.000000E+0	2.411450E+5
5.220000E-3	0.000000E+0	2.420140E+5
5.240000E-3	0.000000E+0	2.420290E+5
5.260000E-3	0.000000E+0	2.439440E+5
5.280000E-3	0.000000E+0	2.427950E+5
5.300000E-3	0.000000E+0	2.441280E+5
5.320000E-3	0.000000E+0	2.448740E+5
5.340000E-3	0.000000E+0	2.445350E+5
5.360000E-3	0.000000E+0	2.456970E+5
5.380000E-3	0.000000E+0	2.445870E+5
5.400000E-3	0.000000E+0	2.456990E+5
5.420000E-3	0.000000E+0	2.453170E+5
5.440000E-3	0.000000E+0	2.442980E+5
5.460000E-3	0.000000E+0	2.445560E+5
5.480000E-3	0.000000E+0	2.447810E+5
5.500000E-3	0.000000E+0	2.448230E+5
5.520000E-3	0.000000E+0	2.441880E+5
5.540000E-3	0.000000E+0	2.442770E+5
5.560000E-3	0.000000E+0	2.436000E+5
5.580000E-3	0.000000E+0	2.432910E+5
5.600000E-3	0.000000E+0	2.416070E+5
5.620000E-3	0.000000E+0	2.412810E+5
5.640000E-3	0.000000E+0	2.416980E+5
5.660000E-3	0.000000E+0	2.419160E+5
5.680000E-3	0.000000E+0	2.415590E+5
5.700000E-3	0.000000E+0	2.399260E+5
5.720000E-3	0.000000E+0	2.392850E+5
5.740000E-3	0.000000E+0	2.386190E+5
5.760000E-3	0.000000E+0	2.387770E+5
5.780000E-3	0.000000E+0	2.393870E+5
5.800000E-3	0.000000E+0	2.394430E+5
5.820000E-3	0.000000E+0	2.404400E+5
5.840000E-3	0.000000E+0	2.414560E+5
5.860000E-3	0.000000E+0	2.415120E+5
5.880000E-3	0.000000E+0	2.428410E+5
5.900000E-3	0.000000E+0	2.439060E+5
5.920000E-3	0.000000E+0	2.441620E+5
5.940000E-3	0.000000E+0	2.433800E+5
5.960000E-3	0.000000E+0	2.443320E+5
5.980000E-3	0.000000E+0	2.449790E+5
6.000000E-3	0.000000E+0	2.448980E+5
6.020000E-3	0.000000E+0	2.454970E+5
6.040000E-3	0.000000E+0	2.454050E+5
6.060000E-3	0.000000E+0	2.452450E+5
6.080000E-3	0.000000E+0	2.452530E+5
6.100000E-3	0.000000E+0	2.450800E+5
6.120000E-3	0.000000E+0	2.453920E+5
6.140000E-3	0.000000E+0	2.449340E+5
6.160000E-3	0.000000E+0	2.455810E+5
6.180000E-3	0.000000E+0	2.458700E+5
6.200000E-3	0.000000E+0	2.451860E+5
6.220000E-3	0.000000E+0	2.456790E+5
6.240000E-3	0.000000E+0	2.448320E+5
6.260000E-3	0.000000E+0	2.450940E+5
6.280000E-3	0.000000E+0	2.463550E+5
6.300000E-3	0.000000E+0	2.453420E+5
6.320000E-3	0.000000E+0	2.453270E+5
6.340000E-3	0.000000E+0	2.455930E+5
6.360000E-3	0.000000E+0	2.446730E+5
6.380000E-3	0.000000E+0	2.459630E+5
6.400000E-3	0.000000E+0	2.450510E+5
6.420000E-3	0.000000E+0	2.452670E+5
6.440000E-3	0.000000E+0	2.462680E+5
6.460000E-3	0.000000E+0	2.454440E+5
6.480000E-3	0.000000E+0	2.452200E+5
6.500000E-3	0.000000E+0	2.452690E+5
6.520000E-3	0.000000E+0	2.461760E+5
6.540000E-3	0.000000E+0	2.449200E+5
6.560000E-3	0.000000E+0	2.462850E+5
6.580000E-3	0.000000E+0	2.455520E+5
6.600000E-3	0.000000E+0	2.461900E+5
6.620000E-3	0.000000E+0	2.454560E+5
6.640000E-3	0.000000E+0	2.452630E+5
6.660000E-3	0.000000E+0	2.447340E+5
6.680000E-3	0.000000E+0	2.451480E+5
6.700000E-3	0.000000E+0	2.456960E+5
6.720000E-3	0.000000E+0	2.454560E+5
6.740000E-3	0.000000E+0	2.457240E+5
6.760000E-3	0.000000E+0	2.461150E+5
6.780000E-3	0.000000E+0	2.450460E+5
6.800000E-3	0.000000E+0	2.462200E+5
6.820000E-3	0.000000E+0	2.453630E+5
6.840000E-3	0.000000E+0	2.452420E+5
6.860000E-3	0.000000E+0	2.455540E+5
6.880000E-3	0.000000E+0	2.459480E+5
6.900000E-3	0.000000E+0	2.448940E+5
6.920000E-3	0.000000E+0	2.458040E+5
6.940000E-3	0.000000E+0	2.450900E+5
6.960000E-3	0.000000E+0	2.445070E+5
6.980000E-3	0.000000E+0	2.456220E+5
7.000000E-3	0.000000E+0	2.448770E+5
7.020000E-3	0.000000E+0	2.451580E+5
7.040000E-3	0.000000E+0	2.454600E+5
7.060000E-3	0.000000E+0	2.456230E+5
7.080000E-3	0.000000E+0	2.455850E+5
7.100000E-3	0.000000E+0	2.452500E+5
7.120000E-3	0.000000E+0	2.454760E+5
7.140000E-3	0.000000E+0	2.454920E+5
7.160000E-3	0.000000E+0	2.459670E+5
7.180000E-3	0.000000E+0	2.448660E+5
7.200000E-3	0.000000E+0	2.456650E+5
7.220000E-3	0.000000E+0	2.458070E+5
7.240000E-3	0.000000E+0	2.454630E+5
7.260000E-3	0.000000E+0	2.450020E+5
7.280000E-3	0.000000E+0	2.449560E+5
7.300000E-3	0.000000E+0	2.452320E+5
7.320000E-3	0.000000E+0	2.462240E+5
7.340000E-3	0.000000E+0	2.460770E+5
7.360000E-3	0.000000E+0	2.451510E+5
7.380000E-3	0.000000E+0	2.461140E+5
7.400000E-3	0.000000E+0	2.452450E+5
7.420000E-3	0.000000E+0	2.452550E+5
7.440000E-3	0.000000E+0	2.456040E+5
7.460000E-3	0.000000E+0	2.459210E+5
7.480000E-3	0.000000E+0	2.456370E+5
7.500000E-3	0.000000E+0	2.462140E+5
7.520000E-3	0.000000E+0	2.461830E+5
7.540000E-3	0.000000E+0	2.458770E+5
7.560000E-3	0.000000E+0	2.459800E+5
7.580000E-3	0.000000E+0	2.454880E+5
7.600000E-3	0.000000E+0	2.451930E+5
7.620000E-3	0.000000E+0	2.457150E+5
7.640000E-3	0.000000E+0	2.470750E+5
7.660000E-3	0.000000E+0	2.451880E+5
7.680000E-3	0.000000E+0	2.450460E+5
7.700000E-3	0.000000E+0	2.453070E+5
7.720000E-3	0.000000E+0	2.456860E+5
7.740000E-3	0.000000E+0	2.452710E+5
7.760000E-3	0.000000E+0	2.447270E+5
7.780000E-3	0.000000E+0	2.464470E+5
7.800000E-3	0.000000E+0	2.455640E+5
7.820000E-3	0.000000E+0	2.457740E+5
7.840000E-3	0.000000E+0	2.461400E+5
7.860000E-3	0.000000E+0	2.455380E+5
7.880000E-3	0.000000E+0	2.456070E+5
7.900000E-3	0.000000E+0	2.454370E+5
7.920000E-3	0.000000E+0	2.446830E+5
7.940000E-3	0.000000E+0	2.463050E+5
7.960000E-3	0.000000E+0	2.456990E+5
7.980000E-3	0.000000E+0	2.464090E+5
8.000000E-3	0.000000E+0	2.460040E+5
8.020000E-3	0.000000E+0	2.462650E+5
8.040000E-3	0.000000E+0	2.447190E+5
8.060000E-3	0.000000E+0	2.458210E+5
8.080000E-3	0.000000E+0	2.454210E+5
8.100000E-3	0.000000E+0	2.455160E+5
8.120000E-3	0.000000E+0	2.460110E+5
8.140000E-3	0.000000E+0	2.451850E+5
8.160000E-3	0.000000E+0	2.457130E+5
8.180000E-3	0.000000E+0	2.454840E+5
8.200000E-3	0.000000E+0	2.455640E+5
8.220000E-3	0.000000E+0	2.453650E+5
8.240000E-3	0.000000E+0	2.450880E+5
8.260000E-3	0.000000E+0	2.471340E+5
8.280000E-3	0.000000E+0	2.451350E+5
8.300000E-3	0.000000E+0	2.454320E+5
8.320000E-3	0.000000E+0	2.454320E+5
8.340000E-3	0.000000E+0	2.458630E+5
8.360000E-3	0.000000E+0	2.453180E+5
8.380000E-3	0.000000E+0	2.440180E+5
8.400000E-3	0.000000E+0	2.453360E+5
8.420000E-3	0.000000E+0	2.458590E+5
8.440000E-3	0.000000E+0	2.457990E+5
8.460000E-3	0.000000E+0	2.457490E+5
8.480000E-3	0.000000E+0	2.466930E+5
8.500000E-3	0.000000E+0	2.445430E+5
8.520000E-3	0.000000E+0	2.459230E+5
8.540000E-3	0.000000E+0	2.456770E+5
8.560000E-3	0.000000E+0	2.461220E+5
8.580000E-3	0.000000E+0	2.470610E+5
8.600000E-3	0.000000E+0	2.446960E+5
8.620000E-3	0.000000E+0	2.458390E+5
8.640000E-3	0.000000E+0	2.455270E+5
8.660000E-3	0.000000E+0	2.450910E+5
8.680000E-3	0.000000E+0	2.458690E+5
8.700000E-3	0.000000E+0	2.450240E+5
8.720000E-3	0.000000E+0	2.455310E+5
8.740000E-3	0.000000E+0	2.451300E+5
8.760000E-3	0.000000E+0	2.455590E+5
8.780000E-3	0.000000E+0	2.457660E+5
8.800000E-3	0.000000E+0	2.461140E+5
8.820000E-3	0.000000E+0	2.461690E+5
8.840000E-3	0.000000E+0	2.452070E+5
8.860000E-3	0.000000E+0	2.464800E+5
8.880000E-3	0.000000E+0	2.454650E+5
8.900000E-3	0.000000E+0	2.460600E+5
8.920000E-3	0.000000E+0	2.448810E+5
8.940000E-3	0.000000E+0	2.453770E+5
8.960000E-3	0.000000E+0	2.464370E+5
8.980000E-3	0.000000E+0	2.448920E+5
9.000000E-3	0.000000E+0	2.452500E+5
9.020000E-3	0.000000E+0	2.449690E+5
9.040000E-3	0.000000E+0	2.455660E+5
9.060000E-3	0.000000E+0	2.464670E+5
9.080000E-3	0.000000E+0	2.463020E+5
9.100000E-3	0.000000E+0	2.461990E+5
9.120000E-3	0.000000E+0	2.454920E+5
9.140000E-3	0.000000E+0	2.456440E+5
9.160000E-3	0.000000E+0	2.463630E+5
9.180000E-3	0.000000E+0	2.451880E+5
9.200000E-3	0.000000E+0	2.457890E+5
9.220000E-3	0.000000E+0	2.456450E+5
9.240000E-3	0.000000E+0	2.461690E+5
9.260000E-3	0.000000E+0	2.461550E+5
9.280000E-3	0.000000E+0	2.466520E+5
9.300000E-3	0.000000E+0	2.456720E+5
9.320000E-3	0.000000E+0	2.454230E+5
9.340000E-3	0.000000E+0	2.458380E+5
9.360000E-3	0.000000E+0	2.448830E+5
9.380000E-3	0.000000E+0	2.457650E+5
9.400000E-3	0.000000E+0	2.460980E+5
9.420000E-3	0.000000E+0	2.465380E+5
9.440000E-3	0.000000E+0	2.455610E+5
9.460000E-3	0.000000E+0	2.463380E+5
9.480000E-3	0.000000E+0	2.452000E+5
9.500000E-3	0.000000E+0	2.450480E+5
9.520000E-3	0.000000E+0	2.457870E+5
9.540000E-3	0.000000E+0	2.445090E+5
9.560000E-3	0.000000E+0	2.451250E+5
9.580000E-3	0.000000E+0	2.457670E+5
9.600000E-3	0.000000E+0	2.458270E+5
9.620000E-3	0.000000E+0	2.450390E+5
9.640000E-3	0.000000E+0	2.455770E+5
9.660000E-3	0.000000E+0	2.456510E+5
9.680000E-3	0.000000E+0	2.446460E+5
9.700000E-3	0.000000E+0	2.458530E+5
9.720000E-3	0.000000E+0	2.454170E+5
9.740000E-3	0.000000E+0	2.455580E+5
9.760000E-3	0.000000E+0	2.449930E+5
9.780000E-3	0.000000E+0	2.455600E+5
9.800000E-3	0.000000E+0	2.456890E+5
9.820000E-3	0.000000E+0	2.461650E+5
9.840000E-3	0.000000E+0	2.455540E+5
9.860000E-3	0.000000E+0	2.459230E+5
9.880000E-3	0.000000E+0	2.466090E+5
9.900000E-3	0.000000E+0	2.459380E+5
9.920000E-3	0.000000E+0	2.449160E+5
9.940000E-3	0.000000E+0	2.450730E+5
9.960000E-3	0.000000E+0	2.452700E+5
9.980000E-3	0.000000E+0	2.467200E+5
1.000000E-2	0.000000E+0	2.450950E+5
1.002000E-2	0.000000E+0	2.456600E+5
1.004000E-2	0.000000E+0	2.463280E+5
1.006000E-2	0.000000E+0	2.463960E+5
1.008000E-2	0.000000E+0	2.454560E+5
1.010000E-2	0.000000E+0	2.451480E+5
1.012000E-2	0.000000E+0	2.464150E+5
1.014000E-2	0.000000E+0	2.467680E+5
1.016000E-2	0.000000E+0	2.457950E+5
1.018000E-2	0.000000E+0	2.458470E+5
1.020000E-2	0.000000E+0	2.456750E+5
1.022000E-2	0.000000E+0	2.461780E+5
1.024000E-2	0.000000E+0	2.451990E+5
1.026000E-2	0.000000E+0	2.469320E+5
1.028000E-2	0.000000E+0	2.456470E+5
1.030000E-2	0.000000E+0	2.457830E+5
1.032000E-2	0.000000E+0	2.456980E+5
1.034000E-2	0.000000E+0	2.460880E+5
1.036000E-2	0.000000E+0	2.454710E+5
1.038000E-2	0.000000E+0	2.464240E+5
1.040000E-2	0.000000E+0	2.456230E+5
1.042000E-2	0.000000E+0	2.455560E+5
1.044000E-2	0.000000E+0	2.452110E+5
1.046000E-2	0.000000E+0	2.460700E+5
1.048000E-2	0.000000E+0	2.455570E+5
1.050000E-2	0.000000E+0	2.454740E+5
1.052000E-2	0.000000E+0	2.460360E+5
1.054000E-2	0.000000E+0	2.463960E+5
1.056000E-2	0.000000E+0	2.459410E+5
1.058000E-2	0.000000E+0	2.461730E+5
1.060000E-2	0.000000E+0	2.449810E+5
1.062000E-2	0.000000E+0	2.454760E+5
1.064000E-2	0.000000E+0	2.460100E+5
1.066000E-2	0.000000E+0	2.456640E+5
1.068000E-2	0.000000E+0	2.463840E+5
1.070000E-2	0.000000E+0	2.455220E+5
1.072000E-2	0.000000E+0	2.456960E+5
1.074000E-2	0.000000E+0	2.461680E+5
1.076000E-2	0.000000E+0	2.466780E+5
1.078000E-2	0.000000E+0	2.462540E+5
1.080000E-2	0.000000E+0	2.458860E+5
1.082000E-2	0.000000E+0	2.468500E+5
1.084000E-2	0.000000E+0	2.454990E+5
1.086000E-2	0.000000E+0	2.458230E+5
1.088000E-2	0.000000E+0	2.458570E+5
1.090000E-2	0.000000E+0	2.455950E+5
1.092000E-2	0.000000E+0	2.458190E+5
1.094000E-2	0.000000E+0	2.451790E+5
1.096000E-2	0.000000E+0	2.456230E+5
1.098000E-2	0.000000E+0	2.460680E+5
1.100000E-2	0.000000E+0	2.462870E+5
1.102000E-2	0.000000E+0	2.453780E+5
1.104000E-2	0.000000E+0	2.462780E+5
1.106000E-2	0.000000E+0	2.457860E+5
1.108000E-2	0.000000E+0	2.456290E+5
1.110000E-2	0.000000E+0	2.454130E+5
1.112000E-2	0.000000E+0	2.461270E+5
1.114000E-2	0.000000E+0	2.459660E+5
1.116000E-2	0.000000E+0	2.442470E+5
1.118000E-2	0.000000E+0	2.461200E+5
1.120000E-2	0.000000E+0	2.456720E+5
1.122000E-2	0.000000E+0	2.469230E+5
1.124000E-2	0.000000E+0	2.458300E+5
1.126000E-2	0.000000E+0	2.450620E+5
1.128000E-2	0.000000E+0	2.451750E+5
1.130000E-2	0.000000E+0	2.450060E+5
1.132000E-2	0.000000E+0	2.463550E+5
1.134000E-2	0.000000E+0	2.453470E+5
1.136000E-2	0.000000E+0	2.470230E+5
1.138000E-2	0.000000E+0	2.455020E+5
1.140000E-2	0.000000E+0	2.465170E+5
1.142000E-2	0.000000E+0	2.456580E+5
1.144000E-2	0.000000E+0	2.457130E+5
1.146000E-2	0.000000E+0	2.458610E+5
1.148000E-2	0.000000E+0	2.461090E+5
1.150000E-2	0.000000E+0	2.459460E+5
1.152000E-2	0.000000E+0	2.453030E+5
1.154000E-2	0.000000E+0	2.455720E+5
1.156000E-2	0.000000E+0	2.463420E+5
1.158000E-2	0.000000E+0	2.452750E+5
1.160000E-2	0.000000E+0	2.457470E+5
1.162000E-2	0.000000E+0	2.455280E+5
1.164000E-2	0.000000E+0	2.469890E+5
1.166000E-2	0.000000E+0	2.467050E+5
1.168000E-2	0.000000E+0	2.470100E+5
1.170000E-2	0.000000E+0	2.463810E+5
1.172000E-2	0.000000E+0	2.459070E+5
1.174000E-2	0.000000E+0	2.457720E+5
1.176000E-2	0.000000E+0	2.459680E+5
1.178000E-2	0.000000E+0	2.450950E+5
1.180000E-2	0.000000E+0	2.456390E+5
1.182000E-2	0.000000E+0	2.454950E+5
1.184000E-2	0.000000E+0	2.454970E+5
1.186000E-2	0.000000E+0	2.455070E+5
1.188000E-2	0.000000E+0	2.453350E+5
1.190000E-2	0.000000E+0	2.453820E+5
1.192000E-2	0.000000E+0	2.451090E+5
1.194000E-2	0.000000E+0	2.466860E+5
1.196000E-2	0.000000E+0	2.455610E+5
1.198000E-2	0.000000E+0	2.459760E+5
1.200000E-2	0.000000E+0	2.456050E+5
1.202000E-2	0.000000E+0	2.463710E+5
1.204000E-2	0.000000E+0	2.457750E+5
1.206000E-2	0.000000E+0	2.459520E+5
1.208000E-2	0.000000E+0	2.463420E+5
1.210000E-2	0.000000E+0	2.458760E+5
1.212000E-2	0.000000E+0	2.459150E+5
1.214000E-2	0.000000E+0	2.448210E+5
1.216000E-2	0.000000E+0	2.455720E+5
1.218000E-2	0.000000E+0	2.462080E+5
1.220000E-2	0.000000E+0	2.448850E+5
1.222000E-2	0.000000E+0	2.455710E+5
1.224000E-2	0.000000E+0	2.459320E+5
1.226000E-2	0.000000E+0	2.458950E+5
1.228000E-2	0.000000E+0	2.460920E+5
1.230000E-2	0.000000E+0	2.462230E+5
1.232000E-2	0.000000E+0	2.457870E+5
1.234000E-2	0.000000E+0	2.460360E+5
1.236000E-2	0.000000E+0	2.462700E+5
1.238000E-2	0.000000E+0	2.461230E+5
1.240000E-2	0.000000E+0	2.463290E+5
1.242000E-2	0.000000E+0	2.462410E+5
1.244000E-2	0.000000E+0	2.461110E+5
1.246000E-2	0.000000E+0	2.456000E+5
1.248000E-2	0.000000E+0	2.457050E+5
1.250000E-2	0.000000E+0	2.452150E+5
1.252000E-2	0.000000E+0	2.466350E+5
1.254000E-2	0.000000E+0	2.459010E+5
1.256000E-2	0.000000E+0	2.452930E+5
1.258000E-2	0.000000E+0	2.463600E+5
1.260000E-2	0.000000E+0	2.464600E+5
1.262000E-2	0.000000E+0	2.449780E+5
1.264000E-2	0.000000E+0	2.449050E+5
1.266000E-2	0.000000E+0	2.461120E+5
1.268000E-2	0.000000E+0	2.459970E+5
1.270000E-2	0.000000E+0	2.459920E+5
1.272000E-2	0.000000E+0	2.462400E+5
1.274000E-2	0.000000E+0	2.456810E+5
1.276000E-2	0.000000E+0	2.463520E+5
1.278000E-2	0.000000E+0	2.454550E+5
1.280000E-2	0.000000E+0	2.452780E+5
1.282000E-2	0.000000E+0	2.456350E+5
1.284000E-2	0.000000E+0	2.459680E+5
1.286000E-2	0.000000E+0	2.464420E+5
1.288000E-2	0.000000E+0	2.463040E+5
1.290000E-2	0.000000E+0	2.460660E+5
1.292000E-2	0.000000E+0	2.462420E+5
1.294000E-2	0.000000E+0	2.449460E+5
1.296000E-2	0.000000E+0	2.460880E+5
1.298000E-2	0.000000E+0	2.458000E+5
1.300000E-2	0.000000E+0	2.463000E+5
1.302000E-2	0.000000E+0	2.461570E+5
1.304000E-2	0.000000E+0	2.457040E+5
1.306000E-2	0.000000E+0	2.460070E+5
1.308000E-2	0.000000E+0	2.463220E+5
1.310000E-2	0.000000E+0	2.458710E+5
1.312000E-2	0.000000E+0	2.458270E+5
1.314000E-2	0.000000E+0	2.463540E+5
1.316000E-2	0.000000E+0	2.454070E+5
1.318000E-2	0.000000E+0	2.451970E+5
1.320000E-2	0.000000E+0	2.463710E+5
1.322000E-2	0.000000E+0	2.463330E+5
1.324000E-2	0.000000E+0	2.455060E+5
1.326000E-2	0.000000E+0	2.466280E+5
1.328000E-2	0.000000E+0	2.462890E+5
1.330000E-2	0.000000E+0	2.454980E+5
1.332000E-2	0.000000E+0	2.458480E+5
1.334000E-2	0.000000E+0	2.457930E+5
1.336000E-2	0.000000E+0	2.463210E+5
1.338000E-2	0.000000E+0	2.458740E+5
1.340000E-2	0.000000E+0	2.450990E+5
1.342000E-2	0.000000E+0	2.454170E+5
1.344000E-2	0.000000E+0	2.452080E+5
1.346000E-2	0.000000E+0	2.447680E+5
1.348000E-2	0.000000E+0	2.463830E+5
1.350000E-2	0.000000E+0	2.456390E+5
1.352000E-2	0.000000E+0	2.464760E+5
1.354000E-2	0.000000E+0	2.465630E+5
1.356000E-2	0.000000E+0	2.464500E+5
1.358000E-2	0.000000E+0	2.459380E+5
1.360000E-2	0.000000E+0	2.456440E+5
1.362000E-2	0.000000E+0	2.462410E+5
1.364000E-2	0.000000E+0	2.455730E+5
1.366000E-2	0.000000E+0	2.456500E+5
1.368000E-2	0.000000E+0	2.460820E+5
1.370000E-2	0.000000E+0	2.462220E+5
1.372000E-2	0.000000E+0	2.454980E+5
1.374000E-2	0.000000E+0	2.451110E+5
1.376000E-2	0.000000E+0	2.451030E+5
1.378000E-2	0.000000E+0	2.447740E+5
1.380000E-2	0.000000E+0	2.460200E+5
1.382000E-2	0.000000E+0	2.450660E+5
1.384000E-2	0.000000E+0	2.457970E+5
1.386000E-2	0.000000E+0	2.451880E+5
1.388000E-2	0.000000E+0	2.456720E+5
1.390000E-2	0.000000E+0	2.460400E+5
1.392000E-2	0.000000E+0	2.466660E+5
1.394000E-2	0.000000E+0	2.461840E+5
1.396000E-2	0.000000E+0	2.458100E+5
1.398000E-2	0.000000E+0	2.461060E+5
1.400000E-2	0.000000E+0	2.468190E+5
1.402000E-2	0.000000E+0	2.450480E+5
1.404000E-2	0.000000E+0	2.467080E+5
1.406000E-2	0.000000E+0	2.459280E+5
1.408000E-2	0.000000E+0	2.456490E+5
1.410000E-2	0.000000E+0	2.454480E+5
1.412000E-2	0.000000E+0	2.460060E+5
1.414000E-2	0.000000E+0	2.455000E+5
1.416000E-2	0.000000E+0	2.453920E+5
1.418000E-2	0.000000E+0	2.456910E+5
1.420000E-2	0.000000E+0	2.458290E+5
1.422000E-2	0.000000E+0	2.459720E+5
1.424000E-2	0.000000E+0	2.445990E+5
1.426000E-2	0.000000E+0	2.449960E+5
1.428000E-2	0.000000E+0	2.458480E+5
1.430000E-2	0.000000E+0	2.457660E+5
1.432000E-2	0.000000E+0	2.463000E+5
1.434000E-2	0.000000E+0	2.452520E+5
1.436000E-2	0.000000E+0	2.460100E+5
1.438000E-2	0.000000E+0	2.458410E+5
1.440000E-2	0.000000E+0	2.467370E+5
1.442000E-2	0.000000E+0	2.456340E+5
1.444000E-2	0.000000E+0	2.450040E+5
1.446000E-2	0.000000E+0	2.457150E+5
1.448000E-2	0.000000E+0	2.455200E+5
1.450000E-2	0.000000E+0	2.451320E+5
1.452000E-2	0.000000E+0	2.458500E+5
1.454000E-2	0.000000E+0	2.454800E+5
1.456000E-2	0.000000E+0	2.464440E+5
1.458000E-2	0.000000E+0	2.449140E+5
1.460000E-2	0.000000E+0	2.461950E+5
1.462000E-2	0.000000E+0	2.451650E+5
1.464000E-2	0.000000E+0	2.460720E+5
1.466000E-2	0.000000E+0	2.459630E+5
1.468000E-2	0.000000E+0	2.465210E+5
1.470000E-2	0.000000E+0	2.451500E+5
1.472000E-2	0.000000E+0	2.454180E+5
1.474000E-2	0.000000E+0	2.454780E+5
1.476000E-2	0.000000E+0	2.464850E+5
1.478000E-2	0.000000E+0	2.464390E+5
1.480000E-2	0.000000E+0	2.454560E+5
1.482000E-2	0.000000E+0	2.451300E+5
1.484000E-2	0.000000E+0	2.458500E+5
1.486000E-2	0.000000E+0	2.454590E+5
1.488000E-2	0.000000E+0	2.456420E+5
1.490000E-2	0.000000E+0	2.454750E+5
1.492000E-2	0.000000E+0	2.451200E+5
1.494000E-2	0.000000E+0	2.434200E+5
1.496000E-2	0.000000E+0	2.432710E+5
1.498000E-2	0.000000E+0	2.426260E+5
1.500000E-2	0.000000E+0	2.423190E+5
1.502000E-2	0.000000E+0	2.421510E+5
1.504000E-2	0.000000E+0	2.415420E+5
1.506000E-2	0.000000E+0	2.422290E+5
1.508000E-2	0.000000E+0	2.414080E+5
1.510000E-2	0.000000E+0	2.399750E+5
1.512000E-2	0.000000E+0	2.388970E+5
1.514000E-2	0.000000E+0	2.385840E+5
1.516000E-2	0.000000E+0	2.389100E+5
1.518000E-2	0.000000E+0	2.394350E+5
1.520000E-2	0.000000E+0	2.400100E+5
1.522000E-2	0.000000E+0	2.409500E+5
1.524000E-2	0.000000E+0	2.428830E+5
1.526000E-2	0.000000E+0	2.431920E+5
1.528000E-2	0.000000E+0	2.444840E+5
1.530000E-2	0.000000E+0	2.435340E+5
1.532000E-2	0.000000E+0	2.442750E+5
1.534000E-2	0.000000E+0	2.448080E+5
1.536000E-2	0.000000E+0	2.450300E+5
1.538000E-2	0.000000E+0	2.456010E+5
1.540000E-2	0.000000E+0	2.453980E+5
1.542000E-2	0.000000E+0	2.455230E+5
1.544000E-2	0.000000E+0	2.447000E+5
1.546000E-2	0.000000E+0	2.452670E+5
1.548000E-2	0.000000E+0	2.454000E+5
1.550000E-2	0.000000E+0	2.445840E+5
1.552000E-2	0.000000E+0	2.455350E+5
1.554000E-2	0.000000E+0	2.454330E+5
1.556000E-2	0.000000E+0	2.441300E+5
1.558000E-2	0.000000E+0	2.436840E+5
1.560000E-2	0.000000E+0	2.438450E+5
1.562000E-2	0.000000E+0	2.429170E+5
1.564000E-2	0.000000E+0	2.419450E+5
1.566000E-2	0.000000E+0	2.412630E+5
1.568000E-2	0.000000E+0	2.409410E+5
1.570000E-2	0.000000E+0	2.411700E+5
1.572000E-2	0.000000E+0	2.408170E+5
1.574000E-2	0.000000E+0	2.402680E+5
1.576000E-2	0.000000E+0	2.398190E+5
1.578000E-2	0.000000E+0	2.376300E+5
1.580000E-2	0.000000E+0	2.392450E+5
1.582000E-2	0.000000E+0	2.393570E+5
1.584000E-2	0.000000E+0	2.403190E+5
1.586000E-2	0.000000E+0	2.407130E+5
1.588000E-2	0.000000E+0	2.419690E+5
1.590000E-2	0.000000E+0	2.423190E+5
1.592000E-2	0.000000E+0	2.437670E+5
1.594000E-2	0.000000E+0	2.431810E+5
1.596000E-2	0.000000E+0	2.439750E+5
1.598000E-2	0.000000E+0	2.451760E+5
1.600000E-2	0.000000E+0	2.460140E+5
1.602000E-2	0.000000E+0	2.455280E+5
1.604000E-2	0.000000E+0	2.448700E+5
1.606000E-2	0.000000E+0	2.446850E+5
1.608000E-2	0.000000E+0	2.457270E+5
1.610000E-2	0.000000E+0	2.452360E+5
1.612000E-2	0.000000E+0	2.456000E+5
1.614000E-2	0.000000E+0	2.462170E+5
1.616000E-2	0.000000E+0	2.460650E+5
1.618000E-2	0.000000E+0	2.456010E+5
1.620000E-2	0.000000E+0	2.454310E+5
1.622000E-2	0.000000E+0	2.458130E+5
1.624000E-2	0.000000E+0	2.451200E+5
1.626000E-2	0.000000E+0	2.456130E+5
1.628000E-2	0.000000E+0	2.465760E+5
1.630000E-2	0.000000E+0	2.459910E+5
1.632000E-2	0.000000E+0	2.457660E+5
1.634000E-2	0.000000E+0	2.456660E+5
1.636000E-2	0.000000E+0	2.468170E+5
1.638000E-2	0.000000E+0	2.454640E+5
1.640000E-2	0.000000E+0	2.455600E+5
1.642000E-2	0.000000E+0	2.456400E+5
1.644000E-2	0.000000E+0	2.454360E+5
1.646000E-2	0.000000E+0	2.456140E+5
1.648000E-2	0.000000E+0	2.450130E+5
1.650000E-2	0.000000E+0	2.458870E+5
1.652000E-2	0.000000E+0	2.463840E+5
1.654000E-2	0.000000E+0	2.458140E+5
1.656000E-2	0.000000E+0	2.459320E+5
1.658000E-2	0.000000E+0	2.454580E+5
1.660000E-2	0.000000E+0	2.462220E+5
1.662000E-2	0.000000E+0	2.456400E+5
1.664000E-2	0.000000E+0	2.457430E+5
1.666000E-2	0.000000E+0	2.455830E+5
1.668000E-2	0.000000E+0	2.451990E+5
1.670000E-2	0.000000E+0	2.455060E+5
1.672000E-2	0.000000E+0	2.465790E+5
1.674000E-2	0.000000E+0	2.452970E+5
1.676000E-2	0.000000E+0	2.456940E+5
1.678000E-2	0.000000E+0	2.453580E+5
1.680000E-2	0.000000E+0	2.457550E+5
1.682000E-2	0.000000E+0	2.456150E+5
1.684000E-2	0.000000E+0	2.455960E+5
1.686000E-2	0.000000E+0	2.463940E+5
1.688000E-2	0.000000E+0	2.453690E+5
1.690000E-2	0.000000E+0	2.459610E+5
1.692000E-2	0.000000E+0	2.456450E+5
1.694000E-2	0.000000E+0	2.456270E+5
1.696000E-2	0.000000E+0	2.450810E+5
1.698000E-2	0.000000E+0	2.454520E+5
1.700000E-2	0.000000E+0	2.455050E+5
1.702000E-2	0.000000E+0	2.458770E+5
1.704000E-2	0.000000E+0	2.462060E+5
1.706000E-2	0.000000E+0	2.471130E+5
1.708000E-2	0.000000E+0	2.454210E+5
1.710000E-2	0.000000E+0	2.460820E+5
1.712000E-2	0.000000E+0	2.456810E+5
1.714000E-2	0.000000E+0	2.456530E+5
1.716000E-2	0.000000E+0	2.458640E+5
1.718000E-2	0.000000E+0	2.456380E+5
1.720000E-2	0.000000E+0	2.464010E+5
1.722000E-2	0.000000E+0	2.461310E+5
1.724000E-2	0.000000E+0	2.448950E+5
1.726000E-2	0.000000E+0	2.453960E+5
1.728000E-2	0.000000E+0	2.457520E+5
1.730000E-2	0.000000E+0	2.454300E+5
1.732000E-2	0.000000E+0	2.452090E+5
1.734000E-2	0.000000E+0	2.452210E+5
1.736000E-2	0.000000E+0	2.464550E+5
1.738000E-2	0.000000E+0	2.463770E+5
1.740000E-2	0.000000E+0	2.458190E+5
1.742000E-2	0.000000E+0	2.446220E+5
1.744000E-2	0.000000E+0	2.455830E+5
1.746000E-2	0.000000E+0	2.454730E+5
1.748000E-2	0.000000E+0	2.458470E+5
1.750000E-2	0.000000E+0	2.455810E+5
1.752000E-2	0.000000E+0	2.461070E+5
1.754000E-2	0.000000E+0	2.447430E+5
1.756000E-2	0.000000E+0	2.453260E+5
1.758000E-2	0.000000E+0	2.460350E+5
1.760000E-2	0.000000E+0	2.460070E+5
1.762000E-2	0.000000E+0	2.458480E+5
1.764000E-2	0.000000E+0	2.461610E+5
1.766000E-2	0.000000E+0	2.460820E+5
1.768000E-2	0.000000E+0	2.461320E+5
1.770000E-2	0.000000E+0	2.459060E+5
1.772000E-2	0.000000E+0	2.467590E+5
1.774000E-2	0.000000E+0	2.453160E+5
1.776000E-2	0.000000E+0	2.453850E+5
1.778000E-2	0.000000E+0	2.463060E+5
1.780000E-2	0.000000E+0	2.453910E+5
1.782000E-2	0.000000E+0	2.461720E+5
1.784000E-2	0.000000E+0	2.456760E+5
1.786000E-2	0.000000E+0	2.457470E+5
1.788000E-2	0.000000E+0	2.453260E+5
1.790000E-2	0.000000E+0	2.459960E+5
1.792000E-2	0.000000E+0	2.452700E+5
1.794000E-2	0.000000E+0	2.461380E+5
1.796000E-2	0.000000E+0	2.457900E+5
1.798000E-2	0.000000E+0	2.461090E+5
1.800000E-2	0.000000E+0	2.449430E+5
1.802000E-2	0.000000E+0	2.457120E+5
1.804000E-2	0.000000E+0	2.453350E+5
1.806000E-2	0.000000E+0	2.455970E+5
1.808000E-2	0.000000E+0	2.451350E+5
1.810000E-2	0.000000E+0	2.464890E+5
1.812000E-2	0.000000E+0	2.467170E+5
1.814000E-2	0.000000E+0	2.460410E+5
1.816000E-2	0.000000E+0	2.461790E+5
1.818000E-2	0.000000E+0	2.450880E+5
1.820000E-2	0.000000E+0	2.465040E+5
1.822000E-2	0.000000E+0	2.449630E+5
1.824000E-2	0.000000E+0	2.458040E+5
1.826000E-2	0.000000E+0	2.462050E+5
1.828000E-2	0.000000E+0	2.456080E+5
1.830000E-2	0.000000E+0	2.454580E+5
1.832000E-2	0.000000E+0	2.461920E+5
1.834000E-2	0.000000E+0	2.448670E+5
1.836000E-2	0.000000E+0	2.461500E+5
1.838000E-2	0.000000E+0	2.456410E+5
1.840000E-2	0.000000E+0	2.453400E+5
1.842000E-2	0.000000E+0	2.459930E+5
1.844000E-2	0.000000E+0	2.452850E+5
1.846000E-2	0.000000E+0	2.448980E+5
1.848000E-2	0.000000E+0	2.460160E+5
1.850000E-2	0.000000E+0	2.458370E+5
1.852000E-2	0.000000E+0	2.461210E+5
1.854000E-2	0.000000E+0	2.464110E+5
1.856000E-2	0.000000E+0	2.450090E+5
1.858000E-2	0.000000E+0	2.458710E+5
1.860000E-2	0.000000E+0	2.464180E+5
1.862000E-2	0.000000E+0	2.453790E+5
1.864000E-2	0.000000E+0	2.453270E+5
1.866000E-2	0.000000E+0	2.456700E+5
1.868000E-2	0.000000E+0	2.453970E+5
1.870000E-2	0.000000E+0	2.454570E+5
1.872000E-2	0.000000E+0	2.461190E+5
1.874000E-2	0.000000E+0	2.450710E+5
1.876000E-2	0.000000E+0	2.458490E+5
1.878000E-2	0.000000E+0	2.459950E+5
1.880000E-2	0.000000E+0	2.457690E+5
1.882000E-2	0.000000E+0	2.453300E+5
1.884000E-2	0.000000E+0	2.460270E+5
1.886000E-2	0.000000E+0	2.456460E+5
1.888000E-2	0.000000E+0	2.452520E+5
1.890000E-2	0.000000E+0	2.456390E+5
1.892000E-2	0.000000E+0	2.469080E+5
1.894000E-2	0.000000E+0	2.461570E+5
1.896000E-2	0.000000E+0	2.462880E+5
1.898000E-2	0.000000E+0	2.455750E+5
1.900000E-2	0.000000E+0	2.457090E+5
1.902000E-2	0.000000E+0	2.448940E+5
1.904000E-2	0.000000E+0	2.458830E+5
1.906000E-2	0.000000E+0	2.461910E+5
1.908000E-2	0.000000E+0	2.458260E+5
1.910000E-2	0.000000E+0	2.449480E+5
1.912000E-2	0.000000E+0	2.458810E+5
1.914000E-2	0.000000E+0	2.456510E+5
1.916000E-2	0.000000E+0	2.451120E+5
1.918000E-2	0.000000E+0	2.458160E+5
1.920000E-2	0.000000E+0	2.458550E+5
1.922000E-2	0.000000E+0	2.454410E+5
1.924000E-2	0.000000E+0	2.457580E+5
1.926000E-2	0.000000E+0	2.460340E+5
1.928000E-2	0.000000E+0	2.458050E+5
1.930000E-2	0.000000E+0	2.457230E+5
1.932000E-2	0.000000E+0	2.454630E+5
1.934000E-2	0.000000E+0	2.455820E+5
1.936000E-2	0.000000E+0	2.453620E+5
1.938000E-2	0.000000E+0	2.460780E+5
1.940000E-2	0.000000E+0	2.454800E+5
1.942000E-2	0.000000E+0	2.466890E+5
1.944000E-2	0.000000E+0	2.463780E+5
1.946000E-2	0.000000E+0	2.453460E+5
1.948000E-2	0.000000E+0	2.460820E+5
1.950000E-2	0.000000E+0	2.455190E+5
1.952000E-2	0.000000E+0	2.464080E+5
1.954000E-2	0.000000E+0	2.457090E+5
1.956000E-2	0.000000E+0	2.460670E+5
1.958000E-2	0.000000E+0	2.459890E+5
1.960000E-2	0.000000E+0	2.458640E+5
1.962000E-2	0.000000E+0	2.458880E+5
1.964000E-2	0.000000E+0	2.462690E+5
1.966000E-2	0.000000E+0	2.459200E+5
1.968000E-2	0.000000E+0	2.461830E+5
1.970000E-2	0.000000E+0	2.454860E+5
1.972000E-2	0.000000E+0	2.459730E+5
1.974000E-2	0.000000E+0	2.453480E+5
1.976000E-2	0.000000E+0	2.449560E+5
1.978000E-2	0.000000E+0	2.454350E+5
1.980000E-2	0.000000E+0	2.461130E+5
1.982000E-2	0.000000E+0	2.457010E+5
1.984000E-2	0.000000E+0	2.460820E+5
1.986000E-2	0.000000E+0	2.455130E+5
1.988000E-2	0.000000E+0	2.448320E+5
1.990000E-2	0.000000E+0	2.457880E+5
1.992000E-2	0.000000E+0	2.452420E+5
1.994000E-2	0.000000E+0	2.460310E+5
1.996000E-2	0.000000E+0	2.455320E+5
1.998000E-2	0.000000E+0	2.458300E+5
