

live time:  145873.640000
real time:  201607.001000
sweeps:  7293682.000000
0.000000E+0	0.000000E+0	0.000000E+0
2.000000E-5	0.000000E+0	3.199240E+5
4.000000E-5	0.000000E+0	3.203020E+5
6.000000E-5	0.000000E+0	3.197990E+5
8.000000E-5	0.000000E+0	3.207750E+5
1.000000E-4	0.000000E+0	3.193120E+5
1.200000E-4	0.000000E+0	3.200790E+5
1.400000E-4	0.000000E+0	3.202080E+5
1.600000E-4	0.000000E+0	3.203900E+5
1.800000E-4	0.000000E+0	3.198520E+5
2.000000E-4	0.000000E+0	3.203700E+5
2.200000E-4	0.000000E+0	3.199550E+5
2.400000E-4	0.000000E+0	3.190050E+5
2.600000E-4	0.000000E+0	3.192860E+5
2.800000E-4	0.000000E+0	3.195870E+5
3.000000E-4	0.000000E+0	3.206540E+5
3.200000E-4	0.000000E+0	3.200480E+5
3.400000E-4	0.000000E+0	3.198470E+5
3.600000E-4	0.000000E+0	3.207280E+5
3.800000E-4	0.000000E+0	3.194970E+5
4.000000E-4	0.000000E+0	3.193280E+5
4.200000E-4	0.000000E+0	3.197710E+5
4.400000E-4	0.000000E+0	3.199660E+5
4.600000E-4	0.000000E+0	3.205190E+5
4.800000E-4	0.000000E+0	3.195510E+5
5.000000E-4	0.000000E+0	3.203980E+5
5.200000E-4	0.000000E+0	3.198890E+5
5.400000E-4	0.000000E+0	3.198030E+5
5.600000E-4	0.000000E+0	3.191340E+5
5.800000E-4	0.000000E+0	3.201970E+5
6.000000E-4	0.000000E+0	3.203080E+5
6.200000E-4	0.000000E+0	3.197130E+5
6.400000E-4	0.000000E+0	3.207480E+5
6.600000E-4	0.000000E+0	3.190710E+5
6.800000E-4	0.000000E+0	3.196170E+5
7.000000E-4	0.000000E+0	3.203170E+5
7.200000E-4	0.000000E+0	3.211080E+5
7.400000E-4	0.000000E+0	3.190070E+5
7.600000E-4	0.000000E+0	3.197450E+5
7.800000E-4	0.000000E+0	3.187520E+5
8.000000E-4	0.000000E+0	3.200490E+5
8.200000E-4	0.000000E+0	3.199440E+5
8.400000E-4	0.000000E+0	3.199700E+5
8.600000E-4	0.000000E+0	3.209190E+5
8.800000E-4	0.000000E+0	3.193850E+5
9.000000E-4	0.000000E+0	3.210330E+5
9.200000E-4	0.000000E+0	3.192910E+5
9.400000E-4	0.000000E+0	3.199890E+5
9.600000E-4	0.000000E+0	3.193900E+5
9.800000E-4	0.000000E+0	3.212000E+5
1.000000E-3	0.000000E+0	3.204420E+5
1.020000E-3	0.000000E+0	3.198890E+5
1.040000E-3	0.000000E+0	3.199750E+5
1.060000E-3	0.000000E+0	3.198670E+5
1.080000E-3	0.000000E+0	3.199150E+5
1.100000E-3	0.000000E+0	3.189600E+5
1.120000E-3	0.000000E+0	3.203420E+5
1.140000E-3	0.000000E+0	3.191920E+5
1.160000E-3	0.000000E+0	3.195190E+5
1.180000E-3	0.000000E+0	3.193230E+5
1.200000E-3	0.000000E+0	3.204090E+5
1.220000E-3	0.000000E+0	3.205720E+5
1.240000E-3	0.000000E+0	3.198930E+5
1.260000E-3	0.000000E+0	3.198950E+5
1.280000E-3	0.000000E+0	3.205040E+5
1.300000E-3	0.000000E+0	3.192430E+5
1.320000E-3	0.000000E+0	3.205460E+5
1.340000E-3	0.000000E+0	3.195620E+5
1.360000E-3	0.000000E+0	3.192920E+5
1.380000E-3	0.000000E+0	3.209730E+5
1.400000E-3	0.000000E+0	3.199130E+5
1.420000E-3	0.000000E+0	3.205370E+5
1.440000E-3	0.000000E+0	3.197530E+5
1.460000E-3	0.000000E+0	3.188630E+5
1.480000E-3	0.000000E+0	3.207860E+5
1.500000E-3	0.000000E+0	3.199640E+5
1.520000E-3	0.000000E+0	3.198880E+5
1.540000E-3	0.000000E+0	3.202490E+5
1.560000E-3	0.000000E+0	3.199710E+5
1.580000E-3	0.000000E+0	3.199380E+5
1.600000E-3	0.000000E+0	3.195440E+5
1.620000E-3	0.000000E+0	3.195180E+5
1.640000E-3	0.000000E+0	3.192070E+5
1.660000E-3	0.000000E+0	3.209770E+5
1.680000E-3	0.000000E+0	3.193240E+5
1.700000E-3	0.000000E+0	3.193980E+5
1.720000E-3	0.000000E+0	3.203210E+5
1.740000E-3	0.000000E+0	3.208910E+5
1.760000E-3	0.000000E+0	3.203780E+5
1.780000E-3	0.000000E+0	3.211530E+5
1.800000E-3	0.000000E+0	3.205840E+5
1.820000E-3	0.000000E+0	3.199360E+5
1.840000E-3	0.000000E+0	3.195840E+5
1.860000E-3	0.000000E+0	3.200720E+5
1.880000E-3	0.000000E+0	3.198180E+5
1.900000E-3	0.000000E+0	3.195670E+5
1.920000E-3	0.000000E+0	3.197740E+5
1.940000E-3	0.000000E+0	3.201560E+5
1.960000E-3	0.000000E+0	3.198180E+5
1.980000E-3	0.000000E+0	3.206540E+5
2.000000E-3	0.000000E+0	3.196620E+5
2.020000E-3	0.000000E+0	3.198720E+5
2.040000E-3	0.000000E+0	3.195030E+5
2.060000E-3	0.000000E+0	3.205420E+5
2.080000E-3	0.000000E+0	3.209580E+5
2.100000E-3	0.000000E+0	3.210790E+5
2.120000E-3	0.000000E+0	3.203100E+5
2.140000E-3	0.000000E+0	3.198400E+5
2.160000E-3	0.000000E+0	3.191820E+5
2.180000E-3	0.000000E+0	3.202120E+5
2.200000E-3	0.000000E+0	3.206170E+5
2.220000E-3	0.000000E+0	3.206160E+5
2.240000E-3	0.000000E+0	3.196820E+5
2.260000E-3	0.000000E+0	3.203080E+5
2.280000E-3	0.000000E+0	3.199670E+5
2.300000E-3	0.000000E+0	3.200630E+5
2.320000E-3	0.000000E+0	3.194980E+5
2.340000E-3	0.000000E+0	3.198050E+5
2.360000E-3	0.000000E+0	3.201460E+5
2.380000E-3	0.000000E+0	3.206500E+5
2.400000E-3	0.000000E+0	3.189910E+5
2.420000E-3	0.000000E+0	3.198240E+5
2.440000E-3	0.000000E+0	3.190500E+5
2.460000E-3	0.000000E+0	3.196480E+5
2.480000E-3	0.000000E+0	3.211760E+5
2.500000E-3	0.000000E+0	3.200260E+5
2.520000E-3	0.000000E+0	3.204800E+5
2.540000E-3	0.000000E+0	3.192590E+5
2.560000E-3	0.000000E+0	3.200040E+5
2.580000E-3	0.000000E+0	3.193690E+5
2.600000E-3	0.000000E+0	3.206350E+5
2.620000E-3	0.000000E+0	3.193210E+5
2.640000E-3	0.000000E+0	3.188850E+5
2.660000E-3	0.000000E+0	3.204950E+5
2.680000E-3	0.000000E+0	3.196700E+5
2.700000E-3	0.000000E+0	3.197020E+5
2.720000E-3	0.000000E+0	3.190220E+5
2.740000E-3	0.000000E+0	3.205830E+5
2.760000E-3	0.000000E+0	3.199320E+5
2.780000E-3	0.000000E+0	3.202960E+5
2.800000E-3	0.000000E+0	3.194930E+5
2.820000E-3	0.000000E+0	3.196650E+5
2.840000E-3	0.000000E+0	3.192470E+5
2.860000E-3	0.000000E+0	3.204610E+5
2.880000E-3	0.000000E+0	3.201670E+5
2.900000E-3	0.000000E+0	3.202910E+5
2.920000E-3	0.000000E+0	3.192630E+5
2.940000E-3	0.000000E+0	3.201090E+5
2.960000E-3	0.000000E+0	3.204430E+5
2.980000E-3	0.000000E+0	3.189540E+5
3.000000E-3	0.000000E+0	3.202350E+5
3.020000E-3	0.000000E+0	3.197580E+5
3.040000E-3	0.000000E+0	3.203370E+5
3.060000E-3	0.000000E+0	3.217190E+5
3.080000E-3	0.000000E+0	3.201060E+5
3.100000E-3	0.000000E+0	3.192030E+5
3.120000E-3	0.000000E+0	3.205670E+5
3.140000E-3	0.000000E+0	3.201040E+5
3.160000E-3	0.000000E+0	3.197360E+5
3.180000E-3	0.000000E+0	3.204470E+5
3.200000E-3	0.000000E+0	3.202080E+5
3.220000E-3	0.000000E+0	3.203840E+5
3.240000E-3	0.000000E+0	3.203070E+5
3.260000E-3	0.000000E+0	3.202370E+5
3.280000E-3	0.000000E+0	3.199570E+5
3.300000E-3	0.000000E+0	3.194410E+5
3.320000E-3	0.000000E+0	3.196120E+5
3.340000E-3	0.000000E+0	3.196260E+5
3.360000E-3	0.000000E+0	3.191740E+5
3.380000E-3	0.000000E+0	3.196170E+5
3.400000E-3	0.000000E+0	3.200060E+5
3.420000E-3	0.000000E+0	3.205670E+5
3.440000E-3	0.000000E+0	3.192340E+5
3.460000E-3	0.000000E+0	3.205150E+5
3.480000E-3	0.000000E+0	3.197220E+5
3.500000E-3	0.000000E+0	3.205780E+5
3.520000E-3	0.000000E+0	3.193990E+5
3.540000E-3	0.000000E+0	3.196760E+5
3.560000E-3	0.000000E+0	3.198270E+5
3.580000E-3	0.000000E+0	3.193340E+5
3.600000E-3	0.000000E+0	3.192850E+5
3.620000E-3	0.000000E+0	3.187120E+5
3.640000E-3	0.000000E+0	3.202110E+5
3.660000E-3	0.000000E+0	3.198980E+5
3.680000E-3	0.000000E+0	3.195880E+5
3.700000E-3	0.000000E+0	3.191470E+5
3.720000E-3	0.000000E+0	3.201110E+5
3.740000E-3	0.000000E+0	3.198190E+5
3.760000E-3	0.000000E+0	3.198820E+5
3.780000E-3	0.000000E+0	3.198880E+5
3.800000E-3	0.000000E+0	3.195720E+5
3.820000E-3	0.000000E+0	3.190520E+5
3.840000E-3	0.000000E+0	3.196910E+5
3.860000E-3	0.000000E+0	3.197320E+5
3.880000E-3	0.000000E+0	3.192130E+5
3.900000E-3	0.000000E+0	3.202180E+5
3.920000E-3	0.000000E+0	3.207710E+5
3.940000E-3	0.000000E+0	3.206360E+5
3.960000E-3	0.000000E+0	3.205050E+5
3.980000E-3	0.000000E+0	3.194750E+5
4.000000E-3	0.000000E+0	3.197940E+5
4.020000E-3	0.000000E+0	3.203760E+5
4.040000E-3	0.000000E+0	3.193330E+5
4.060000E-3	0.000000E+0	3.203920E+5
4.080000E-3	0.000000E+0	3.200080E+5
4.100000E-3	0.000000E+0	3.200430E+5
4.120000E-3	0.000000E+0	3.199280E+5
4.140000E-3	0.000000E+0	3.191050E+5
4.160000E-3	0.000000E+0	3.204740E+5
4.180000E-3	0.000000E+0	3.193980E+5
4.200000E-3	0.000000E+0	3.198420E+5
4.220000E-3	0.000000E+0	3.198160E+5
4.240000E-3	0.000000E+0	3.199800E+5
4.260000E-3	0.000000E+0	3.192120E+5
4.280000E-3	0.000000E+0	3.204030E+5
4.300000E-3	0.000000E+0	3.196960E+5
4.320000E-3	0.000000E+0	3.194350E+5
4.340000E-3	0.000000E+0	3.191510E+5
4.360000E-3	0.000000E+0	3.198780E+5
4.380000E-3	0.000000E+0	3.192320E+5
4.400000E-3	0.000000E+0	3.199670E+5
4.420000E-3	0.000000E+0	3.198420E+5
4.440000E-3	0.000000E+0	3.198360E+5
4.460000E-3	0.000000E+0	3.194390E+5
4.480000E-3	0.000000E+0	3.189880E+5
4.500000E-3	0.000000E+0	3.196040E+5
4.520000E-3	0.000000E+0	3.192100E+5
4.540000E-3	0.000000E+0	3.193400E+5
4.560000E-3	0.000000E+0	3.189160E+5
4.580000E-3	0.000000E+0	3.195210E+5
4.600000E-3	0.000000E+0	3.197010E+5
4.620000E-3	0.000000E+0	3.190410E+5
4.640000E-3	0.000000E+0	3.200560E+5
4.660000E-3	0.000000E+0	3.194530E+5
4.680000E-3	0.000000E+0	3.196520E+5
4.700000E-3	0.000000E+0	3.198420E+5
4.720000E-3	0.000000E+0	3.199640E+5
4.740000E-3	0.000000E+0	3.189070E+5
4.760000E-3	0.000000E+0	3.201840E+5
4.780000E-3	0.000000E+0	3.187770E+5
4.800000E-3	0.000000E+0	3.195370E+5
4.820000E-3	0.000000E+0	3.193050E+5
4.840000E-3	0.000000E+0	3.192430E+5
4.860000E-3	0.000000E+0	3.182500E+5
4.880000E-3	0.000000E+0	3.177560E+5
4.900000E-3	0.000000E+0	3.177450E+5
4.920000E-3	0.000000E+0	3.156330E+5
4.940000E-3	0.000000E+0	3.151460E+5
4.960000E-3	0.000000E+0	3.152590E+5
4.980000E-3	0.000000E+0	3.151720E+5
5.000000E-3	0.000000E+0	3.139960E+5
5.020000E-3	0.000000E+0	3.138780E+5
5.040000E-3	0.000000E+0	3.125240E+5
5.060000E-3	0.000000E+0	3.112120E+5
5.080000E-3	0.000000E+0	3.104940E+5
5.100000E-3	0.000000E+0	3.106830E+5
5.120000E-3	0.000000E+0	3.103450E+5
5.140000E-3	0.000000E+0	3.118320E+5
5.160000E-3	0.000000E+0	3.126490E+5
5.180000E-3	0.000000E+0	3.136920E+5
5.200000E-3	0.000000E+0	3.142580E+5
5.220000E-3	0.000000E+0	3.153460E+5
5.240000E-3	0.000000E+0	3.157260E+5
5.260000E-3	0.000000E+0	3.177800E+5
5.280000E-3	0.000000E+0	3.163190E+5
5.300000E-3	0.000000E+0	3.181790E+5
5.320000E-3	0.000000E+0	3.187930E+5
5.340000E-3	0.000000E+0	3.191720E+5
5.360000E-3	0.000000E+0	3.200500E+5
5.380000E-3	0.000000E+0	3.189080E+5
5.400000E-3	0.000000E+0	3.199650E+5
5.420000E-3	0.000000E+0	3.193360E+5
5.440000E-3	0.000000E+0	3.186570E+5
5.460000E-3	0.000000E+0	3.185270E+5
5.480000E-3	0.000000E+0	3.181670E+5
5.500000E-3	0.000000E+0	3.187310E+5
5.520000E-3	0.000000E+0	3.179860E+5
5.540000E-3	0.000000E+0	3.176690E+5
5.560000E-3	0.000000E+0	3.167380E+5
5.580000E-3	0.000000E+0	3.162300E+5
5.600000E-3	0.000000E+0	3.147260E+5
5.620000E-3	0.000000E+0	3.143520E+5
5.640000E-3	0.000000E+0	3.153650E+5
5.660000E-3	0.000000E+0	3.142570E+5
5.680000E-3	0.000000E+0	3.140350E+5
5.700000E-3	0.000000E+0	3.124940E+5
5.720000E-3	0.000000E+0	3.116250E+5
5.740000E-3	0.000000E+0	3.112520E+5
5.760000E-3	0.000000E+0	3.115300E+5
5.780000E-3	0.000000E+0	3.124310E+5
5.800000E-3	0.000000E+0	3.125240E+5
5.820000E-3	0.000000E+0	3.137150E+5
5.840000E-3	0.000000E+0	3.145560E+5
5.860000E-3	0.000000E+0	3.149720E+5
5.880000E-3	0.000000E+0	3.167190E+5
5.900000E-3	0.000000E+0	3.178070E+5
5.920000E-3	0.000000E+0	3.182370E+5
5.940000E-3	0.000000E+0	3.176620E+5
5.960000E-3	0.000000E+0	3.183960E+5
5.980000E-3	0.000000E+0	3.194460E+5
6.000000E-3	0.000000E+0	3.188350E+5
6.020000E-3	0.000000E+0	3.196570E+5
6.040000E-3	0.000000E+0	3.198360E+5
6.060000E-3	0.000000E+0	3.194200E+5
6.080000E-3	0.000000E+0	3.196800E+5
6.100000E-3	0.000000E+0	3.191740E+5
6.120000E-3	0.000000E+0	3.200260E+5
6.140000E-3	0.000000E+0	3.195700E+5
6.160000E-3	0.000000E+0	3.193910E+5
6.180000E-3	0.000000E+0	3.202340E+5
6.200000E-3	0.000000E+0	3.194790E+5
6.220000E-3	0.000000E+0	3.198880E+5
6.240000E-3	0.000000E+0	3.192520E+5
6.260000E-3	0.000000E+0	3.190170E+5
6.280000E-3	0.000000E+0	3.206660E+5
6.300000E-3	0.000000E+0	3.198940E+5
6.320000E-3	0.000000E+0	3.196480E+5
6.340000E-3	0.000000E+0	3.198230E+5
6.360000E-3	0.000000E+0	3.190380E+5
6.380000E-3	0.000000E+0	3.200940E+5
6.400000E-3	0.000000E+0	3.193870E+5
6.420000E-3	0.000000E+0	3.192720E+5
6.440000E-3	0.000000E+0	3.207710E+5
6.460000E-3	0.000000E+0	3.195400E+5
6.480000E-3	0.000000E+0	3.197470E+5
6.500000E-3	0.000000E+0	3.195120E+5
6.520000E-3	0.000000E+0	3.204250E+5
6.540000E-3	0.000000E+0	3.192910E+5
6.560000E-3	0.000000E+0	3.204080E+5
6.580000E-3	0.000000E+0	3.194960E+5
6.600000E-3	0.000000E+0	3.202380E+5
6.620000E-3	0.000000E+0	3.196960E+5
6.640000E-3	0.000000E+0	3.193830E+5
6.660000E-3	0.000000E+0	3.189660E+5
6.680000E-3	0.000000E+0	3.196310E+5
6.700000E-3	0.000000E+0	3.204740E+5
6.720000E-3	0.000000E+0	3.198040E+5
6.740000E-3	0.000000E+0	3.200470E+5
6.760000E-3	0.000000E+0	3.206190E+5
6.780000E-3	0.000000E+0	3.190990E+5
6.800000E-3	0.000000E+0	3.203320E+5
6.820000E-3	0.000000E+0	3.199690E+5
6.840000E-3	0.000000E+0	3.197360E+5
6.860000E-3	0.000000E+0	3.199770E+5
6.880000E-3	0.000000E+0	3.201960E+5
6.900000E-3	0.000000E+0	3.187320E+5
6.920000E-3	0.000000E+0	3.195610E+5
6.940000E-3	0.000000E+0	3.195050E+5
6.960000E-3	0.000000E+0	3.182130E+5
6.980000E-3	0.000000E+0	3.194470E+5
7.000000E-3	0.000000E+0	3.192970E+5
7.020000E-3	0.000000E+0	3.197510E+5
7.040000E-3	0.000000E+0	3.199060E+5
7.060000E-3	0.000000E+0	3.199550E+5
7.080000E-3	0.000000E+0	3.199520E+5
7.100000E-3	0.000000E+0	3.194830E+5
7.120000E-3	0.000000E+0	3.199500E+5
7.140000E-3	0.000000E+0	3.197080E+5
7.160000E-3	0.000000E+0	3.203900E+5
7.180000E-3	0.000000E+0	3.192660E+5
7.200000E-3	0.000000E+0	3.202150E+5
7.220000E-3	0.000000E+0	3.202110E+5
7.240000E-3	0.000000E+0	3.200150E+5
7.260000E-3	0.000000E+0	3.196710E+5
7.280000E-3	0.000000E+0	3.195720E+5
7.300000E-3	0.000000E+0	3.195280E+5
7.320000E-3	0.000000E+0	3.201550E+5
7.340000E-3	0.000000E+0	3.205150E+5
7.360000E-3	0.000000E+0	3.198760E+5
7.380000E-3	0.000000E+0	3.203150E+5
7.400000E-3	0.000000E+0	3.196300E+5
7.420000E-3	0.000000E+0	3.196210E+5
7.440000E-3	0.000000E+0	3.197820E+5
7.460000E-3	0.000000E+0	3.204540E+5
7.480000E-3	0.000000E+0	3.196890E+5
7.500000E-3	0.000000E+0	3.202200E+5
7.520000E-3	0.000000E+0	3.208770E+5
7.540000E-3	0.000000E+0	3.199670E+5
7.560000E-3	0.000000E+0	3.205870E+5
7.580000E-3	0.000000E+0	3.198600E+5
7.600000E-3	0.000000E+0	3.194690E+5
7.620000E-3	0.000000E+0	3.205100E+5
7.640000E-3	0.000000E+0	3.208180E+5
7.660000E-3	0.000000E+0	3.195320E+5
7.680000E-3	0.000000E+0	3.191430E+5
7.700000E-3	0.000000E+0	3.194360E+5
7.720000E-3	0.000000E+0	3.199660E+5
7.740000E-3	0.000000E+0	3.196080E+5
7.760000E-3	0.000000E+0	3.192160E+5
7.780000E-3	0.000000E+0	3.207710E+5
7.800000E-3	0.000000E+0	3.200010E+5
7.820000E-3	0.000000E+0	3.197760E+5
7.840000E-3	0.000000E+0	3.205610E+5
7.860000E-3	0.000000E+0	3.199440E+5
7.880000E-3	0.000000E+0	3.198220E+5
7.900000E-3	0.000000E+0	3.196950E+5
7.920000E-3	0.000000E+0	3.192000E+5
7.940000E-3	0.000000E+0	3.209070E+5
7.960000E-3	0.000000E+0	3.206790E+5
7.980000E-3	0.000000E+0	3.208290E+5
8.000000E-3	0.000000E+0	3.205100E+5
8.020000E-3	0.000000E+0	3.203570E+5
8.040000E-3	0.000000E+0	3.185820E+5
8.060000E-3	0.000000E+0	3.199300E+5
8.080000E-3	0.000000E+0	3.201350E+5
8.100000E-3	0.000000E+0	3.200370E+5
8.120000E-3	0.000000E+0	3.198130E+5
8.140000E-3	0.000000E+0	3.193910E+5
8.160000E-3	0.000000E+0	3.197160E+5
8.180000E-3	0.000000E+0	3.196080E+5
8.200000E-3	0.000000E+0	3.201550E+5
8.220000E-3	0.000000E+0	3.195220E+5
8.240000E-3	0.000000E+0	3.201190E+5
8.260000E-3	0.000000E+0	3.213350E+5
8.280000E-3	0.000000E+0	3.194120E+5
8.300000E-3	0.000000E+0	3.199620E+5
8.320000E-3	0.000000E+0	3.200340E+5
8.340000E-3	0.000000E+0	3.199680E+5
8.360000E-3	0.000000E+0	3.196160E+5
8.380000E-3	0.000000E+0	3.184350E+5
8.400000E-3	0.000000E+0	3.193880E+5
8.420000E-3	0.000000E+0	3.198960E+5
8.440000E-3	0.000000E+0	3.202690E+5
8.460000E-3	0.000000E+0	3.205120E+5
8.480000E-3	0.000000E+0	3.210970E+5
8.500000E-3	0.000000E+0	3.187310E+5
8.520000E-3	0.000000E+0	3.205580E+5
8.540000E-3	0.000000E+0	3.200110E+5
8.560000E-3	0.000000E+0	3.202390E+5
8.580000E-3	0.000000E+0	3.211650E+5
8.600000E-3	0.000000E+0	3.190080E+5
8.620000E-3	0.000000E+0	3.210160E+5
8.640000E-3	0.000000E+0	3.196370E+5
8.660000E-3	0.000000E+0	3.195080E+5
8.680000E-3	0.000000E+0	3.200530E+5
8.700000E-3	0.000000E+0	3.188490E+5
8.720000E-3	0.000000E+0	3.201580E+5
8.740000E-3	0.000000E+0	3.191210E+5
8.760000E-3	0.000000E+0	3.197660E+5
8.780000E-3	0.000000E+0	3.200920E+5
8.800000E-3	0.000000E+0	3.207240E+5
8.820000E-3	0.000000E+0	3.200710E+5
8.840000E-3	0.000000E+0	3.194570E+5
8.860000E-3	0.000000E+0	3.213200E+5
8.880000E-3	0.000000E+0	3.196740E+5
8.900000E-3	0.000000E+0	3.203310E+5
8.920000E-3	0.000000E+0	3.191330E+5
8.940000E-3	0.000000E+0	3.192010E+5
8.960000E-3	0.000000E+0	3.205790E+5
8.980000E-3	0.000000E+0	3.196320E+5
9.000000E-3	0.000000E+0	3.193270E+5
9.020000E-3	0.000000E+0	3.191300E+5
9.040000E-3	0.000000E+0	3.198500E+5
9.060000E-3	0.000000E+0	3.215510E+5
9.080000E-3	0.000000E+0	3.202270E+5
9.100000E-3	0.000000E+0	3.206570E+5
9.120000E-3	0.000000E+0	3.196020E+5
9.140000E-3	0.000000E+0	3.200000E+5
9.160000E-3	0.000000E+0	3.206110E+5
9.180000E-3	0.000000E+0	3.191530E+5
9.200000E-3	0.000000E+0	3.197380E+5
9.220000E-3	0.000000E+0	3.199840E+5
9.240000E-3	0.000000E+0	3.207870E+5
9.260000E-3	0.000000E+0	3.205080E+5
9.280000E-3	0.000000E+0	3.209640E+5
9.300000E-3	0.000000E+0	3.201640E+5
9.320000E-3	0.000000E+0	3.196570E+5
9.340000E-3	0.000000E+0	3.200890E+5
9.360000E-3	0.000000E+0	3.194790E+5
9.380000E-3	0.000000E+0	3.207940E+5
9.400000E-3	0.000000E+0	3.207110E+5
9.420000E-3	0.000000E+0	3.209010E+5
9.440000E-3	0.000000E+0	3.198850E+5
9.460000E-3	0.000000E+0	3.209720E+5
9.480000E-3	0.000000E+0	3.198830E+5
9.500000E-3	0.000000E+0	3.190520E+5
9.520000E-3	0.000000E+0	3.203540E+5
9.540000E-3	0.000000E+0	3.191300E+5
9.560000E-3	0.000000E+0	3.195710E+5
9.580000E-3	0.000000E+0	3.199550E+5
9.600000E-3	0.000000E+0	3.204920E+5
9.620000E-3	0.000000E+0	3.194530E+5
9.640000E-3	0.000000E+0	3.197830E+5
9.660000E-3	0.000000E+0	3.201410E+5
9.680000E-3	0.000000E+0	3.187320E+5
9.700000E-3	0.000000E+0	3.197220E+5
9.720000E-3	0.000000E+0	3.201050E+5
9.740000E-3	0.000000E+0	3.201260E+5
9.760000E-3	0.000000E+0	3.194910E+5
9.780000E-3	0.000000E+0	3.202820E+5
9.800000E-3	0.000000E+0	3.203620E+5
9.820000E-3	0.000000E+0	3.209820E+5
9.840000E-3	0.000000E+0	3.199580E+5
9.860000E-3	0.000000E+0	3.201010E+5
9.880000E-3	0.000000E+0	3.209110E+5
9.900000E-3	0.000000E+0	3.207360E+5
9.920000E-3	0.000000E+0	3.194480E+5
9.940000E-3	0.000000E+0	3.191770E+5
9.960000E-3	0.000000E+0	3.195240E+5
9.980000E-3	0.000000E+0	3.208460E+5
1.000000E-2	0.000000E+0	3.195280E+5
1.002000E-2	0.000000E+0	3.201520E+5
1.004000E-2	0.000000E+0	3.205750E+5
1.006000E-2	0.000000E+0	3.207760E+5
1.008000E-2	0.000000E+0	3.195820E+5
1.010000E-2	0.000000E+0	3.197220E+5
1.012000E-2	0.000000E+0	3.207570E+5
1.014000E-2	0.000000E+0	3.216010E+5
1.016000E-2	0.000000E+0	3.203290E+5
1.018000E-2	0.000000E+0	3.201480E+5
1.020000E-2	0.000000E+0	3.205140E+5
1.022000E-2	0.000000E+0	3.202680E+5
1.024000E-2	0.000000E+0	3.197040E+5
1.026000E-2	0.000000E+0	3.214310E+5
1.028000E-2	0.000000E+0	3.198490E+5
1.030000E-2	0.000000E+0	3.203290E+5
1.032000E-2	0.000000E+0	3.197820E+5
1.034000E-2	0.000000E+0	3.205350E+5
1.036000E-2	0.000000E+0	3.196640E+5
1.038000E-2	0.000000E+0	3.204350E+5
1.040000E-2	0.000000E+0	3.196590E+5
1.042000E-2	0.000000E+0	3.199730E+5
1.044000E-2	0.000000E+0	3.198830E+5
1.046000E-2	0.000000E+0	3.204980E+5
1.048000E-2	0.000000E+0	3.205280E+5
1.050000E-2	0.000000E+0	3.199520E+5
1.052000E-2	0.000000E+0	3.206310E+5
1.054000E-2	0.000000E+0	3.211110E+5
1.056000E-2	0.000000E+0	3.199030E+5
1.058000E-2	0.000000E+0	3.209270E+5
1.060000E-2	0.000000E+0	3.196320E+5
1.062000E-2	0.000000E+0	3.200110E+5
1.064000E-2	0.000000E+0	3.201740E+5
1.066000E-2	0.000000E+0	3.202210E+5
1.068000E-2	0.000000E+0	3.208460E+5
1.070000E-2	0.000000E+0	3.195500E+5
1.072000E-2	0.000000E+0	3.199420E+5
1.074000E-2	0.000000E+0	3.206800E+5
1.076000E-2	0.000000E+0	3.211060E+5
1.078000E-2	0.000000E+0	3.209160E+5
1.080000E-2	0.000000E+0	3.207680E+5
1.082000E-2	0.000000E+0	3.215610E+5
1.084000E-2	0.000000E+0	3.200300E+5
1.086000E-2	0.000000E+0	3.202480E+5
1.088000E-2	0.000000E+0	3.200930E+5
1.090000E-2	0.000000E+0	3.202350E+5
1.092000E-2	0.000000E+0	3.199710E+5
1.094000E-2	0.000000E+0	3.195880E+5
1.096000E-2	0.000000E+0	3.195580E+5
1.098000E-2	0.000000E+0	3.204230E+5
1.100000E-2	0.000000E+0	3.202280E+5
1.102000E-2	0.000000E+0	3.195830E+5
1.104000E-2	0.000000E+0	3.206330E+5
1.106000E-2	0.000000E+0	3.201240E+5
1.108000E-2	0.000000E+0	3.206950E+5
1.110000E-2	0.000000E+0	3.196590E+5
1.112000E-2	0.000000E+0	3.202540E+5
1.114000E-2	0.000000E+0	3.204780E+5
1.116000E-2	0.000000E+0	3.183110E+5
1.118000E-2	0.000000E+0	3.205990E+5
1.120000E-2	0.000000E+0	3.200680E+5
1.122000E-2	0.000000E+0	3.211890E+5
1.124000E-2	0.000000E+0	3.207040E+5
1.126000E-2	0.000000E+0	3.191100E+5
1.128000E-2	0.000000E+0	3.196130E+5
1.130000E-2	0.000000E+0	3.197440E+5
1.132000E-2	0.000000E+0	3.208330E+5
1.134000E-2	0.000000E+0	3.195050E+5
1.136000E-2	0.000000E+0	3.215030E+5
1.138000E-2	0.000000E+0	3.200070E+5
1.140000E-2	0.000000E+0	3.214930E+5
1.142000E-2	0.000000E+0	3.200390E+5
1.144000E-2	0.000000E+0	3.205830E+5
1.146000E-2	0.000000E+0	3.200220E+5
1.148000E-2	0.000000E+0	3.202930E+5
1.150000E-2	0.000000E+0	3.200090E+5
1.152000E-2	0.000000E+0	3.197350E+5
1.154000E-2	0.000000E+0	3.196390E+5
1.156000E-2	0.000000E+0	3.202630E+5
1.158000E-2	0.000000E+0	3.194560E+5
1.160000E-2	0.000000E+0	3.200570E+5
1.162000E-2	0.000000E+0	3.202500E+5
1.164000E-2	0.000000E+0	3.214530E+5
1.166000E-2	0.000000E+0	3.215710E+5
1.168000E-2	0.000000E+0	3.210830E+5
1.170000E-2	0.000000E+0	3.209820E+5
1.172000E-2	0.000000E+0	3.209120E+5
1.174000E-2	0.000000E+0	3.199950E+5
1.176000E-2	0.000000E+0	3.203110E+5
1.178000E-2	0.000000E+0	3.196000E+5
1.180000E-2	0.000000E+0	3.205390E+5
1.182000E-2	0.000000E+0	3.207730E+5
1.184000E-2	0.000000E+0	3.200710E+5
1.186000E-2	0.000000E+0	3.199410E+5
1.188000E-2	0.000000E+0	3.193990E+5
1.190000E-2	0.000000E+0	3.195600E+5
1.192000E-2	0.000000E+0	3.197160E+5
1.194000E-2	0.000000E+0	3.214040E+5
1.196000E-2	0.000000E+0	3.197720E+5
1.198000E-2	0.000000E+0	3.208290E+5
1.200000E-2	0.000000E+0	3.197460E+5
1.202000E-2	0.000000E+0	3.206340E+5
1.204000E-2	0.000000E+0	3.200940E+5
1.206000E-2	0.000000E+0	3.202630E+5
1.208000E-2	0.000000E+0	3.210090E+5
1.210000E-2	0.000000E+0	3.205780E+5
1.212000E-2	0.000000E+0	3.207090E+5
1.214000E-2	0.000000E+0	3.193570E+5
1.216000E-2	0.000000E+0	3.197190E+5
1.218000E-2	0.000000E+0	3.205590E+5
1.220000E-2	0.000000E+0	3.191480E+5
1.222000E-2	0.000000E+0	3.204510E+5
1.224000E-2	0.000000E+0	3.204080E+5
1.226000E-2	0.000000E+0	3.202020E+5
1.228000E-2	0.000000E+0	3.207280E+5
1.230000E-2	0.000000E+0	3.205510E+5
1.232000E-2	0.000000E+0	3.204360E+5
1.234000E-2	0.000000E+0	3.203000E+5
1.236000E-2	0.000000E+0	3.199900E+5
1.238000E-2	0.000000E+0	3.205340E+5
1.240000E-2	0.000000E+0	3.211310E+5
1.242000E-2	0.000000E+0	3.207500E+5
1.244000E-2	0.000000E+0	3.209930E+5
1.246000E-2	0.000000E+0	3.196940E+5
1.248000E-2	0.000000E+0	3.206740E+5
1.250000E-2	0.000000E+0	3.197220E+5
1.252000E-2	0.000000E+0	3.209040E+5
1.254000E-2	0.000000E+0	3.203400E+5
1.256000E-2	0.000000E+0	3.199430E+5
1.258000E-2	0.000000E+0	3.209230E+5
1.260000E-2	0.000000E+0	3.210360E+5
1.262000E-2	0.000000E+0	3.195350E+5
1.264000E-2	0.000000E+0	3.194670E+5
1.266000E-2	0.000000E+0	3.210610E+5
1.268000E-2	0.000000E+0	3.209150E+5
1.270000E-2	0.000000E+0	3.203270E+5
1.272000E-2	0.000000E+0	3.207250E+5
1.274000E-2	0.000000E+0	3.203740E+5
1.276000E-2	0.000000E+0	3.209800E+5
1.278000E-2	0.000000E+0	3.196960E+5
1.280000E-2	0.000000E+0	3.196120E+5
1.282000E-2	0.000000E+0	3.199330E+5
1.284000E-2	0.000000E+0	3.201860E+5
1.286000E-2	0.000000E+0	3.207340E+5
1.288000E-2	0.000000E+0	3.209550E+5
1.290000E-2	0.000000E+0	3.201130E+5
1.292000E-2	0.000000E+0	3.202750E+5
1.294000E-2	0.000000E+0	3.193950E+5
1.296000E-2	0.000000E+0	3.203370E+5
1.298000E-2	0.000000E+0	3.202800E+5
1.300000E-2	0.000000E+0	3.202040E+5
1.302000E-2	0.000000E+0	3.206000E+5
1.304000E-2	0.000000E+0	3.201730E+5
1.306000E-2	0.000000E+0	3.199840E+5
1.308000E-2	0.000000E+0	3.210610E+5
1.310000E-2	0.000000E+0	3.205420E+5
1.312000E-2	0.000000E+0	3.207550E+5
1.314000E-2	0.000000E+0	3.212130E+5
1.316000E-2	0.000000E+0	3.204390E+5
1.318000E-2	0.000000E+0	3.195590E+5
1.320000E-2	0.000000E+0	3.205100E+5
1.322000E-2	0.000000E+0	3.207170E+5
1.324000E-2	0.000000E+0	3.197560E+5
1.326000E-2	0.000000E+0	3.214700E+5
1.328000E-2	0.000000E+0	3.208070E+5
1.330000E-2	0.000000E+0	3.197000E+5
1.332000E-2	0.000000E+0	3.200510E+5
1.334000E-2	0.000000E+0	3.200630E+5
1.336000E-2	0.000000E+0	3.204570E+5
1.338000E-2	0.000000E+0	3.203990E+5
1.340000E-2	0.000000E+0	3.194070E+5
1.342000E-2	0.000000E+0	3.194650E+5
1.344000E-2	0.000000E+0	3.194600E+5
1.346000E-2	0.000000E+0	3.189290E+5
1.348000E-2	0.000000E+0	3.207090E+5
1.350000E-2	0.000000E+0	3.201370E+5
1.352000E-2	0.000000E+0	3.212120E+5
1.354000E-2	0.000000E+0	3.206970E+5
1.356000E-2	0.000000E+0	3.207710E+5
1.358000E-2	0.000000E+0	3.202730E+5
1.360000E-2	0.000000E+0	3.197150E+5
1.362000E-2	0.000000E+0	3.204780E+5
1.364000E-2	0.000000E+0	3.194290E+5
1.366000E-2	0.000000E+0	3.199380E+5
1.368000E-2	0.000000E+0	3.204320E+5
1.370000E-2	0.000000E+0	3.204340E+5
1.372000E-2	0.000000E+0	3.200810E+5
1.374000E-2	0.000000E+0	3.199370E+5
1.376000E-2	0.000000E+0	3.195800E+5
1.378000E-2	0.000000E+0	3.193930E+5
1.380000E-2	0.000000E+0	3.200450E+5
1.382000E-2	0.000000E+0	3.190770E+5
1.384000E-2	0.000000E+0	3.196510E+5
1.386000E-2	0.000000E+0	3.197890E+5
1.388000E-2	0.000000E+0	3.199050E+5
1.390000E-2	0.000000E+0	3.205620E+5
1.392000E-2	0.000000E+0	3.212580E+5
1.394000E-2	0.000000E+0	3.204890E+5
1.396000E-2	0.000000E+0	3.203110E+5
1.398000E-2	0.000000E+0	3.208770E+5
1.400000E-2	0.000000E+0	3.214010E+5
1.402000E-2	0.000000E+0	3.195000E+5
1.404000E-2	0.000000E+0	3.212910E+5
1.406000E-2	0.000000E+0	3.201530E+5
1.408000E-2	0.000000E+0	3.197900E+5
1.410000E-2	0.000000E+0	3.199740E+5
1.412000E-2	0.000000E+0	3.201870E+5
1.414000E-2	0.000000E+0	3.198540E+5
1.416000E-2	0.000000E+0	3.197320E+5
1.418000E-2	0.000000E+0	3.200110E+5
1.420000E-2	0.000000E+0	3.202610E+5
1.422000E-2	0.000000E+0	3.201940E+5
1.424000E-2	0.000000E+0	3.190040E+5
1.426000E-2	0.000000E+0	3.190970E+5
1.428000E-2	0.000000E+0	3.200570E+5
1.430000E-2	0.000000E+0	3.198580E+5
1.432000E-2	0.000000E+0	3.206600E+5
1.434000E-2	0.000000E+0	3.195990E+5
1.436000E-2	0.000000E+0	3.201890E+5
1.438000E-2	0.000000E+0	3.203150E+5
1.440000E-2	0.000000E+0	3.212270E+5
1.442000E-2	0.000000E+0	3.201330E+5
1.444000E-2	0.000000E+0	3.190800E+5
1.446000E-2	0.000000E+0	3.202330E+5
1.448000E-2	0.000000E+0	3.201570E+5
1.450000E-2	0.000000E+0	3.198210E+5
1.452000E-2	0.000000E+0	3.204710E+5
1.454000E-2	0.000000E+0	3.199450E+5
1.456000E-2	0.000000E+0	3.204620E+5
1.458000E-2	0.000000E+0	3.194130E+5
1.460000E-2	0.000000E+0	3.210360E+5
1.462000E-2	0.000000E+0	3.190900E+5
1.464000E-2	0.000000E+0	3.206800E+5
1.466000E-2	0.000000E+0	3.201900E+5
1.468000E-2	0.000000E+0	3.209190E+5
1.470000E-2	0.000000E+0	3.199900E+5
1.472000E-2	0.000000E+0	3.199040E+5
1.474000E-2	0.000000E+0	3.198330E+5
1.476000E-2	0.000000E+0	3.211350E+5
1.478000E-2	0.000000E+0	3.211030E+5
1.480000E-2	0.000000E+0	3.197810E+5
1.482000E-2	0.000000E+0	3.194330E+5
1.484000E-2	0.000000E+0	3.204850E+5
1.486000E-2	0.000000E+0	3.199800E+5
1.488000E-2	0.000000E+0	3.198060E+5
1.490000E-2	0.000000E+0	3.192920E+5
1.492000E-2	0.000000E+0	3.187100E+5
1.494000E-2	0.000000E+0	3.172000E+5
1.496000E-2	0.000000E+0	3.163290E+5
1.498000E-2	0.000000E+0	3.164300E+5
1.500000E-2	0.000000E+0	3.156240E+5
1.502000E-2	0.000000E+0	3.152060E+5
1.504000E-2	0.000000E+0	3.146370E+5
1.506000E-2	0.000000E+0	3.147370E+5
1.508000E-2	0.000000E+0	3.136580E+5
1.510000E-2	0.000000E+0	3.124130E+5
1.512000E-2	0.000000E+0	3.113880E+5
1.514000E-2	0.000000E+0	3.114140E+5
1.516000E-2	0.000000E+0	3.117710E+5
1.518000E-2	0.000000E+0	3.123800E+5
1.520000E-2	0.000000E+0	3.135210E+5
1.522000E-2	0.000000E+0	3.143860E+5
1.524000E-2	0.000000E+0	3.165430E+5
1.526000E-2	0.000000E+0	3.167980E+5
1.528000E-2	0.000000E+0	3.183950E+5
1.530000E-2	0.000000E+0	3.177670E+5
1.532000E-2	0.000000E+0	3.186170E+5
1.534000E-2	0.000000E+0	3.189410E+5
1.536000E-2	0.000000E+0	3.188170E+5
1.538000E-2	0.000000E+0	3.197970E+5
1.540000E-2	0.000000E+0	3.193220E+5
1.542000E-2	0.000000E+0	3.195330E+5
1.544000E-2	0.000000E+0	3.189560E+5
1.546000E-2	0.000000E+0	3.190710E+5
1.548000E-2	0.000000E+0	3.196340E+5
1.550000E-2	0.000000E+0	3.186760E+5
1.552000E-2	0.000000E+0	3.201590E+5
1.554000E-2	0.000000E+0	3.190150E+5
1.556000E-2	0.000000E+0	3.174530E+5
1.558000E-2	0.000000E+0	3.170570E+5
1.560000E-2	0.000000E+0	3.171260E+5
1.562000E-2	0.000000E+0	3.161480E+5
1.564000E-2	0.000000E+0	3.151700E+5
1.566000E-2	0.000000E+0	3.145250E+5
1.568000E-2	0.000000E+0	3.140410E+5
1.570000E-2	0.000000E+0	3.138470E+5
1.572000E-2	0.000000E+0	3.130260E+5
1.574000E-2	0.000000E+0	3.128790E+5
1.576000E-2	0.000000E+0	3.124110E+5
1.578000E-2	0.000000E+0	3.099180E+5
1.580000E-2	0.000000E+0	3.114700E+5
1.582000E-2	0.000000E+0	3.121250E+5
1.584000E-2	0.000000E+0	3.128320E+5
1.586000E-2	0.000000E+0	3.140500E+5
1.588000E-2	0.000000E+0	3.157390E+5
1.590000E-2	0.000000E+0	3.161040E+5
1.592000E-2	0.000000E+0	3.169020E+5
1.594000E-2	0.000000E+0	3.169890E+5
1.596000E-2	0.000000E+0	3.182070E+5
1.598000E-2	0.000000E+0	3.195590E+5
1.600000E-2	0.000000E+0	3.204210E+5
1.602000E-2	0.000000E+0	3.197710E+5
1.604000E-2	0.000000E+0	3.193270E+5
1.606000E-2	0.000000E+0	3.191800E+5
1.608000E-2	0.000000E+0	3.196160E+5
1.610000E-2	0.000000E+0	3.198900E+5
1.612000E-2	0.000000E+0	3.199460E+5
1.614000E-2	0.000000E+0	3.203560E+5
1.616000E-2	0.000000E+0	3.207290E+5
1.618000E-2	0.000000E+0	3.198410E+5
1.620000E-2	0.000000E+0	3.198230E+5
1.622000E-2	0.000000E+0	3.200340E+5
1.624000E-2	0.000000E+0	3.198040E+5
1.626000E-2	0.000000E+0	3.203040E+5
1.628000E-2	0.000000E+0	3.211240E+5
1.630000E-2	0.000000E+0	3.198510E+5
1.632000E-2	0.000000E+0	3.203250E+5
1.634000E-2	0.000000E+0	3.206880E+5
1.636000E-2	0.000000E+0	3.211150E+5
1.638000E-2	0.000000E+0	3.201820E+5
1.640000E-2	0.000000E+0	3.203140E+5
1.642000E-2	0.000000E+0	3.199170E+5
1.644000E-2	0.000000E+0	3.196830E+5
1.646000E-2	0.000000E+0	3.200150E+5
1.648000E-2	0.000000E+0	3.192000E+5
1.650000E-2	0.000000E+0	3.199800E+5
1.652000E-2	0.000000E+0	3.206430E+5
1.654000E-2	0.000000E+0	3.200920E+5
1.656000E-2	0.000000E+0	3.198430E+5
1.658000E-2	0.000000E+0	3.201750E+5
1.660000E-2	0.000000E+0	3.205360E+5
1.662000E-2	0.000000E+0	3.199960E+5
1.664000E-2	0.000000E+0	3.202430E+5
1.666000E-2	0.000000E+0	3.203270E+5
1.668000E-2	0.000000E+0	3.194720E+5
1.670000E-2	0.000000E+0	3.198140E+5
1.672000E-2	0.000000E+0	3.208130E+5
1.674000E-2	0.000000E+0	3.195860E+5
1.676000E-2	0.000000E+0	3.196580E+5
1.678000E-2	0.000000E+0	3.192150E+5
1.680000E-2	0.000000E+0	3.203600E+5
1.682000E-2	0.000000E+0	3.197200E+5
1.684000E-2	0.000000E+0	3.204680E+5
1.686000E-2	0.000000E+0	3.210300E+5
1.688000E-2	0.000000E+0	3.199760E+5
1.690000E-2	0.000000E+0	3.200050E+5
1.692000E-2	0.000000E+0	3.202410E+5
1.694000E-2	0.000000E+0	3.196940E+5
1.696000E-2	0.000000E+0	3.190010E+5
1.698000E-2	0.000000E+0	3.195370E+5
1.700000E-2	0.000000E+0	3.198260E+5
1.702000E-2	0.000000E+0	3.205610E+5
1.704000E-2	0.000000E+0	3.208820E+5
1.706000E-2	0.000000E+0	3.215810E+5
1.708000E-2	0.000000E+0	3.199310E+5
1.710000E-2	0.000000E+0	3.201460E+5
1.712000E-2	0.000000E+0	3.198930E+5
1.714000E-2	0.000000E+0	3.199070E+5
1.716000E-2	0.000000E+0	3.203400E+5
1.718000E-2	0.000000E+0	3.197040E+5
1.720000E-2	0.000000E+0	3.209090E+5
1.722000E-2	0.000000E+0	3.207280E+5
1.724000E-2	0.000000E+0	3.196740E+5
1.726000E-2	0.000000E+0	3.198190E+5
1.728000E-2	0.000000E+0	3.199490E+5
1.730000E-2	0.000000E+0	3.199710E+5
1.732000E-2	0.000000E+0	3.192930E+5
1.734000E-2	0.000000E+0	3.199050E+5
1.736000E-2	0.000000E+0	3.209990E+5
1.738000E-2	0.000000E+0	3.208360E+5
1.740000E-2	0.000000E+0	3.199940E+5
1.742000E-2	0.000000E+0	3.187660E+5
1.744000E-2	0.000000E+0	3.201710E+5
1.746000E-2	0.000000E+0	3.199840E+5
1.748000E-2	0.000000E+0	3.202630E+5
1.750000E-2	0.000000E+0	3.200530E+5
1.752000E-2	0.000000E+0	3.204370E+5
1.754000E-2	0.000000E+0	3.189040E+5
1.756000E-2	0.000000E+0	3.194530E+5
1.758000E-2	0.000000E+0	3.210000E+5
1.760000E-2	0.000000E+0	3.203060E+5
1.762000E-2	0.000000E+0	3.206140E+5
1.764000E-2	0.000000E+0	3.210470E+5
1.766000E-2	0.000000E+0	3.203180E+5
1.768000E-2	0.000000E+0	3.208010E+5
1.770000E-2	0.000000E+0	3.200660E+5
1.772000E-2	0.000000E+0	3.212520E+5
1.774000E-2	0.000000E+0	3.201410E+5
1.776000E-2	0.000000E+0	3.196930E+5
1.778000E-2	0.000000E+0	3.206220E+5
1.780000E-2	0.000000E+0	3.199420E+5
1.782000E-2	0.000000E+0	3.203000E+5
1.784000E-2	0.000000E+0	3.197310E+5
1.786000E-2	0.000000E+0	3.201340E+5
1.788000E-2	0.000000E+0	3.198620E+5
1.790000E-2	0.000000E+0	3.201920E+5
1.792000E-2	0.000000E+0	3.192890E+5
1.794000E-2	0.000000E+0	3.206310E+5
1.796000E-2	0.000000E+0	3.205790E+5
1.798000E-2	0.000000E+0	3.206920E+5
1.800000E-2	0.000000E+0	3.195820E+5
1.802000E-2	0.000000E+0	3.199820E+5
1.804000E-2	0.000000E+0	3.197460E+5
1.806000E-2	0.000000E+0	3.199670E+5
1.808000E-2	0.000000E+0	3.199170E+5
1.810000E-2	0.000000E+0	3.209900E+5
1.812000E-2	0.000000E+0	3.207820E+5
1.814000E-2	0.000000E+0	3.207480E+5
1.816000E-2	0.000000E+0	3.206930E+5
1.818000E-2	0.000000E+0	3.198190E+5
1.820000E-2	0.000000E+0	3.212210E+5
1.822000E-2	0.000000E+0	3.192530E+5
1.824000E-2	0.000000E+0	3.204400E+5
1.826000E-2	0.000000E+0	3.205870E+5
1.828000E-2	0.000000E+0	3.201110E+5
1.830000E-2	0.000000E+0	3.197260E+5
1.832000E-2	0.000000E+0	3.200210E+5
1.834000E-2	0.000000E+0	3.193020E+5
1.836000E-2	0.000000E+0	3.208450E+5
1.838000E-2	0.000000E+0	3.200760E+5
1.840000E-2	0.000000E+0	3.197440E+5
1.842000E-2	0.000000E+0	3.201640E+5
1.844000E-2	0.000000E+0	3.198830E+5
1.846000E-2	0.000000E+0	3.193020E+5
1.848000E-2	0.000000E+0	3.209480E+5
1.850000E-2	0.000000E+0	3.206420E+5
1.852000E-2	0.000000E+0	3.210560E+5
1.854000E-2	0.000000E+0	3.211180E+5
1.856000E-2	0.000000E+0	3.194830E+5
1.858000E-2	0.000000E+0	3.202260E+5
1.860000E-2	0.000000E+0	3.209590E+5
1.862000E-2	0.000000E+0	3.200420E+5
1.864000E-2	0.000000E+0	3.193270E+5
1.866000E-2	0.000000E+0	3.202850E+5
1.868000E-2	0.000000E+0	3.196350E+5
1.870000E-2	0.000000E+0	3.201030E+5
1.872000E-2	0.000000E+0	3.209690E+5
1.874000E-2	0.000000E+0	3.191410E+5
1.876000E-2	0.000000E+0	3.199910E+5
1.878000E-2	0.000000E+0	3.200060E+5
1.880000E-2	0.000000E+0	3.198960E+5
1.882000E-2	0.000000E+0	3.199940E+5
1.884000E-2	0.000000E+0	3.203330E+5
1.886000E-2	0.000000E+0	3.206100E+5
1.888000E-2	0.000000E+0	3.196020E+5
1.890000E-2	0.000000E+0	3.199350E+5
1.892000E-2	0.000000E+0	3.212720E+5
1.894000E-2	0.000000E+0	3.202540E+5
1.896000E-2	0.000000E+0	3.204650E+5
1.898000E-2	0.000000E+0	3.201130E+5
1.900000E-2	0.000000E+0	3.196810E+5
1.902000E-2	0.000000E+0	3.197770E+5
1.904000E-2	0.000000E+0	3.205810E+5
1.906000E-2	0.000000E+0	3.203550E+5
1.908000E-2	0.000000E+0	3.201760E+5
1.910000E-2	0.000000E+0	3.191020E+5
1.912000E-2	0.000000E+0	3.200090E+5
1.914000E-2	0.000000E+0	3.201030E+5
1.916000E-2	0.000000E+0	3.193300E+5
1.918000E-2	0.000000E+0	3.197120E+5
1.920000E-2	0.000000E+0	3.206530E+5
1.922000E-2	0.000000E+0	3.199590E+5
1.924000E-2	0.000000E+0	3.203300E+5
1.926000E-2	0.000000E+0	3.205120E+5
1.928000E-2	0.000000E+0	3.209670E+5
1.930000E-2	0.000000E+0	3.201620E+5
1.932000E-2	0.000000E+0	3.199470E+5
1.934000E-2	0.000000E+0	3.199700E+5
1.936000E-2	0.000000E+0	3.197600E+5
1.938000E-2	0.000000E+0	3.205750E+5
1.940000E-2	0.000000E+0	3.196410E+5
1.942000E-2	0.000000E+0	3.215540E+5
1.944000E-2	0.000000E+0	3.207660E+5
1.946000E-2	0.000000E+0	3.193000E+5
1.948000E-2	0.000000E+0	3.203740E+5
1.950000E-2	0.000000E+0	3.199160E+5
1.952000E-2	0.000000E+0	3.207720E+5
1.954000E-2	0.000000E+0	3.202920E+5
1.956000E-2	0.000000E+0	3.204520E+5
1.958000E-2	0.000000E+0	3.203120E+5
1.960000E-2	0.000000E+0	3.205210E+5
1.962000E-2	0.000000E+0	3.197310E+5
1.964000E-2	0.000000E+0	3.209540E+5
1.966000E-2	0.000000E+0	3.205900E+5
1.968000E-2	0.000000E+0	3.201580E+5
1.970000E-2	0.000000E+0	3.200150E+5
1.972000E-2	0.000000E+0	3.204190E+5
1.974000E-2	0.000000E+0	3.202560E+5
1.976000E-2	0.000000E+0	3.189310E+5
1.978000E-2	0.000000E+0	3.196640E+5
1.980000E-2	0.000000E+0	3.207130E+5
1.982000E-2	0.000000E+0	3.200770E+5
1.984000E-2	0.000000E+0	3.202850E+5
1.986000E-2	0.000000E+0	3.194710E+5
1.988000E-2	0.000000E+0	3.190350E+5
1.990000E-2	0.000000E+0	3.197720E+5
1.992000E-2	0.000000E+0	3.197000E+5
1.994000E-2	0.000000E+0	3.208330E+5
1.996000E-2	0.000000E+0	3.194040E+5
1.998000E-2	0.000000E+0	3.203910E+5
