

live time:  197142.360000
real time:  273609.961000
sweeps:  9857118.000000
0.000000E+0	0.000000E+0	0.000000E+0
2.000000E-5	0.000000E+0	4.322870E+5
4.000000E-5	0.000000E+0	4.325240E+5
6.000000E-5	0.000000E+0	4.320410E+5
8.000000E-5	0.000000E+0	4.322850E+5
1.000000E-4	0.000000E+0	4.312940E+5
1.200000E-4	0.000000E+0	4.325170E+5
1.400000E-4	0.000000E+0	4.325020E+5
1.600000E-4	0.000000E+0	4.321920E+5
1.800000E-4	0.000000E+0	4.321960E+5
2.000000E-4	0.000000E+0	4.321300E+5
2.200000E-4	0.000000E+0	4.324190E+5
2.400000E-4	0.000000E+0	4.309110E+5
2.600000E-4	0.000000E+0	4.308900E+5
2.800000E-4	0.000000E+0	4.317880E+5
3.000000E-4	0.000000E+0	4.333980E+5
3.200000E-4	0.000000E+0	4.320380E+5
3.400000E-4	0.000000E+0	4.317820E+5
3.600000E-4	0.000000E+0	4.329600E+5
3.800000E-4	0.000000E+0	4.316590E+5
4.000000E-4	0.000000E+0	4.311430E+5
4.200000E-4	0.000000E+0	4.320380E+5
4.400000E-4	0.000000E+0	4.315750E+5
4.600000E-4	0.000000E+0	4.329670E+5
4.800000E-4	0.000000E+0	4.314520E+5
5.000000E-4	0.000000E+0	4.320050E+5
5.200000E-4	0.000000E+0	4.322390E+5
5.400000E-4	0.000000E+0	4.315370E+5
5.600000E-4	0.000000E+0	4.311500E+5
5.800000E-4	0.000000E+0	4.318110E+5
6.000000E-4	0.000000E+0	4.327760E+5
6.200000E-4	0.000000E+0	4.316980E+5
6.400000E-4	0.000000E+0	4.333260E+5
6.600000E-4	0.000000E+0	4.310280E+5
6.800000E-4	0.000000E+0	4.317970E+5
7.000000E-4	0.000000E+0	4.323170E+5
7.200000E-4	0.000000E+0	4.331650E+5
7.400000E-4	0.000000E+0	4.310920E+5
7.600000E-4	0.000000E+0	4.316360E+5
7.800000E-4	0.000000E+0	4.306670E+5
8.000000E-4	0.000000E+0	4.325420E+5
8.200000E-4	0.000000E+0	4.317630E+5
8.400000E-4	0.000000E+0	4.314840E+5
8.600000E-4	0.000000E+0	4.327900E+5
8.800000E-4	0.000000E+0	4.315820E+5
9.000000E-4	0.000000E+0	4.333280E+5
9.200000E-4	0.000000E+0	4.314450E+5
9.400000E-4	0.000000E+0	4.322020E+5
9.600000E-4	0.000000E+0	4.308730E+5
9.800000E-4	0.000000E+0	4.332950E+5
1.000000E-3	0.000000E+0	4.322320E+5
1.020000E-3	0.000000E+0	4.316320E+5
1.040000E-3	0.000000E+0	4.316710E+5
1.060000E-3	0.000000E+0	4.318020E+5
1.080000E-3	0.000000E+0	4.317430E+5
1.100000E-3	0.000000E+0	4.312480E+5
1.120000E-3	0.000000E+0	4.326300E+5
1.140000E-3	0.000000E+0	4.309340E+5
1.160000E-3	0.000000E+0	4.317600E+5
1.180000E-3	0.000000E+0	4.315330E+5
1.200000E-3	0.000000E+0	4.322880E+5
1.220000E-3	0.000000E+0	4.327710E+5
1.240000E-3	0.000000E+0	4.322130E+5
1.260000E-3	0.000000E+0	4.318800E+5
1.280000E-3	0.000000E+0	4.321770E+5
1.300000E-3	0.000000E+0	4.306770E+5
1.320000E-3	0.000000E+0	4.330840E+5
1.340000E-3	0.000000E+0	4.323320E+5
1.360000E-3	0.000000E+0	4.314760E+5
1.380000E-3	0.000000E+0	4.331130E+5
1.400000E-3	0.000000E+0	4.321090E+5
1.420000E-3	0.000000E+0	4.322110E+5
1.440000E-3	0.000000E+0	4.319250E+5
1.460000E-3	0.000000E+0	4.309020E+5
1.480000E-3	0.000000E+0	4.329690E+5
1.500000E-3	0.000000E+0	4.318860E+5
1.520000E-3	0.000000E+0	4.318110E+5
1.540000E-3	0.000000E+0	4.323480E+5
1.560000E-3	0.000000E+0	4.320340E+5
1.580000E-3	0.000000E+0	4.325800E+5
1.600000E-3	0.000000E+0	4.318360E+5
1.620000E-3	0.000000E+0	4.316520E+5
1.640000E-3	0.000000E+0	4.315560E+5
1.660000E-3	0.000000E+0	4.321550E+5
1.680000E-3	0.000000E+0	4.318400E+5
1.700000E-3	0.000000E+0	4.311370E+5
1.720000E-3	0.000000E+0	4.323120E+5
1.740000E-3	0.000000E+0	4.331670E+5
1.760000E-3	0.000000E+0	4.325660E+5
1.780000E-3	0.000000E+0	4.328190E+5
1.800000E-3	0.000000E+0	4.328210E+5
1.820000E-3	0.000000E+0	4.315980E+5
1.840000E-3	0.000000E+0	4.309100E+5
1.860000E-3	0.000000E+0	4.319820E+5
1.880000E-3	0.000000E+0	4.317540E+5
1.900000E-3	0.000000E+0	4.312350E+5
1.920000E-3	0.000000E+0	4.316970E+5
1.940000E-3	0.000000E+0	4.316110E+5
1.960000E-3	0.000000E+0	4.322940E+5
1.980000E-3	0.000000E+0	4.325240E+5
2.000000E-3	0.000000E+0	4.315680E+5
2.020000E-3	0.000000E+0	4.319650E+5
2.040000E-3	0.000000E+0	4.313260E+5
2.060000E-3	0.000000E+0	4.327180E+5
2.080000E-3	0.000000E+0	4.330130E+5
2.100000E-3	0.000000E+0	4.327940E+5
2.120000E-3	0.000000E+0	4.325130E+5
2.140000E-3	0.000000E+0	4.307920E+5
2.160000E-3	0.000000E+0	4.309560E+5
2.180000E-3	0.000000E+0	4.321420E+5
2.200000E-3	0.000000E+0	4.329140E+5
2.220000E-3	0.000000E+0	4.325170E+5
2.240000E-3	0.000000E+0	4.316660E+5
2.260000E-3	0.000000E+0	4.322220E+5
2.280000E-3	0.000000E+0	4.322010E+5
2.300000E-3	0.000000E+0	4.322080E+5
2.320000E-3	0.000000E+0	4.321960E+5
2.340000E-3	0.000000E+0	4.317610E+5
2.360000E-3	0.000000E+0	4.322140E+5
2.380000E-3	0.000000E+0	4.333090E+5
2.400000E-3	0.000000E+0	4.305140E+5
2.420000E-3	0.000000E+0	4.317530E+5
2.440000E-3	0.000000E+0	4.312460E+5
2.460000E-3	0.000000E+0	4.321660E+5
2.480000E-3	0.000000E+0	4.334710E+5
2.500000E-3	0.000000E+0	4.317420E+5
2.520000E-3	0.000000E+0	4.327290E+5
2.540000E-3	0.000000E+0	4.308850E+5
2.560000E-3	0.000000E+0	4.320230E+5
2.580000E-3	0.000000E+0	4.314630E+5
2.600000E-3	0.000000E+0	4.329290E+5
2.620000E-3	0.000000E+0	4.319190E+5
2.640000E-3	0.000000E+0	4.310170E+5
2.660000E-3	0.000000E+0	4.326900E+5
2.680000E-3	0.000000E+0	4.315120E+5
2.700000E-3	0.000000E+0	4.320630E+5
2.720000E-3	0.000000E+0	4.302170E+5
2.740000E-3	0.000000E+0	4.322090E+5
2.760000E-3	0.000000E+0	4.317030E+5
2.780000E-3	0.000000E+0	4.316720E+5
2.800000E-3	0.000000E+0	4.317210E+5
2.820000E-3	0.000000E+0	4.316620E+5
2.840000E-3	0.000000E+0	4.310520E+5
2.860000E-3	0.000000E+0	4.329320E+5
2.880000E-3	0.000000E+0	4.321250E+5
2.900000E-3	0.000000E+0	4.321760E+5
2.920000E-3	0.000000E+0	4.309560E+5
2.940000E-3	0.000000E+0	4.321120E+5
2.960000E-3	0.000000E+0	4.318000E+5
2.980000E-3	0.000000E+0	4.309950E+5
3.000000E-3	0.000000E+0	4.320160E+5
3.020000E-3	0.000000E+0	4.319330E+5
3.040000E-3	0.000000E+0	4.326850E+5
3.060000E-3	0.000000E+0	4.333930E+5
3.080000E-3	0.000000E+0	4.320910E+5
3.100000E-3	0.000000E+0	4.311540E+5
3.120000E-3	0.000000E+0	4.321100E+5
3.140000E-3	0.000000E+0	4.323730E+5
3.160000E-3	0.000000E+0	4.312520E+5
3.180000E-3	0.000000E+0	4.321620E+5
3.200000E-3	0.000000E+0	4.315380E+5
3.220000E-3	0.000000E+0	4.326730E+5
3.240000E-3	0.000000E+0	4.329770E+5
3.260000E-3	0.000000E+0	4.324900E+5
3.280000E-3	0.000000E+0	4.324450E+5
3.300000E-3	0.000000E+0	4.315880E+5
3.320000E-3	0.000000E+0	4.322710E+5
3.340000E-3	0.000000E+0	4.311920E+5
3.360000E-3	0.000000E+0	4.311410E+5
3.380000E-3	0.000000E+0	4.308730E+5
3.400000E-3	0.000000E+0	4.316650E+5
3.420000E-3	0.000000E+0	4.331200E+5
3.440000E-3	0.000000E+0	4.314580E+5
3.460000E-3	0.000000E+0	4.323930E+5
3.480000E-3	0.000000E+0	4.317070E+5
3.500000E-3	0.000000E+0	4.319230E+5
3.520000E-3	0.000000E+0	4.311700E+5
3.540000E-3	0.000000E+0	4.316170E+5
3.560000E-3	0.000000E+0	4.317190E+5
3.580000E-3	0.000000E+0	4.308850E+5
3.600000E-3	0.000000E+0	4.316350E+5
3.620000E-3	0.000000E+0	4.296560E+5
3.640000E-3	0.000000E+0	4.325680E+5
3.660000E-3	0.000000E+0	4.319400E+5
3.680000E-3	0.000000E+0	4.315730E+5
3.700000E-3	0.000000E+0	4.310280E+5
3.720000E-3	0.000000E+0	4.318110E+5
3.740000E-3	0.000000E+0	4.314100E+5
3.760000E-3	0.000000E+0	4.317250E+5
3.780000E-3	0.000000E+0	4.312960E+5
3.800000E-3	0.000000E+0	4.313140E+5
3.820000E-3	0.000000E+0	4.313250E+5
3.840000E-3	0.000000E+0	4.317980E+5
3.860000E-3	0.000000E+0	4.315150E+5
3.880000E-3	0.000000E+0	4.309080E+5
3.900000E-3	0.000000E+0	4.325300E+5
3.920000E-3	0.000000E+0	4.334740E+5
3.940000E-3	0.000000E+0	4.326050E+5
3.960000E-3	0.000000E+0	4.327930E+5
3.980000E-3	0.000000E+0	4.321060E+5
4.000000E-3	0.000000E+0	4.319450E+5
4.020000E-3	0.000000E+0	4.324110E+5
4.040000E-3	0.000000E+0	4.312460E+5
4.060000E-3	0.000000E+0	4.322500E+5
4.080000E-3	0.000000E+0	4.319150E+5
4.100000E-3	0.000000E+0	4.323980E+5
4.120000E-3	0.000000E+0	4.314770E+5
4.140000E-3	0.000000E+0	4.309880E+5
4.160000E-3	0.000000E+0	4.324480E+5
4.180000E-3	0.000000E+0	4.311040E+5
4.200000E-3	0.000000E+0	4.319840E+5
4.220000E-3	0.000000E+0	4.316620E+5
4.240000E-3	0.000000E+0	4.316310E+5
4.260000E-3	0.000000E+0	4.310670E+5
4.280000E-3	0.000000E+0	4.326070E+5
4.300000E-3	0.000000E+0	4.319590E+5
4.320000E-3	0.000000E+0	4.312560E+5
4.340000E-3	0.000000E+0	4.311110E+5
4.360000E-3	0.000000E+0	4.315170E+5
4.380000E-3	0.000000E+0	4.313070E+5
4.400000E-3	0.000000E+0	4.321080E+5
4.420000E-3	0.000000E+0	4.316250E+5
4.440000E-3	0.000000E+0	4.314540E+5
4.460000E-3	0.000000E+0	4.314310E+5
4.480000E-3	0.000000E+0	4.309080E+5
4.500000E-3	0.000000E+0	4.316170E+5
4.520000E-3	0.000000E+0	4.307740E+5
4.540000E-3	0.000000E+0	4.304200E+5
4.560000E-3	0.000000E+0	4.310390E+5
4.580000E-3	0.000000E+0	4.320380E+5
4.600000E-3	0.000000E+0	4.316880E+5
4.620000E-3	0.000000E+0	4.312440E+5
4.640000E-3	0.000000E+0	4.320150E+5
4.660000E-3	0.000000E+0	4.319150E+5
4.680000E-3	0.000000E+0	4.311970E+5
4.700000E-3	0.000000E+0	4.319210E+5
4.720000E-3	0.000000E+0	4.318890E+5
4.740000E-3	0.000000E+0	4.309680E+5
4.760000E-3	0.000000E+0	4.323470E+5
4.780000E-3	0.000000E+0	4.307310E+5
4.800000E-3	0.000000E+0	4.311400E+5
4.820000E-3	0.000000E+0	4.309180E+5
4.840000E-3	0.000000E+0	4.308100E+5
4.860000E-3	0.000000E+0	4.292600E+5
4.880000E-3	0.000000E+0	4.289250E+5
4.900000E-3	0.000000E+0	4.289780E+5
4.920000E-3	0.000000E+0	4.258690E+5
4.940000E-3	0.000000E+0	4.253250E+5
4.960000E-3	0.000000E+0	4.250240E+5
4.980000E-3	0.000000E+0	4.254380E+5
5.000000E-3	0.000000E+0	4.237070E+5
5.020000E-3	0.000000E+0	4.227680E+5
5.040000E-3	0.000000E+0	4.206660E+5
5.060000E-3	0.000000E+0	4.198720E+5
5.080000E-3	0.000000E+0	4.196850E+5
5.100000E-3	0.000000E+0	4.202910E+5
5.120000E-3	0.000000E+0	4.200150E+5
5.140000E-3	0.000000E+0	4.210970E+5
5.160000E-3	0.000000E+0	4.230570E+5
5.180000E-3	0.000000E+0	4.237130E+5
5.200000E-3	0.000000E+0	4.254630E+5
5.220000E-3	0.000000E+0	4.262070E+5
5.240000E-3	0.000000E+0	4.258990E+5
5.260000E-3	0.000000E+0	4.291010E+5
5.280000E-3	0.000000E+0	4.272020E+5
5.300000E-3	0.000000E+0	4.290060E+5
5.320000E-3	0.000000E+0	4.304600E+5
5.340000E-3	0.000000E+0	4.305220E+5
5.360000E-3	0.000000E+0	4.313240E+5
5.380000E-3	0.000000E+0	4.301130E+5
5.400000E-3	0.000000E+0	4.319480E+5
5.420000E-3	0.000000E+0	4.310740E+5
5.440000E-3	0.000000E+0	4.304730E+5
5.460000E-3	0.000000E+0	4.301240E+5
5.480000E-3	0.000000E+0	4.296660E+5
5.500000E-3	0.000000E+0	4.301480E+5
5.520000E-3	0.000000E+0	4.290970E+5
5.540000E-3	0.000000E+0	4.283560E+5
5.560000E-3	0.000000E+0	4.265240E+5
5.580000E-3	0.000000E+0	4.262780E+5
5.600000E-3	0.000000E+0	4.240800E+5
5.620000E-3	0.000000E+0	4.249510E+5
5.640000E-3	0.000000E+0	4.255960E+5
5.660000E-3	0.000000E+0	4.235920E+5
5.680000E-3	0.000000E+0	4.233990E+5
5.700000E-3	0.000000E+0	4.212680E+5
5.720000E-3	0.000000E+0	4.207540E+5
5.740000E-3	0.000000E+0	4.206860E+5
5.760000E-3	0.000000E+0	4.214240E+5
5.780000E-3	0.000000E+0	4.214890E+5
5.800000E-3	0.000000E+0	4.226770E+5
5.820000E-3	0.000000E+0	4.243610E+5
5.840000E-3	0.000000E+0	4.256210E+5
5.860000E-3	0.000000E+0	4.259780E+5
5.880000E-3	0.000000E+0	4.274770E+5
5.900000E-3	0.000000E+0	4.288410E+5
5.920000E-3	0.000000E+0	4.304060E+5
5.940000E-3	0.000000E+0	4.293830E+5
5.960000E-3	0.000000E+0	4.301580E+5
5.980000E-3	0.000000E+0	4.310920E+5
6.000000E-3	0.000000E+0	4.312290E+5
6.020000E-3	0.000000E+0	4.310180E+5
6.040000E-3	0.000000E+0	4.314750E+5
6.060000E-3	0.000000E+0	4.312450E+5
6.080000E-3	0.000000E+0	4.315260E+5
6.100000E-3	0.000000E+0	4.304840E+5
6.120000E-3	0.000000E+0	4.315450E+5
6.140000E-3	0.000000E+0	4.314470E+5
6.160000E-3	0.000000E+0	4.309260E+5
6.180000E-3	0.000000E+0	4.321540E+5
6.200000E-3	0.000000E+0	4.315840E+5
6.220000E-3	0.000000E+0	4.318850E+5
6.240000E-3	0.000000E+0	4.306400E+5
6.260000E-3	0.000000E+0	4.310830E+5
6.280000E-3	0.000000E+0	4.333520E+5
6.300000E-3	0.000000E+0	4.326970E+5
6.320000E-3	0.000000E+0	4.321230E+5
6.340000E-3	0.000000E+0	4.319290E+5
6.360000E-3	0.000000E+0	4.313000E+5
6.380000E-3	0.000000E+0	4.324260E+5
6.400000E-3	0.000000E+0	4.310980E+5
6.420000E-3	0.000000E+0	4.307880E+5
6.440000E-3	0.000000E+0	4.333400E+5
6.460000E-3	0.000000E+0	4.315090E+5
6.480000E-3	0.000000E+0	4.311800E+5
6.500000E-3	0.000000E+0	4.314000E+5
6.520000E-3	0.000000E+0	4.318390E+5
6.540000E-3	0.000000E+0	4.311490E+5
6.560000E-3	0.000000E+0	4.326280E+5
6.580000E-3	0.000000E+0	4.312790E+5
6.600000E-3	0.000000E+0	4.322820E+5
6.620000E-3	0.000000E+0	4.317590E+5
6.640000E-3	0.000000E+0	4.317780E+5
6.660000E-3	0.000000E+0	4.311120E+5
6.680000E-3	0.000000E+0	4.317990E+5
6.700000E-3	0.000000E+0	4.318630E+5
6.720000E-3	0.000000E+0	4.319080E+5
6.740000E-3	0.000000E+0	4.324480E+5
6.760000E-3	0.000000E+0	4.326940E+5
6.780000E-3	0.000000E+0	4.311290E+5
6.800000E-3	0.000000E+0	4.321330E+5
6.820000E-3	0.000000E+0	4.321990E+5
6.840000E-3	0.000000E+0	4.316290E+5
6.860000E-3	0.000000E+0	4.319480E+5
6.880000E-3	0.000000E+0	4.325700E+5
6.900000E-3	0.000000E+0	4.310270E+5
6.920000E-3	0.000000E+0	4.308110E+5
6.940000E-3	0.000000E+0	4.320780E+5
6.960000E-3	0.000000E+0	4.302340E+5
6.980000E-3	0.000000E+0	4.318550E+5
7.000000E-3	0.000000E+0	4.316610E+5
7.020000E-3	0.000000E+0	4.323950E+5
7.040000E-3	0.000000E+0	4.322740E+5
7.060000E-3	0.000000E+0	4.323220E+5
7.080000E-3	0.000000E+0	4.320800E+5
7.100000E-3	0.000000E+0	4.316350E+5
7.120000E-3	0.000000E+0	4.318660E+5
7.140000E-3	0.000000E+0	4.318060E+5
7.160000E-3	0.000000E+0	4.319510E+5
7.180000E-3	0.000000E+0	4.310510E+5
7.200000E-3	0.000000E+0	4.318570E+5
7.220000E-3	0.000000E+0	4.323640E+5
7.240000E-3	0.000000E+0	4.319870E+5
7.260000E-3	0.000000E+0	4.316880E+5
7.280000E-3	0.000000E+0	4.318080E+5
7.300000E-3	0.000000E+0	4.314520E+5
7.320000E-3	0.000000E+0	4.323730E+5
7.340000E-3	0.000000E+0	4.326250E+5
7.360000E-3	0.000000E+0	4.314490E+5
7.380000E-3	0.000000E+0	4.325360E+5
7.400000E-3	0.000000E+0	4.319990E+5
7.420000E-3	0.000000E+0	4.317870E+5
7.440000E-3	0.000000E+0	4.320640E+5
7.460000E-3	0.000000E+0	4.325280E+5
7.480000E-3	0.000000E+0	4.316640E+5
7.500000E-3	0.000000E+0	4.324340E+5
7.520000E-3	0.000000E+0	4.323070E+5
7.540000E-3	0.000000E+0	4.320330E+5
7.560000E-3	0.000000E+0	4.322520E+5
7.580000E-3	0.000000E+0	4.322330E+5
7.600000E-3	0.000000E+0	4.314950E+5
7.620000E-3	0.000000E+0	4.320570E+5
7.640000E-3	0.000000E+0	4.326060E+5
7.660000E-3	0.000000E+0	4.312500E+5
7.680000E-3	0.000000E+0	4.319490E+5
7.700000E-3	0.000000E+0	4.311680E+5
7.720000E-3	0.000000E+0	4.322060E+5
7.740000E-3	0.000000E+0	4.312560E+5
7.760000E-3	0.000000E+0	4.315050E+5
7.780000E-3	0.000000E+0	4.326970E+5
7.800000E-3	0.000000E+0	4.316040E+5
7.820000E-3	0.000000E+0	4.314090E+5
7.840000E-3	0.000000E+0	4.329820E+5
7.860000E-3	0.000000E+0	4.320770E+5
7.880000E-3	0.000000E+0	4.319340E+5
7.900000E-3	0.000000E+0	4.315690E+5
7.920000E-3	0.000000E+0	4.316240E+5
7.940000E-3	0.000000E+0	4.329650E+5
7.960000E-3	0.000000E+0	4.330420E+5
7.980000E-3	0.000000E+0	4.330720E+5
8.000000E-3	0.000000E+0	4.322630E+5
8.020000E-3	0.000000E+0	4.320850E+5
8.040000E-3	0.000000E+0	4.308580E+5
8.060000E-3	0.000000E+0	4.316130E+5
8.080000E-3	0.000000E+0	4.324970E+5
8.100000E-3	0.000000E+0	4.330230E+5
8.120000E-3	0.000000E+0	4.322420E+5
8.140000E-3	0.000000E+0	4.313530E+5
8.160000E-3	0.000000E+0	4.322210E+5
8.180000E-3	0.000000E+0	4.314100E+5
8.200000E-3	0.000000E+0	4.319420E+5
8.220000E-3	0.000000E+0	4.315890E+5
8.240000E-3	0.000000E+0	4.324470E+5
8.260000E-3	0.000000E+0	4.333340E+5
8.280000E-3	0.000000E+0	4.313670E+5
8.300000E-3	0.000000E+0	4.320030E+5
8.320000E-3	0.000000E+0	4.310300E+5
8.340000E-3	0.000000E+0	4.315150E+5
8.360000E-3	0.000000E+0	4.313040E+5
8.380000E-3	0.000000E+0	4.302120E+5
8.400000E-3	0.000000E+0	4.312790E+5
8.420000E-3	0.000000E+0	4.321040E+5
8.440000E-3	0.000000E+0	4.324230E+5
8.460000E-3	0.000000E+0	4.324480E+5
8.480000E-3	0.000000E+0	4.328060E+5
8.500000E-3	0.000000E+0	4.309120E+5
8.520000E-3	0.000000E+0	4.328570E+5
8.540000E-3	0.000000E+0	4.324280E+5
8.560000E-3	0.000000E+0	4.316910E+5
8.580000E-3	0.000000E+0	4.334870E+5
8.600000E-3	0.000000E+0	4.321690E+5
8.620000E-3	0.000000E+0	4.328030E+5
8.640000E-3	0.000000E+0	4.318460E+5
8.660000E-3	0.000000E+0	4.315550E+5
8.680000E-3	0.000000E+0	4.322890E+5
8.700000E-3	0.000000E+0	4.304570E+5
8.720000E-3	0.000000E+0	4.327590E+5
8.740000E-3	0.000000E+0	4.310380E+5
8.760000E-3	0.000000E+0	4.319460E+5
8.780000E-3	0.000000E+0	4.323220E+5
8.800000E-3	0.000000E+0	4.325480E+5
8.820000E-3	0.000000E+0	4.322630E+5
8.840000E-3	0.000000E+0	4.313670E+5
8.860000E-3	0.000000E+0	4.336360E+5
8.880000E-3	0.000000E+0	4.314270E+5
8.900000E-3	0.000000E+0	4.320290E+5
8.920000E-3	0.000000E+0	4.307870E+5
8.940000E-3	0.000000E+0	4.308780E+5
8.960000E-3	0.000000E+0	4.330940E+5
8.980000E-3	0.000000E+0	4.317080E+5
9.000000E-3	0.000000E+0	4.317690E+5
9.020000E-3	0.000000E+0	4.305560E+5
9.040000E-3	0.000000E+0	4.321490E+5
9.060000E-3	0.000000E+0	4.339630E+5
9.080000E-3	0.000000E+0	4.318700E+5
9.100000E-3	0.000000E+0	4.330200E+5
9.120000E-3	0.000000E+0	4.312780E+5
9.140000E-3	0.000000E+0	4.318970E+5
9.160000E-3	0.000000E+0	4.324440E+5
9.180000E-3	0.000000E+0	4.310720E+5
9.200000E-3	0.000000E+0	4.315620E+5
9.220000E-3	0.000000E+0	4.317690E+5
9.240000E-3	0.000000E+0	4.326590E+5
9.260000E-3	0.000000E+0	4.331040E+5
9.280000E-3	0.000000E+0	4.331010E+5
9.300000E-3	0.000000E+0	4.327890E+5
9.320000E-3	0.000000E+0	4.317420E+5
9.340000E-3	0.000000E+0	4.316190E+5
9.360000E-3	0.000000E+0	4.317210E+5
9.380000E-3	0.000000E+0	4.331310E+5
9.400000E-3	0.000000E+0	4.324280E+5
9.420000E-3	0.000000E+0	4.330950E+5
9.440000E-3	0.000000E+0	4.314590E+5
9.460000E-3	0.000000E+0	4.328360E+5
9.480000E-3	0.000000E+0	4.318490E+5
9.500000E-3	0.000000E+0	4.308900E+5
9.520000E-3	0.000000E+0	4.327750E+5
9.540000E-3	0.000000E+0	4.310820E+5
9.560000E-3	0.000000E+0	4.319000E+5
9.580000E-3	0.000000E+0	4.319250E+5
9.600000E-3	0.000000E+0	4.321390E+5
9.620000E-3	0.000000E+0	4.314120E+5
9.640000E-3	0.000000E+0	4.315320E+5
9.660000E-3	0.000000E+0	4.327720E+5
9.680000E-3	0.000000E+0	4.307360E+5
9.700000E-3	0.000000E+0	4.313860E+5
9.720000E-3	0.000000E+0	4.325670E+5
9.740000E-3	0.000000E+0	4.317740E+5
9.760000E-3	0.000000E+0	4.315780E+5
9.780000E-3	0.000000E+0	4.324450E+5
9.800000E-3	0.000000E+0	4.324790E+5
9.820000E-3	0.000000E+0	4.327320E+5
9.840000E-3	0.000000E+0	4.323940E+5
9.860000E-3	0.000000E+0	4.310990E+5
9.880000E-3	0.000000E+0	4.331940E+5
9.900000E-3	0.000000E+0	4.335880E+5
9.920000E-3	0.000000E+0	4.317020E+5
9.940000E-3	0.000000E+0	4.311600E+5
9.960000E-3	0.000000E+0	4.310420E+5
9.980000E-3	0.000000E+0	4.330680E+5
1.000000E-2	0.000000E+0	4.313590E+5
1.002000E-2	0.000000E+0	4.318030E+5
1.004000E-2	0.000000E+0	4.325460E+5
1.006000E-2	0.000000E+0	4.322230E+5
1.008000E-2	0.000000E+0	4.320420E+5
1.010000E-2	0.000000E+0	4.319480E+5
1.012000E-2	0.000000E+0	4.332180E+5
1.014000E-2	0.000000E+0	4.338420E+5
1.016000E-2	0.000000E+0	4.324430E+5
1.018000E-2	0.000000E+0	4.320890E+5
1.020000E-2	0.000000E+0	4.325540E+5
1.022000E-2	0.000000E+0	4.320750E+5
1.024000E-2	0.000000E+0	4.314410E+5
1.026000E-2	0.000000E+0	4.334460E+5
1.028000E-2	0.000000E+0	4.314700E+5
1.030000E-2	0.000000E+0	4.328610E+5
1.032000E-2	0.000000E+0	4.314670E+5
1.034000E-2	0.000000E+0	4.332010E+5
1.036000E-2	0.000000E+0	4.320260E+5
1.038000E-2	0.000000E+0	4.327310E+5
1.040000E-2	0.000000E+0	4.315880E+5
1.042000E-2	0.000000E+0	4.319650E+5
1.044000E-2	0.000000E+0	4.319740E+5
1.046000E-2	0.000000E+0	4.330500E+5
1.048000E-2	0.000000E+0	4.327850E+5
1.050000E-2	0.000000E+0	4.318720E+5
1.052000E-2	0.000000E+0	4.328370E+5
1.054000E-2	0.000000E+0	4.334640E+5
1.056000E-2	0.000000E+0	4.315620E+5
1.058000E-2	0.000000E+0	4.328200E+5
1.060000E-2	0.000000E+0	4.315820E+5
1.062000E-2	0.000000E+0	4.319290E+5
1.064000E-2	0.000000E+0	4.324440E+5
1.066000E-2	0.000000E+0	4.321850E+5
1.068000E-2	0.000000E+0	4.321730E+5
1.070000E-2	0.000000E+0	4.313820E+5
1.072000E-2	0.000000E+0	4.320750E+5
1.074000E-2	0.000000E+0	4.327000E+5
1.076000E-2	0.000000E+0	4.327460E+5
1.078000E-2	0.000000E+0	4.331710E+5
1.080000E-2	0.000000E+0	4.331380E+5
1.082000E-2	0.000000E+0	4.334170E+5
1.084000E-2	0.000000E+0	4.321360E+5
1.086000E-2	0.000000E+0	4.326830E+5
1.088000E-2	0.000000E+0	4.321400E+5
1.090000E-2	0.000000E+0	4.325040E+5
1.092000E-2	0.000000E+0	4.323110E+5
1.094000E-2	0.000000E+0	4.318250E+5
1.096000E-2	0.000000E+0	4.320180E+5
1.098000E-2	0.000000E+0	4.326440E+5
1.100000E-2	0.000000E+0	4.326950E+5
1.102000E-2	0.000000E+0	4.314440E+5
1.104000E-2	0.000000E+0	4.330040E+5
1.106000E-2	0.000000E+0	4.322460E+5
1.108000E-2	0.000000E+0	4.326290E+5
1.110000E-2	0.000000E+0	4.322870E+5
1.112000E-2	0.000000E+0	4.320960E+5
1.114000E-2	0.000000E+0	4.327500E+5
1.116000E-2	0.000000E+0	4.302090E+5
1.118000E-2	0.000000E+0	4.322030E+5
1.120000E-2	0.000000E+0	4.319160E+5
1.122000E-2	0.000000E+0	4.336230E+5
1.124000E-2	0.000000E+0	4.339330E+5
1.126000E-2	0.000000E+0	4.310720E+5
1.128000E-2	0.000000E+0	4.313350E+5
1.130000E-2	0.000000E+0	4.321330E+5
1.132000E-2	0.000000E+0	4.332810E+5
1.134000E-2	0.000000E+0	4.313130E+5
1.136000E-2	0.000000E+0	4.331720E+5
1.138000E-2	0.000000E+0	4.317890E+5
1.140000E-2	0.000000E+0	4.334830E+5
1.142000E-2	0.000000E+0	4.317640E+5
1.144000E-2	0.000000E+0	4.335060E+5
1.146000E-2	0.000000E+0	4.318880E+5
1.148000E-2	0.000000E+0	4.318200E+5
1.150000E-2	0.000000E+0	4.316610E+5
1.152000E-2	0.000000E+0	4.316490E+5
1.154000E-2	0.000000E+0	4.317270E+5
1.156000E-2	0.000000E+0	4.326600E+5
1.158000E-2	0.000000E+0	4.316570E+5
1.160000E-2	0.000000E+0	4.321100E+5
1.162000E-2	0.000000E+0	4.321150E+5
1.164000E-2	0.000000E+0	4.335010E+5
1.166000E-2	0.000000E+0	4.342180E+5
1.168000E-2	0.000000E+0	4.331480E+5
1.170000E-2	0.000000E+0	4.336620E+5
1.172000E-2	0.000000E+0	4.330020E+5
1.174000E-2	0.000000E+0	4.322990E+5
1.176000E-2	0.000000E+0	4.322840E+5
1.178000E-2	0.000000E+0	4.315120E+5
1.180000E-2	0.000000E+0	4.326330E+5
1.182000E-2	0.000000E+0	4.326560E+5
1.184000E-2	0.000000E+0	4.328240E+5
1.186000E-2	0.000000E+0	4.317180E+5
1.188000E-2	0.000000E+0	4.316720E+5
1.190000E-2	0.000000E+0	4.312570E+5
1.192000E-2	0.000000E+0	4.316840E+5
1.194000E-2	0.000000E+0	4.336570E+5
1.196000E-2	0.000000E+0	4.322630E+5
1.198000E-2	0.000000E+0	4.326030E+5
1.200000E-2	0.000000E+0	4.318590E+5
1.202000E-2	0.000000E+0	4.324160E+5
1.204000E-2	0.000000E+0	4.320050E+5
1.206000E-2	0.000000E+0	4.322610E+5
1.208000E-2	0.000000E+0	4.331720E+5
1.210000E-2	0.000000E+0	4.329400E+5
1.212000E-2	0.000000E+0	4.325420E+5
1.214000E-2	0.000000E+0	4.311790E+5
1.216000E-2	0.000000E+0	4.316200E+5
1.218000E-2	0.000000E+0	4.323090E+5
1.220000E-2	0.000000E+0	4.311950E+5
1.222000E-2	0.000000E+0	4.326090E+5
1.224000E-2	0.000000E+0	4.323680E+5
1.226000E-2	0.000000E+0	4.318780E+5
1.228000E-2	0.000000E+0	4.324390E+5
1.230000E-2	0.000000E+0	4.326830E+5
1.232000E-2	0.000000E+0	4.328610E+5
1.234000E-2	0.000000E+0	4.327720E+5
1.236000E-2	0.000000E+0	4.322410E+5
1.238000E-2	0.000000E+0	4.332860E+5
1.240000E-2	0.000000E+0	4.329620E+5
1.242000E-2	0.000000E+0	4.326390E+5
1.244000E-2	0.000000E+0	4.330060E+5
1.246000E-2	0.000000E+0	4.316620E+5
1.248000E-2	0.000000E+0	4.324370E+5
1.250000E-2	0.000000E+0	4.319120E+5
1.252000E-2	0.000000E+0	4.337260E+5
1.254000E-2	0.000000E+0	4.326600E+5
1.256000E-2	0.000000E+0	4.318770E+5
1.258000E-2	0.000000E+0	4.333520E+5
1.260000E-2	0.000000E+0	4.331310E+5
1.262000E-2	0.000000E+0	4.312390E+5
1.264000E-2	0.000000E+0	4.316850E+5
1.266000E-2	0.000000E+0	4.339910E+5
1.268000E-2	0.000000E+0	4.325280E+5
1.270000E-2	0.000000E+0	4.317750E+5
1.272000E-2	0.000000E+0	4.333090E+5
1.274000E-2	0.000000E+0	4.320660E+5
1.276000E-2	0.000000E+0	4.324500E+5
1.278000E-2	0.000000E+0	4.318300E+5
1.280000E-2	0.000000E+0	4.316270E+5
1.282000E-2	0.000000E+0	4.316100E+5
1.284000E-2	0.000000E+0	4.323790E+5
1.286000E-2	0.000000E+0	4.329000E+5
1.288000E-2	0.000000E+0	4.332890E+5
1.290000E-2	0.000000E+0	4.320560E+5
1.292000E-2	0.000000E+0	4.321090E+5
1.294000E-2	0.000000E+0	4.311320E+5
1.296000E-2	0.000000E+0	4.319640E+5
1.298000E-2	0.000000E+0	4.323690E+5
1.300000E-2	0.000000E+0	4.322210E+5
1.302000E-2	0.000000E+0	4.329320E+5
1.304000E-2	0.000000E+0	4.326190E+5
1.306000E-2	0.000000E+0	4.316610E+5
1.308000E-2	0.000000E+0	4.336480E+5
1.310000E-2	0.000000E+0	4.327380E+5
1.312000E-2	0.000000E+0	4.326750E+5
1.314000E-2	0.000000E+0	4.334380E+5
1.316000E-2	0.000000E+0	4.324360E+5
1.318000E-2	0.000000E+0	4.322030E+5
1.320000E-2	0.000000E+0	4.324840E+5
1.322000E-2	0.000000E+0	4.328680E+5
1.324000E-2	0.000000E+0	4.313130E+5
1.326000E-2	0.000000E+0	4.327740E+5
1.328000E-2	0.000000E+0	4.329980E+5
1.330000E-2	0.000000E+0	4.312670E+5
1.332000E-2	0.000000E+0	4.319770E+5
1.334000E-2	0.000000E+0	4.317390E+5
1.336000E-2	0.000000E+0	4.324690E+5
1.338000E-2	0.000000E+0	4.328710E+5
1.340000E-2	0.000000E+0	4.313420E+5
1.342000E-2	0.000000E+0	4.312760E+5
1.344000E-2	0.000000E+0	4.317660E+5
1.346000E-2	0.000000E+0	4.316200E+5
1.348000E-2	0.000000E+0	4.329230E+5
1.350000E-2	0.000000E+0	4.324970E+5
1.352000E-2	0.000000E+0	4.330860E+5
1.354000E-2	0.000000E+0	4.326050E+5
1.356000E-2	0.000000E+0	4.327980E+5
1.358000E-2	0.000000E+0	4.323840E+5
1.360000E-2	0.000000E+0	4.319790E+5
1.362000E-2	0.000000E+0	4.326680E+5
1.364000E-2	0.000000E+0	4.310980E+5
1.366000E-2	0.000000E+0	4.321990E+5
1.368000E-2	0.000000E+0	4.328770E+5
1.370000E-2	0.000000E+0	4.332200E+5
1.372000E-2	0.000000E+0	4.318800E+5
1.374000E-2	0.000000E+0	4.323600E+5
1.376000E-2	0.000000E+0	4.318300E+5
1.378000E-2	0.000000E+0	4.315580E+5
1.380000E-2	0.000000E+0	4.323940E+5
1.382000E-2	0.000000E+0	4.313790E+5
1.384000E-2	0.000000E+0	4.316400E+5
1.386000E-2	0.000000E+0	4.326660E+5
1.388000E-2	0.000000E+0	4.324950E+5
1.390000E-2	0.000000E+0	4.331360E+5
1.392000E-2	0.000000E+0	4.330150E+5
1.394000E-2	0.000000E+0	4.326690E+5
1.396000E-2	0.000000E+0	4.325810E+5
1.398000E-2	0.000000E+0	4.334250E+5
1.400000E-2	0.000000E+0	4.333420E+5
1.402000E-2	0.000000E+0	4.315810E+5
1.404000E-2	0.000000E+0	4.336090E+5
1.406000E-2	0.000000E+0	4.320220E+5
1.408000E-2	0.000000E+0	4.316570E+5
1.410000E-2	0.000000E+0	4.322740E+5
1.412000E-2	0.000000E+0	4.322180E+5
1.414000E-2	0.000000E+0	4.317180E+5
1.416000E-2	0.000000E+0	4.315070E+5
1.418000E-2	0.000000E+0	4.318950E+5
1.420000E-2	0.000000E+0	4.324250E+5
1.422000E-2	0.000000E+0	4.324250E+5
1.424000E-2	0.000000E+0	4.310060E+5
1.426000E-2	0.000000E+0	4.306360E+5
1.428000E-2	0.000000E+0	4.317130E+5
1.430000E-2	0.000000E+0	4.318890E+5
1.432000E-2	0.000000E+0	4.320830E+5
1.434000E-2	0.000000E+0	4.318930E+5
1.436000E-2	0.000000E+0	4.326380E+5
1.438000E-2	0.000000E+0	4.322920E+5
1.440000E-2	0.000000E+0	4.336380E+5
1.442000E-2	0.000000E+0	4.321990E+5
1.444000E-2	0.000000E+0	4.310940E+5
1.446000E-2	0.000000E+0	4.326240E+5
1.448000E-2	0.000000E+0	4.326290E+5
1.450000E-2	0.000000E+0	4.321020E+5
1.452000E-2	0.000000E+0	4.328870E+5
1.454000E-2	0.000000E+0	4.320860E+5
1.456000E-2	0.000000E+0	4.330140E+5
1.458000E-2	0.000000E+0	4.311720E+5
1.460000E-2	0.000000E+0	4.328250E+5
1.462000E-2	0.000000E+0	4.304960E+5
1.464000E-2	0.000000E+0	4.326660E+5
1.466000E-2	0.000000E+0	4.322120E+5
1.468000E-2	0.000000E+0	4.332430E+5
1.470000E-2	0.000000E+0	4.319520E+5
1.472000E-2	0.000000E+0	4.318220E+5
1.474000E-2	0.000000E+0	4.322340E+5
1.476000E-2	0.000000E+0	4.334120E+5
1.478000E-2	0.000000E+0	4.329170E+5
1.480000E-2	0.000000E+0	4.314580E+5
1.482000E-2	0.000000E+0	4.309780E+5
1.484000E-2	0.000000E+0	4.330920E+5
1.486000E-2	0.000000E+0	4.316090E+5
1.488000E-2	0.000000E+0	4.314870E+5
1.490000E-2	0.000000E+0	4.306570E+5
1.492000E-2	0.000000E+0	4.302080E+5
1.494000E-2	0.000000E+0	4.276000E+5
1.496000E-2	0.000000E+0	4.266700E+5
1.498000E-2	0.000000E+0	4.272850E+5
1.500000E-2	0.000000E+0	4.261740E+5
1.502000E-2	0.000000E+0	4.258880E+5
1.504000E-2	0.000000E+0	4.241430E+5
1.506000E-2	0.000000E+0	4.236680E+5
1.508000E-2	0.000000E+0	4.227240E+5
1.510000E-2	0.000000E+0	4.211180E+5
1.512000E-2	0.000000E+0	4.207600E+5
1.514000E-2	0.000000E+0	4.211680E+5
1.516000E-2	0.000000E+0	4.210340E+5
1.518000E-2	0.000000E+0	4.223700E+5
1.520000E-2	0.000000E+0	4.240250E+5
1.522000E-2	0.000000E+0	4.251650E+5
1.524000E-2	0.000000E+0	4.278300E+5
1.526000E-2	0.000000E+0	4.280510E+5
1.528000E-2	0.000000E+0	4.297950E+5
1.530000E-2	0.000000E+0	4.288900E+5
1.532000E-2	0.000000E+0	4.303430E+5
1.534000E-2	0.000000E+0	4.311320E+5
1.536000E-2	0.000000E+0	4.309300E+5
1.538000E-2	0.000000E+0	4.321100E+5
1.540000E-2	0.000000E+0	4.316760E+5
1.542000E-2	0.000000E+0	4.316620E+5
1.544000E-2	0.000000E+0	4.309300E+5
1.546000E-2	0.000000E+0	4.312190E+5
1.548000E-2	0.000000E+0	4.311170E+5
1.550000E-2	0.000000E+0	4.306620E+5
1.552000E-2	0.000000E+0	4.317930E+5
1.554000E-2	0.000000E+0	4.303420E+5
1.556000E-2	0.000000E+0	4.289310E+5
1.558000E-2	0.000000E+0	4.274200E+5
1.560000E-2	0.000000E+0	4.277110E+5
1.562000E-2	0.000000E+0	4.263740E+5
1.564000E-2	0.000000E+0	4.256980E+5
1.566000E-2	0.000000E+0	4.250560E+5
1.568000E-2	0.000000E+0	4.244340E+5
1.570000E-2	0.000000E+0	4.238420E+5
1.572000E-2	0.000000E+0	4.219530E+5
1.574000E-2	0.000000E+0	4.214100E+5
1.576000E-2	0.000000E+0	4.218350E+5
1.578000E-2	0.000000E+0	4.193130E+5
1.580000E-2	0.000000E+0	4.209400E+5
1.582000E-2	0.000000E+0	4.221420E+5
1.584000E-2	0.000000E+0	4.230510E+5
1.586000E-2	0.000000E+0	4.245780E+5
1.588000E-2	0.000000E+0	4.265140E+5
1.590000E-2	0.000000E+0	4.272820E+5
1.592000E-2	0.000000E+0	4.283880E+5
1.594000E-2	0.000000E+0	4.286020E+5
1.596000E-2	0.000000E+0	4.301800E+5
1.598000E-2	0.000000E+0	4.314530E+5
1.600000E-2	0.000000E+0	4.327070E+5
1.602000E-2	0.000000E+0	4.316050E+5
1.604000E-2	0.000000E+0	4.311990E+5
1.606000E-2	0.000000E+0	4.318860E+5
1.608000E-2	0.000000E+0	4.316890E+5
1.610000E-2	0.000000E+0	4.328200E+5
1.612000E-2	0.000000E+0	4.326640E+5
1.614000E-2	0.000000E+0	4.319070E+5
1.616000E-2	0.000000E+0	4.330810E+5
1.618000E-2	0.000000E+0	4.322050E+5
1.620000E-2	0.000000E+0	4.319780E+5
1.622000E-2	0.000000E+0	4.318560E+5
1.624000E-2	0.000000E+0	4.319570E+5
1.626000E-2	0.000000E+0	4.320010E+5
1.628000E-2	0.000000E+0	4.333370E+5
1.630000E-2	0.000000E+0	4.320450E+5
1.632000E-2	0.000000E+0	4.331130E+5
1.634000E-2	0.000000E+0	4.328430E+5
1.636000E-2	0.000000E+0	4.329070E+5
1.638000E-2	0.000000E+0	4.325640E+5
1.640000E-2	0.000000E+0	4.326770E+5
1.642000E-2	0.000000E+0	4.322780E+5
1.644000E-2	0.000000E+0	4.315080E+5
1.646000E-2	0.000000E+0	4.322600E+5
1.648000E-2	0.000000E+0	4.313060E+5
1.650000E-2	0.000000E+0	4.320470E+5
1.652000E-2	0.000000E+0	4.331080E+5
1.654000E-2	0.000000E+0	4.321250E+5
1.656000E-2	0.000000E+0	4.315210E+5
1.658000E-2	0.000000E+0	4.323590E+5
1.660000E-2	0.000000E+0	4.324750E+5
1.662000E-2	0.000000E+0	4.318480E+5
1.664000E-2	0.000000E+0	4.321170E+5
1.666000E-2	0.000000E+0	4.321760E+5
1.668000E-2	0.000000E+0	4.317210E+5
1.670000E-2	0.000000E+0	4.321490E+5
1.672000E-2	0.000000E+0	4.323890E+5
1.674000E-2	0.000000E+0	4.317560E+5
1.676000E-2	0.000000E+0	4.310510E+5
1.678000E-2	0.000000E+0	4.308810E+5
1.680000E-2	0.000000E+0	4.319300E+5
1.682000E-2	0.000000E+0	4.319810E+5
1.684000E-2	0.000000E+0	4.327790E+5
1.686000E-2	0.000000E+0	4.335960E+5
1.688000E-2	0.000000E+0	4.325630E+5
1.690000E-2	0.000000E+0	4.323520E+5
1.692000E-2	0.000000E+0	4.324050E+5
1.694000E-2	0.000000E+0	4.322310E+5
1.696000E-2	0.000000E+0	4.313220E+5
1.698000E-2	0.000000E+0	4.317110E+5
1.700000E-2	0.000000E+0	4.327960E+5
1.702000E-2	0.000000E+0	4.327140E+5
1.704000E-2	0.000000E+0	4.327390E+5
1.706000E-2	0.000000E+0	4.335060E+5
1.708000E-2	0.000000E+0	4.324990E+5
1.710000E-2	0.000000E+0	4.327910E+5
1.712000E-2	0.000000E+0	4.319160E+5
1.714000E-2	0.000000E+0	4.318210E+5
1.716000E-2	0.000000E+0	4.328600E+5
1.718000E-2	0.000000E+0	4.322160E+5
1.720000E-2	0.000000E+0	4.330010E+5
1.722000E-2	0.000000E+0	4.332260E+5
1.724000E-2	0.000000E+0	4.316700E+5
1.726000E-2	0.000000E+0	4.321980E+5
1.728000E-2	0.000000E+0	4.320570E+5
1.730000E-2	0.000000E+0	4.319970E+5
1.732000E-2	0.000000E+0	4.317400E+5
1.734000E-2	0.000000E+0	4.324130E+5
1.736000E-2	0.000000E+0	4.338580E+5
1.738000E-2	0.000000E+0	4.333210E+5
1.740000E-2	0.000000E+0	4.328710E+5
1.742000E-2	0.000000E+0	4.314420E+5
1.744000E-2	0.000000E+0	4.324640E+5
1.746000E-2	0.000000E+0	4.329880E+5
1.748000E-2	0.000000E+0	4.320320E+5
1.750000E-2	0.000000E+0	4.323110E+5
1.752000E-2	0.000000E+0	4.330500E+5
1.754000E-2	0.000000E+0	4.317590E+5
1.756000E-2	0.000000E+0	4.315470E+5
1.758000E-2	0.000000E+0	4.325000E+5
1.760000E-2	0.000000E+0	4.324330E+5
1.762000E-2	0.000000E+0	4.323770E+5
1.764000E-2	0.000000E+0	4.328990E+5
1.766000E-2	0.000000E+0	4.322660E+5
1.768000E-2	0.000000E+0	4.325210E+5
1.770000E-2	0.000000E+0	4.322280E+5
1.772000E-2	0.000000E+0	4.331750E+5
1.774000E-2	0.000000E+0	4.322560E+5
1.776000E-2	0.000000E+0	4.317510E+5
1.778000E-2	0.000000E+0	4.329520E+5
1.780000E-2	0.000000E+0	4.316040E+5
1.782000E-2	0.000000E+0	4.324210E+5
1.784000E-2	0.000000E+0	4.318100E+5
1.786000E-2	0.000000E+0	4.319400E+5
1.788000E-2	0.000000E+0	4.322760E+5
1.790000E-2	0.000000E+0	4.330140E+5
1.792000E-2	0.000000E+0	4.315890E+5
1.794000E-2	0.000000E+0	4.324540E+5
1.796000E-2	0.000000E+0	4.326740E+5
1.798000E-2	0.000000E+0	4.332720E+5
1.800000E-2	0.000000E+0	4.314760E+5
1.802000E-2	0.000000E+0	4.319800E+5
1.804000E-2	0.000000E+0	4.311600E+5
1.806000E-2	0.000000E+0	4.321350E+5
1.808000E-2	0.000000E+0	4.322690E+5
1.810000E-2	0.000000E+0	4.326320E+5
1.812000E-2	0.000000E+0	4.329520E+5
1.814000E-2	0.000000E+0	4.332110E+5
1.816000E-2	0.000000E+0	4.329660E+5
1.818000E-2	0.000000E+0	4.319990E+5
1.820000E-2	0.000000E+0	4.331310E+5
1.822000E-2	0.000000E+0	4.319490E+5
1.824000E-2	0.000000E+0	4.322690E+5
1.826000E-2	0.000000E+0	4.329990E+5
1.828000E-2	0.000000E+0	4.323190E+5
1.830000E-2	0.000000E+0	4.313150E+5
1.832000E-2	0.000000E+0	4.326410E+5
1.834000E-2	0.000000E+0	4.320810E+5
1.836000E-2	0.000000E+0	4.334320E+5
1.838000E-2	0.000000E+0	4.317940E+5
1.840000E-2	0.000000E+0	4.319590E+5
1.842000E-2	0.000000E+0	4.320250E+5
1.844000E-2	0.000000E+0	4.315860E+5
1.846000E-2	0.000000E+0	4.308640E+5
1.848000E-2	0.000000E+0	4.332090E+5
1.850000E-2	0.000000E+0	4.327340E+5
1.852000E-2	0.000000E+0	4.331920E+5
1.854000E-2	0.000000E+0	4.337930E+5
1.856000E-2	0.000000E+0	4.317260E+5
1.858000E-2	0.000000E+0	4.320310E+5
1.860000E-2	0.000000E+0	4.326180E+5
1.862000E-2	0.000000E+0	4.318470E+5
1.864000E-2	0.000000E+0	4.314180E+5
1.866000E-2	0.000000E+0	4.326200E+5
1.868000E-2	0.000000E+0	4.315990E+5
1.870000E-2	0.000000E+0	4.322980E+5
1.872000E-2	0.000000E+0	4.327390E+5
1.874000E-2	0.000000E+0	4.308630E+5
1.876000E-2	0.000000E+0	4.319020E+5
1.878000E-2	0.000000E+0	4.320500E+5
1.880000E-2	0.000000E+0	4.321200E+5
1.882000E-2	0.000000E+0	4.322570E+5
1.884000E-2	0.000000E+0	4.329450E+5
1.886000E-2	0.000000E+0	4.327970E+5
1.888000E-2	0.000000E+0	4.314030E+5
1.890000E-2	0.000000E+0	4.319350E+5
1.892000E-2	0.000000E+0	4.333240E+5
1.894000E-2	0.000000E+0	4.325310E+5
1.896000E-2	0.000000E+0	4.323260E+5
1.898000E-2	0.000000E+0	4.323560E+5
1.900000E-2	0.000000E+0	4.315390E+5
1.902000E-2	0.000000E+0	4.315630E+5
1.904000E-2	0.000000E+0	4.327930E+5
1.906000E-2	0.000000E+0	4.324920E+5
1.908000E-2	0.000000E+0	4.322030E+5
1.910000E-2	0.000000E+0	4.313710E+5
1.912000E-2	0.000000E+0	4.317470E+5
1.914000E-2	0.000000E+0	4.321320E+5
1.916000E-2	0.000000E+0	4.315730E+5
1.918000E-2	0.000000E+0	4.314370E+5
1.920000E-2	0.000000E+0	4.325760E+5
1.922000E-2	0.000000E+0	4.321450E+5
1.924000E-2	0.000000E+0	4.320100E+5
1.926000E-2	0.000000E+0	4.331570E+5
1.928000E-2	0.000000E+0	4.333060E+5
1.930000E-2	0.000000E+0	4.323850E+5
1.932000E-2	0.000000E+0	4.320670E+5
1.934000E-2	0.000000E+0	4.324430E+5
1.936000E-2	0.000000E+0	4.316600E+5
1.938000E-2	0.000000E+0	4.326850E+5
1.940000E-2	0.000000E+0	4.311980E+5
1.942000E-2	0.000000E+0	4.336810E+5
1.944000E-2	0.000000E+0	4.327660E+5
1.946000E-2	0.000000E+0	4.316960E+5
1.948000E-2	0.000000E+0	4.328360E+5
1.950000E-2	0.000000E+0	4.324580E+5
1.952000E-2	0.000000E+0	4.331700E+5
1.954000E-2	0.000000E+0	4.325710E+5
1.956000E-2	0.000000E+0	4.330880E+5
1.958000E-2	0.000000E+0	4.322770E+5
1.960000E-2	0.000000E+0	4.323630E+5
1.962000E-2	0.000000E+0	4.315720E+5
1.964000E-2	0.000000E+0	4.328910E+5
1.966000E-2	0.000000E+0	4.327810E+5
1.968000E-2	0.000000E+0	4.320830E+5
1.970000E-2	0.000000E+0	4.319900E+5
1.972000E-2	0.000000E+0	4.327250E+5
1.974000E-2	0.000000E+0	4.327310E+5
1.976000E-2	0.000000E+0	4.312290E+5
1.978000E-2	0.000000E+0	4.317840E+5
1.980000E-2	0.000000E+0	4.330000E+5
1.982000E-2	0.000000E+0	4.318980E+5
1.984000E-2	0.000000E+0	4.326520E+5
1.986000E-2	0.000000E+0	4.316850E+5
1.988000E-2	0.000000E+0	4.312130E+5
1.990000E-2	0.000000E+0	4.325180E+5
1.992000E-2	0.000000E+0	4.316110E+5
1.994000E-2	0.000000E+0	4.334320E+5
1.996000E-2	0.000000E+0	4.314710E+5
1.998000E-2	0.000000E+0	4.326410E+5
