

live time:  280368.800000
real time:  392409.279000
sweeps:  14018440.000000
0.000000E+0	0.000000E+0	0.000000E+0
2.000000E-5	0.000000E+0	6.131700E+5
4.000000E-5	0.000000E+0	6.140920E+5
6.000000E-5	0.000000E+0	6.131100E+5
8.000000E-5	0.000000E+0	6.151360E+5
1.000000E-4	0.000000E+0	6.127440E+5
1.200000E-4	0.000000E+0	6.142870E+5
1.400000E-4	0.000000E+0	6.136180E+5
1.600000E-4	0.000000E+0	6.148350E+5
1.800000E-4	0.000000E+0	6.140140E+5
2.000000E-4	0.000000E+0	6.137190E+5
2.200000E-4	0.000000E+0	6.142330E+5
2.400000E-4	0.000000E+0	6.125750E+5
2.600000E-4	0.000000E+0	6.130870E+5
2.800000E-4	0.000000E+0	6.127950E+5
3.000000E-4	0.000000E+0	6.150640E+5
3.200000E-4	0.000000E+0	6.136660E+5
3.400000E-4	0.000000E+0	6.128200E+5
3.600000E-4	0.000000E+0	6.142850E+5
3.800000E-4	0.000000E+0	6.124800E+5
4.000000E-4	0.000000E+0	6.124530E+5
4.200000E-4	0.000000E+0	6.134750E+5
4.400000E-4	0.000000E+0	6.135750E+5
4.600000E-4	0.000000E+0	6.147280E+5
4.800000E-4	0.000000E+0	6.128540E+5
5.000000E-4	0.000000E+0	6.134720E+5
5.200000E-4	0.000000E+0	6.140090E+5
5.400000E-4	0.000000E+0	6.127230E+5
5.600000E-4	0.000000E+0	6.125410E+5
5.800000E-4	0.000000E+0	6.139720E+5
6.000000E-4	0.000000E+0	6.143500E+5
6.200000E-4	0.000000E+0	6.127940E+5
6.400000E-4	0.000000E+0	6.139430E+5
6.600000E-4	0.000000E+0	6.124380E+5
6.800000E-4	0.000000E+0	6.124140E+5
7.000000E-4	0.000000E+0	6.137850E+5
7.200000E-4	0.000000E+0	6.142440E+5
7.400000E-4	0.000000E+0	6.128910E+5
7.600000E-4	0.000000E+0	6.131720E+5
7.800000E-4	0.000000E+0	6.126020E+5
8.000000E-4	0.000000E+0	6.138220E+5
8.200000E-4	0.000000E+0	6.125740E+5
8.400000E-4	0.000000E+0	6.128420E+5
8.600000E-4	0.000000E+0	6.138580E+5
8.800000E-4	0.000000E+0	6.118210E+5
9.000000E-4	0.000000E+0	6.145340E+5
9.200000E-4	0.000000E+0	6.126740E+5
9.400000E-4	0.000000E+0	6.138470E+5
9.600000E-4	0.000000E+0	6.124140E+5
9.800000E-4	0.000000E+0	6.143080E+5
1.000000E-3	0.000000E+0	6.136220E+5
1.020000E-3	0.000000E+0	6.134650E+5
1.040000E-3	0.000000E+0	6.129830E+5
1.060000E-3	0.000000E+0	6.132000E+5
1.080000E-3	0.000000E+0	6.131090E+5
1.100000E-3	0.000000E+0	6.133290E+5
1.120000E-3	0.000000E+0	6.140120E+5
1.140000E-3	0.000000E+0	6.121100E+5
1.160000E-3	0.000000E+0	6.131420E+5
1.180000E-3	0.000000E+0	6.125100E+5
1.200000E-3	0.000000E+0	6.141770E+5
1.220000E-3	0.000000E+0	6.143240E+5
1.240000E-3	0.000000E+0	6.137760E+5
1.260000E-3	0.000000E+0	6.137640E+5
1.280000E-3	0.000000E+0	6.136000E+5
1.300000E-3	0.000000E+0	6.122320E+5
1.320000E-3	0.000000E+0	6.147560E+5
1.340000E-3	0.000000E+0	6.130040E+5
1.360000E-3	0.000000E+0	6.122370E+5
1.380000E-3	0.000000E+0	6.142900E+5
1.400000E-3	0.000000E+0	6.136650E+5
1.420000E-3	0.000000E+0	6.138140E+5
1.440000E-3	0.000000E+0	6.130890E+5
1.460000E-3	0.000000E+0	6.121670E+5
1.480000E-3	0.000000E+0	6.137940E+5
1.500000E-3	0.000000E+0	6.133160E+5
1.520000E-3	0.000000E+0	6.123650E+5
1.540000E-3	0.000000E+0	6.139080E+5
1.560000E-3	0.000000E+0	6.128460E+5
1.580000E-3	0.000000E+0	6.142530E+5
1.600000E-3	0.000000E+0	6.129590E+5
1.620000E-3	0.000000E+0	6.126270E+5
1.640000E-3	0.000000E+0	6.121740E+5
1.660000E-3	0.000000E+0	6.134970E+5
1.680000E-3	0.000000E+0	6.138780E+5
1.700000E-3	0.000000E+0	6.121650E+5
1.720000E-3	0.000000E+0	6.138740E+5
1.740000E-3	0.000000E+0	6.144730E+5
1.760000E-3	0.000000E+0	6.127270E+5
1.780000E-3	0.000000E+0	6.147540E+5
1.800000E-3	0.000000E+0	6.144430E+5
1.820000E-3	0.000000E+0	6.125690E+5
1.840000E-3	0.000000E+0	6.121180E+5
1.860000E-3	0.000000E+0	6.130040E+5
1.880000E-3	0.000000E+0	6.134310E+5
1.900000E-3	0.000000E+0	6.125410E+5
1.920000E-3	0.000000E+0	6.132680E+5
1.940000E-3	0.000000E+0	6.132200E+5
1.960000E-3	0.000000E+0	6.136860E+5
1.980000E-3	0.000000E+0	6.140710E+5
2.000000E-3	0.000000E+0	6.127390E+5
2.020000E-3	0.000000E+0	6.129940E+5
2.040000E-3	0.000000E+0	6.128220E+5
2.060000E-3	0.000000E+0	6.145880E+5
2.080000E-3	0.000000E+0	6.150190E+5
2.100000E-3	0.000000E+0	6.141860E+5
2.120000E-3	0.000000E+0	6.137220E+5
2.140000E-3	0.000000E+0	6.119260E+5
2.160000E-3	0.000000E+0	6.125070E+5
2.180000E-3	0.000000E+0	6.132230E+5
2.200000E-3	0.000000E+0	6.143790E+5
2.220000E-3	0.000000E+0	6.141650E+5
2.240000E-3	0.000000E+0	6.132610E+5
2.260000E-3	0.000000E+0	6.136330E+5
2.280000E-3	0.000000E+0	6.134920E+5
2.300000E-3	0.000000E+0	6.143060E+5
2.320000E-3	0.000000E+0	6.132370E+5
2.340000E-3	0.000000E+0	6.134940E+5
2.360000E-3	0.000000E+0	6.136950E+5
2.380000E-3	0.000000E+0	6.152640E+5
2.400000E-3	0.000000E+0	6.116990E+5
2.420000E-3	0.000000E+0	6.131340E+5
2.440000E-3	0.000000E+0	6.130670E+5
2.460000E-3	0.000000E+0	6.139370E+5
2.480000E-3	0.000000E+0	6.150330E+5
2.500000E-3	0.000000E+0	6.133110E+5
2.520000E-3	0.000000E+0	6.132850E+5
2.540000E-3	0.000000E+0	6.124930E+5
2.560000E-3	0.000000E+0	6.135890E+5
2.580000E-3	0.000000E+0	6.129740E+5
2.600000E-3	0.000000E+0	6.148420E+5
2.620000E-3	0.000000E+0	6.136000E+5
2.640000E-3	0.000000E+0	6.114190E+5
2.660000E-3	0.000000E+0	6.147530E+5
2.680000E-3	0.000000E+0	6.132460E+5
2.700000E-3	0.000000E+0	6.138830E+5
2.720000E-3	0.000000E+0	6.116380E+5
2.740000E-3	0.000000E+0	6.128540E+5
2.760000E-3	0.000000E+0	6.130390E+5
2.780000E-3	0.000000E+0	6.134010E+5
2.800000E-3	0.000000E+0	6.139860E+5
2.820000E-3	0.000000E+0	6.124740E+5
2.840000E-3	0.000000E+0	6.121590E+5
2.860000E-3	0.000000E+0	6.138680E+5
2.880000E-3	0.000000E+0	6.134590E+5
2.900000E-3	0.000000E+0	6.127900E+5
2.920000E-3	0.000000E+0	6.122450E+5
2.940000E-3	0.000000E+0	6.136520E+5
2.960000E-3	0.000000E+0	6.137020E+5
2.980000E-3	0.000000E+0	6.134570E+5
3.000000E-3	0.000000E+0	6.131450E+5
3.020000E-3	0.000000E+0	6.137790E+5
3.040000E-3	0.000000E+0	6.142470E+5
3.060000E-3	0.000000E+0	6.149200E+5
3.080000E-3	0.000000E+0	6.128860E+5
3.100000E-3	0.000000E+0	6.129740E+5
3.120000E-3	0.000000E+0	6.138350E+5
3.140000E-3	0.000000E+0	6.141760E+5
3.160000E-3	0.000000E+0	6.121480E+5
3.180000E-3	0.000000E+0	6.137810E+5
3.200000E-3	0.000000E+0	6.133950E+5
3.220000E-3	0.000000E+0	6.138510E+5
3.240000E-3	0.000000E+0	6.142980E+5
3.260000E-3	0.000000E+0	6.139250E+5
3.280000E-3	0.000000E+0	6.132320E+5
3.300000E-3	0.000000E+0	6.129880E+5
3.320000E-3	0.000000E+0	6.137160E+5
3.340000E-3	0.000000E+0	6.122930E+5
3.360000E-3	0.000000E+0	6.131220E+5
3.380000E-3	0.000000E+0	6.117120E+5
3.400000E-3	0.000000E+0	6.127770E+5
3.420000E-3	0.000000E+0	6.150860E+5
3.440000E-3	0.000000E+0	6.128370E+5
3.460000E-3	0.000000E+0	6.136610E+5
3.480000E-3	0.000000E+0	6.126710E+5
3.500000E-3	0.000000E+0	6.134540E+5
3.520000E-3	0.000000E+0	6.123060E+5
3.540000E-3	0.000000E+0	6.132620E+5
3.560000E-3	0.000000E+0	6.130310E+5
3.580000E-3	0.000000E+0	6.127510E+5
3.600000E-3	0.000000E+0	6.129390E+5
3.620000E-3	0.000000E+0	6.108140E+5
3.640000E-3	0.000000E+0	6.145070E+5
3.660000E-3	0.000000E+0	6.129700E+5
3.680000E-3	0.000000E+0	6.132630E+5
3.700000E-3	0.000000E+0	6.126140E+5
3.720000E-3	0.000000E+0	6.126600E+5
3.740000E-3	0.000000E+0	6.131610E+5
3.760000E-3	0.000000E+0	6.129860E+5
3.780000E-3	0.000000E+0	6.124260E+5
3.800000E-3	0.000000E+0	6.121760E+5
3.820000E-3	0.000000E+0	6.128860E+5
3.840000E-3	0.000000E+0	6.131600E+5
3.860000E-3	0.000000E+0	6.128290E+5
3.880000E-3	0.000000E+0	6.120020E+5
3.900000E-3	0.000000E+0	6.133020E+5
3.920000E-3	0.000000E+0	6.148840E+5
3.940000E-3	0.000000E+0	6.137590E+5
3.960000E-3	0.000000E+0	6.139990E+5
3.980000E-3	0.000000E+0	6.134340E+5
4.000000E-3	0.000000E+0	6.127810E+5
4.020000E-3	0.000000E+0	6.143720E+5
4.040000E-3	0.000000E+0	6.132830E+5
4.060000E-3	0.000000E+0	6.136270E+5
4.080000E-3	0.000000E+0	6.133680E+5
4.100000E-3	0.000000E+0	6.133410E+5
4.120000E-3	0.000000E+0	6.130130E+5
4.140000E-3	0.000000E+0	6.126730E+5
4.160000E-3	0.000000E+0	6.133380E+5
4.180000E-3	0.000000E+0	6.123490E+5
4.200000E-3	0.000000E+0	6.129460E+5
4.220000E-3	0.000000E+0	6.128650E+5
4.240000E-3	0.000000E+0	6.124890E+5
4.260000E-3	0.000000E+0	6.124860E+5
4.280000E-3	0.000000E+0	6.134000E+5
4.300000E-3	0.000000E+0	6.130800E+5
4.320000E-3	0.000000E+0	6.127540E+5
4.340000E-3	0.000000E+0	6.129910E+5
4.360000E-3	0.000000E+0	6.130570E+5
4.380000E-3	0.000000E+0	6.128270E+5
4.400000E-3	0.000000E+0	6.140760E+5
4.420000E-3	0.000000E+0	6.129920E+5
4.440000E-3	0.000000E+0	6.127900E+5
4.460000E-3	0.000000E+0	6.136430E+5
4.480000E-3	0.000000E+0	6.119190E+5
4.500000E-3	0.000000E+0	6.128070E+5
4.520000E-3	0.000000E+0	6.126120E+5
4.540000E-3	0.000000E+0	6.118310E+5
4.560000E-3	0.000000E+0	6.127200E+5
4.580000E-3	0.000000E+0	6.131010E+5
4.600000E-3	0.000000E+0	6.132810E+5
4.620000E-3	0.000000E+0	6.122620E+5
4.640000E-3	0.000000E+0	6.128620E+5
4.660000E-3	0.000000E+0	6.133120E+5
4.680000E-3	0.000000E+0	6.125520E+5
4.700000E-3	0.000000E+0	6.130740E+5
4.720000E-3	0.000000E+0	6.123710E+5
4.740000E-3	0.000000E+0	6.117980E+5
4.760000E-3	0.000000E+0	6.134300E+5
4.780000E-3	0.000000E+0	6.115870E+5
4.800000E-3	0.000000E+0	6.116080E+5
4.820000E-3	0.000000E+0	6.110700E+5
4.840000E-3	0.000000E+0	6.114690E+5
4.860000E-3	0.000000E+0	6.091240E+5
4.880000E-3	0.000000E+0	6.081930E+5
4.900000E-3	0.000000E+0	6.079700E+5
4.920000E-3	0.000000E+0	6.044870E+5
4.940000E-3	0.000000E+0	6.035780E+5
4.960000E-3	0.000000E+0	6.027040E+5
4.980000E-3	0.000000E+0	6.038790E+5
5.000000E-3	0.000000E+0	6.016250E+5
5.020000E-3	0.000000E+0	5.995780E+5
5.040000E-3	0.000000E+0	5.970730E+5
5.060000E-3	0.000000E+0	5.953470E+5
5.080000E-3	0.000000E+0	5.973210E+5
5.100000E-3	0.000000E+0	5.970820E+5
5.120000E-3	0.000000E+0	5.966670E+5
5.140000E-3	0.000000E+0	5.985460E+5
5.160000E-3	0.000000E+0	6.012140E+5
5.180000E-3	0.000000E+0	6.026060E+5
5.200000E-3	0.000000E+0	6.039170E+5
5.220000E-3	0.000000E+0	6.061540E+5
5.240000E-3	0.000000E+0	6.053300E+5
5.260000E-3	0.000000E+0	6.098440E+5
5.280000E-3	0.000000E+0	6.069990E+5
5.300000E-3	0.000000E+0	6.094010E+5
5.320000E-3	0.000000E+0	6.111530E+5
5.340000E-3	0.000000E+0	6.114270E+5
5.360000E-3	0.000000E+0	6.123020E+5
5.380000E-3	0.000000E+0	6.110170E+5
5.400000E-3	0.000000E+0	6.129090E+5
5.420000E-3	0.000000E+0	6.119750E+5
5.440000E-3	0.000000E+0	6.118400E+5
5.460000E-3	0.000000E+0	6.104890E+5
5.480000E-3	0.000000E+0	6.107400E+5
5.500000E-3	0.000000E+0	6.106860E+5
5.520000E-3	0.000000E+0	6.082470E+5
5.540000E-3	0.000000E+0	6.076530E+5
5.560000E-3	0.000000E+0	6.047150E+5
5.580000E-3	0.000000E+0	6.037940E+5
5.600000E-3	0.000000E+0	6.025180E+5
5.620000E-3	0.000000E+0	6.032770E+5
5.640000E-3	0.000000E+0	6.033280E+5
5.660000E-3	0.000000E+0	6.006850E+5
5.680000E-3	0.000000E+0	6.002660E+5
5.700000E-3	0.000000E+0	5.967000E+5
5.720000E-3	0.000000E+0	5.966350E+5
5.740000E-3	0.000000E+0	5.980920E+5
5.760000E-3	0.000000E+0	5.988020E+5
5.780000E-3	0.000000E+0	5.992640E+5
5.800000E-3	0.000000E+0	6.016080E+5
5.820000E-3	0.000000E+0	6.039690E+5
5.840000E-3	0.000000E+0	6.050660E+5
5.860000E-3	0.000000E+0	6.047890E+5
5.880000E-3	0.000000E+0	6.072400E+5
5.900000E-3	0.000000E+0	6.092430E+5
5.920000E-3	0.000000E+0	6.113000E+5
5.940000E-3	0.000000E+0	6.107480E+5
5.960000E-3	0.000000E+0	6.109950E+5
5.980000E-3	0.000000E+0	6.127850E+5
6.000000E-3	0.000000E+0	6.120270E+5
6.020000E-3	0.000000E+0	6.121690E+5
6.040000E-3	0.000000E+0	6.124400E+5
6.060000E-3	0.000000E+0	6.127600E+5
6.080000E-3	0.000000E+0	6.128830E+5
6.100000E-3	0.000000E+0	6.111490E+5
6.120000E-3	0.000000E+0	6.126110E+5
6.140000E-3	0.000000E+0	6.128180E+5
6.160000E-3	0.000000E+0	6.120080E+5
6.180000E-3	0.000000E+0	6.131550E+5
6.200000E-3	0.000000E+0	6.128210E+5
6.220000E-3	0.000000E+0	6.131640E+5
6.240000E-3	0.000000E+0	6.124280E+5
6.260000E-3	0.000000E+0	6.136920E+5
6.280000E-3	0.000000E+0	6.141650E+5
6.300000E-3	0.000000E+0	6.137750E+5
6.320000E-3	0.000000E+0	6.132410E+5
6.340000E-3	0.000000E+0	6.132200E+5
6.360000E-3	0.000000E+0	6.123960E+5
6.380000E-3	0.000000E+0	6.144910E+5
6.400000E-3	0.000000E+0	6.131380E+5
6.420000E-3	0.000000E+0	6.116500E+5
6.440000E-3	0.000000E+0	6.148450E+5
6.460000E-3	0.000000E+0	6.119950E+5
6.480000E-3	0.000000E+0	6.124040E+5
6.500000E-3	0.000000E+0	6.123940E+5
6.520000E-3	0.000000E+0	6.132120E+5
6.540000E-3	0.000000E+0	6.129980E+5
6.560000E-3	0.000000E+0	6.135930E+5
6.580000E-3	0.000000E+0	6.120720E+5
6.600000E-3	0.000000E+0	6.135420E+5
6.620000E-3	0.000000E+0	6.132030E+5
6.640000E-3	0.000000E+0	6.134480E+5
6.660000E-3	0.000000E+0	6.122640E+5
6.680000E-3	0.000000E+0	6.132300E+5
6.700000E-3	0.000000E+0	6.138650E+5
6.720000E-3	0.000000E+0	6.134820E+5
6.740000E-3	0.000000E+0	6.129540E+5
6.760000E-3	0.000000E+0	6.139070E+5
6.780000E-3	0.000000E+0	6.125780E+5
6.800000E-3	0.000000E+0	6.137940E+5
6.820000E-3	0.000000E+0	6.132510E+5
6.840000E-3	0.000000E+0	6.129990E+5
6.860000E-3	0.000000E+0	6.135440E+5
6.880000E-3	0.000000E+0	6.141490E+5
6.900000E-3	0.000000E+0	6.128540E+5
6.920000E-3	0.000000E+0	6.118270E+5
6.940000E-3	0.000000E+0	6.133720E+5
6.960000E-3	0.000000E+0	6.115960E+5
6.980000E-3	0.000000E+0	6.127630E+5
7.000000E-3	0.000000E+0	6.127560E+5
7.020000E-3	0.000000E+0	6.135720E+5
7.040000E-3	0.000000E+0	6.133930E+5
7.060000E-3	0.000000E+0	6.137340E+5
7.080000E-3	0.000000E+0	6.130230E+5
7.100000E-3	0.000000E+0	6.121220E+5
7.120000E-3	0.000000E+0	6.135520E+5
7.140000E-3	0.000000E+0	6.122800E+5
7.160000E-3	0.000000E+0	6.126520E+5
7.180000E-3	0.000000E+0	6.125440E+5
7.200000E-3	0.000000E+0	6.131620E+5
7.220000E-3	0.000000E+0	6.143870E+5
7.240000E-3	0.000000E+0	6.128450E+5
7.260000E-3	0.000000E+0	6.131560E+5
7.280000E-3	0.000000E+0	6.133440E+5
7.300000E-3	0.000000E+0	6.133110E+5
7.320000E-3	0.000000E+0	6.131980E+5
7.340000E-3	0.000000E+0	6.144430E+5
7.360000E-3	0.000000E+0	6.133000E+5
7.380000E-3	0.000000E+0	6.140790E+5
7.400000E-3	0.000000E+0	6.137540E+5
7.420000E-3	0.000000E+0	6.129920E+5
7.440000E-3	0.000000E+0	6.131830E+5
7.460000E-3	0.000000E+0	6.128220E+5
7.480000E-3	0.000000E+0	6.122700E+5
7.500000E-3	0.000000E+0	6.143150E+5
7.520000E-3	0.000000E+0	6.134280E+5
7.540000E-3	0.000000E+0	6.131240E+5
7.560000E-3	0.000000E+0	6.132190E+5
7.580000E-3	0.000000E+0	6.130150E+5
7.600000E-3	0.000000E+0	6.135240E+5
7.620000E-3	0.000000E+0	6.137130E+5
7.640000E-3	0.000000E+0	6.143900E+5
7.660000E-3	0.000000E+0	6.128180E+5
7.680000E-3	0.000000E+0	6.133530E+5
7.700000E-3	0.000000E+0	6.128770E+5
7.720000E-3	0.000000E+0	6.142050E+5
7.740000E-3	0.000000E+0	6.127300E+5
7.760000E-3	0.000000E+0	6.139480E+5
7.780000E-3	0.000000E+0	6.146830E+5
7.800000E-3	0.000000E+0	6.132590E+5
7.820000E-3	0.000000E+0	6.128310E+5
7.840000E-3	0.000000E+0	6.148830E+5
7.860000E-3	0.000000E+0	6.132610E+5
7.880000E-3	0.000000E+0	6.124710E+5
7.900000E-3	0.000000E+0	6.133050E+5
7.920000E-3	0.000000E+0	6.131190E+5
7.940000E-3	0.000000E+0	6.141660E+5
7.960000E-3	0.000000E+0	6.151360E+5
7.980000E-3	0.000000E+0	6.143260E+5
8.000000E-3	0.000000E+0	6.134900E+5
8.020000E-3	0.000000E+0	6.133960E+5
8.040000E-3	0.000000E+0	6.114730E+5
8.060000E-3	0.000000E+0	6.122850E+5
8.080000E-3	0.000000E+0	6.139760E+5
8.100000E-3	0.000000E+0	6.149630E+5
8.120000E-3	0.000000E+0	6.139470E+5
8.140000E-3	0.000000E+0	6.127910E+5
8.160000E-3	0.000000E+0	6.129990E+5
8.180000E-3	0.000000E+0	6.128080E+5
8.200000E-3	0.000000E+0	6.133600E+5
8.220000E-3	0.000000E+0	6.136910E+5
8.240000E-3	0.000000E+0	6.141330E+5
8.260000E-3	0.000000E+0	6.149690E+5
8.280000E-3	0.000000E+0	6.125240E+5
8.300000E-3	0.000000E+0	6.136540E+5
8.320000E-3	0.000000E+0	6.127180E+5
8.340000E-3	0.000000E+0	6.123600E+5
8.360000E-3	0.000000E+0	6.126570E+5
8.380000E-3	0.000000E+0	6.122040E+5
8.400000E-3	0.000000E+0	6.124450E+5
8.420000E-3	0.000000E+0	6.134580E+5
8.440000E-3	0.000000E+0	6.140380E+5
8.460000E-3	0.000000E+0	6.143200E+5
8.480000E-3	0.000000E+0	6.145850E+5
8.500000E-3	0.000000E+0	6.122680E+5
8.520000E-3	0.000000E+0	6.134790E+5
8.540000E-3	0.000000E+0	6.142630E+5
8.560000E-3	0.000000E+0	6.139540E+5
8.580000E-3	0.000000E+0	6.145200E+5
8.600000E-3	0.000000E+0	6.138780E+5
8.620000E-3	0.000000E+0	6.155350E+5
8.640000E-3	0.000000E+0	6.136700E+5
8.660000E-3	0.000000E+0	6.125640E+5
8.680000E-3	0.000000E+0	6.137740E+5
8.700000E-3	0.000000E+0	6.116620E+5
8.720000E-3	0.000000E+0	6.146340E+5
8.740000E-3	0.000000E+0	6.119500E+5
8.760000E-3	0.000000E+0	6.128580E+5
8.780000E-3	0.000000E+0	6.136690E+5
8.800000E-3	0.000000E+0	6.143730E+5
8.820000E-3	0.000000E+0	6.138130E+5
8.840000E-3	0.000000E+0	6.127770E+5
8.860000E-3	0.000000E+0	6.151040E+5
8.880000E-3	0.000000E+0	6.126910E+5
8.900000E-3	0.000000E+0	6.137810E+5
8.920000E-3	0.000000E+0	6.129940E+5
8.940000E-3	0.000000E+0	6.114500E+5
8.960000E-3	0.000000E+0	6.140270E+5
8.980000E-3	0.000000E+0	6.127670E+5
9.000000E-3	0.000000E+0	6.134750E+5
9.020000E-3	0.000000E+0	6.118020E+5
9.040000E-3	0.000000E+0	6.133470E+5
9.060000E-3	0.000000E+0	6.156800E+5
9.080000E-3	0.000000E+0	6.128980E+5
9.100000E-3	0.000000E+0	6.147170E+5
9.120000E-3	0.000000E+0	6.120440E+5
9.140000E-3	0.000000E+0	6.140950E+5
9.160000E-3	0.000000E+0	6.135120E+5
9.180000E-3	0.000000E+0	6.118700E+5
9.200000E-3	0.000000E+0	6.131620E+5
9.220000E-3	0.000000E+0	6.136300E+5
9.240000E-3	0.000000E+0	6.138880E+5
9.260000E-3	0.000000E+0	6.147120E+5
9.280000E-3	0.000000E+0	6.138880E+5
9.300000E-3	0.000000E+0	6.138650E+5
9.320000E-3	0.000000E+0	6.128710E+5
9.340000E-3	0.000000E+0	6.135370E+5
9.360000E-3	0.000000E+0	6.137090E+5
9.380000E-3	0.000000E+0	6.145300E+5
9.400000E-3	0.000000E+0	6.140060E+5
9.420000E-3	0.000000E+0	6.146480E+5
9.440000E-3	0.000000E+0	6.130330E+5
9.460000E-3	0.000000E+0	6.143610E+5
9.480000E-3	0.000000E+0	6.135900E+5
9.500000E-3	0.000000E+0	6.127720E+5
9.520000E-3	0.000000E+0	6.147700E+5
9.540000E-3	0.000000E+0	6.117230E+5
9.560000E-3	0.000000E+0	6.130570E+5
9.580000E-3	0.000000E+0	6.137160E+5
9.600000E-3	0.000000E+0	6.136690E+5
9.620000E-3	0.000000E+0	6.137720E+5
9.640000E-3	0.000000E+0	6.123430E+5
9.660000E-3	0.000000E+0	6.146510E+5
9.680000E-3	0.000000E+0	6.126030E+5
9.700000E-3	0.000000E+0	6.131390E+5
9.720000E-3	0.000000E+0	6.134040E+5
9.740000E-3	0.000000E+0	6.136420E+5
9.760000E-3	0.000000E+0	6.132710E+5
9.780000E-3	0.000000E+0	6.140740E+5
9.800000E-3	0.000000E+0	6.137510E+5
9.820000E-3	0.000000E+0	6.135500E+5
9.840000E-3	0.000000E+0	6.132290E+5
9.860000E-3	0.000000E+0	6.125060E+5
9.880000E-3	0.000000E+0	6.145630E+5
9.900000E-3	0.000000E+0	6.151520E+5
9.920000E-3	0.000000E+0	6.137200E+5
9.940000E-3	0.000000E+0	6.125230E+5
9.960000E-3	0.000000E+0	6.128940E+5
9.980000E-3	0.000000E+0	6.145250E+5
1.000000E-2	0.000000E+0	6.138860E+5
1.002000E-2	0.000000E+0	6.130040E+5
1.004000E-2	0.000000E+0	6.143460E+5
1.006000E-2	0.000000E+0	6.124790E+5
1.008000E-2	0.000000E+0	6.132050E+5
1.010000E-2	0.000000E+0	6.129390E+5
1.012000E-2	0.000000E+0	6.147320E+5
1.014000E-2	0.000000E+0	6.156490E+5
1.016000E-2	0.000000E+0	6.142920E+5
1.018000E-2	0.000000E+0	6.137350E+5
1.020000E-2	0.000000E+0	6.139510E+5
1.022000E-2	0.000000E+0	6.139270E+5
1.024000E-2	0.000000E+0	6.130770E+5
1.026000E-2	0.000000E+0	6.148450E+5
1.028000E-2	0.000000E+0	6.137050E+5
1.030000E-2	0.000000E+0	6.144240E+5
1.032000E-2	0.000000E+0	6.131540E+5
1.034000E-2	0.000000E+0	6.143590E+5
1.036000E-2	0.000000E+0	6.134990E+5
1.038000E-2	0.000000E+0	6.143310E+5
1.040000E-2	0.000000E+0	6.129810E+5
1.042000E-2	0.000000E+0	6.141380E+5
1.044000E-2	0.000000E+0	6.137530E+5
1.046000E-2	0.000000E+0	6.145960E+5
1.048000E-2	0.000000E+0	6.149010E+5
1.050000E-2	0.000000E+0	6.130570E+5
1.052000E-2	0.000000E+0	6.148870E+5
1.054000E-2	0.000000E+0	6.149390E+5
1.056000E-2	0.000000E+0	6.131000E+5
1.058000E-2	0.000000E+0	6.153510E+5
1.060000E-2	0.000000E+0	6.126440E+5
1.062000E-2	0.000000E+0	6.135750E+5
1.064000E-2	0.000000E+0	6.143660E+5
1.066000E-2	0.000000E+0	6.132630E+5
1.068000E-2	0.000000E+0	6.139580E+5
1.070000E-2	0.000000E+0	6.126550E+5
1.072000E-2	0.000000E+0	6.132940E+5
1.074000E-2	0.000000E+0	6.143320E+5
1.076000E-2	0.000000E+0	6.134480E+5
1.078000E-2	0.000000E+0	6.146920E+5
1.080000E-2	0.000000E+0	6.147010E+5
1.082000E-2	0.000000E+0	6.151870E+5
1.084000E-2	0.000000E+0	6.136230E+5
1.086000E-2	0.000000E+0	6.143420E+5
1.088000E-2	0.000000E+0	6.137010E+5
1.090000E-2	0.000000E+0	6.139150E+5
1.092000E-2	0.000000E+0	6.137980E+5
1.094000E-2	0.000000E+0	6.126520E+5
1.096000E-2	0.000000E+0	6.135310E+5
1.098000E-2	0.000000E+0	6.143290E+5
1.100000E-2	0.000000E+0	6.143280E+5
1.102000E-2	0.000000E+0	6.128890E+5
1.104000E-2	0.000000E+0	6.144020E+5
1.106000E-2	0.000000E+0	6.140340E+5
1.108000E-2	0.000000E+0	6.143470E+5
1.110000E-2	0.000000E+0	6.130720E+5
1.112000E-2	0.000000E+0	6.127680E+5
1.114000E-2	0.000000E+0	6.146180E+5
1.116000E-2	0.000000E+0	6.120890E+5
1.118000E-2	0.000000E+0	6.137450E+5
1.120000E-2	0.000000E+0	6.131620E+5
1.122000E-2	0.000000E+0	6.151520E+5
1.124000E-2	0.000000E+0	6.155280E+5
1.126000E-2	0.000000E+0	6.126650E+5
1.128000E-2	0.000000E+0	6.126400E+5
1.130000E-2	0.000000E+0	6.137220E+5
1.132000E-2	0.000000E+0	6.149580E+5
1.134000E-2	0.000000E+0	6.122180E+5
1.136000E-2	0.000000E+0	6.146670E+5
1.138000E-2	0.000000E+0	6.135080E+5
1.140000E-2	0.000000E+0	6.148490E+5
1.142000E-2	0.000000E+0	6.128990E+5
1.144000E-2	0.000000E+0	6.148580E+5
1.146000E-2	0.000000E+0	6.135120E+5
1.148000E-2	0.000000E+0	6.136150E+5
1.150000E-2	0.000000E+0	6.134630E+5
1.152000E-2	0.000000E+0	6.135450E+5
1.154000E-2	0.000000E+0	6.129780E+5
1.156000E-2	0.000000E+0	6.138830E+5
1.158000E-2	0.000000E+0	6.132730E+5
1.160000E-2	0.000000E+0	6.145310E+5
1.162000E-2	0.000000E+0	6.140070E+5
1.164000E-2	0.000000E+0	6.145780E+5
1.166000E-2	0.000000E+0	6.155310E+5
1.168000E-2	0.000000E+0	6.141980E+5
1.170000E-2	0.000000E+0	6.151310E+5
1.172000E-2	0.000000E+0	6.143780E+5
1.174000E-2	0.000000E+0	6.140510E+5
1.176000E-2	0.000000E+0	6.136970E+5
1.178000E-2	0.000000E+0	6.120610E+5
1.180000E-2	0.000000E+0	6.138860E+5
1.182000E-2	0.000000E+0	6.145330E+5
1.184000E-2	0.000000E+0	6.149770E+5
1.186000E-2	0.000000E+0	6.130670E+5
1.188000E-2	0.000000E+0	6.129620E+5
1.190000E-2	0.000000E+0	6.130720E+5
1.192000E-2	0.000000E+0	6.126870E+5
1.194000E-2	0.000000E+0	6.153670E+5
1.196000E-2	0.000000E+0	6.138690E+5
1.198000E-2	0.000000E+0	6.131630E+5
1.200000E-2	0.000000E+0	6.139530E+5
1.202000E-2	0.000000E+0	6.137240E+5
1.204000E-2	0.000000E+0	6.133810E+5
1.206000E-2	0.000000E+0	6.140970E+5
1.208000E-2	0.000000E+0	6.145720E+5
1.210000E-2	0.000000E+0	6.144550E+5
1.212000E-2	0.000000E+0	6.134050E+5
1.214000E-2	0.000000E+0	6.127320E+5
1.216000E-2	0.000000E+0	6.135680E+5
1.218000E-2	0.000000E+0	6.131520E+5
1.220000E-2	0.000000E+0	6.134800E+5
1.222000E-2	0.000000E+0	6.142230E+5
1.224000E-2	0.000000E+0	6.141910E+5
1.226000E-2	0.000000E+0	6.129860E+5
1.228000E-2	0.000000E+0	6.137560E+5
1.230000E-2	0.000000E+0	6.138520E+5
1.232000E-2	0.000000E+0	6.141810E+5
1.234000E-2	0.000000E+0	6.147270E+5
1.236000E-2	0.000000E+0	6.142240E+5
1.238000E-2	0.000000E+0	6.153920E+5
1.240000E-2	0.000000E+0	6.141340E+5
1.242000E-2	0.000000E+0	6.139830E+5
1.244000E-2	0.000000E+0	6.144650E+5
1.246000E-2	0.000000E+0	6.138200E+5
1.248000E-2	0.000000E+0	6.139060E+5
1.250000E-2	0.000000E+0	6.133190E+5
1.252000E-2	0.000000E+0	6.157590E+5
1.254000E-2	0.000000E+0	6.143130E+5
1.256000E-2	0.000000E+0	6.128140E+5
1.258000E-2	0.000000E+0	6.146340E+5
1.260000E-2	0.000000E+0	6.149670E+5
1.262000E-2	0.000000E+0	6.127740E+5
1.264000E-2	0.000000E+0	6.127690E+5
1.266000E-2	0.000000E+0	6.159620E+5
1.268000E-2	0.000000E+0	6.142930E+5
1.270000E-2	0.000000E+0	6.134750E+5
1.272000E-2	0.000000E+0	6.148490E+5
1.274000E-2	0.000000E+0	6.134540E+5
1.276000E-2	0.000000E+0	6.142220E+5
1.278000E-2	0.000000E+0	6.135390E+5
1.280000E-2	0.000000E+0	6.130300E+5
1.282000E-2	0.000000E+0	6.129290E+5
1.284000E-2	0.000000E+0	6.138870E+5
1.286000E-2	0.000000E+0	6.143310E+5
1.288000E-2	0.000000E+0	6.147010E+5
1.290000E-2	0.000000E+0	6.135200E+5
1.292000E-2	0.000000E+0	6.138290E+5
1.294000E-2	0.000000E+0	6.132050E+5
1.296000E-2	0.000000E+0	6.137530E+5
1.298000E-2	0.000000E+0	6.140540E+5
1.300000E-2	0.000000E+0	6.142240E+5
1.302000E-2	0.000000E+0	6.149710E+5
1.304000E-2	0.000000E+0	6.140870E+5
1.306000E-2	0.000000E+0	6.129180E+5
1.308000E-2	0.000000E+0	6.151570E+5
1.310000E-2	0.000000E+0	6.143240E+5
1.312000E-2	0.000000E+0	6.135590E+5
1.314000E-2	0.000000E+0	6.149130E+5
1.316000E-2	0.000000E+0	6.140150E+5
1.318000E-2	0.000000E+0	6.135070E+5
1.320000E-2	0.000000E+0	6.142770E+5
1.322000E-2	0.000000E+0	6.139730E+5
1.324000E-2	0.000000E+0	6.128780E+5
1.326000E-2	0.000000E+0	6.147490E+5
1.328000E-2	0.000000E+0	6.150060E+5
1.330000E-2	0.000000E+0	6.124090E+5
1.332000E-2	0.000000E+0	6.136200E+5
1.334000E-2	0.000000E+0	6.132490E+5
1.336000E-2	0.000000E+0	6.142570E+5
1.338000E-2	0.000000E+0	6.144000E+5
1.340000E-2	0.000000E+0	6.134540E+5
1.342000E-2	0.000000E+0	6.129400E+5
1.344000E-2	0.000000E+0	6.134220E+5
1.346000E-2	0.000000E+0	6.127780E+5
1.348000E-2	0.000000E+0	6.138540E+5
1.350000E-2	0.000000E+0	6.150080E+5
1.352000E-2	0.000000E+0	6.140740E+5
1.354000E-2	0.000000E+0	6.137550E+5
1.356000E-2	0.000000E+0	6.148750E+5
1.358000E-2	0.000000E+0	6.130790E+5
1.360000E-2	0.000000E+0	6.135630E+5
1.362000E-2	0.000000E+0	6.140490E+5
1.364000E-2	0.000000E+0	6.120750E+5
1.366000E-2	0.000000E+0	6.134660E+5
1.368000E-2	0.000000E+0	6.141910E+5
1.370000E-2	0.000000E+0	6.148090E+5
1.372000E-2	0.000000E+0	6.133060E+5
1.374000E-2	0.000000E+0	6.147650E+5
1.376000E-2	0.000000E+0	6.135540E+5
1.378000E-2	0.000000E+0	6.131740E+5
1.380000E-2	0.000000E+0	6.141500E+5
1.382000E-2	0.000000E+0	6.126120E+5
1.384000E-2	0.000000E+0	6.135560E+5
1.386000E-2	0.000000E+0	6.141090E+5
1.388000E-2	0.000000E+0	6.138130E+5
1.390000E-2	0.000000E+0	6.148190E+5
1.392000E-2	0.000000E+0	6.148380E+5
1.394000E-2	0.000000E+0	6.144020E+5
1.396000E-2	0.000000E+0	6.142260E+5
1.398000E-2	0.000000E+0	6.148440E+5
1.400000E-2	0.000000E+0	6.148180E+5
1.402000E-2	0.000000E+0	6.130500E+5
1.404000E-2	0.000000E+0	6.154420E+5
1.406000E-2	0.000000E+0	6.133940E+5
1.408000E-2	0.000000E+0	6.133700E+5
1.410000E-2	0.000000E+0	6.145540E+5
1.412000E-2	0.000000E+0	6.130700E+5
1.414000E-2	0.000000E+0	6.129920E+5
1.416000E-2	0.000000E+0	6.129230E+5
1.418000E-2	0.000000E+0	6.129940E+5
1.420000E-2	0.000000E+0	6.142150E+5
1.422000E-2	0.000000E+0	6.141200E+5
1.424000E-2	0.000000E+0	6.122100E+5
1.426000E-2	0.000000E+0	6.127020E+5
1.428000E-2	0.000000E+0	6.137810E+5
1.430000E-2	0.000000E+0	6.140060E+5
1.432000E-2	0.000000E+0	6.134270E+5
1.434000E-2	0.000000E+0	6.140780E+5
1.436000E-2	0.000000E+0	6.145530E+5
1.438000E-2	0.000000E+0	6.141920E+5
1.440000E-2	0.000000E+0	6.153200E+5
1.442000E-2	0.000000E+0	6.140720E+5
1.444000E-2	0.000000E+0	6.123490E+5
1.446000E-2	0.000000E+0	6.141180E+5
1.448000E-2	0.000000E+0	6.145760E+5
1.450000E-2	0.000000E+0	6.135990E+5
1.452000E-2	0.000000E+0	6.139010E+5
1.454000E-2	0.000000E+0	6.133890E+5
1.456000E-2	0.000000E+0	6.148370E+5
1.458000E-2	0.000000E+0	6.129140E+5
1.460000E-2	0.000000E+0	6.140720E+5
1.462000E-2	0.000000E+0	6.119930E+5
1.464000E-2	0.000000E+0	6.143280E+5
1.466000E-2	0.000000E+0	6.131880E+5
1.468000E-2	0.000000E+0	6.149790E+5
1.470000E-2	0.000000E+0	6.133970E+5
1.472000E-2	0.000000E+0	6.132410E+5
1.474000E-2	0.000000E+0	6.142130E+5
1.476000E-2	0.000000E+0	6.146610E+5
1.478000E-2	0.000000E+0	6.145770E+5
1.480000E-2	0.000000E+0	6.124200E+5
1.482000E-2	0.000000E+0	6.128100E+5
1.484000E-2	0.000000E+0	6.148290E+5
1.486000E-2	0.000000E+0	6.122740E+5
1.488000E-2	0.000000E+0	6.120370E+5
1.490000E-2	0.000000E+0	6.115140E+5
1.492000E-2	0.000000E+0	6.100180E+5
1.494000E-2	0.000000E+0	6.074620E+5
1.496000E-2	0.000000E+0	6.059960E+5
1.498000E-2	0.000000E+0	6.054350E+5
1.500000E-2	0.000000E+0	6.045690E+5
1.502000E-2	0.000000E+0	6.044150E+5
1.504000E-2	0.000000E+0	6.024700E+5
1.506000E-2	0.000000E+0	6.015820E+5
1.508000E-2	0.000000E+0	5.989630E+5
1.510000E-2	0.000000E+0	5.975010E+5
1.512000E-2	0.000000E+0	5.972530E+5
1.514000E-2	0.000000E+0	5.988170E+5
1.516000E-2	0.000000E+0	5.989950E+5
1.518000E-2	0.000000E+0	6.002620E+5
1.520000E-2	0.000000E+0	6.032080E+5
1.522000E-2	0.000000E+0	6.043230E+5
1.524000E-2	0.000000E+0	6.084730E+5
1.526000E-2	0.000000E+0	6.074910E+5
1.528000E-2	0.000000E+0	6.095730E+5
1.530000E-2	0.000000E+0	6.094350E+5
1.532000E-2	0.000000E+0	6.114380E+5
1.534000E-2	0.000000E+0	6.113150E+5
1.536000E-2	0.000000E+0	6.118350E+5
1.538000E-2	0.000000E+0	6.133030E+5
1.540000E-2	0.000000E+0	6.133370E+5
1.542000E-2	0.000000E+0	6.128530E+5
1.544000E-2	0.000000E+0	6.123070E+5
1.546000E-2	0.000000E+0	6.122360E+5
1.548000E-2	0.000000E+0	6.120060E+5
1.550000E-2	0.000000E+0	6.116470E+5
1.552000E-2	0.000000E+0	6.128630E+5
1.554000E-2	0.000000E+0	6.111710E+5
1.556000E-2	0.000000E+0	6.092370E+5
1.558000E-2	0.000000E+0	6.067490E+5
1.560000E-2	0.000000E+0	6.060670E+5
1.562000E-2	0.000000E+0	6.048390E+5
1.564000E-2	0.000000E+0	6.038770E+5
1.566000E-2	0.000000E+0	6.044660E+5
1.568000E-2	0.000000E+0	6.030450E+5
1.570000E-2	0.000000E+0	6.010060E+5
1.572000E-2	0.000000E+0	5.980430E+5
1.574000E-2	0.000000E+0	5.970180E+5
1.576000E-2	0.000000E+0	5.984570E+5
1.578000E-2	0.000000E+0	5.959100E+5
1.580000E-2	0.000000E+0	5.989330E+5
1.582000E-2	0.000000E+0	6.005590E+5
1.584000E-2	0.000000E+0	6.018660E+5
1.586000E-2	0.000000E+0	6.039140E+5
1.588000E-2	0.000000E+0	6.059810E+5
1.590000E-2	0.000000E+0	6.075650E+5
1.592000E-2	0.000000E+0	6.088120E+5
1.594000E-2	0.000000E+0	6.084340E+5
1.596000E-2	0.000000E+0	6.108120E+5
1.598000E-2	0.000000E+0	6.124590E+5
1.600000E-2	0.000000E+0	6.130600E+5
1.602000E-2	0.000000E+0	6.127350E+5
1.604000E-2	0.000000E+0	6.127260E+5
1.606000E-2	0.000000E+0	6.133190E+5
1.608000E-2	0.000000E+0	6.132830E+5
1.610000E-2	0.000000E+0	6.140690E+5
1.612000E-2	0.000000E+0	6.135870E+5
1.614000E-2	0.000000E+0	6.130850E+5
1.616000E-2	0.000000E+0	6.157350E+5
1.618000E-2	0.000000E+0	6.132460E+5
1.620000E-2	0.000000E+0	6.135760E+5
1.622000E-2	0.000000E+0	6.138310E+5
1.624000E-2	0.000000E+0	6.133540E+5
1.626000E-2	0.000000E+0	6.132970E+5
1.628000E-2	0.000000E+0	6.147460E+5
1.630000E-2	0.000000E+0	6.134800E+5
1.632000E-2	0.000000E+0	6.139890E+5
1.634000E-2	0.000000E+0	6.141780E+5
1.636000E-2	0.000000E+0	6.150000E+5
1.638000E-2	0.000000E+0	6.131190E+5
1.640000E-2	0.000000E+0	6.147020E+5
1.642000E-2	0.000000E+0	6.139930E+5
1.644000E-2	0.000000E+0	6.135680E+5
1.646000E-2	0.000000E+0	6.131870E+5
1.648000E-2	0.000000E+0	6.131570E+5
1.650000E-2	0.000000E+0	6.134630E+5
1.652000E-2	0.000000E+0	6.143520E+5
1.654000E-2	0.000000E+0	6.131730E+5
1.656000E-2	0.000000E+0	6.131400E+5
1.658000E-2	0.000000E+0	6.137980E+5
1.660000E-2	0.000000E+0	6.133750E+5
1.662000E-2	0.000000E+0	6.140780E+5
1.664000E-2	0.000000E+0	6.139210E+5
1.666000E-2	0.000000E+0	6.133230E+5
1.668000E-2	0.000000E+0	6.133440E+5
1.670000E-2	0.000000E+0	6.139660E+5
1.672000E-2	0.000000E+0	6.148360E+5
1.674000E-2	0.000000E+0	6.135980E+5
1.676000E-2	0.000000E+0	6.127430E+5
1.678000E-2	0.000000E+0	6.127230E+5
1.680000E-2	0.000000E+0	6.144270E+5
1.682000E-2	0.000000E+0	6.142530E+5
1.684000E-2	0.000000E+0	6.147060E+5
1.686000E-2	0.000000E+0	6.155630E+5
1.688000E-2	0.000000E+0	6.140620E+5
1.690000E-2	0.000000E+0	6.139190E+5
1.692000E-2	0.000000E+0	6.146410E+5
1.694000E-2	0.000000E+0	6.138540E+5
1.696000E-2	0.000000E+0	6.130630E+5
1.698000E-2	0.000000E+0	6.137760E+5
1.700000E-2	0.000000E+0	6.144980E+5
1.702000E-2	0.000000E+0	6.141980E+5
1.704000E-2	0.000000E+0	6.149180E+5
1.706000E-2	0.000000E+0	6.146810E+5
1.708000E-2	0.000000E+0	6.136580E+5
1.710000E-2	0.000000E+0	6.146870E+5
1.712000E-2	0.000000E+0	6.138620E+5
1.714000E-2	0.000000E+0	6.129020E+5
1.716000E-2	0.000000E+0	6.144940E+5
1.718000E-2	0.000000E+0	6.141930E+5
1.720000E-2	0.000000E+0	6.143690E+5
1.722000E-2	0.000000E+0	6.145390E+5
1.724000E-2	0.000000E+0	6.140210E+5
1.726000E-2	0.000000E+0	6.134490E+5
1.728000E-2	0.000000E+0	6.135410E+5
1.730000E-2	0.000000E+0	6.140760E+5
1.732000E-2	0.000000E+0	6.129610E+5
1.734000E-2	0.000000E+0	6.140940E+5
1.736000E-2	0.000000E+0	6.152960E+5
1.738000E-2	0.000000E+0	6.146500E+5
1.740000E-2	0.000000E+0	6.153110E+5
1.742000E-2	0.000000E+0	6.135460E+5
1.744000E-2	0.000000E+0	6.129530E+5
1.746000E-2	0.000000E+0	6.136850E+5
1.748000E-2	0.000000E+0	6.144080E+5
1.750000E-2	0.000000E+0	6.142320E+5
1.752000E-2	0.000000E+0	6.145250E+5
1.754000E-2	0.000000E+0	6.137640E+5
1.756000E-2	0.000000E+0	6.132830E+5
1.758000E-2	0.000000E+0	6.140660E+5
1.760000E-2	0.000000E+0	6.138910E+5
1.762000E-2	0.000000E+0	6.142040E+5
1.764000E-2	0.000000E+0	6.146040E+5
1.766000E-2	0.000000E+0	6.132920E+5
1.768000E-2	0.000000E+0	6.141080E+5
1.770000E-2	0.000000E+0	6.141240E+5
1.772000E-2	0.000000E+0	6.150680E+5
1.774000E-2	0.000000E+0	6.138850E+5
1.776000E-2	0.000000E+0	6.137110E+5
1.778000E-2	0.000000E+0	6.149980E+5
1.780000E-2	0.000000E+0	6.124640E+5
1.782000E-2	0.000000E+0	6.144290E+5
1.784000E-2	0.000000E+0	6.138460E+5
1.786000E-2	0.000000E+0	6.135820E+5
1.788000E-2	0.000000E+0	6.136210E+5
1.790000E-2	0.000000E+0	6.141120E+5
1.792000E-2	0.000000E+0	6.123380E+5
1.794000E-2	0.000000E+0	6.138700E+5
1.796000E-2	0.000000E+0	6.139060E+5
1.798000E-2	0.000000E+0	6.149110E+5
1.800000E-2	0.000000E+0	6.126560E+5
1.802000E-2	0.000000E+0	6.137560E+5
1.804000E-2	0.000000E+0	6.131680E+5
1.806000E-2	0.000000E+0	6.135680E+5
1.808000E-2	0.000000E+0	6.137050E+5
1.810000E-2	0.000000E+0	6.144500E+5
1.812000E-2	0.000000E+0	6.153200E+5
1.814000E-2	0.000000E+0	6.153860E+5
1.816000E-2	0.000000E+0	6.138220E+5
1.818000E-2	0.000000E+0	6.129890E+5
1.820000E-2	0.000000E+0	6.145210E+5
1.822000E-2	0.000000E+0	6.135960E+5
1.824000E-2	0.000000E+0	6.142230E+5
1.826000E-2	0.000000E+0	6.146830E+5
1.828000E-2	0.000000E+0	6.133650E+5
1.830000E-2	0.000000E+0	6.129310E+5
1.832000E-2	0.000000E+0	6.147490E+5
1.834000E-2	0.000000E+0	6.132360E+5
1.836000E-2	0.000000E+0	6.148880E+5
1.838000E-2	0.000000E+0	6.131340E+5
1.840000E-2	0.000000E+0	6.134760E+5
1.842000E-2	0.000000E+0	6.130770E+5
1.844000E-2	0.000000E+0	6.131270E+5
1.846000E-2	0.000000E+0	6.126430E+5
1.848000E-2	0.000000E+0	6.150580E+5
1.850000E-2	0.000000E+0	6.144280E+5
1.852000E-2	0.000000E+0	6.138660E+5
1.854000E-2	0.000000E+0	6.156300E+5
1.856000E-2	0.000000E+0	6.121350E+5
1.858000E-2	0.000000E+0	6.127510E+5
1.860000E-2	0.000000E+0	6.138530E+5
1.862000E-2	0.000000E+0	6.129640E+5
1.864000E-2	0.000000E+0	6.124980E+5
1.866000E-2	0.000000E+0	6.143540E+5
1.868000E-2	0.000000E+0	6.138980E+5
1.870000E-2	0.000000E+0	6.138590E+5
1.872000E-2	0.000000E+0	6.139170E+5
1.874000E-2	0.000000E+0	6.116070E+5
1.876000E-2	0.000000E+0	6.137640E+5
1.878000E-2	0.000000E+0	6.138430E+5
1.880000E-2	0.000000E+0	6.130080E+5
1.882000E-2	0.000000E+0	6.136140E+5
1.884000E-2	0.000000E+0	6.145090E+5
1.886000E-2	0.000000E+0	6.134450E+5
1.888000E-2	0.000000E+0	6.129750E+5
1.890000E-2	0.000000E+0	6.134080E+5
1.892000E-2	0.000000E+0	6.149820E+5
1.894000E-2	0.000000E+0	6.138600E+5
1.896000E-2	0.000000E+0	6.140020E+5
1.898000E-2	0.000000E+0	6.149320E+5
1.900000E-2	0.000000E+0	6.133240E+5
1.902000E-2	0.000000E+0	6.127520E+5
1.904000E-2	0.000000E+0	6.141310E+5
1.906000E-2	0.000000E+0	6.146340E+5
1.908000E-2	0.000000E+0	6.142190E+5
1.910000E-2	0.000000E+0	6.131690E+5
1.912000E-2	0.000000E+0	6.123770E+5
1.914000E-2	0.000000E+0	6.140870E+5
1.916000E-2	0.000000E+0	6.130800E+5
1.918000E-2	0.000000E+0	6.128700E+5
1.920000E-2	0.000000E+0	6.144540E+5
1.922000E-2	0.000000E+0	6.143430E+5
1.924000E-2	0.000000E+0	6.142830E+5
1.926000E-2	0.000000E+0	6.142950E+5
1.928000E-2	0.000000E+0	6.146450E+5
1.930000E-2	0.000000E+0	6.138270E+5
1.932000E-2	0.000000E+0	6.132700E+5
1.934000E-2	0.000000E+0	6.136800E+5
1.936000E-2	0.000000E+0	6.135060E+5
1.938000E-2	0.000000E+0	6.141220E+5
1.940000E-2	0.000000E+0	6.121410E+5
1.942000E-2	0.000000E+0	6.149420E+5
1.944000E-2	0.000000E+0	6.143200E+5
1.946000E-2	0.000000E+0	6.124410E+5
1.948000E-2	0.000000E+0	6.137020E+5
1.950000E-2	0.000000E+0	6.140860E+5
1.952000E-2	0.000000E+0	6.146050E+5
1.954000E-2	0.000000E+0	6.132970E+5
1.956000E-2	0.000000E+0	6.146950E+5
1.958000E-2	0.000000E+0	6.134380E+5
1.960000E-2	0.000000E+0	6.141760E+5
1.962000E-2	0.000000E+0	6.133490E+5
1.964000E-2	0.000000E+0	6.144570E+5
1.966000E-2	0.000000E+0	6.146540E+5
1.968000E-2	0.000000E+0	6.139810E+5
1.970000E-2	0.000000E+0	6.133380E+5
1.972000E-2	0.000000E+0	6.141600E+5
1.974000E-2	0.000000E+0	6.139980E+5
1.976000E-2	0.000000E+0	6.124040E+5
1.978000E-2	0.000000E+0	6.131690E+5
1.980000E-2	0.000000E+0	6.141240E+5
1.982000E-2	0.000000E+0	6.131000E+5
1.984000E-2	0.000000E+0	6.140450E+5
1.986000E-2	0.000000E+0	6.130280E+5
1.988000E-2	0.000000E+0	6.128710E+5
1.990000E-2	0.000000E+0	6.132970E+5
1.992000E-2	0.000000E+0	6.134540E+5
1.994000E-2	0.000000E+0	6.154550E+5
1.996000E-2	0.000000E+0	6.131230E+5
1.998000E-2	0.000000E+0	6.137500E+5
