

live time:  138035.580000
real time:  190803.286000
sweeps:  6901779.000000
0.000000E+0	0.000000E+0	0.000000E+0
2.000000E-5	0.000000E+0	3.026300E+5
4.000000E-5	0.000000E+0	3.030430E+5
6.000000E-5	0.000000E+0	3.026370E+5
8.000000E-5	0.000000E+0	3.034320E+5
1.000000E-4	0.000000E+0	3.022160E+5
1.200000E-4	0.000000E+0	3.028610E+5
1.400000E-4	0.000000E+0	3.030480E+5
1.600000E-4	0.000000E+0	3.031920E+5
1.800000E-4	0.000000E+0	3.027790E+5
2.000000E-4	0.000000E+0	3.032640E+5
2.200000E-4	0.000000E+0	3.025640E+5
2.400000E-4	0.000000E+0	3.020440E+5
2.600000E-4	0.000000E+0	3.019920E+5
2.800000E-4	0.000000E+0	3.024350E+5
3.000000E-4	0.000000E+0	3.035750E+5
3.200000E-4	0.000000E+0	3.030680E+5
3.400000E-4	0.000000E+0	3.028250E+5
3.600000E-4	0.000000E+0	3.032990E+5
3.800000E-4	0.000000E+0	3.023060E+5
4.000000E-4	0.000000E+0	3.020580E+5
4.200000E-4	0.000000E+0	3.026410E+5
4.400000E-4	0.000000E+0	3.027420E+5
4.600000E-4	0.000000E+0	3.034370E+5
4.800000E-4	0.000000E+0	3.024400E+5
5.000000E-4	0.000000E+0	3.031020E+5
5.200000E-4	0.000000E+0	3.028020E+5
5.400000E-4	0.000000E+0	3.027750E+5
5.600000E-4	0.000000E+0	3.022860E+5
5.800000E-4	0.000000E+0	3.030590E+5
6.000000E-4	0.000000E+0	3.030300E+5
6.200000E-4	0.000000E+0	3.027880E+5
6.400000E-4	0.000000E+0	3.037210E+5
6.600000E-4	0.000000E+0	3.020270E+5
6.800000E-4	0.000000E+0	3.025480E+5
7.000000E-4	0.000000E+0	3.030910E+5
7.200000E-4	0.000000E+0	3.040110E+5
7.400000E-4	0.000000E+0	3.018180E+5
7.600000E-4	0.000000E+0	3.025910E+5
7.800000E-4	0.000000E+0	3.018320E+5
8.000000E-4	0.000000E+0	3.029060E+5
8.200000E-4	0.000000E+0	3.030040E+5
8.400000E-4	0.000000E+0	3.028380E+5
8.600000E-4	0.000000E+0	3.035870E+5
8.800000E-4	0.000000E+0	3.022560E+5
9.000000E-4	0.000000E+0	3.036780E+5
9.200000E-4	0.000000E+0	3.021570E+5
9.400000E-4	0.000000E+0	3.028480E+5
9.600000E-4	0.000000E+0	3.018880E+5
9.800000E-4	0.000000E+0	3.038850E+5
1.000000E-3	0.000000E+0	3.033380E+5
1.020000E-3	0.000000E+0	3.027160E+5
1.040000E-3	0.000000E+0	3.027940E+5
1.060000E-3	0.000000E+0	3.027050E+5
1.080000E-3	0.000000E+0	3.025810E+5
1.100000E-3	0.000000E+0	3.018260E+5
1.120000E-3	0.000000E+0	3.029570E+5
1.140000E-3	0.000000E+0	3.020860E+5
1.160000E-3	0.000000E+0	3.022670E+5
1.180000E-3	0.000000E+0	3.022960E+5
1.200000E-3	0.000000E+0	3.033250E+5
1.220000E-3	0.000000E+0	3.034120E+5
1.240000E-3	0.000000E+0	3.026690E+5
1.260000E-3	0.000000E+0	3.026340E+5
1.280000E-3	0.000000E+0	3.036030E+5
1.300000E-3	0.000000E+0	3.017650E+5
1.320000E-3	0.000000E+0	3.036190E+5
1.340000E-3	0.000000E+0	3.023660E+5
1.360000E-3	0.000000E+0	3.022990E+5
1.380000E-3	0.000000E+0	3.033810E+5
1.400000E-3	0.000000E+0	3.028430E+5
1.420000E-3	0.000000E+0	3.034970E+5
1.440000E-3	0.000000E+0	3.025860E+5
1.460000E-3	0.000000E+0	3.018560E+5
1.480000E-3	0.000000E+0	3.033700E+5
1.500000E-3	0.000000E+0	3.029860E+5
1.520000E-3	0.000000E+0	3.027520E+5
1.540000E-3	0.000000E+0	3.031040E+5
1.560000E-3	0.000000E+0	3.026060E+5
1.580000E-3	0.000000E+0	3.026920E+5
1.600000E-3	0.000000E+0	3.026060E+5
1.620000E-3	0.000000E+0	3.023110E+5
1.640000E-3	0.000000E+0	3.020210E+5
1.660000E-3	0.000000E+0	3.039020E+5
1.680000E-3	0.000000E+0	3.021960E+5
1.700000E-3	0.000000E+0	3.023160E+5
1.720000E-3	0.000000E+0	3.031400E+5
1.740000E-3	0.000000E+0	3.037180E+5
1.760000E-3	0.000000E+0	3.032890E+5
1.780000E-3	0.000000E+0	3.039670E+5
1.800000E-3	0.000000E+0	3.034890E+5
1.820000E-3	0.000000E+0	3.026520E+5
1.840000E-3	0.000000E+0	3.026490E+5
1.860000E-3	0.000000E+0	3.029650E+5
1.880000E-3	0.000000E+0	3.026210E+5
1.900000E-3	0.000000E+0	3.025370E+5
1.920000E-3	0.000000E+0	3.027150E+5
1.940000E-3	0.000000E+0	3.030620E+5
1.960000E-3	0.000000E+0	3.028110E+5
1.980000E-3	0.000000E+0	3.035520E+5
2.000000E-3	0.000000E+0	3.025130E+5
2.020000E-3	0.000000E+0	3.026630E+5
2.040000E-3	0.000000E+0	3.022900E+5
2.060000E-3	0.000000E+0	3.034640E+5
2.080000E-3	0.000000E+0	3.037190E+5
2.100000E-3	0.000000E+0	3.039830E+5
2.120000E-3	0.000000E+0	3.030940E+5
2.140000E-3	0.000000E+0	3.027460E+5
2.160000E-3	0.000000E+0	3.020160E+5
2.180000E-3	0.000000E+0	3.031460E+5
2.200000E-3	0.000000E+0	3.034360E+5
2.220000E-3	0.000000E+0	3.034210E+5
2.240000E-3	0.000000E+0	3.027260E+5
2.260000E-3	0.000000E+0	3.030600E+5
2.280000E-3	0.000000E+0	3.031330E+5
2.300000E-3	0.000000E+0	3.030870E+5
2.320000E-3	0.000000E+0	3.023990E+5
2.340000E-3	0.000000E+0	3.027260E+5
2.360000E-3	0.000000E+0	3.030940E+5
2.380000E-3	0.000000E+0	3.031630E+5
2.400000E-3	0.000000E+0	3.018490E+5
2.420000E-3	0.000000E+0	3.028500E+5
2.440000E-3	0.000000E+0	3.018520E+5
2.460000E-3	0.000000E+0	3.024650E+5
2.480000E-3	0.000000E+0	3.043310E+5
2.500000E-3	0.000000E+0	3.027710E+5
2.520000E-3	0.000000E+0	3.034070E+5
2.540000E-3	0.000000E+0	3.023760E+5
2.560000E-3	0.000000E+0	3.028830E+5
2.580000E-3	0.000000E+0	3.021040E+5
2.600000E-3	0.000000E+0	3.034980E+5
2.620000E-3	0.000000E+0	3.019730E+5
2.640000E-3	0.000000E+0	3.018080E+5
2.660000E-3	0.000000E+0	3.033300E+5
2.680000E-3	0.000000E+0	3.026000E+5
2.700000E-3	0.000000E+0	3.029820E+5
2.720000E-3	0.000000E+0	3.021680E+5
2.740000E-3	0.000000E+0	3.034330E+5
2.760000E-3	0.000000E+0	3.027910E+5
2.780000E-3	0.000000E+0	3.030790E+5
2.800000E-3	0.000000E+0	3.025200E+5
2.820000E-3	0.000000E+0	3.026300E+5
2.840000E-3	0.000000E+0	3.021150E+5
2.860000E-3	0.000000E+0	3.033980E+5
2.880000E-3	0.000000E+0	3.030010E+5
2.900000E-3	0.000000E+0	3.032620E+5
2.920000E-3	0.000000E+0	3.019060E+5
2.940000E-3	0.000000E+0	3.029730E+5
2.960000E-3	0.000000E+0	3.033800E+5
2.980000E-3	0.000000E+0	3.018920E+5
3.000000E-3	0.000000E+0	3.030580E+5
3.020000E-3	0.000000E+0	3.027460E+5
3.040000E-3	0.000000E+0	3.032700E+5
3.060000E-3	0.000000E+0	3.045600E+5
3.080000E-3	0.000000E+0	3.030600E+5
3.100000E-3	0.000000E+0	3.020820E+5
3.120000E-3	0.000000E+0	3.031740E+5
3.140000E-3	0.000000E+0	3.030170E+5
3.160000E-3	0.000000E+0	3.027060E+5
3.180000E-3	0.000000E+0	3.034150E+5
3.200000E-3	0.000000E+0	3.031430E+5
3.220000E-3	0.000000E+0	3.033980E+5
3.240000E-3	0.000000E+0	3.030380E+5
3.260000E-3	0.000000E+0	3.031820E+5
3.280000E-3	0.000000E+0	3.028850E+5
3.300000E-3	0.000000E+0	3.022740E+5
3.320000E-3	0.000000E+0	3.025140E+5
3.340000E-3	0.000000E+0	3.026030E+5
3.360000E-3	0.000000E+0	3.022700E+5
3.380000E-3	0.000000E+0	3.027060E+5
3.400000E-3	0.000000E+0	3.029540E+5
3.420000E-3	0.000000E+0	3.036050E+5
3.440000E-3	0.000000E+0	3.022500E+5
3.460000E-3	0.000000E+0	3.033010E+5
3.480000E-3	0.000000E+0	3.026590E+5
3.500000E-3	0.000000E+0	3.035090E+5
3.520000E-3	0.000000E+0	3.024210E+5
3.540000E-3	0.000000E+0	3.026160E+5
3.560000E-3	0.000000E+0	3.028170E+5
3.580000E-3	0.000000E+0	3.021300E+5
3.600000E-3	0.000000E+0	3.022730E+5
3.620000E-3	0.000000E+0	3.017510E+5
3.640000E-3	0.000000E+0	3.032080E+5
3.660000E-3	0.000000E+0	3.027290E+5
3.680000E-3	0.000000E+0	3.025820E+5
3.700000E-3	0.000000E+0	3.021980E+5
3.720000E-3	0.000000E+0	3.029160E+5
3.740000E-3	0.000000E+0	3.025460E+5
3.760000E-3	0.000000E+0	3.025860E+5
3.780000E-3	0.000000E+0	3.026630E+5
3.800000E-3	0.000000E+0	3.023430E+5
3.820000E-3	0.000000E+0	3.021210E+5
3.840000E-3	0.000000E+0	3.025350E+5
3.860000E-3	0.000000E+0	3.025280E+5
3.880000E-3	0.000000E+0	3.021880E+5
3.900000E-3	0.000000E+0	3.028950E+5
3.920000E-3	0.000000E+0	3.037740E+5
3.940000E-3	0.000000E+0	3.035390E+5
3.960000E-3	0.000000E+0	3.033390E+5
3.980000E-3	0.000000E+0	3.022580E+5
4.000000E-3	0.000000E+0	3.027370E+5
4.020000E-3	0.000000E+0	3.031320E+5
4.040000E-3	0.000000E+0	3.023350E+5
4.060000E-3	0.000000E+0	3.030410E+5
4.080000E-3	0.000000E+0	3.028290E+5
4.100000E-3	0.000000E+0	3.029330E+5
4.120000E-3	0.000000E+0	3.028120E+5
4.140000E-3	0.000000E+0	3.020800E+5
4.160000E-3	0.000000E+0	3.033850E+5
4.180000E-3	0.000000E+0	3.023710E+5
4.200000E-3	0.000000E+0	3.024970E+5
4.220000E-3	0.000000E+0	3.026730E+5
4.240000E-3	0.000000E+0	3.029680E+5
4.260000E-3	0.000000E+0	3.020070E+5
4.280000E-3	0.000000E+0	3.031080E+5
4.300000E-3	0.000000E+0	3.025050E+5
4.320000E-3	0.000000E+0	3.022750E+5
4.340000E-3	0.000000E+0	3.021040E+5
4.360000E-3	0.000000E+0	3.027560E+5
4.380000E-3	0.000000E+0	3.017700E+5
4.400000E-3	0.000000E+0	3.028610E+5
4.420000E-3	0.000000E+0	3.025650E+5
4.440000E-3	0.000000E+0	3.027340E+5
4.460000E-3	0.000000E+0	3.023310E+5
4.480000E-3	0.000000E+0	3.019480E+5
4.500000E-3	0.000000E+0	3.025080E+5
4.520000E-3	0.000000E+0	3.020920E+5
4.540000E-3	0.000000E+0	3.024050E+5
4.560000E-3	0.000000E+0	3.017760E+5
4.580000E-3	0.000000E+0	3.022730E+5
4.600000E-3	0.000000E+0	3.024330E+5
4.620000E-3	0.000000E+0	3.020560E+5
4.640000E-3	0.000000E+0	3.028330E+5
4.660000E-3	0.000000E+0	3.021940E+5
4.680000E-3	0.000000E+0	3.023740E+5
4.700000E-3	0.000000E+0	3.028330E+5
4.720000E-3	0.000000E+0	3.030440E+5
4.740000E-3	0.000000E+0	3.016330E+5
4.760000E-3	0.000000E+0	3.030570E+5
4.780000E-3	0.000000E+0	3.017770E+5
4.800000E-3	0.000000E+0	3.023520E+5
4.820000E-3	0.000000E+0	3.021990E+5
4.840000E-3	0.000000E+0	3.023360E+5
4.860000E-3	0.000000E+0	3.011790E+5
4.880000E-3	0.000000E+0	3.006240E+5
4.900000E-3	0.000000E+0	3.008690E+5
4.920000E-3	0.000000E+0	2.988520E+5
4.940000E-3	0.000000E+0	2.982720E+5
4.960000E-3	0.000000E+0	2.983090E+5
4.980000E-3	0.000000E+0	2.983160E+5
5.000000E-3	0.000000E+0	2.971880E+5
5.020000E-3	0.000000E+0	2.970860E+5
5.040000E-3	0.000000E+0	2.958050E+5
5.060000E-3	0.000000E+0	2.945350E+5
5.080000E-3	0.000000E+0	2.938480E+5
5.100000E-3	0.000000E+0	2.938610E+5
5.120000E-3	0.000000E+0	2.938190E+5
5.140000E-3	0.000000E+0	2.948210E+5
5.160000E-3	0.000000E+0	2.957440E+5
5.180000E-3	0.000000E+0	2.968780E+5
5.200000E-3	0.000000E+0	2.973710E+5
5.220000E-3	0.000000E+0	2.985190E+5
5.240000E-3	0.000000E+0	2.987120E+5
5.260000E-3	0.000000E+0	3.007930E+5
5.280000E-3	0.000000E+0	2.993030E+5
5.300000E-3	0.000000E+0	3.011600E+5
5.320000E-3	0.000000E+0	3.018220E+5
5.340000E-3	0.000000E+0	3.019410E+5
5.360000E-3	0.000000E+0	3.029060E+5
5.380000E-3	0.000000E+0	3.016620E+5
5.400000E-3	0.000000E+0	3.029630E+5
5.420000E-3	0.000000E+0	3.021590E+5
5.440000E-3	0.000000E+0	3.015530E+5
5.460000E-3	0.000000E+0	3.013700E+5
5.480000E-3	0.000000E+0	3.014420E+5
5.500000E-3	0.000000E+0	3.015640E+5
5.520000E-3	0.000000E+0	3.010190E+5
5.540000E-3	0.000000E+0	3.006880E+5
5.560000E-3	0.000000E+0	2.997040E+5
5.580000E-3	0.000000E+0	2.992840E+5
5.600000E-3	0.000000E+0	2.978370E+5
5.620000E-3	0.000000E+0	2.973030E+5
5.640000E-3	0.000000E+0	2.982410E+5
5.660000E-3	0.000000E+0	2.975740E+5
5.680000E-3	0.000000E+0	2.975190E+5
5.700000E-3	0.000000E+0	2.957150E+5
5.720000E-3	0.000000E+0	2.949680E+5
5.740000E-3	0.000000E+0	2.945360E+5
5.760000E-3	0.000000E+0	2.947340E+5
5.780000E-3	0.000000E+0	2.954290E+5
5.800000E-3	0.000000E+0	2.955760E+5
5.820000E-3	0.000000E+0	2.969030E+5
5.840000E-3	0.000000E+0	2.977780E+5
5.860000E-3	0.000000E+0	2.980600E+5
5.880000E-3	0.000000E+0	2.996150E+5
5.900000E-3	0.000000E+0	3.007120E+5
5.920000E-3	0.000000E+0	3.013010E+5
5.940000E-3	0.000000E+0	3.004710E+5
5.960000E-3	0.000000E+0	3.013200E+5
5.980000E-3	0.000000E+0	3.023200E+5
6.000000E-3	0.000000E+0	3.016950E+5
6.020000E-3	0.000000E+0	3.025250E+5
6.040000E-3	0.000000E+0	3.026640E+5
6.060000E-3	0.000000E+0	3.023230E+5
6.080000E-3	0.000000E+0	3.026190E+5
6.100000E-3	0.000000E+0	3.020620E+5
6.120000E-3	0.000000E+0	3.027840E+5
6.140000E-3	0.000000E+0	3.023310E+5
6.160000E-3	0.000000E+0	3.021510E+5
6.180000E-3	0.000000E+0	3.030390E+5
6.200000E-3	0.000000E+0	3.022410E+5
6.220000E-3	0.000000E+0	3.027510E+5
6.240000E-3	0.000000E+0	3.021280E+5
6.260000E-3	0.000000E+0	3.021070E+5
6.280000E-3	0.000000E+0	3.035430E+5
6.300000E-3	0.000000E+0	3.027950E+5
6.320000E-3	0.000000E+0	3.025310E+5
6.340000E-3	0.000000E+0	3.028690E+5
6.360000E-3	0.000000E+0	3.018320E+5
6.380000E-3	0.000000E+0	3.031940E+5
6.400000E-3	0.000000E+0	3.022570E+5
6.420000E-3	0.000000E+0	3.022120E+5
6.440000E-3	0.000000E+0	3.036130E+5
6.460000E-3	0.000000E+0	3.024570E+5
6.480000E-3	0.000000E+0	3.026450E+5
6.500000E-3	0.000000E+0	3.024360E+5
6.520000E-3	0.000000E+0	3.034660E+5
6.540000E-3	0.000000E+0	3.019990E+5
6.560000E-3	0.000000E+0	3.032600E+5
6.580000E-3	0.000000E+0	3.025190E+5
6.600000E-3	0.000000E+0	3.031520E+5
6.620000E-3	0.000000E+0	3.024510E+5
6.640000E-3	0.000000E+0	3.022570E+5
6.660000E-3	0.000000E+0	3.018090E+5
6.680000E-3	0.000000E+0	3.024850E+5
6.700000E-3	0.000000E+0	3.033870E+5
6.720000E-3	0.000000E+0	3.028060E+5
6.740000E-3	0.000000E+0	3.029780E+5
6.760000E-3	0.000000E+0	3.032370E+5
6.780000E-3	0.000000E+0	3.020090E+5
6.800000E-3	0.000000E+0	3.031730E+5
6.820000E-3	0.000000E+0	3.027340E+5
6.840000E-3	0.000000E+0	3.026070E+5
6.860000E-3	0.000000E+0	3.028440E+5
6.880000E-3	0.000000E+0	3.029280E+5
6.900000E-3	0.000000E+0	3.018390E+5
6.920000E-3	0.000000E+0	3.026530E+5
6.940000E-3	0.000000E+0	3.022780E+5
6.960000E-3	0.000000E+0	3.012740E+5
6.980000E-3	0.000000E+0	3.023750E+5
7.000000E-3	0.000000E+0	3.022640E+5
7.020000E-3	0.000000E+0	3.026190E+5
7.040000E-3	0.000000E+0	3.029470E+5
7.060000E-3	0.000000E+0	3.027850E+5
7.080000E-3	0.000000E+0	3.028110E+5
7.100000E-3	0.000000E+0	3.024120E+5
7.120000E-3	0.000000E+0	3.026960E+5
7.140000E-3	0.000000E+0	3.027290E+5
7.160000E-3	0.000000E+0	3.034050E+5
7.180000E-3	0.000000E+0	3.019650E+5
7.200000E-3	0.000000E+0	3.031800E+5
7.220000E-3	0.000000E+0	3.031390E+5
7.240000E-3	0.000000E+0	3.029540E+5
7.260000E-3	0.000000E+0	3.025100E+5
7.280000E-3	0.000000E+0	3.022280E+5
7.300000E-3	0.000000E+0	3.022090E+5
7.320000E-3	0.000000E+0	3.033910E+5
7.340000E-3	0.000000E+0	3.032600E+5
7.360000E-3	0.000000E+0	3.024430E+5
7.380000E-3	0.000000E+0	3.032020E+5
7.400000E-3	0.000000E+0	3.024540E+5
7.420000E-3	0.000000E+0	3.026030E+5
7.440000E-3	0.000000E+0	3.026040E+5
7.460000E-3	0.000000E+0	3.033830E+5
7.480000E-3	0.000000E+0	3.024310E+5
7.500000E-3	0.000000E+0	3.029020E+5
7.520000E-3	0.000000E+0	3.035450E+5
7.540000E-3	0.000000E+0	3.029310E+5
7.560000E-3	0.000000E+0	3.035120E+5
7.580000E-3	0.000000E+0	3.027310E+5
7.600000E-3	0.000000E+0	3.025540E+5
7.620000E-3	0.000000E+0	3.033150E+5
7.640000E-3	0.000000E+0	3.036870E+5
7.660000E-3	0.000000E+0	3.024630E+5
7.680000E-3	0.000000E+0	3.020320E+5
7.700000E-3	0.000000E+0	3.023300E+5
7.720000E-3	0.000000E+0	3.027670E+5
7.740000E-3	0.000000E+0	3.024640E+5
7.760000E-3	0.000000E+0	3.018550E+5
7.780000E-3	0.000000E+0	3.036380E+5
7.800000E-3	0.000000E+0	3.028160E+5
7.820000E-3	0.000000E+0	3.027560E+5
7.840000E-3	0.000000E+0	3.034810E+5
7.860000E-3	0.000000E+0	3.027850E+5
7.880000E-3	0.000000E+0	3.028910E+5
7.900000E-3	0.000000E+0	3.027330E+5
7.920000E-3	0.000000E+0	3.021050E+5
7.940000E-3	0.000000E+0	3.037420E+5
7.960000E-3	0.000000E+0	3.034710E+5
7.980000E-3	0.000000E+0	3.036730E+5
8.000000E-3	0.000000E+0	3.034620E+5
8.020000E-3	0.000000E+0	3.032240E+5
8.040000E-3	0.000000E+0	3.013470E+5
8.060000E-3	0.000000E+0	3.028940E+5
8.080000E-3	0.000000E+0	3.027860E+5
8.100000E-3	0.000000E+0	3.028150E+5
8.120000E-3	0.000000E+0	3.029190E+5
8.140000E-3	0.000000E+0	3.023310E+5
8.160000E-3	0.000000E+0	3.026030E+5
8.180000E-3	0.000000E+0	3.024160E+5
8.200000E-3	0.000000E+0	3.031220E+5
8.220000E-3	0.000000E+0	3.023620E+5
8.240000E-3	0.000000E+0	3.028200E+5
8.260000E-3	0.000000E+0	3.044710E+5
8.280000E-3	0.000000E+0	3.022960E+5
8.300000E-3	0.000000E+0	3.027280E+5
8.320000E-3	0.000000E+0	3.028750E+5
8.340000E-3	0.000000E+0	3.028060E+5
8.360000E-3	0.000000E+0	3.025690E+5
8.380000E-3	0.000000E+0	3.012280E+5
8.400000E-3	0.000000E+0	3.022630E+5
8.420000E-3	0.000000E+0	3.029280E+5
8.440000E-3	0.000000E+0	3.031190E+5
8.460000E-3	0.000000E+0	3.033830E+5
8.480000E-3	0.000000E+0	3.038440E+5
8.500000E-3	0.000000E+0	3.014630E+5
8.520000E-3	0.000000E+0	3.030980E+5
8.540000E-3	0.000000E+0	3.028730E+5
8.560000E-3	0.000000E+0	3.031460E+5
8.580000E-3	0.000000E+0	3.041010E+5
8.600000E-3	0.000000E+0	3.019360E+5
8.620000E-3	0.000000E+0	3.036610E+5
8.640000E-3	0.000000E+0	3.024610E+5
8.660000E-3	0.000000E+0	3.023730E+5
8.680000E-3	0.000000E+0	3.029210E+5
8.700000E-3	0.000000E+0	3.016530E+5
8.720000E-3	0.000000E+0	3.029750E+5
8.740000E-3	0.000000E+0	3.020140E+5
8.760000E-3	0.000000E+0	3.025290E+5
8.780000E-3	0.000000E+0	3.030100E+5
8.800000E-3	0.000000E+0	3.036550E+5
8.820000E-3	0.000000E+0	3.031230E+5
8.840000E-3	0.000000E+0	3.021950E+5
8.860000E-3	0.000000E+0	3.041400E+5
8.880000E-3	0.000000E+0	3.024420E+5
8.900000E-3	0.000000E+0	3.030440E+5
8.920000E-3	0.000000E+0	3.019830E+5
8.940000E-3	0.000000E+0	3.022100E+5
8.960000E-3	0.000000E+0	3.034760E+5
8.980000E-3	0.000000E+0	3.023750E+5
9.000000E-3	0.000000E+0	3.022980E+5
9.020000E-3	0.000000E+0	3.018290E+5
9.040000E-3	0.000000E+0	3.027920E+5
9.060000E-3	0.000000E+0	3.043500E+5
9.080000E-3	0.000000E+0	3.029050E+5
9.100000E-3	0.000000E+0	3.034170E+5
9.120000E-3	0.000000E+0	3.025050E+5
9.140000E-3	0.000000E+0	3.027490E+5
9.160000E-3	0.000000E+0	3.037700E+5
9.180000E-3	0.000000E+0	3.021740E+5
9.200000E-3	0.000000E+0	3.024180E+5
9.220000E-3	0.000000E+0	3.029660E+5
9.240000E-3	0.000000E+0	3.034880E+5
9.260000E-3	0.000000E+0	3.033050E+5
9.280000E-3	0.000000E+0	3.037270E+5
9.300000E-3	0.000000E+0	3.031410E+5
9.320000E-3	0.000000E+0	3.024690E+5
9.340000E-3	0.000000E+0	3.029840E+5
9.360000E-3	0.000000E+0	3.024160E+5
9.380000E-3	0.000000E+0	3.033270E+5
9.400000E-3	0.000000E+0	3.036380E+5
9.420000E-3	0.000000E+0	3.036160E+5
9.440000E-3	0.000000E+0	3.027630E+5
9.460000E-3	0.000000E+0	3.039270E+5
9.480000E-3	0.000000E+0	3.027580E+5
9.500000E-3	0.000000E+0	3.020410E+5
9.520000E-3	0.000000E+0	3.033620E+5
9.540000E-3	0.000000E+0	3.017710E+5
9.560000E-3	0.000000E+0	3.023470E+5
9.580000E-3	0.000000E+0	3.028300E+5
9.600000E-3	0.000000E+0	3.032980E+5
9.620000E-3	0.000000E+0	3.022340E+5
9.640000E-3	0.000000E+0	3.027570E+5
9.660000E-3	0.000000E+0	3.031440E+5
9.680000E-3	0.000000E+0	3.015140E+5
9.700000E-3	0.000000E+0	3.027640E+5
9.720000E-3	0.000000E+0	3.029520E+5
9.740000E-3	0.000000E+0	3.028640E+5
9.760000E-3	0.000000E+0	3.024890E+5
9.780000E-3	0.000000E+0	3.030290E+5
9.800000E-3	0.000000E+0	3.029330E+5
9.820000E-3	0.000000E+0	3.036030E+5
9.840000E-3	0.000000E+0	3.027960E+5
9.860000E-3	0.000000E+0	3.028270E+5
9.880000E-3	0.000000E+0	3.036410E+5
9.900000E-3	0.000000E+0	3.035760E+5
9.920000E-3	0.000000E+0	3.022730E+5
9.940000E-3	0.000000E+0	3.020050E+5
9.960000E-3	0.000000E+0	3.024810E+5
9.980000E-3	0.000000E+0	3.038400E+5
1.000000E-2	0.000000E+0	3.022350E+5
1.002000E-2	0.000000E+0	3.028920E+5
1.004000E-2	0.000000E+0	3.034320E+5
1.006000E-2	0.000000E+0	3.035570E+5
1.008000E-2	0.000000E+0	3.024320E+5
1.010000E-2	0.000000E+0	3.024040E+5
1.012000E-2	0.000000E+0	3.036120E+5
1.014000E-2	0.000000E+0	3.044750E+5
1.016000E-2	0.000000E+0	3.030840E+5
1.018000E-2	0.000000E+0	3.028130E+5
1.020000E-2	0.000000E+0	3.032580E+5
1.022000E-2	0.000000E+0	3.034640E+5
1.024000E-2	0.000000E+0	3.022500E+5
1.026000E-2	0.000000E+0	3.042280E+5
1.028000E-2	0.000000E+0	3.026710E+5
1.030000E-2	0.000000E+0	3.031010E+5
1.032000E-2	0.000000E+0	3.025300E+5
1.034000E-2	0.000000E+0	3.032800E+5
1.036000E-2	0.000000E+0	3.024550E+5
1.038000E-2	0.000000E+0	3.033350E+5
1.040000E-2	0.000000E+0	3.027180E+5
1.042000E-2	0.000000E+0	3.027950E+5
1.044000E-2	0.000000E+0	3.026020E+5
1.046000E-2	0.000000E+0	3.032590E+5
1.048000E-2	0.000000E+0	3.032770E+5
1.050000E-2	0.000000E+0	3.026900E+5
1.052000E-2	0.000000E+0	3.034140E+5
1.054000E-2	0.000000E+0	3.040220E+5
1.056000E-2	0.000000E+0	3.029130E+5
1.058000E-2	0.000000E+0	3.038010E+5
1.060000E-2	0.000000E+0	3.025770E+5
1.062000E-2	0.000000E+0	3.026360E+5
1.064000E-2	0.000000E+0	3.030780E+5
1.066000E-2	0.000000E+0	3.029600E+5
1.068000E-2	0.000000E+0	3.039370E+5
1.070000E-2	0.000000E+0	3.026290E+5
1.072000E-2	0.000000E+0	3.028400E+5
1.074000E-2	0.000000E+0	3.036490E+5
1.076000E-2	0.000000E+0	3.041110E+5
1.078000E-2	0.000000E+0	3.039190E+5
1.080000E-2	0.000000E+0	3.037600E+5
1.082000E-2	0.000000E+0	3.043500E+5
1.084000E-2	0.000000E+0	3.028860E+5
1.086000E-2	0.000000E+0	3.031330E+5
1.088000E-2	0.000000E+0	3.029470E+5
1.090000E-2	0.000000E+0	3.032570E+5
1.092000E-2	0.000000E+0	3.030450E+5
1.094000E-2	0.000000E+0	3.024230E+5
1.096000E-2	0.000000E+0	3.025400E+5
1.098000E-2	0.000000E+0	3.033790E+5
1.100000E-2	0.000000E+0	3.031500E+5
1.102000E-2	0.000000E+0	3.022600E+5
1.104000E-2	0.000000E+0	3.036430E+5
1.106000E-2	0.000000E+0	3.027970E+5
1.108000E-2	0.000000E+0	3.032500E+5
1.110000E-2	0.000000E+0	3.023140E+5
1.112000E-2	0.000000E+0	3.033550E+5
1.114000E-2	0.000000E+0	3.032330E+5
1.116000E-2	0.000000E+0	3.011710E+5
1.118000E-2	0.000000E+0	3.035840E+5
1.120000E-2	0.000000E+0	3.028260E+5
1.122000E-2	0.000000E+0	3.041730E+5
1.124000E-2	0.000000E+0	3.034490E+5
1.126000E-2	0.000000E+0	3.019890E+5
1.128000E-2	0.000000E+0	3.024630E+5
1.130000E-2	0.000000E+0	3.022750E+5
1.132000E-2	0.000000E+0	3.035620E+5
1.134000E-2	0.000000E+0	3.023850E+5
1.136000E-2	0.000000E+0	3.043070E+5
1.138000E-2	0.000000E+0	3.028360E+5
1.140000E-2	0.000000E+0	3.041540E+5
1.142000E-2	0.000000E+0	3.028020E+5
1.144000E-2	0.000000E+0	3.034560E+5
1.146000E-2	0.000000E+0	3.030040E+5
1.148000E-2	0.000000E+0	3.032680E+5
1.150000E-2	0.000000E+0	3.029220E+5
1.152000E-2	0.000000E+0	3.023950E+5
1.154000E-2	0.000000E+0	3.026310E+5
1.156000E-2	0.000000E+0	3.031610E+5
1.158000E-2	0.000000E+0	3.025330E+5
1.160000E-2	0.000000E+0	3.027750E+5
1.162000E-2	0.000000E+0	3.029100E+5
1.164000E-2	0.000000E+0	3.044130E+5
1.166000E-2	0.000000E+0	3.041750E+5
1.168000E-2	0.000000E+0	3.039510E+5
1.170000E-2	0.000000E+0	3.037660E+5
1.172000E-2	0.000000E+0	3.036450E+5
1.174000E-2	0.000000E+0	3.028580E+5
1.176000E-2	0.000000E+0	3.032930E+5
1.178000E-2	0.000000E+0	3.023240E+5
1.180000E-2	0.000000E+0	3.030900E+5
1.182000E-2	0.000000E+0	3.034210E+5
1.184000E-2	0.000000E+0	3.027420E+5
1.186000E-2	0.000000E+0	3.027260E+5
1.188000E-2	0.000000E+0	3.023090E+5
1.190000E-2	0.000000E+0	3.023780E+5
1.192000E-2	0.000000E+0	3.026940E+5
1.194000E-2	0.000000E+0	3.042070E+5
1.196000E-2	0.000000E+0	3.027190E+5
1.198000E-2	0.000000E+0	3.034190E+5
1.200000E-2	0.000000E+0	3.025960E+5
1.202000E-2	0.000000E+0	3.034310E+5
1.204000E-2	0.000000E+0	3.029000E+5
1.206000E-2	0.000000E+0	3.032280E+5
1.208000E-2	0.000000E+0	3.035970E+5
1.210000E-2	0.000000E+0	3.033940E+5
1.212000E-2	0.000000E+0	3.035120E+5
1.214000E-2	0.000000E+0	3.022890E+5
1.216000E-2	0.000000E+0	3.026400E+5
1.218000E-2	0.000000E+0	3.034810E+5
1.220000E-2	0.000000E+0	3.018760E+5
1.222000E-2	0.000000E+0	3.031650E+5
1.224000E-2	0.000000E+0	3.033570E+5
1.226000E-2	0.000000E+0	3.028080E+5
1.228000E-2	0.000000E+0	3.035620E+5
1.230000E-2	0.000000E+0	3.035870E+5
1.232000E-2	0.000000E+0	3.030770E+5
1.234000E-2	0.000000E+0	3.030520E+5
1.236000E-2	0.000000E+0	3.028950E+5
1.238000E-2	0.000000E+0	3.033680E+5
1.240000E-2	0.000000E+0	3.037360E+5
1.242000E-2	0.000000E+0	3.035600E+5
1.244000E-2	0.000000E+0	3.037930E+5
1.246000E-2	0.000000E+0	3.025010E+5
1.248000E-2	0.000000E+0	3.033860E+5
1.250000E-2	0.000000E+0	3.026140E+5
1.252000E-2	0.000000E+0	3.036770E+5
1.254000E-2	0.000000E+0	3.032440E+5
1.256000E-2	0.000000E+0	3.027950E+5
1.258000E-2	0.000000E+0	3.037330E+5
1.260000E-2	0.000000E+0	3.039780E+5
1.262000E-2	0.000000E+0	3.022700E+5
1.264000E-2	0.000000E+0	3.022250E+5
1.266000E-2	0.000000E+0	3.038670E+5
1.268000E-2	0.000000E+0	3.038050E+5
1.270000E-2	0.000000E+0	3.032340E+5
1.272000E-2	0.000000E+0	3.034160E+5
1.274000E-2	0.000000E+0	3.033510E+5
1.276000E-2	0.000000E+0	3.036560E+5
1.278000E-2	0.000000E+0	3.025160E+5
1.280000E-2	0.000000E+0	3.025790E+5
1.282000E-2	0.000000E+0	3.027640E+5
1.284000E-2	0.000000E+0	3.030110E+5
1.286000E-2	0.000000E+0	3.037360E+5
1.288000E-2	0.000000E+0	3.035960E+5
1.290000E-2	0.000000E+0	3.030930E+5
1.292000E-2	0.000000E+0	3.030380E+5
1.294000E-2	0.000000E+0	3.022450E+5
1.296000E-2	0.000000E+0	3.031320E+5
1.298000E-2	0.000000E+0	3.029970E+5
1.300000E-2	0.000000E+0	3.032970E+5
1.302000E-2	0.000000E+0	3.033660E+5
1.304000E-2	0.000000E+0	3.030400E+5
1.306000E-2	0.000000E+0	3.029210E+5
1.308000E-2	0.000000E+0	3.037730E+5
1.310000E-2	0.000000E+0	3.035720E+5
1.312000E-2	0.000000E+0	3.036110E+5
1.314000E-2	0.000000E+0	3.038670E+5
1.316000E-2	0.000000E+0	3.033000E+5
1.318000E-2	0.000000E+0	3.025330E+5
1.320000E-2	0.000000E+0	3.035380E+5
1.322000E-2	0.000000E+0	3.036260E+5
1.324000E-2	0.000000E+0	3.026870E+5
1.326000E-2	0.000000E+0	3.043240E+5
1.328000E-2	0.000000E+0	3.034440E+5
1.330000E-2	0.000000E+0	3.025290E+5
1.332000E-2	0.000000E+0	3.027710E+5
1.334000E-2	0.000000E+0	3.030030E+5
1.336000E-2	0.000000E+0	3.033920E+5
1.338000E-2	0.000000E+0	3.030890E+5
1.340000E-2	0.000000E+0	3.022310E+5
1.342000E-2	0.000000E+0	3.025060E+5
1.344000E-2	0.000000E+0	3.023980E+5
1.346000E-2	0.000000E+0	3.018570E+5
1.348000E-2	0.000000E+0	3.036830E+5
1.350000E-2	0.000000E+0	3.030100E+5
1.352000E-2	0.000000E+0	3.040970E+5
1.354000E-2	0.000000E+0	3.035280E+5
1.356000E-2	0.000000E+0	3.034970E+5
1.358000E-2	0.000000E+0	3.031620E+5
1.360000E-2	0.000000E+0	3.027690E+5
1.362000E-2	0.000000E+0	3.035270E+5
1.364000E-2	0.000000E+0	3.023600E+5
1.366000E-2	0.000000E+0	3.029470E+5
1.368000E-2	0.000000E+0	3.031990E+5
1.370000E-2	0.000000E+0	3.032930E+5
1.372000E-2	0.000000E+0	3.029740E+5
1.374000E-2	0.000000E+0	3.026120E+5
1.376000E-2	0.000000E+0	3.022030E+5
1.378000E-2	0.000000E+0	3.023360E+5
1.380000E-2	0.000000E+0	3.027770E+5
1.382000E-2	0.000000E+0	3.021390E+5
1.384000E-2	0.000000E+0	3.027540E+5
1.386000E-2	0.000000E+0	3.025470E+5
1.388000E-2	0.000000E+0	3.027380E+5
1.390000E-2	0.000000E+0	3.034440E+5
1.392000E-2	0.000000E+0	3.041800E+5
1.394000E-2	0.000000E+0	3.034670E+5
1.396000E-2	0.000000E+0	3.032210E+5
1.398000E-2	0.000000E+0	3.035270E+5
1.400000E-2	0.000000E+0	3.042200E+5
1.402000E-2	0.000000E+0	3.022150E+5
1.404000E-2	0.000000E+0	3.042530E+5
1.406000E-2	0.000000E+0	3.031480E+5
1.408000E-2	0.000000E+0	3.026610E+5
1.410000E-2	0.000000E+0	3.028000E+5
1.412000E-2	0.000000E+0	3.031120E+5
1.414000E-2	0.000000E+0	3.026900E+5
1.416000E-2	0.000000E+0	3.027300E+5
1.418000E-2	0.000000E+0	3.028240E+5
1.420000E-2	0.000000E+0	3.030610E+5
1.422000E-2	0.000000E+0	3.031650E+5
1.424000E-2	0.000000E+0	3.019320E+5
1.426000E-2	0.000000E+0	3.019360E+5
1.428000E-2	0.000000E+0	3.028680E+5
1.430000E-2	0.000000E+0	3.027650E+5
1.432000E-2	0.000000E+0	3.036170E+5
1.434000E-2	0.000000E+0	3.023500E+5
1.436000E-2	0.000000E+0	3.031190E+5
1.438000E-2	0.000000E+0	3.028880E+5
1.440000E-2	0.000000E+0	3.041160E+5
1.442000E-2	0.000000E+0	3.028690E+5
1.444000E-2	0.000000E+0	3.020940E+5
1.446000E-2	0.000000E+0	3.032620E+5
1.448000E-2	0.000000E+0	3.032040E+5
1.450000E-2	0.000000E+0	3.025410E+5
1.452000E-2	0.000000E+0	3.030010E+5
1.454000E-2	0.000000E+0	3.028360E+5
1.456000E-2	0.000000E+0	3.033830E+5
1.458000E-2	0.000000E+0	3.022620E+5
1.460000E-2	0.000000E+0	3.038360E+5
1.462000E-2	0.000000E+0	3.020560E+5
1.464000E-2	0.000000E+0	3.034150E+5
1.466000E-2	0.000000E+0	3.028510E+5
1.468000E-2	0.000000E+0	3.038850E+5
1.470000E-2	0.000000E+0	3.026930E+5
1.472000E-2	0.000000E+0	3.027340E+5
1.474000E-2	0.000000E+0	3.026020E+5
1.476000E-2	0.000000E+0	3.039610E+5
1.478000E-2	0.000000E+0	3.037040E+5
1.480000E-2	0.000000E+0	3.026760E+5
1.482000E-2	0.000000E+0	3.022920E+5
1.484000E-2	0.000000E+0	3.033760E+5
1.486000E-2	0.000000E+0	3.028210E+5
1.488000E-2	0.000000E+0	3.027640E+5
1.490000E-2	0.000000E+0	3.022480E+5
1.492000E-2	0.000000E+0	3.018590E+5
1.494000E-2	0.000000E+0	2.999940E+5
1.496000E-2	0.000000E+0	2.994860E+5
1.498000E-2	0.000000E+0	2.993790E+5
1.500000E-2	0.000000E+0	2.986600E+5
1.502000E-2	0.000000E+0	2.982680E+5
1.504000E-2	0.000000E+0	2.978160E+5
1.506000E-2	0.000000E+0	2.980940E+5
1.508000E-2	0.000000E+0	2.969960E+5
1.510000E-2	0.000000E+0	2.958400E+5
1.512000E-2	0.000000E+0	2.946430E+5
1.514000E-2	0.000000E+0	2.947900E+5
1.516000E-2	0.000000E+0	2.947290E+5
1.518000E-2	0.000000E+0	2.957530E+5
1.520000E-2	0.000000E+0	2.966790E+5
1.522000E-2	0.000000E+0	2.974600E+5
1.524000E-2	0.000000E+0	2.996550E+5
1.526000E-2	0.000000E+0	2.999310E+5
1.528000E-2	0.000000E+0	3.013690E+5
1.530000E-2	0.000000E+0	3.007910E+5
1.532000E-2	0.000000E+0	3.014890E+5
1.534000E-2	0.000000E+0	3.016210E+5
1.536000E-2	0.000000E+0	3.016440E+5
1.538000E-2	0.000000E+0	3.027570E+5
1.540000E-2	0.000000E+0	3.024740E+5
1.542000E-2	0.000000E+0	3.025190E+5
1.544000E-2	0.000000E+0	3.020120E+5
1.546000E-2	0.000000E+0	3.020000E+5
1.548000E-2	0.000000E+0	3.022770E+5
1.550000E-2	0.000000E+0	3.015310E+5
1.552000E-2	0.000000E+0	3.029600E+5
1.554000E-2	0.000000E+0	3.021990E+5
1.556000E-2	0.000000E+0	3.005660E+5
1.558000E-2	0.000000E+0	3.001440E+5
1.560000E-2	0.000000E+0	3.002000E+5
1.562000E-2	0.000000E+0	2.992210E+5
1.564000E-2	0.000000E+0	2.983470E+5
1.566000E-2	0.000000E+0	2.976260E+5
1.568000E-2	0.000000E+0	2.972400E+5
1.570000E-2	0.000000E+0	2.971400E+5
1.572000E-2	0.000000E+0	2.962770E+5
1.574000E-2	0.000000E+0	2.960720E+5
1.576000E-2	0.000000E+0	2.956160E+5
1.578000E-2	0.000000E+0	2.931190E+5
1.580000E-2	0.000000E+0	2.946940E+5
1.582000E-2	0.000000E+0	2.953830E+5
1.584000E-2	0.000000E+0	2.959460E+5
1.586000E-2	0.000000E+0	2.971600E+5
1.588000E-2	0.000000E+0	2.987470E+5
1.590000E-2	0.000000E+0	2.990240E+5
1.592000E-2	0.000000E+0	3.001560E+5
1.594000E-2	0.000000E+0	3.001550E+5
1.596000E-2	0.000000E+0	3.010540E+5
1.598000E-2	0.000000E+0	3.023640E+5
1.600000E-2	0.000000E+0	3.032160E+5
1.602000E-2	0.000000E+0	3.025410E+5
1.604000E-2	0.000000E+0	3.021060E+5
1.606000E-2	0.000000E+0	3.020160E+5
1.608000E-2	0.000000E+0	3.025070E+5
1.610000E-2	0.000000E+0	3.025700E+5
1.612000E-2	0.000000E+0	3.029080E+5
1.614000E-2	0.000000E+0	3.032000E+5
1.616000E-2	0.000000E+0	3.034380E+5
1.618000E-2	0.000000E+0	3.027600E+5
1.620000E-2	0.000000E+0	3.028990E+5
1.622000E-2	0.000000E+0	3.029410E+5
1.624000E-2	0.000000E+0	3.026560E+5
1.626000E-2	0.000000E+0	3.030930E+5
1.628000E-2	0.000000E+0	3.039170E+5
1.630000E-2	0.000000E+0	3.028570E+5
1.632000E-2	0.000000E+0	3.029470E+5
1.634000E-2	0.000000E+0	3.034740E+5
1.636000E-2	0.000000E+0	3.038490E+5
1.638000E-2	0.000000E+0	3.029920E+5
1.640000E-2	0.000000E+0	3.028500E+5
1.642000E-2	0.000000E+0	3.027440E+5
1.644000E-2	0.000000E+0	3.025380E+5
1.646000E-2	0.000000E+0	3.029830E+5
1.648000E-2	0.000000E+0	3.019150E+5
1.650000E-2	0.000000E+0	3.029960E+5
1.652000E-2	0.000000E+0	3.033940E+5
1.654000E-2	0.000000E+0	3.030730E+5
1.656000E-2	0.000000E+0	3.027280E+5
1.658000E-2	0.000000E+0	3.031210E+5
1.660000E-2	0.000000E+0	3.033710E+5
1.662000E-2	0.000000E+0	3.029480E+5
1.664000E-2	0.000000E+0	3.029370E+5
1.666000E-2	0.000000E+0	3.031220E+5
1.668000E-2	0.000000E+0	3.022410E+5
1.670000E-2	0.000000E+0	3.027680E+5
1.672000E-2	0.000000E+0	3.037580E+5
1.674000E-2	0.000000E+0	3.024640E+5
1.676000E-2	0.000000E+0	3.026990E+5
1.678000E-2	0.000000E+0	3.023230E+5
1.680000E-2	0.000000E+0	3.031260E+5
1.682000E-2	0.000000E+0	3.026710E+5
1.684000E-2	0.000000E+0	3.034050E+5
1.686000E-2	0.000000E+0	3.039100E+5
1.688000E-2	0.000000E+0	3.026840E+5
1.690000E-2	0.000000E+0	3.029630E+5
1.692000E-2	0.000000E+0	3.028810E+5
1.694000E-2	0.000000E+0	3.024800E+5
1.696000E-2	0.000000E+0	3.020210E+5
1.698000E-2	0.000000E+0	3.023300E+5
1.700000E-2	0.000000E+0	3.025810E+5
1.702000E-2	0.000000E+0	3.031780E+5
1.704000E-2	0.000000E+0	3.038430E+5
1.706000E-2	0.000000E+0	3.044120E+5
1.708000E-2	0.000000E+0	3.027940E+5
1.710000E-2	0.000000E+0	3.028900E+5
1.712000E-2	0.000000E+0	3.028030E+5
1.714000E-2	0.000000E+0	3.028360E+5
1.716000E-2	0.000000E+0	3.031110E+5
1.718000E-2	0.000000E+0	3.026870E+5
1.720000E-2	0.000000E+0	3.037330E+5
1.722000E-2	0.000000E+0	3.035390E+5
1.724000E-2	0.000000E+0	3.023260E+5
1.726000E-2	0.000000E+0	3.025690E+5
1.728000E-2	0.000000E+0	3.028620E+5
1.730000E-2	0.000000E+0	3.028690E+5
1.732000E-2	0.000000E+0	3.023000E+5
1.734000E-2	0.000000E+0	3.025800E+5
1.736000E-2	0.000000E+0	3.039240E+5
1.738000E-2	0.000000E+0	3.038140E+5
1.740000E-2	0.000000E+0	3.028510E+5
1.742000E-2	0.000000E+0	3.016420E+5
1.744000E-2	0.000000E+0	3.030150E+5
1.746000E-2	0.000000E+0	3.027640E+5
1.748000E-2	0.000000E+0	3.030570E+5
1.750000E-2	0.000000E+0	3.028890E+5
1.752000E-2	0.000000E+0	3.033610E+5
1.754000E-2	0.000000E+0	3.016930E+5
1.756000E-2	0.000000E+0	3.025550E+5
1.758000E-2	0.000000E+0	3.037810E+5
1.760000E-2	0.000000E+0	3.031300E+5
1.762000E-2	0.000000E+0	3.031970E+5
1.764000E-2	0.000000E+0	3.038500E+5
1.766000E-2	0.000000E+0	3.031150E+5
1.768000E-2	0.000000E+0	3.034790E+5
1.770000E-2	0.000000E+0	3.029310E+5
1.772000E-2	0.000000E+0	3.043130E+5
1.774000E-2	0.000000E+0	3.028820E+5
1.776000E-2	0.000000E+0	3.026300E+5
1.778000E-2	0.000000E+0	3.035320E+5
1.780000E-2	0.000000E+0	3.027540E+5
1.782000E-2	0.000000E+0	3.032770E+5
1.784000E-2	0.000000E+0	3.025590E+5
1.786000E-2	0.000000E+0	3.029510E+5
1.788000E-2	0.000000E+0	3.027240E+5
1.790000E-2	0.000000E+0	3.031800E+5
1.792000E-2	0.000000E+0	3.020670E+5
1.794000E-2	0.000000E+0	3.036600E+5
1.796000E-2	0.000000E+0	3.031270E+5
1.798000E-2	0.000000E+0	3.034940E+5
1.800000E-2	0.000000E+0	3.023210E+5
1.802000E-2	0.000000E+0	3.027730E+5
1.804000E-2	0.000000E+0	3.026210E+5
1.806000E-2	0.000000E+0	3.030720E+5
1.808000E-2	0.000000E+0	3.025360E+5
1.810000E-2	0.000000E+0	3.037830E+5
1.812000E-2	0.000000E+0	3.037480E+5
1.814000E-2	0.000000E+0	3.036560E+5
1.816000E-2	0.000000E+0	3.035870E+5
1.818000E-2	0.000000E+0	3.024700E+5
1.820000E-2	0.000000E+0	3.041190E+5
1.822000E-2	0.000000E+0	3.020950E+5
1.824000E-2	0.000000E+0	3.033900E+5
1.826000E-2	0.000000E+0	3.031920E+5
1.828000E-2	0.000000E+0	3.029410E+5
1.830000E-2	0.000000E+0	3.026220E+5
1.832000E-2	0.000000E+0	3.030860E+5
1.834000E-2	0.000000E+0	3.022060E+5
1.836000E-2	0.000000E+0	3.036160E+5
1.838000E-2	0.000000E+0	3.027840E+5
1.840000E-2	0.000000E+0	3.026560E+5
1.842000E-2	0.000000E+0	3.028810E+5
1.844000E-2	0.000000E+0	3.027900E+5
1.846000E-2	0.000000E+0	3.021620E+5
1.848000E-2	0.000000E+0	3.036460E+5
1.850000E-2	0.000000E+0	3.034650E+5
1.852000E-2	0.000000E+0	3.039880E+5
1.854000E-2	0.000000E+0	3.038460E+5
1.856000E-2	0.000000E+0	3.024470E+5
1.858000E-2	0.000000E+0	3.030890E+5
1.860000E-2	0.000000E+0	3.037950E+5
1.862000E-2	0.000000E+0	3.027910E+5
1.864000E-2	0.000000E+0	3.022040E+5
1.866000E-2	0.000000E+0	3.029650E+5
1.868000E-2	0.000000E+0	3.024230E+5
1.870000E-2	0.000000E+0	3.028460E+5
1.872000E-2	0.000000E+0	3.038730E+5
1.874000E-2	0.000000E+0	3.022820E+5
1.876000E-2	0.000000E+0	3.028170E+5
1.878000E-2	0.000000E+0	3.030190E+5
1.880000E-2	0.000000E+0	3.028400E+5
1.882000E-2	0.000000E+0	3.028070E+5
1.884000E-2	0.000000E+0	3.032660E+5
1.886000E-2	0.000000E+0	3.032150E+5
1.888000E-2	0.000000E+0	3.025770E+5
1.890000E-2	0.000000E+0	3.026180E+5
1.892000E-2	0.000000E+0	3.041560E+5
1.894000E-2	0.000000E+0	3.031220E+5
1.896000E-2	0.000000E+0	3.032810E+5
1.898000E-2	0.000000E+0	3.029510E+5
1.900000E-2	0.000000E+0	3.027270E+5
1.902000E-2	0.000000E+0	3.023540E+5
1.904000E-2	0.000000E+0	3.035160E+5
1.906000E-2	0.000000E+0	3.034100E+5
1.908000E-2	0.000000E+0	3.029930E+5
1.910000E-2	0.000000E+0	3.021860E+5
1.912000E-2	0.000000E+0	3.029370E+5
1.914000E-2	0.000000E+0	3.029080E+5
1.916000E-2	0.000000E+0	3.023150E+5
1.918000E-2	0.000000E+0	3.027350E+5
1.920000E-2	0.000000E+0	3.033010E+5
1.922000E-2	0.000000E+0	3.028110E+5
1.924000E-2	0.000000E+0	3.030720E+5
1.926000E-2	0.000000E+0	3.031600E+5
1.928000E-2	0.000000E+0	3.036950E+5
1.930000E-2	0.000000E+0	3.031940E+5
1.932000E-2	0.000000E+0	3.027030E+5
1.934000E-2	0.000000E+0	3.025820E+5
1.936000E-2	0.000000E+0	3.023720E+5
1.938000E-2	0.000000E+0	3.034890E+5
1.940000E-2	0.000000E+0	3.024370E+5
1.942000E-2	0.000000E+0	3.043370E+5
1.944000E-2	0.000000E+0	3.038110E+5
1.946000E-2	0.000000E+0	3.023110E+5
1.948000E-2	0.000000E+0	3.034990E+5
1.950000E-2	0.000000E+0	3.026670E+5
1.952000E-2	0.000000E+0	3.036820E+5
1.954000E-2	0.000000E+0	3.030970E+5
1.956000E-2	0.000000E+0	3.033370E+5
1.958000E-2	0.000000E+0	3.033240E+5
1.960000E-2	0.000000E+0	3.032330E+5
1.962000E-2	0.000000E+0	3.029840E+5
1.964000E-2	0.000000E+0	3.037950E+5
1.966000E-2	0.000000E+0	3.033260E+5
1.968000E-2	0.000000E+0	3.032190E+5
1.970000E-2	0.000000E+0	3.031350E+5
1.972000E-2	0.000000E+0	3.033000E+5
1.974000E-2	0.000000E+0	3.030110E+5
1.976000E-2	0.000000E+0	3.017760E+5
1.978000E-2	0.000000E+0	3.025180E+5
1.980000E-2	0.000000E+0	3.035190E+5
1.982000E-2	0.000000E+0	3.030290E+5
1.984000E-2	0.000000E+0	3.029680E+5
1.986000E-2	0.000000E+0	3.023080E+5
1.988000E-2	0.000000E+0	3.019430E+5
1.990000E-2	0.000000E+0	3.025750E+5
1.992000E-2	0.000000E+0	3.024600E+5
1.994000E-2	0.000000E+0	3.036040E+5
1.996000E-2	0.000000E+0	3.023070E+5
1.998000E-2	0.000000E+0	3.033440E+5
