

live time:  297844.320000
real time:  417604.295000
sweeps:  14892216.000000
0.000000E+0	0.000000E+0	0.000000E+0
2.000000E-5	0.000000E+0	6.512350E+5
4.000000E-5	0.000000E+0	6.518680E+5
6.000000E-5	0.000000E+0	6.511200E+5
8.000000E-5	0.000000E+0	6.531200E+5
1.000000E-4	0.000000E+0	6.508590E+5
1.200000E-4	0.000000E+0	6.521890E+5
1.400000E-4	0.000000E+0	6.516650E+5
1.600000E-4	0.000000E+0	6.529860E+5
1.800000E-4	0.000000E+0	6.520460E+5
2.000000E-4	0.000000E+0	6.515510E+5
2.200000E-4	0.000000E+0	6.520760E+5
2.400000E-4	0.000000E+0	6.505630E+5
2.600000E-4	0.000000E+0	6.509230E+5
2.800000E-4	0.000000E+0	6.508990E+5
3.000000E-4	0.000000E+0	6.530960E+5
3.200000E-4	0.000000E+0	6.513800E+5
3.400000E-4	0.000000E+0	6.506870E+5
3.600000E-4	0.000000E+0	6.520050E+5
3.800000E-4	0.000000E+0	6.504580E+5
4.000000E-4	0.000000E+0	6.505970E+5
4.200000E-4	0.000000E+0	6.519090E+5
4.400000E-4	0.000000E+0	6.516220E+5
4.600000E-4	0.000000E+0	6.526780E+5
4.800000E-4	0.000000E+0	6.506990E+5
5.000000E-4	0.000000E+0	6.513940E+5
5.200000E-4	0.000000E+0	6.522230E+5
5.400000E-4	0.000000E+0	6.508880E+5
5.600000E-4	0.000000E+0	6.507730E+5
5.800000E-4	0.000000E+0	6.519560E+5
6.000000E-4	0.000000E+0	6.524370E+5
6.200000E-4	0.000000E+0	6.508880E+5
6.400000E-4	0.000000E+0	6.520300E+5
6.600000E-4	0.000000E+0	6.507380E+5
6.800000E-4	0.000000E+0	6.503320E+5
7.000000E-4	0.000000E+0	6.519090E+5
7.200000E-4	0.000000E+0	6.521010E+5
7.400000E-4	0.000000E+0	6.512010E+5
7.600000E-4	0.000000E+0	6.510810E+5
7.800000E-4	0.000000E+0	6.503210E+5
8.000000E-4	0.000000E+0	6.517140E+5
8.200000E-4	0.000000E+0	6.503680E+5
8.400000E-4	0.000000E+0	6.508620E+5
8.600000E-4	0.000000E+0	6.519230E+5
8.800000E-4	0.000000E+0	6.496550E+5
9.000000E-4	0.000000E+0	6.528440E+5
9.200000E-4	0.000000E+0	6.506470E+5
9.400000E-4	0.000000E+0	6.517620E+5
9.600000E-4	0.000000E+0	6.501620E+5
9.800000E-4	0.000000E+0	6.521090E+5
1.000000E-3	0.000000E+0	6.515180E+5
1.020000E-3	0.000000E+0	6.514950E+5
1.040000E-3	0.000000E+0	6.507790E+5
1.060000E-3	0.000000E+0	6.515130E+5
1.080000E-3	0.000000E+0	6.513090E+5
1.100000E-3	0.000000E+0	6.513990E+5
1.120000E-3	0.000000E+0	6.519240E+5
1.140000E-3	0.000000E+0	6.502630E+5
1.160000E-3	0.000000E+0	6.510500E+5
1.180000E-3	0.000000E+0	6.505990E+5
1.200000E-3	0.000000E+0	6.523110E+5
1.220000E-3	0.000000E+0	6.517870E+5
1.240000E-3	0.000000E+0	6.517350E+5
1.260000E-3	0.000000E+0	6.517130E+5
1.280000E-3	0.000000E+0	6.515820E+5
1.300000E-3	0.000000E+0	6.500600E+5
1.320000E-3	0.000000E+0	6.527820E+5
1.340000E-3	0.000000E+0	6.509100E+5
1.360000E-3	0.000000E+0	6.505190E+5
1.380000E-3	0.000000E+0	6.525770E+5
1.400000E-3	0.000000E+0	6.517060E+5
1.420000E-3	0.000000E+0	6.516090E+5
1.440000E-3	0.000000E+0	6.508860E+5
1.460000E-3	0.000000E+0	6.499400E+5
1.480000E-3	0.000000E+0	6.516720E+5
1.500000E-3	0.000000E+0	6.511850E+5
1.520000E-3	0.000000E+0	6.503170E+5
1.540000E-3	0.000000E+0	6.518190E+5
1.560000E-3	0.000000E+0	6.508870E+5
1.580000E-3	0.000000E+0	6.522770E+5
1.600000E-3	0.000000E+0	6.505820E+5
1.620000E-3	0.000000E+0	6.505000E+5
1.640000E-3	0.000000E+0	6.506060E+5
1.660000E-3	0.000000E+0	6.512580E+5
1.680000E-3	0.000000E+0	6.521980E+5
1.700000E-3	0.000000E+0	6.502210E+5
1.720000E-3	0.000000E+0	6.517620E+5
1.740000E-3	0.000000E+0	6.526470E+5
1.760000E-3	0.000000E+0	6.505630E+5
1.780000E-3	0.000000E+0	6.527930E+5
1.800000E-3	0.000000E+0	6.520390E+5
1.820000E-3	0.000000E+0	6.505380E+5
1.840000E-3	0.000000E+0	6.501140E+5
1.860000E-3	0.000000E+0	6.512540E+5
1.880000E-3	0.000000E+0	6.514090E+5
1.900000E-3	0.000000E+0	6.505690E+5
1.920000E-3	0.000000E+0	6.510880E+5
1.940000E-3	0.000000E+0	6.510280E+5
1.960000E-3	0.000000E+0	6.517590E+5
1.980000E-3	0.000000E+0	6.522850E+5
2.000000E-3	0.000000E+0	6.505170E+5
2.020000E-3	0.000000E+0	6.510730E+5
2.040000E-3	0.000000E+0	6.507990E+5
2.060000E-3	0.000000E+0	6.525050E+5
2.080000E-3	0.000000E+0	6.529320E+5
2.100000E-3	0.000000E+0	6.519630E+5
2.120000E-3	0.000000E+0	6.515440E+5
2.140000E-3	0.000000E+0	6.498850E+5
2.160000E-3	0.000000E+0	6.508660E+5
2.180000E-3	0.000000E+0	6.510970E+5
2.200000E-3	0.000000E+0	6.521260E+5
2.220000E-3	0.000000E+0	6.525150E+5
2.240000E-3	0.000000E+0	6.512500E+5
2.260000E-3	0.000000E+0	6.514440E+5
2.280000E-3	0.000000E+0	6.513040E+5
2.300000E-3	0.000000E+0	6.526780E+5
2.320000E-3	0.000000E+0	6.513390E+5
2.340000E-3	0.000000E+0	6.514460E+5
2.360000E-3	0.000000E+0	6.515220E+5
2.380000E-3	0.000000E+0	6.533590E+5
2.400000E-3	0.000000E+0	6.493420E+5
2.420000E-3	0.000000E+0	6.507180E+5
2.440000E-3	0.000000E+0	6.510310E+5
2.460000E-3	0.000000E+0	6.516840E+5
2.480000E-3	0.000000E+0	6.532520E+5
2.500000E-3	0.000000E+0	6.510620E+5
2.520000E-3	0.000000E+0	6.512310E+5
2.540000E-3	0.000000E+0	6.503620E+5
2.560000E-3	0.000000E+0	6.516930E+5
2.580000E-3	0.000000E+0	6.506330E+5
2.600000E-3	0.000000E+0	6.528040E+5
2.620000E-3	0.000000E+0	6.516220E+5
2.640000E-3	0.000000E+0	6.494000E+5
2.660000E-3	0.000000E+0	6.529310E+5
2.680000E-3	0.000000E+0	6.514290E+5
2.700000E-3	0.000000E+0	6.522460E+5
2.720000E-3	0.000000E+0	6.497690E+5
2.740000E-3	0.000000E+0	6.508080E+5
2.760000E-3	0.000000E+0	6.509440E+5
2.780000E-3	0.000000E+0	6.514430E+5
2.800000E-3	0.000000E+0	6.520340E+5
2.820000E-3	0.000000E+0	6.502870E+5
2.840000E-3	0.000000E+0	6.505200E+5
2.860000E-3	0.000000E+0	6.517120E+5
2.880000E-3	0.000000E+0	6.514540E+5
2.900000E-3	0.000000E+0	6.507740E+5
2.920000E-3	0.000000E+0	6.502200E+5
2.940000E-3	0.000000E+0	6.516850E+5
2.960000E-3	0.000000E+0	6.514790E+5
2.980000E-3	0.000000E+0	6.511600E+5
3.000000E-3	0.000000E+0	6.508920E+5
3.020000E-3	0.000000E+0	6.511430E+5
3.040000E-3	0.000000E+0	6.520280E+5
3.060000E-3	0.000000E+0	6.532200E+5
3.080000E-3	0.000000E+0	6.507970E+5
3.100000E-3	0.000000E+0	6.510740E+5
3.120000E-3	0.000000E+0	6.519010E+5
3.140000E-3	0.000000E+0	6.520720E+5
3.160000E-3	0.000000E+0	6.502310E+5
3.180000E-3	0.000000E+0	6.516200E+5
3.200000E-3	0.000000E+0	6.511150E+5
3.220000E-3	0.000000E+0	6.518990E+5
3.240000E-3	0.000000E+0	6.524770E+5
3.260000E-3	0.000000E+0	6.516450E+5
3.280000E-3	0.000000E+0	6.513760E+5
3.300000E-3	0.000000E+0	6.510900E+5
3.320000E-3	0.000000E+0	6.517830E+5
3.340000E-3	0.000000E+0	6.504330E+5
3.360000E-3	0.000000E+0	6.514900E+5
3.380000E-3	0.000000E+0	6.495220E+5
3.400000E-3	0.000000E+0	6.510060E+5
3.420000E-3	0.000000E+0	6.530880E+5
3.440000E-3	0.000000E+0	6.508540E+5
3.460000E-3	0.000000E+0	6.518450E+5
3.480000E-3	0.000000E+0	6.505240E+5
3.500000E-3	0.000000E+0	6.517050E+5
3.520000E-3	0.000000E+0	6.504930E+5
3.540000E-3	0.000000E+0	6.511970E+5
3.560000E-3	0.000000E+0	6.509850E+5
3.580000E-3	0.000000E+0	6.507340E+5
3.600000E-3	0.000000E+0	6.507730E+5
3.620000E-3	0.000000E+0	6.486860E+5
3.640000E-3	0.000000E+0	6.525520E+5
3.660000E-3	0.000000E+0	6.509980E+5
3.680000E-3	0.000000E+0	6.512770E+5
3.700000E-3	0.000000E+0	6.507020E+5
3.720000E-3	0.000000E+0	6.505760E+5
3.740000E-3	0.000000E+0	6.512370E+5
3.760000E-3	0.000000E+0	6.509020E+5
3.780000E-3	0.000000E+0	6.505410E+5
3.800000E-3	0.000000E+0	6.501790E+5
3.820000E-3	0.000000E+0	6.505650E+5
3.840000E-3	0.000000E+0	6.513040E+5
3.860000E-3	0.000000E+0	6.510820E+5
3.880000E-3	0.000000E+0	6.501890E+5
3.900000E-3	0.000000E+0	6.511400E+5
3.920000E-3	0.000000E+0	6.527400E+5
3.940000E-3	0.000000E+0	6.515990E+5
3.960000E-3	0.000000E+0	6.516560E+5
3.980000E-3	0.000000E+0	6.512350E+5
4.000000E-3	0.000000E+0	6.508620E+5
4.020000E-3	0.000000E+0	6.521300E+5
4.040000E-3	0.000000E+0	6.513460E+5
4.060000E-3	0.000000E+0	6.519330E+5
4.080000E-3	0.000000E+0	6.511590E+5
4.100000E-3	0.000000E+0	6.516740E+5
4.120000E-3	0.000000E+0	6.511040E+5
4.140000E-3	0.000000E+0	6.507180E+5
4.160000E-3	0.000000E+0	6.512440E+5
4.180000E-3	0.000000E+0	6.504690E+5
4.200000E-3	0.000000E+0	6.509160E+5
4.220000E-3	0.000000E+0	6.511720E+5
4.240000E-3	0.000000E+0	6.505140E+5
4.260000E-3	0.000000E+0	6.505840E+5
4.280000E-3	0.000000E+0	6.513710E+5
4.300000E-3	0.000000E+0	6.512460E+5
4.320000E-3	0.000000E+0	6.506730E+5
4.340000E-3	0.000000E+0	6.508440E+5
4.360000E-3	0.000000E+0	6.509180E+5
4.380000E-3	0.000000E+0	6.508310E+5
4.400000E-3	0.000000E+0	6.515990E+5
4.420000E-3	0.000000E+0	6.512210E+5
4.440000E-3	0.000000E+0	6.507590E+5
4.460000E-3	0.000000E+0	6.516610E+5
4.480000E-3	0.000000E+0	6.500170E+5
4.500000E-3	0.000000E+0	6.509350E+5
4.520000E-3	0.000000E+0	6.504780E+5
4.540000E-3	0.000000E+0	6.499310E+5
4.560000E-3	0.000000E+0	6.508520E+5
4.580000E-3	0.000000E+0	6.510740E+5
4.600000E-3	0.000000E+0	6.515010E+5
4.620000E-3	0.000000E+0	6.501070E+5
4.640000E-3	0.000000E+0	6.509800E+5
4.660000E-3	0.000000E+0	6.509240E+5
4.680000E-3	0.000000E+0	6.504540E+5
4.700000E-3	0.000000E+0	6.506260E+5
4.720000E-3	0.000000E+0	6.504290E+5
4.740000E-3	0.000000E+0	6.497560E+5
4.760000E-3	0.000000E+0	6.513740E+5
4.780000E-3	0.000000E+0	6.494010E+5
4.800000E-3	0.000000E+0	6.501690E+5
4.820000E-3	0.000000E+0	6.491570E+5
4.840000E-3	0.000000E+0	6.494630E+5
4.860000E-3	0.000000E+0	6.465210E+5
4.880000E-3	0.000000E+0	6.454570E+5
4.900000E-3	0.000000E+0	6.450800E+5
4.920000E-3	0.000000E+0	6.420180E+5
4.940000E-3	0.000000E+0	6.410690E+5
4.960000E-3	0.000000E+0	6.400720E+5
4.980000E-3	0.000000E+0	6.409190E+5
5.000000E-3	0.000000E+0	6.388570E+5
5.020000E-3	0.000000E+0	6.367500E+5
5.040000E-3	0.000000E+0	6.339480E+5
5.060000E-3	0.000000E+0	6.321090E+5
5.080000E-3	0.000000E+0	6.347820E+5
5.100000E-3	0.000000E+0	6.343720E+5
5.120000E-3	0.000000E+0	6.338050E+5
5.140000E-3	0.000000E+0	6.354380E+5
5.160000E-3	0.000000E+0	6.382420E+5
5.180000E-3	0.000000E+0	6.401730E+5
5.200000E-3	0.000000E+0	6.415190E+5
5.220000E-3	0.000000E+0	6.434990E+5
5.240000E-3	0.000000E+0	6.428200E+5
5.260000E-3	0.000000E+0	6.474590E+5
5.280000E-3	0.000000E+0	6.446380E+5
5.300000E-3	0.000000E+0	6.471780E+5
5.320000E-3	0.000000E+0	6.490780E+5
5.340000E-3	0.000000E+0	6.492690E+5
5.360000E-3	0.000000E+0	6.500750E+5
5.380000E-3	0.000000E+0	6.487880E+5
5.400000E-3	0.000000E+0	6.509310E+5
5.420000E-3	0.000000E+0	6.497460E+5
5.440000E-3	0.000000E+0	6.499170E+5
5.460000E-3	0.000000E+0	6.479970E+5
5.480000E-3	0.000000E+0	6.481340E+5
5.500000E-3	0.000000E+0	6.486230E+5
5.520000E-3	0.000000E+0	6.459340E+5
5.540000E-3	0.000000E+0	6.454910E+5
5.560000E-3	0.000000E+0	6.420510E+5
5.580000E-3	0.000000E+0	6.412960E+5
5.600000E-3	0.000000E+0	6.398820E+5
5.620000E-3	0.000000E+0	6.405380E+5
5.640000E-3	0.000000E+0	6.406480E+5
5.660000E-3	0.000000E+0	6.374870E+5
5.680000E-3	0.000000E+0	6.367030E+5
5.700000E-3	0.000000E+0	6.334720E+5
5.720000E-3	0.000000E+0	6.334480E+5
5.740000E-3	0.000000E+0	6.355010E+5
5.760000E-3	0.000000E+0	6.359540E+5
5.780000E-3	0.000000E+0	6.366700E+5
5.800000E-3	0.000000E+0	6.392610E+5
5.820000E-3	0.000000E+0	6.415610E+5
5.840000E-3	0.000000E+0	6.423790E+5
5.860000E-3	0.000000E+0	6.425280E+5
5.880000E-3	0.000000E+0	6.449940E+5
5.900000E-3	0.000000E+0	6.471020E+5
5.920000E-3	0.000000E+0	6.490550E+5
5.940000E-3	0.000000E+0	6.483650E+5
5.960000E-3	0.000000E+0	6.492630E+5
5.980000E-3	0.000000E+0	6.508040E+5
6.000000E-3	0.000000E+0	6.498870E+5
6.020000E-3	0.000000E+0	6.497430E+5
6.040000E-3	0.000000E+0	6.505330E+5
6.060000E-3	0.000000E+0	6.506440E+5
6.080000E-3	0.000000E+0	6.505880E+5
6.100000E-3	0.000000E+0	6.491280E+5
6.120000E-3	0.000000E+0	6.508050E+5
6.140000E-3	0.000000E+0	6.504340E+5
6.160000E-3	0.000000E+0	6.500970E+5
6.180000E-3	0.000000E+0	6.512080E+5
6.200000E-3	0.000000E+0	6.509030E+5
6.220000E-3	0.000000E+0	6.511220E+5
6.240000E-3	0.000000E+0	6.502350E+5
6.260000E-3	0.000000E+0	6.518340E+5
6.280000E-3	0.000000E+0	6.521390E+5
6.300000E-3	0.000000E+0	6.516440E+5
6.320000E-3	0.000000E+0	6.515760E+5
6.340000E-3	0.000000E+0	6.509200E+5
6.360000E-3	0.000000E+0	6.501070E+5
6.380000E-3	0.000000E+0	6.530810E+5
6.400000E-3	0.000000E+0	6.513220E+5
6.420000E-3	0.000000E+0	6.494420E+5
6.440000E-3	0.000000E+0	6.531420E+5
6.460000E-3	0.000000E+0	6.498280E+5
6.480000E-3	0.000000E+0	6.504210E+5
6.500000E-3	0.000000E+0	6.504840E+5
6.520000E-3	0.000000E+0	6.508960E+5
6.540000E-3	0.000000E+0	6.508460E+5
6.560000E-3	0.000000E+0	6.515140E+5
6.580000E-3	0.000000E+0	6.500320E+5
6.600000E-3	0.000000E+0	6.514550E+5
6.620000E-3	0.000000E+0	6.513910E+5
6.640000E-3	0.000000E+0	6.514020E+5
6.660000E-3	0.000000E+0	6.503970E+5
6.680000E-3	0.000000E+0	6.510850E+5
6.700000E-3	0.000000E+0	6.519140E+5
6.720000E-3	0.000000E+0	6.514180E+5
6.740000E-3	0.000000E+0	6.506790E+5
6.760000E-3	0.000000E+0	6.520800E+5
6.780000E-3	0.000000E+0	6.508270E+5
6.800000E-3	0.000000E+0	6.520680E+5
6.820000E-3	0.000000E+0	6.514240E+5
6.840000E-3	0.000000E+0	6.509520E+5
6.860000E-3	0.000000E+0	6.515540E+5
6.880000E-3	0.000000E+0	6.522450E+5
6.900000E-3	0.000000E+0	6.507850E+5
6.920000E-3	0.000000E+0	6.500580E+5
6.940000E-3	0.000000E+0	6.519390E+5
6.960000E-3	0.000000E+0	6.494900E+5
6.980000E-3	0.000000E+0	6.509640E+5
7.000000E-3	0.000000E+0	6.507520E+5
7.020000E-3	0.000000E+0	6.517810E+5
7.040000E-3	0.000000E+0	6.512290E+5
7.060000E-3	0.000000E+0	6.517790E+5
7.080000E-3	0.000000E+0	6.511720E+5
7.100000E-3	0.000000E+0	6.498780E+5
7.120000E-3	0.000000E+0	6.516510E+5
7.140000E-3	0.000000E+0	6.506250E+5
7.160000E-3	0.000000E+0	6.504960E+5
7.180000E-3	0.000000E+0	6.506310E+5
7.200000E-3	0.000000E+0	6.508690E+5
7.220000E-3	0.000000E+0	6.524070E+5
7.240000E-3	0.000000E+0	6.509990E+5
7.260000E-3	0.000000E+0	6.513360E+5
7.280000E-3	0.000000E+0	6.511930E+5
7.300000E-3	0.000000E+0	6.513630E+5
7.320000E-3	0.000000E+0	6.511240E+5
7.340000E-3	0.000000E+0	6.526630E+5
7.360000E-3	0.000000E+0	6.511520E+5
7.380000E-3	0.000000E+0	6.519400E+5
7.400000E-3	0.000000E+0	6.515940E+5
7.420000E-3	0.000000E+0	6.506190E+5
7.440000E-3	0.000000E+0	6.512430E+5
7.460000E-3	0.000000E+0	6.508390E+5
7.480000E-3	0.000000E+0	6.500120E+5
7.500000E-3	0.000000E+0	6.521990E+5
7.520000E-3	0.000000E+0	6.510770E+5
7.540000E-3	0.000000E+0	6.513380E+5
7.560000E-3	0.000000E+0	6.513140E+5
7.580000E-3	0.000000E+0	6.509370E+5
7.600000E-3	0.000000E+0	6.513540E+5
7.620000E-3	0.000000E+0	6.517820E+5
7.640000E-3	0.000000E+0	6.520320E+5
7.660000E-3	0.000000E+0	6.511160E+5
7.680000E-3	0.000000E+0	6.515070E+5
7.700000E-3	0.000000E+0	6.507910E+5
7.720000E-3	0.000000E+0	6.522380E+5
7.740000E-3	0.000000E+0	6.508360E+5
7.760000E-3	0.000000E+0	6.519830E+5
7.780000E-3	0.000000E+0	6.527930E+5
7.800000E-3	0.000000E+0	6.514130E+5
7.820000E-3	0.000000E+0	6.507830E+5
7.840000E-3	0.000000E+0	6.526670E+5
7.860000E-3	0.000000E+0	6.513730E+5
7.880000E-3	0.000000E+0	6.506660E+5
7.900000E-3	0.000000E+0	6.510110E+5
7.920000E-3	0.000000E+0	6.508790E+5
7.940000E-3	0.000000E+0	6.522500E+5
7.960000E-3	0.000000E+0	6.531890E+5
7.980000E-3	0.000000E+0	6.525070E+5
8.000000E-3	0.000000E+0	6.514680E+5
8.020000E-3	0.000000E+0	6.510930E+5
8.040000E-3	0.000000E+0	6.495700E+5
8.060000E-3	0.000000E+0	6.503830E+5
8.080000E-3	0.000000E+0	6.519440E+5
8.100000E-3	0.000000E+0	6.528150E+5
8.120000E-3	0.000000E+0	6.518110E+5
8.140000E-3	0.000000E+0	6.505360E+5
8.160000E-3	0.000000E+0	6.511060E+5
8.180000E-3	0.000000E+0	6.510280E+5
8.200000E-3	0.000000E+0	6.513810E+5
8.220000E-3	0.000000E+0	6.515260E+5
8.240000E-3	0.000000E+0	6.520180E+5
8.260000E-3	0.000000E+0	6.532060E+5
8.280000E-3	0.000000E+0	6.504810E+5
8.300000E-3	0.000000E+0	6.515280E+5
8.320000E-3	0.000000E+0	6.507330E+5
8.340000E-3	0.000000E+0	6.505220E+5
8.360000E-3	0.000000E+0	6.506270E+5
8.380000E-3	0.000000E+0	6.503020E+5
8.400000E-3	0.000000E+0	6.503880E+5
8.420000E-3	0.000000E+0	6.512200E+5
8.440000E-3	0.000000E+0	6.519940E+5
8.460000E-3	0.000000E+0	6.524340E+5
8.480000E-3	0.000000E+0	6.526550E+5
8.500000E-3	0.000000E+0	6.502490E+5
8.520000E-3	0.000000E+0	6.515540E+5
8.540000E-3	0.000000E+0	6.521750E+5
8.560000E-3	0.000000E+0	6.519560E+5
8.580000E-3	0.000000E+0	6.527370E+5
8.600000E-3	0.000000E+0	6.520340E+5
8.620000E-3	0.000000E+0	6.536980E+5
8.640000E-3	0.000000E+0	6.514170E+5
8.660000E-3	0.000000E+0	6.502970E+5
8.680000E-3	0.000000E+0	6.515620E+5
8.700000E-3	0.000000E+0	6.495360E+5
8.720000E-3	0.000000E+0	6.525170E+5
8.740000E-3	0.000000E+0	6.497220E+5
8.760000E-3	0.000000E+0	6.509350E+5
8.780000E-3	0.000000E+0	6.515330E+5
8.800000E-3	0.000000E+0	6.523950E+5
8.820000E-3	0.000000E+0	6.517480E+5
8.840000E-3	0.000000E+0	6.508330E+5
8.860000E-3	0.000000E+0	6.532620E+5
8.880000E-3	0.000000E+0	6.505260E+5
8.900000E-3	0.000000E+0	6.518540E+5
8.920000E-3	0.000000E+0	6.509620E+5
8.940000E-3	0.000000E+0	6.495470E+5
8.960000E-3	0.000000E+0	6.518920E+5
8.980000E-3	0.000000E+0	6.510360E+5
9.000000E-3	0.000000E+0	6.514740E+5
9.020000E-3	0.000000E+0	6.495760E+5
9.040000E-3	0.000000E+0	6.513690E+5
9.060000E-3	0.000000E+0	6.542320E+5
9.080000E-3	0.000000E+0	6.506510E+5
9.100000E-3	0.000000E+0	6.526800E+5
9.120000E-3	0.000000E+0	6.498530E+5
9.140000E-3	0.000000E+0	6.520160E+5
9.160000E-3	0.000000E+0	6.511430E+5
9.180000E-3	0.000000E+0	6.502320E+5
9.200000E-3	0.000000E+0	6.514650E+5
9.220000E-3	0.000000E+0	6.513850E+5
9.240000E-3	0.000000E+0	6.519730E+5
9.260000E-3	0.000000E+0	6.528480E+5
9.280000E-3	0.000000E+0	6.519260E+5
9.300000E-3	0.000000E+0	6.518680E+5
9.320000E-3	0.000000E+0	6.510680E+5
9.340000E-3	0.000000E+0	6.514880E+5
9.360000E-3	0.000000E+0	6.519050E+5
9.380000E-3	0.000000E+0	6.525890E+5
9.400000E-3	0.000000E+0	6.521010E+5
9.420000E-3	0.000000E+0	6.530020E+5
9.440000E-3	0.000000E+0	6.508360E+5
9.460000E-3	0.000000E+0	6.522550E+5
9.480000E-3	0.000000E+0	6.516840E+5
9.500000E-3	0.000000E+0	6.506700E+5
9.520000E-3	0.000000E+0	6.529490E+5
9.540000E-3	0.000000E+0	6.493050E+5
9.560000E-3	0.000000E+0	6.511160E+5
9.580000E-3	0.000000E+0	6.513500E+5
9.600000E-3	0.000000E+0	6.514860E+5
9.620000E-3	0.000000E+0	6.516170E+5
9.640000E-3	0.000000E+0	6.502870E+5
9.660000E-3	0.000000E+0	6.525600E+5
9.680000E-3	0.000000E+0	6.506450E+5
9.700000E-3	0.000000E+0	6.509690E+5
9.720000E-3	0.000000E+0	6.514960E+5
9.740000E-3	0.000000E+0	6.513690E+5
9.760000E-3	0.000000E+0	6.511790E+5
9.780000E-3	0.000000E+0	6.525740E+5
9.800000E-3	0.000000E+0	6.520930E+5
9.820000E-3	0.000000E+0	6.516120E+5
9.840000E-3	0.000000E+0	6.511340E+5
9.860000E-3	0.000000E+0	6.504910E+5
9.880000E-3	0.000000E+0	6.525870E+5
9.900000E-3	0.000000E+0	6.529620E+5
9.920000E-3	0.000000E+0	6.515670E+5
9.940000E-3	0.000000E+0	6.504050E+5
9.960000E-3	0.000000E+0	6.506950E+5
9.980000E-3	0.000000E+0	6.522680E+5
1.000000E-2	0.000000E+0	6.517650E+5
1.002000E-2	0.000000E+0	6.512820E+5
1.004000E-2	0.000000E+0	6.522660E+5
1.006000E-2	0.000000E+0	6.502270E+5
1.008000E-2	0.000000E+0	6.510270E+5
1.010000E-2	0.000000E+0	6.507230E+5
1.012000E-2	0.000000E+0	6.527270E+5
1.014000E-2	0.000000E+0	6.536790E+5
1.016000E-2	0.000000E+0	6.521870E+5
1.018000E-2	0.000000E+0	6.520680E+5
1.020000E-2	0.000000E+0	6.520880E+5
1.022000E-2	0.000000E+0	6.520990E+5
1.024000E-2	0.000000E+0	6.510990E+5
1.026000E-2	0.000000E+0	6.532190E+5
1.028000E-2	0.000000E+0	6.512750E+5
1.030000E-2	0.000000E+0	6.523870E+5
1.032000E-2	0.000000E+0	6.515350E+5
1.034000E-2	0.000000E+0	6.523020E+5
1.036000E-2	0.000000E+0	6.517290E+5
1.038000E-2	0.000000E+0	6.524180E+5
1.040000E-2	0.000000E+0	6.508190E+5
1.042000E-2	0.000000E+0	6.521490E+5
1.044000E-2	0.000000E+0	6.520890E+5
1.046000E-2	0.000000E+0	6.527190E+5
1.048000E-2	0.000000E+0	6.528280E+5
1.050000E-2	0.000000E+0	6.511910E+5
1.052000E-2	0.000000E+0	6.527870E+5
1.054000E-2	0.000000E+0	6.529930E+5
1.056000E-2	0.000000E+0	6.511990E+5
1.058000E-2	0.000000E+0	6.531480E+5
1.060000E-2	0.000000E+0	6.508330E+5
1.062000E-2	0.000000E+0	6.514240E+5
1.064000E-2	0.000000E+0	6.520750E+5
1.066000E-2	0.000000E+0	6.509570E+5
1.068000E-2	0.000000E+0	6.522350E+5
1.070000E-2	0.000000E+0	6.505860E+5
1.072000E-2	0.000000E+0	6.514170E+5
1.074000E-2	0.000000E+0	6.523270E+5
1.076000E-2	0.000000E+0	6.514170E+5
1.078000E-2	0.000000E+0	6.526950E+5
1.080000E-2	0.000000E+0	6.528060E+5
1.082000E-2	0.000000E+0	6.534790E+5
1.084000E-2	0.000000E+0	6.519310E+5
1.086000E-2	0.000000E+0	6.524590E+5
1.088000E-2	0.000000E+0	6.518540E+5
1.090000E-2	0.000000E+0	6.519140E+5
1.092000E-2	0.000000E+0	6.520600E+5
1.094000E-2	0.000000E+0	6.510320E+5
1.096000E-2	0.000000E+0	6.514530E+5
1.098000E-2	0.000000E+0	6.526590E+5
1.100000E-2	0.000000E+0	6.525910E+5
1.102000E-2	0.000000E+0	6.504860E+5
1.104000E-2	0.000000E+0	6.523170E+5
1.106000E-2	0.000000E+0	6.518110E+5
1.108000E-2	0.000000E+0	6.522990E+5
1.110000E-2	0.000000E+0	6.514120E+5
1.112000E-2	0.000000E+0	6.509910E+5
1.114000E-2	0.000000E+0	6.526290E+5
1.116000E-2	0.000000E+0	6.500570E+5
1.118000E-2	0.000000E+0	6.518200E+5
1.120000E-2	0.000000E+0	6.510000E+5
1.122000E-2	0.000000E+0	6.529250E+5
1.124000E-2	0.000000E+0	6.531330E+5
1.126000E-2	0.000000E+0	6.503430E+5
1.128000E-2	0.000000E+0	6.511140E+5
1.130000E-2	0.000000E+0	6.514550E+5
1.132000E-2	0.000000E+0	6.531540E+5
1.134000E-2	0.000000E+0	6.504270E+5
1.136000E-2	0.000000E+0	6.525770E+5
1.138000E-2	0.000000E+0	6.513210E+5
1.140000E-2	0.000000E+0	6.527560E+5
1.142000E-2	0.000000E+0	6.513000E+5
1.144000E-2	0.000000E+0	6.528090E+5
1.146000E-2	0.000000E+0	6.516280E+5
1.148000E-2	0.000000E+0	6.520580E+5
1.150000E-2	0.000000E+0	6.513150E+5
1.152000E-2	0.000000E+0	6.514390E+5
1.154000E-2	0.000000E+0	6.506710E+5
1.156000E-2	0.000000E+0	6.516920E+5
1.158000E-2	0.000000E+0	6.511300E+5
1.160000E-2	0.000000E+0	6.525370E+5
1.162000E-2	0.000000E+0	6.516370E+5
1.164000E-2	0.000000E+0	6.527240E+5
1.166000E-2	0.000000E+0	6.534640E+5
1.168000E-2	0.000000E+0	6.521920E+5
1.170000E-2	0.000000E+0	6.530810E+5
1.172000E-2	0.000000E+0	6.521170E+5
1.174000E-2	0.000000E+0	6.518770E+5
1.176000E-2	0.000000E+0	6.515760E+5
1.178000E-2	0.000000E+0	6.502490E+5
1.180000E-2	0.000000E+0	6.519350E+5
1.182000E-2	0.000000E+0	6.528580E+5
1.184000E-2	0.000000E+0	6.529510E+5
1.186000E-2	0.000000E+0	6.513040E+5
1.188000E-2	0.000000E+0	6.510050E+5
1.190000E-2	0.000000E+0	6.511900E+5
1.192000E-2	0.000000E+0	6.508880E+5
1.194000E-2	0.000000E+0	6.531630E+5
1.196000E-2	0.000000E+0	6.519520E+5
1.198000E-2	0.000000E+0	6.512810E+5
1.200000E-2	0.000000E+0	6.519030E+5
1.202000E-2	0.000000E+0	6.518850E+5
1.204000E-2	0.000000E+0	6.516740E+5
1.206000E-2	0.000000E+0	6.519750E+5
1.208000E-2	0.000000E+0	6.523760E+5
1.210000E-2	0.000000E+0	6.526190E+5
1.212000E-2	0.000000E+0	6.512750E+5
1.214000E-2	0.000000E+0	6.503730E+5
1.216000E-2	0.000000E+0	6.516770E+5
1.218000E-2	0.000000E+0	6.511850E+5
1.220000E-2	0.000000E+0	6.514810E+5
1.222000E-2	0.000000E+0	6.520870E+5
1.224000E-2	0.000000E+0	6.523880E+5
1.226000E-2	0.000000E+0	6.508580E+5
1.228000E-2	0.000000E+0	6.518090E+5
1.230000E-2	0.000000E+0	6.518910E+5
1.232000E-2	0.000000E+0	6.522040E+5
1.234000E-2	0.000000E+0	6.527270E+5
1.236000E-2	0.000000E+0	6.524080E+5
1.238000E-2	0.000000E+0	6.536110E+5
1.240000E-2	0.000000E+0	6.524760E+5
1.242000E-2	0.000000E+0	6.519750E+5
1.244000E-2	0.000000E+0	6.523760E+5
1.246000E-2	0.000000E+0	6.517340E+5
1.248000E-2	0.000000E+0	6.518150E+5
1.250000E-2	0.000000E+0	6.516940E+5
1.252000E-2	0.000000E+0	6.540130E+5
1.254000E-2	0.000000E+0	6.523150E+5
1.256000E-2	0.000000E+0	6.508210E+5
1.258000E-2	0.000000E+0	6.526590E+5
1.260000E-2	0.000000E+0	6.530070E+5
1.262000E-2	0.000000E+0	6.509350E+5
1.264000E-2	0.000000E+0	6.507860E+5
1.266000E-2	0.000000E+0	6.540160E+5
1.268000E-2	0.000000E+0	6.523790E+5
1.270000E-2	0.000000E+0	6.514090E+5
1.272000E-2	0.000000E+0	6.534910E+5
1.274000E-2	0.000000E+0	6.513390E+5
1.276000E-2	0.000000E+0	6.524420E+5
1.278000E-2	0.000000E+0	6.516900E+5
1.280000E-2	0.000000E+0	6.509680E+5
1.282000E-2	0.000000E+0	6.511420E+5
1.284000E-2	0.000000E+0	6.515250E+5
1.286000E-2	0.000000E+0	6.523830E+5
1.288000E-2	0.000000E+0	6.528100E+5
1.290000E-2	0.000000E+0	6.517590E+5
1.292000E-2	0.000000E+0	6.518140E+5
1.294000E-2	0.000000E+0	6.514120E+5
1.296000E-2	0.000000E+0	6.517520E+5
1.298000E-2	0.000000E+0	6.520280E+5
1.300000E-2	0.000000E+0	6.521680E+5
1.302000E-2	0.000000E+0	6.528720E+5
1.304000E-2	0.000000E+0	6.520720E+5
1.306000E-2	0.000000E+0	6.508380E+5
1.308000E-2	0.000000E+0	6.530840E+5
1.310000E-2	0.000000E+0	6.525680E+5
1.312000E-2	0.000000E+0	6.518570E+5
1.314000E-2	0.000000E+0	6.528930E+5
1.316000E-2	0.000000E+0	6.519610E+5
1.318000E-2	0.000000E+0	6.514970E+5
1.320000E-2	0.000000E+0	6.520600E+5
1.322000E-2	0.000000E+0	6.520460E+5
1.324000E-2	0.000000E+0	6.505160E+5
1.326000E-2	0.000000E+0	6.527620E+5
1.328000E-2	0.000000E+0	6.528320E+5
1.330000E-2	0.000000E+0	6.506680E+5
1.332000E-2	0.000000E+0	6.515410E+5
1.334000E-2	0.000000E+0	6.511300E+5
1.336000E-2	0.000000E+0	6.521060E+5
1.338000E-2	0.000000E+0	6.524520E+5
1.340000E-2	0.000000E+0	6.515080E+5
1.342000E-2	0.000000E+0	6.510250E+5
1.344000E-2	0.000000E+0	6.513900E+5
1.346000E-2	0.000000E+0	6.507110E+5
1.348000E-2	0.000000E+0	6.518660E+5
1.350000E-2	0.000000E+0	6.528360E+5
1.352000E-2	0.000000E+0	6.520830E+5
1.354000E-2	0.000000E+0	6.516800E+5
1.356000E-2	0.000000E+0	6.531620E+5
1.358000E-2	0.000000E+0	6.514700E+5
1.360000E-2	0.000000E+0	6.515910E+5
1.362000E-2	0.000000E+0	6.519210E+5
1.364000E-2	0.000000E+0	6.500970E+5
1.366000E-2	0.000000E+0	6.515720E+5
1.368000E-2	0.000000E+0	6.521470E+5
1.370000E-2	0.000000E+0	6.528950E+5
1.372000E-2	0.000000E+0	6.513410E+5
1.374000E-2	0.000000E+0	6.529130E+5
1.376000E-2	0.000000E+0	6.515560E+5
1.378000E-2	0.000000E+0	6.510740E+5
1.380000E-2	0.000000E+0	6.523120E+5
1.382000E-2	0.000000E+0	6.508030E+5
1.384000E-2	0.000000E+0	6.514600E+5
1.386000E-2	0.000000E+0	6.520660E+5
1.388000E-2	0.000000E+0	6.518140E+5
1.390000E-2	0.000000E+0	6.527930E+5
1.392000E-2	0.000000E+0	6.530990E+5
1.394000E-2	0.000000E+0	6.523370E+5
1.396000E-2	0.000000E+0	6.522460E+5
1.398000E-2	0.000000E+0	6.529960E+5
1.400000E-2	0.000000E+0	6.529680E+5
1.402000E-2	0.000000E+0	6.508980E+5
1.404000E-2	0.000000E+0	6.535030E+5
1.406000E-2	0.000000E+0	6.516730E+5
1.408000E-2	0.000000E+0	6.515770E+5
1.410000E-2	0.000000E+0	6.523620E+5
1.412000E-2	0.000000E+0	6.511640E+5
1.414000E-2	0.000000E+0	6.509460E+5
1.416000E-2	0.000000E+0	6.509740E+5
1.418000E-2	0.000000E+0	6.511050E+5
1.420000E-2	0.000000E+0	6.522260E+5
1.422000E-2	0.000000E+0	6.521590E+5
1.424000E-2	0.000000E+0	6.500650E+5
1.426000E-2	0.000000E+0	6.507220E+5
1.428000E-2	0.000000E+0	6.519150E+5
1.430000E-2	0.000000E+0	6.522390E+5
1.432000E-2	0.000000E+0	6.515650E+5
1.434000E-2	0.000000E+0	6.523360E+5
1.436000E-2	0.000000E+0	6.526880E+5
1.438000E-2	0.000000E+0	6.522000E+5
1.440000E-2	0.000000E+0	6.534490E+5
1.442000E-2	0.000000E+0	6.521220E+5
1.444000E-2	0.000000E+0	6.501430E+5
1.446000E-2	0.000000E+0	6.521460E+5
1.448000E-2	0.000000E+0	6.524470E+5
1.450000E-2	0.000000E+0	6.518980E+5
1.452000E-2	0.000000E+0	6.517600E+5
1.454000E-2	0.000000E+0	6.518880E+5
1.456000E-2	0.000000E+0	6.526100E+5
1.458000E-2	0.000000E+0	6.509880E+5
1.460000E-2	0.000000E+0	6.521870E+5
1.462000E-2	0.000000E+0	6.500470E+5
1.464000E-2	0.000000E+0	6.526940E+5
1.466000E-2	0.000000E+0	6.510750E+5
1.468000E-2	0.000000E+0	6.533850E+5
1.470000E-2	0.000000E+0	6.515960E+5
1.472000E-2	0.000000E+0	6.514060E+5
1.474000E-2	0.000000E+0	6.522120E+5
1.476000E-2	0.000000E+0	6.527840E+5
1.478000E-2	0.000000E+0	6.526940E+5
1.480000E-2	0.000000E+0	6.501780E+5
1.482000E-2	0.000000E+0	6.508590E+5
1.484000E-2	0.000000E+0	6.525500E+5
1.486000E-2	0.000000E+0	6.503980E+5
1.488000E-2	0.000000E+0	6.496010E+5
1.490000E-2	0.000000E+0	6.495750E+5
1.492000E-2	0.000000E+0	6.477510E+5
1.494000E-2	0.000000E+0	6.447390E+5
1.496000E-2	0.000000E+0	6.436840E+5
1.498000E-2	0.000000E+0	6.427580E+5
1.500000E-2	0.000000E+0	6.421500E+5
1.502000E-2	0.000000E+0	6.418010E+5
1.504000E-2	0.000000E+0	6.397590E+5
1.506000E-2	0.000000E+0	6.385560E+5
1.508000E-2	0.000000E+0	6.362700E+5
1.510000E-2	0.000000E+0	6.344560E+5
1.512000E-2	0.000000E+0	6.345000E+5
1.514000E-2	0.000000E+0	6.357400E+5
1.516000E-2	0.000000E+0	6.364530E+5
1.518000E-2	0.000000E+0	6.376180E+5
1.520000E-2	0.000000E+0	6.407130E+5
1.522000E-2	0.000000E+0	6.417720E+5
1.524000E-2	0.000000E+0	6.462990E+5
1.526000E-2	0.000000E+0	6.452250E+5
1.528000E-2	0.000000E+0	6.475630E+5
1.530000E-2	0.000000E+0	6.473700E+5
1.532000E-2	0.000000E+0	6.496250E+5
1.534000E-2	0.000000E+0	6.493960E+5
1.536000E-2	0.000000E+0	6.498520E+5
1.538000E-2	0.000000E+0	6.513500E+5
1.540000E-2	0.000000E+0	6.514320E+5
1.542000E-2	0.000000E+0	6.505910E+5
1.544000E-2	0.000000E+0	6.501680E+5
1.546000E-2	0.000000E+0	6.504610E+5
1.548000E-2	0.000000E+0	6.499810E+5
1.550000E-2	0.000000E+0	6.497520E+5
1.552000E-2	0.000000E+0	6.508620E+5
1.554000E-2	0.000000E+0	6.488830E+5
1.556000E-2	0.000000E+0	6.471060E+5
1.558000E-2	0.000000E+0	6.445690E+5
1.560000E-2	0.000000E+0	6.433400E+5
1.562000E-2	0.000000E+0	6.420190E+5
1.564000E-2	0.000000E+0	6.412190E+5
1.566000E-2	0.000000E+0	6.419300E+5
1.568000E-2	0.000000E+0	6.407620E+5
1.570000E-2	0.000000E+0	6.379100E+5
1.572000E-2	0.000000E+0	6.347830E+5
1.574000E-2	0.000000E+0	6.340200E+5
1.576000E-2	0.000000E+0	6.357310E+5
1.578000E-2	0.000000E+0	6.330490E+5
1.580000E-2	0.000000E+0	6.363000E+5
1.582000E-2	0.000000E+0	6.375880E+5
1.584000E-2	0.000000E+0	6.396130E+5
1.586000E-2	0.000000E+0	6.416170E+5
1.588000E-2	0.000000E+0	6.435300E+5
1.590000E-2	0.000000E+0	6.451110E+5
1.592000E-2	0.000000E+0	6.462980E+5
1.594000E-2	0.000000E+0	6.461430E+5
1.596000E-2	0.000000E+0	6.487220E+5
1.598000E-2	0.000000E+0	6.501230E+5
1.600000E-2	0.000000E+0	6.509950E+5
1.602000E-2	0.000000E+0	6.506790E+5
1.604000E-2	0.000000E+0	6.505670E+5
1.606000E-2	0.000000E+0	6.514140E+5
1.608000E-2	0.000000E+0	6.512870E+5
1.610000E-2	0.000000E+0	6.521000E+5
1.612000E-2	0.000000E+0	6.517740E+5
1.614000E-2	0.000000E+0	6.512240E+5
1.616000E-2	0.000000E+0	6.536970E+5
1.618000E-2	0.000000E+0	6.514570E+5
1.620000E-2	0.000000E+0	6.514300E+5
1.622000E-2	0.000000E+0	6.521280E+5
1.624000E-2	0.000000E+0	6.515020E+5
1.626000E-2	0.000000E+0	6.513100E+5
1.628000E-2	0.000000E+0	6.527600E+5
1.630000E-2	0.000000E+0	6.515770E+5
1.632000E-2	0.000000E+0	6.522230E+5
1.634000E-2	0.000000E+0	6.517650E+5
1.636000E-2	0.000000E+0	6.532470E+5
1.638000E-2	0.000000E+0	6.512720E+5
1.640000E-2	0.000000E+0	6.525610E+5
1.642000E-2	0.000000E+0	6.518490E+5
1.644000E-2	0.000000E+0	6.517770E+5
1.646000E-2	0.000000E+0	6.513780E+5
1.648000E-2	0.000000E+0	6.513720E+5
1.650000E-2	0.000000E+0	6.513510E+5
1.652000E-2	0.000000E+0	6.521290E+5
1.654000E-2	0.000000E+0	6.511300E+5
1.656000E-2	0.000000E+0	6.515350E+5
1.658000E-2	0.000000E+0	6.516760E+5
1.660000E-2	0.000000E+0	6.514760E+5
1.662000E-2	0.000000E+0	6.520770E+5
1.664000E-2	0.000000E+0	6.521300E+5
1.666000E-2	0.000000E+0	6.512280E+5
1.668000E-2	0.000000E+0	6.515640E+5
1.670000E-2	0.000000E+0	6.522030E+5
1.672000E-2	0.000000E+0	6.528900E+5
1.674000E-2	0.000000E+0	6.518540E+5
1.676000E-2	0.000000E+0	6.504290E+5
1.678000E-2	0.000000E+0	6.508370E+5
1.680000E-2	0.000000E+0	6.525000E+5
1.682000E-2	0.000000E+0	6.521610E+5
1.684000E-2	0.000000E+0	6.526130E+5
1.686000E-2	0.000000E+0	6.537530E+5
1.688000E-2	0.000000E+0	6.518800E+5
1.690000E-2	0.000000E+0	6.520980E+5
1.692000E-2	0.000000E+0	6.524590E+5
1.694000E-2	0.000000E+0	6.517300E+5
1.696000E-2	0.000000E+0	6.510340E+5
1.698000E-2	0.000000E+0	6.522420E+5
1.700000E-2	0.000000E+0	6.525350E+5
1.702000E-2	0.000000E+0	6.525350E+5
1.704000E-2	0.000000E+0	6.533390E+5
1.706000E-2	0.000000E+0	6.529520E+5
1.708000E-2	0.000000E+0	6.516310E+5
1.710000E-2	0.000000E+0	6.525320E+5
1.712000E-2	0.000000E+0	6.519720E+5
1.714000E-2	0.000000E+0	6.507910E+5
1.716000E-2	0.000000E+0	6.528060E+5
1.718000E-2	0.000000E+0	6.522530E+5
1.720000E-2	0.000000E+0	6.522390E+5
1.722000E-2	0.000000E+0	6.527410E+5
1.724000E-2	0.000000E+0	6.522080E+5
1.726000E-2	0.000000E+0	6.516570E+5
1.728000E-2	0.000000E+0	6.516440E+5
1.730000E-2	0.000000E+0	6.521350E+5
1.732000E-2	0.000000E+0	6.510470E+5
1.734000E-2	0.000000E+0	6.523010E+5
1.736000E-2	0.000000E+0	6.531310E+5
1.738000E-2	0.000000E+0	6.526050E+5
1.740000E-2	0.000000E+0	6.532210E+5
1.742000E-2	0.000000E+0	6.514230E+5
1.744000E-2	0.000000E+0	6.508990E+5
1.746000E-2	0.000000E+0	6.519790E+5
1.748000E-2	0.000000E+0	6.525210E+5
1.750000E-2	0.000000E+0	6.523520E+5
1.752000E-2	0.000000E+0	6.524860E+5
1.754000E-2	0.000000E+0	6.515440E+5
1.756000E-2	0.000000E+0	6.514410E+5
1.758000E-2	0.000000E+0	6.522570E+5
1.760000E-2	0.000000E+0	6.521780E+5
1.762000E-2	0.000000E+0	6.521550E+5
1.764000E-2	0.000000E+0	6.528690E+5
1.766000E-2	0.000000E+0	6.515480E+5
1.768000E-2	0.000000E+0	6.521030E+5
1.770000E-2	0.000000E+0	6.518750E+5
1.772000E-2	0.000000E+0	6.531320E+5
1.774000E-2	0.000000E+0	6.517890E+5
1.776000E-2	0.000000E+0	6.516930E+5
1.778000E-2	0.000000E+0	6.532930E+5
1.780000E-2	0.000000E+0	6.504660E+5
1.782000E-2	0.000000E+0	6.526790E+5
1.784000E-2	0.000000E+0	6.520050E+5
1.786000E-2	0.000000E+0	6.515890E+5
1.788000E-2	0.000000E+0	6.517260E+5
1.790000E-2	0.000000E+0	6.524540E+5
1.792000E-2	0.000000E+0	6.504900E+5
1.794000E-2	0.000000E+0	6.515300E+5
1.796000E-2	0.000000E+0	6.518250E+5
1.798000E-2	0.000000E+0	6.529670E+5
1.800000E-2	0.000000E+0	6.509550E+5
1.802000E-2	0.000000E+0	6.517420E+5
1.804000E-2	0.000000E+0	6.507650E+5
1.806000E-2	0.000000E+0	6.515700E+5
1.808000E-2	0.000000E+0	6.519540E+5
1.810000E-2	0.000000E+0	6.526420E+5
1.812000E-2	0.000000E+0	6.534730E+5
1.814000E-2	0.000000E+0	6.534980E+5
1.816000E-2	0.000000E+0	6.517070E+5
1.818000E-2	0.000000E+0	6.511250E+5
1.820000E-2	0.000000E+0	6.526780E+5
1.822000E-2	0.000000E+0	6.517120E+5
1.824000E-2	0.000000E+0	6.521660E+5
1.826000E-2	0.000000E+0	6.527130E+5
1.828000E-2	0.000000E+0	6.514540E+5
1.830000E-2	0.000000E+0	6.508300E+5
1.832000E-2	0.000000E+0	6.529380E+5
1.834000E-2	0.000000E+0	6.514300E+5
1.836000E-2	0.000000E+0	6.529130E+5
1.838000E-2	0.000000E+0	6.512560E+5
1.840000E-2	0.000000E+0	6.512890E+5
1.842000E-2	0.000000E+0	6.511180E+5
1.844000E-2	0.000000E+0	6.512240E+5
1.846000E-2	0.000000E+0	6.506610E+5
1.848000E-2	0.000000E+0	6.535050E+5
1.850000E-2	0.000000E+0	6.525810E+5
1.852000E-2	0.000000E+0	6.520500E+5
1.854000E-2	0.000000E+0	6.537240E+5
1.856000E-2	0.000000E+0	6.501150E+5
1.858000E-2	0.000000E+0	6.509550E+5
1.860000E-2	0.000000E+0	6.517410E+5
1.862000E-2	0.000000E+0	6.509050E+5
1.864000E-2	0.000000E+0	6.505540E+5
1.866000E-2	0.000000E+0	6.524330E+5
1.868000E-2	0.000000E+0	6.515770E+5
1.870000E-2	0.000000E+0	6.519480E+5
1.872000E-2	0.000000E+0	6.519360E+5
1.874000E-2	0.000000E+0	6.495440E+5
1.876000E-2	0.000000E+0	6.520830E+5
1.878000E-2	0.000000E+0	6.519870E+5
1.880000E-2	0.000000E+0	6.507610E+5
1.882000E-2	0.000000E+0	6.515950E+5
1.884000E-2	0.000000E+0	6.522310E+5
1.886000E-2	0.000000E+0	6.515240E+5
1.888000E-2	0.000000E+0	6.512070E+5
1.890000E-2	0.000000E+0	6.512360E+5
1.892000E-2	0.000000E+0	6.531160E+5
1.894000E-2	0.000000E+0	6.519420E+5
1.896000E-2	0.000000E+0	6.521400E+5
1.898000E-2	0.000000E+0	6.526830E+5
1.900000E-2	0.000000E+0	6.513780E+5
1.902000E-2	0.000000E+0	6.506000E+5
1.904000E-2	0.000000E+0	6.520100E+5
1.906000E-2	0.000000E+0	6.527110E+5
1.908000E-2	0.000000E+0	6.522070E+5
1.910000E-2	0.000000E+0	6.513160E+5
1.912000E-2	0.000000E+0	6.504090E+5
1.914000E-2	0.000000E+0	6.521350E+5
1.916000E-2	0.000000E+0	6.515110E+5
1.918000E-2	0.000000E+0	6.506620E+5
1.920000E-2	0.000000E+0	6.524000E+5
1.922000E-2	0.000000E+0	6.527230E+5
1.924000E-2	0.000000E+0	6.523050E+5
1.926000E-2	0.000000E+0	6.527590E+5
1.928000E-2	0.000000E+0	6.527690E+5
1.930000E-2	0.000000E+0	6.518090E+5
1.932000E-2	0.000000E+0	6.513640E+5
1.934000E-2	0.000000E+0	6.520100E+5
1.936000E-2	0.000000E+0	6.516770E+5
1.938000E-2	0.000000E+0	6.519710E+5
1.940000E-2	0.000000E+0	6.500580E+5
1.942000E-2	0.000000E+0	6.531400E+5
1.944000E-2	0.000000E+0	6.521500E+5
1.946000E-2	0.000000E+0	6.503600E+5
1.948000E-2	0.000000E+0	6.517310E+5
1.950000E-2	0.000000E+0	6.520730E+5
1.952000E-2	0.000000E+0	6.528930E+5
1.954000E-2	0.000000E+0	6.512950E+5
1.956000E-2	0.000000E+0	6.524740E+5
1.958000E-2	0.000000E+0	6.517330E+5
1.960000E-2	0.000000E+0	6.520450E+5
1.962000E-2	0.000000E+0	6.515330E+5
1.964000E-2	0.000000E+0	6.525690E+5
1.966000E-2	0.000000E+0	6.527010E+5
1.968000E-2	0.000000E+0	6.520350E+5
1.970000E-2	0.000000E+0	6.513730E+5
1.972000E-2	0.000000E+0	6.519800E+5
1.974000E-2	0.000000E+0	6.518140E+5
1.976000E-2	0.000000E+0	6.505620E+5
1.978000E-2	0.000000E+0	6.511690E+5
1.980000E-2	0.000000E+0	6.519860E+5
1.982000E-2	0.000000E+0	6.512310E+5
1.984000E-2	0.000000E+0	6.520690E+5
1.986000E-2	0.000000E+0	6.512960E+5
1.988000E-2	0.000000E+0	6.511490E+5
1.990000E-2	0.000000E+0	6.512620E+5
1.992000E-2	0.000000E+0	6.511910E+5
1.994000E-2	0.000000E+0	6.534110E+5
1.996000E-2	0.000000E+0	6.513040E+5
1.998000E-2	0.000000E+0	6.514450E+5
