

live time:  184476.600000
real time:  255602.963000
sweeps:  9223830.000000
0.000000E+0	0.000000E+0	0.000000E+0
2.000000E-5	0.000000E+0	4.043930E+5
4.000000E-5	0.000000E+0	4.046360E+5
6.000000E-5	0.000000E+0	4.043550E+5
8.000000E-5	0.000000E+0	4.046300E+5
1.000000E-4	0.000000E+0	4.033350E+5
1.200000E-4	0.000000E+0	4.048720E+5
1.400000E-4	0.000000E+0	4.048330E+5
1.600000E-4	0.000000E+0	4.046230E+5
1.800000E-4	0.000000E+0	4.044830E+5
2.000000E-4	0.000000E+0	4.043500E+5
2.200000E-4	0.000000E+0	4.046470E+5
2.400000E-4	0.000000E+0	4.033260E+5
2.600000E-4	0.000000E+0	4.031760E+5
2.800000E-4	0.000000E+0	4.040560E+5
3.000000E-4	0.000000E+0	4.057950E+5
3.200000E-4	0.000000E+0	4.043330E+5
3.400000E-4	0.000000E+0	4.043290E+5
3.600000E-4	0.000000E+0	4.050220E+5
3.800000E-4	0.000000E+0	4.040390E+5
4.000000E-4	0.000000E+0	4.036810E+5
4.200000E-4	0.000000E+0	4.042160E+5
4.400000E-4	0.000000E+0	4.039240E+5
4.600000E-4	0.000000E+0	4.052370E+5
4.800000E-4	0.000000E+0	4.039820E+5
5.000000E-4	0.000000E+0	4.042270E+5
5.200000E-4	0.000000E+0	4.048060E+5
5.400000E-4	0.000000E+0	4.039280E+5
5.600000E-4	0.000000E+0	4.036430E+5
5.800000E-4	0.000000E+0	4.043420E+5
6.000000E-4	0.000000E+0	4.050480E+5
6.200000E-4	0.000000E+0	4.040110E+5
6.400000E-4	0.000000E+0	4.056100E+5
6.600000E-4	0.000000E+0	4.034130E+5
6.800000E-4	0.000000E+0	4.040430E+5
7.000000E-4	0.000000E+0	4.046460E+5
7.200000E-4	0.000000E+0	4.055290E+5
7.400000E-4	0.000000E+0	4.037400E+5
7.600000E-4	0.000000E+0	4.037760E+5
7.800000E-4	0.000000E+0	4.030840E+5
8.000000E-4	0.000000E+0	4.050340E+5
8.200000E-4	0.000000E+0	4.042140E+5
8.400000E-4	0.000000E+0	4.039400E+5
8.600000E-4	0.000000E+0	4.053090E+5
8.800000E-4	0.000000E+0	4.040260E+5
9.000000E-4	0.000000E+0	4.055120E+5
9.200000E-4	0.000000E+0	4.040420E+5
9.400000E-4	0.000000E+0	4.046520E+5
9.600000E-4	0.000000E+0	4.035320E+5
9.800000E-4	0.000000E+0	4.057680E+5
1.000000E-3	0.000000E+0	4.046410E+5
1.020000E-3	0.000000E+0	4.042070E+5
1.040000E-3	0.000000E+0	4.041340E+5
1.060000E-3	0.000000E+0	4.038770E+5
1.080000E-3	0.000000E+0	4.041850E+5
1.100000E-3	0.000000E+0	4.034010E+5
1.120000E-3	0.000000E+0	4.048310E+5
1.140000E-3	0.000000E+0	4.035820E+5
1.160000E-3	0.000000E+0	4.040790E+5
1.180000E-3	0.000000E+0	4.039880E+5
1.200000E-3	0.000000E+0	4.044370E+5
1.220000E-3	0.000000E+0	4.048870E+5
1.240000E-3	0.000000E+0	4.042790E+5
1.260000E-3	0.000000E+0	4.039290E+5
1.280000E-3	0.000000E+0	4.043160E+5
1.300000E-3	0.000000E+0	4.029900E+5
1.320000E-3	0.000000E+0	4.054330E+5
1.340000E-3	0.000000E+0	4.044640E+5
1.360000E-3	0.000000E+0	4.035060E+5
1.380000E-3	0.000000E+0	4.053940E+5
1.400000E-3	0.000000E+0	4.043890E+5
1.420000E-3	0.000000E+0	4.045650E+5
1.440000E-3	0.000000E+0	4.043240E+5
1.460000E-3	0.000000E+0	4.030280E+5
1.480000E-3	0.000000E+0	4.051560E+5
1.500000E-3	0.000000E+0	4.044340E+5
1.520000E-3	0.000000E+0	4.040120E+5
1.540000E-3	0.000000E+0	4.046690E+5
1.560000E-3	0.000000E+0	4.046440E+5
1.580000E-3	0.000000E+0	4.046440E+5
1.600000E-3	0.000000E+0	4.041060E+5
1.620000E-3	0.000000E+0	4.040800E+5
1.640000E-3	0.000000E+0	4.034940E+5
1.660000E-3	0.000000E+0	4.044940E+5
1.680000E-3	0.000000E+0	4.041060E+5
1.700000E-3	0.000000E+0	4.036700E+5
1.720000E-3	0.000000E+0	4.046390E+5
1.740000E-3	0.000000E+0	4.053990E+5
1.760000E-3	0.000000E+0	4.050100E+5
1.780000E-3	0.000000E+0	4.053720E+5
1.800000E-3	0.000000E+0	4.052340E+5
1.820000E-3	0.000000E+0	4.038870E+5
1.840000E-3	0.000000E+0	4.034920E+5
1.860000E-3	0.000000E+0	4.043310E+5
1.880000E-3	0.000000E+0	4.043350E+5
1.900000E-3	0.000000E+0	4.035010E+5
1.920000E-3	0.000000E+0	4.040660E+5
1.940000E-3	0.000000E+0	4.039980E+5
1.960000E-3	0.000000E+0	4.044610E+5
1.980000E-3	0.000000E+0	4.047460E+5
2.000000E-3	0.000000E+0	4.037370E+5
2.020000E-3	0.000000E+0	4.044360E+5
2.040000E-3	0.000000E+0	4.038080E+5
2.060000E-3	0.000000E+0	4.050520E+5
2.080000E-3	0.000000E+0	4.054040E+5
2.100000E-3	0.000000E+0	4.054890E+5
2.120000E-3	0.000000E+0	4.050390E+5
2.140000E-3	0.000000E+0	4.029430E+5
2.160000E-3	0.000000E+0	4.033210E+5
2.180000E-3	0.000000E+0	4.043570E+5
2.200000E-3	0.000000E+0	4.051630E+5
2.220000E-3	0.000000E+0	4.047790E+5
2.240000E-3	0.000000E+0	4.040600E+5
2.260000E-3	0.000000E+0	4.044340E+5
2.280000E-3	0.000000E+0	4.044750E+5
2.300000E-3	0.000000E+0	4.046670E+5
2.320000E-3	0.000000E+0	4.043720E+5
2.340000E-3	0.000000E+0	4.040670E+5
2.360000E-3	0.000000E+0	4.043060E+5
2.380000E-3	0.000000E+0	4.055280E+5
2.400000E-3	0.000000E+0	4.029760E+5
2.420000E-3	0.000000E+0	4.040700E+5
2.440000E-3	0.000000E+0	4.035640E+5
2.460000E-3	0.000000E+0	4.045400E+5
2.480000E-3	0.000000E+0	4.058700E+5
2.500000E-3	0.000000E+0	4.040980E+5
2.520000E-3	0.000000E+0	4.049140E+5
2.540000E-3	0.000000E+0	4.033710E+5
2.560000E-3	0.000000E+0	4.045020E+5
2.580000E-3	0.000000E+0	4.038380E+5
2.600000E-3	0.000000E+0	4.051140E+5
2.620000E-3	0.000000E+0	4.040590E+5
2.640000E-3	0.000000E+0	4.031180E+5
2.660000E-3	0.000000E+0	4.048680E+5
2.680000E-3	0.000000E+0	4.038540E+5
2.700000E-3	0.000000E+0	4.043640E+5
2.720000E-3	0.000000E+0	4.026430E+5
2.740000E-3	0.000000E+0	4.044550E+5
2.760000E-3	0.000000E+0	4.038800E+5
2.780000E-3	0.000000E+0	4.042310E+5
2.800000E-3	0.000000E+0	4.042450E+5
2.820000E-3	0.000000E+0	4.039880E+5
2.840000E-3	0.000000E+0	4.034070E+5
2.860000E-3	0.000000E+0	4.053480E+5
2.880000E-3	0.000000E+0	4.045030E+5
2.900000E-3	0.000000E+0	4.048130E+5
2.920000E-3	0.000000E+0	4.032600E+5
2.940000E-3	0.000000E+0	4.045940E+5
2.960000E-3	0.000000E+0	4.042490E+5
2.980000E-3	0.000000E+0	4.033040E+5
3.000000E-3	0.000000E+0	4.043120E+5
3.020000E-3	0.000000E+0	4.041150E+5
3.040000E-3	0.000000E+0	4.049240E+5
3.060000E-3	0.000000E+0	4.058950E+5
3.080000E-3	0.000000E+0	4.043360E+5
3.100000E-3	0.000000E+0	4.034460E+5
3.120000E-3	0.000000E+0	4.045750E+5
3.140000E-3	0.000000E+0	4.047500E+5
3.160000E-3	0.000000E+0	4.039720E+5
3.180000E-3	0.000000E+0	4.047250E+5
3.200000E-3	0.000000E+0	4.040310E+5
3.220000E-3	0.000000E+0	4.049190E+5
3.240000E-3	0.000000E+0	4.053640E+5
3.260000E-3	0.000000E+0	4.048060E+5
3.280000E-3	0.000000E+0	4.046460E+5
3.300000E-3	0.000000E+0	4.038380E+5
3.320000E-3	0.000000E+0	4.043610E+5
3.340000E-3	0.000000E+0	4.037070E+5
3.360000E-3	0.000000E+0	4.033830E+5
3.380000E-3	0.000000E+0	4.032620E+5
3.400000E-3	0.000000E+0	4.042070E+5
3.420000E-3	0.000000E+0	4.052300E+5
3.440000E-3	0.000000E+0	4.036210E+5
3.460000E-3	0.000000E+0	4.046980E+5
3.480000E-3	0.000000E+0	4.038320E+5
3.500000E-3	0.000000E+0	4.042780E+5
3.520000E-3	0.000000E+0	4.039090E+5
3.540000E-3	0.000000E+0	4.042020E+5
3.560000E-3	0.000000E+0	4.040260E+5
3.580000E-3	0.000000E+0	4.031820E+5
3.600000E-3	0.000000E+0	4.039140E+5
3.620000E-3	0.000000E+0	4.023460E+5
3.640000E-3	0.000000E+0	4.048520E+5
3.660000E-3	0.000000E+0	4.041080E+5
3.680000E-3	0.000000E+0	4.039220E+5
3.700000E-3	0.000000E+0	4.034440E+5
3.720000E-3	0.000000E+0	4.042790E+5
3.740000E-3	0.000000E+0	4.038980E+5
3.760000E-3	0.000000E+0	4.040950E+5
3.780000E-3	0.000000E+0	4.034640E+5
3.800000E-3	0.000000E+0	4.034660E+5
3.820000E-3	0.000000E+0	4.034980E+5
3.840000E-3	0.000000E+0	4.041500E+5
3.860000E-3	0.000000E+0	4.037390E+5
3.880000E-3	0.000000E+0	4.033250E+5
3.900000E-3	0.000000E+0	4.048440E+5
3.920000E-3	0.000000E+0	4.057540E+5
3.940000E-3	0.000000E+0	4.049400E+5
3.960000E-3	0.000000E+0	4.049540E+5
3.980000E-3	0.000000E+0	4.043670E+5
4.000000E-3	0.000000E+0	4.040880E+5
4.020000E-3	0.000000E+0	4.047970E+5
4.040000E-3	0.000000E+0	4.036360E+5
4.060000E-3	0.000000E+0	4.046490E+5
4.080000E-3	0.000000E+0	4.046190E+5
4.100000E-3	0.000000E+0	4.047200E+5
4.120000E-3	0.000000E+0	4.039840E+5
4.140000E-3	0.000000E+0	4.034400E+5
4.160000E-3	0.000000E+0	4.049710E+5
4.180000E-3	0.000000E+0	4.035090E+5
4.200000E-3	0.000000E+0	4.045790E+5
4.220000E-3	0.000000E+0	4.040640E+5
4.240000E-3	0.000000E+0	4.040730E+5
4.260000E-3	0.000000E+0	4.034580E+5
4.280000E-3	0.000000E+0	4.050640E+5
4.300000E-3	0.000000E+0	4.044740E+5
4.320000E-3	0.000000E+0	4.038930E+5
4.340000E-3	0.000000E+0	4.034010E+5
4.360000E-3	0.000000E+0	4.037770E+5
4.380000E-3	0.000000E+0	4.037630E+5
4.400000E-3	0.000000E+0	4.045650E+5
4.420000E-3	0.000000E+0	4.038590E+5
4.440000E-3	0.000000E+0	4.038730E+5
4.460000E-3	0.000000E+0	4.036840E+5
4.480000E-3	0.000000E+0	4.033040E+5
4.500000E-3	0.000000E+0	4.041670E+5
4.520000E-3	0.000000E+0	4.031730E+5
4.540000E-3	0.000000E+0	4.032220E+5
4.560000E-3	0.000000E+0	4.033480E+5
4.580000E-3	0.000000E+0	4.042280E+5
4.600000E-3	0.000000E+0	4.038560E+5
4.620000E-3	0.000000E+0	4.034620E+5
4.640000E-3	0.000000E+0	4.042380E+5
4.660000E-3	0.000000E+0	4.043170E+5
4.680000E-3	0.000000E+0	4.037840E+5
4.700000E-3	0.000000E+0	4.044520E+5
4.720000E-3	0.000000E+0	4.042880E+5
4.740000E-3	0.000000E+0	4.032200E+5
4.760000E-3	0.000000E+0	4.048550E+5
4.780000E-3	0.000000E+0	4.032870E+5
4.800000E-3	0.000000E+0	4.034310E+5
4.820000E-3	0.000000E+0	4.032620E+5
4.840000E-3	0.000000E+0	4.031950E+5
4.860000E-3	0.000000E+0	4.019760E+5
4.880000E-3	0.000000E+0	4.014720E+5
4.900000E-3	0.000000E+0	4.013700E+5
4.920000E-3	0.000000E+0	3.986860E+5
4.940000E-3	0.000000E+0	3.980000E+5
4.960000E-3	0.000000E+0	3.979260E+5
4.980000E-3	0.000000E+0	3.983140E+5
5.000000E-3	0.000000E+0	3.964950E+5
5.020000E-3	0.000000E+0	3.958280E+5
5.040000E-3	0.000000E+0	3.938810E+5
5.060000E-3	0.000000E+0	3.932450E+5
5.080000E-3	0.000000E+0	3.928070E+5
5.100000E-3	0.000000E+0	3.932570E+5
5.120000E-3	0.000000E+0	3.929300E+5
5.140000E-3	0.000000E+0	3.942650E+5
5.160000E-3	0.000000E+0	3.957720E+5
5.180000E-3	0.000000E+0	3.966400E+5
5.200000E-3	0.000000E+0	3.979430E+5
5.220000E-3	0.000000E+0	3.987700E+5
5.240000E-3	0.000000E+0	3.986690E+5
5.260000E-3	0.000000E+0	4.015250E+5
5.280000E-3	0.000000E+0	3.995160E+5
5.300000E-3	0.000000E+0	4.016550E+5
5.320000E-3	0.000000E+0	4.029120E+5
5.340000E-3	0.000000E+0	4.029980E+5
5.360000E-3	0.000000E+0	4.037240E+5
5.380000E-3	0.000000E+0	4.024870E+5
5.400000E-3	0.000000E+0	4.044550E+5
5.420000E-3	0.000000E+0	4.033210E+5
5.440000E-3	0.000000E+0	4.029160E+5
5.460000E-3	0.000000E+0	4.024160E+5
5.480000E-3	0.000000E+0	4.022220E+5
5.500000E-3	0.000000E+0	4.027570E+5
5.520000E-3	0.000000E+0	4.015760E+5
5.540000E-3	0.000000E+0	4.014170E+5
5.560000E-3	0.000000E+0	3.991970E+5
5.580000E-3	0.000000E+0	3.990910E+5
5.600000E-3	0.000000E+0	3.968570E+5
5.620000E-3	0.000000E+0	3.976890E+5
5.640000E-3	0.000000E+0	3.986730E+5
5.660000E-3	0.000000E+0	3.967870E+5
5.680000E-3	0.000000E+0	3.963810E+5
5.700000E-3	0.000000E+0	3.948730E+5
5.720000E-3	0.000000E+0	3.937260E+5
5.740000E-3	0.000000E+0	3.940710E+5
5.760000E-3	0.000000E+0	3.944400E+5
5.780000E-3	0.000000E+0	3.946440E+5
5.800000E-3	0.000000E+0	3.953970E+5
5.820000E-3	0.000000E+0	3.970610E+5
5.840000E-3	0.000000E+0	3.980670E+5
5.860000E-3	0.000000E+0	3.986370E+5
5.880000E-3	0.000000E+0	4.003030E+5
5.900000E-3	0.000000E+0	4.014950E+5
5.920000E-3	0.000000E+0	4.027870E+5
5.940000E-3	0.000000E+0	4.018180E+5
5.960000E-3	0.000000E+0	4.024400E+5
5.980000E-3	0.000000E+0	4.035050E+5
6.000000E-3	0.000000E+0	4.034260E+5
6.020000E-3	0.000000E+0	4.032410E+5
6.040000E-3	0.000000E+0	4.038500E+5
6.060000E-3	0.000000E+0	4.036950E+5
6.080000E-3	0.000000E+0	4.038030E+5
6.100000E-3	0.000000E+0	4.030330E+5
6.120000E-3	0.000000E+0	4.042390E+5
6.140000E-3	0.000000E+0	4.037370E+5
6.160000E-3	0.000000E+0	4.034150E+5
6.180000E-3	0.000000E+0	4.042550E+5
6.200000E-3	0.000000E+0	4.037650E+5
6.220000E-3	0.000000E+0	4.042630E+5
6.240000E-3	0.000000E+0	4.030160E+5
6.260000E-3	0.000000E+0	4.035470E+5
6.280000E-3	0.000000E+0	4.056110E+5
6.300000E-3	0.000000E+0	4.049220E+5
6.320000E-3	0.000000E+0	4.044770E+5
6.340000E-3	0.000000E+0	4.044080E+5
6.360000E-3	0.000000E+0	4.036570E+5
6.380000E-3	0.000000E+0	4.047600E+5
6.400000E-3	0.000000E+0	4.036800E+5
6.420000E-3	0.000000E+0	4.033510E+5
6.440000E-3	0.000000E+0	4.055600E+5
6.460000E-3	0.000000E+0	4.040780E+5
6.480000E-3	0.000000E+0	4.036870E+5
6.500000E-3	0.000000E+0	4.036910E+5
6.520000E-3	0.000000E+0	4.040950E+5
6.540000E-3	0.000000E+0	4.035170E+5
6.560000E-3	0.000000E+0	4.047920E+5
6.580000E-3	0.000000E+0	4.036730E+5
6.600000E-3	0.000000E+0	4.048130E+5
6.620000E-3	0.000000E+0	4.040500E+5
6.640000E-3	0.000000E+0	4.039680E+5
6.660000E-3	0.000000E+0	4.033000E+5
6.680000E-3	0.000000E+0	4.040560E+5
6.700000E-3	0.000000E+0	4.044070E+5
6.720000E-3	0.000000E+0	4.041640E+5
6.740000E-3	0.000000E+0	4.049740E+5
6.760000E-3	0.000000E+0	4.050010E+5
6.780000E-3	0.000000E+0	4.036060E+5
6.800000E-3	0.000000E+0	4.043920E+5
6.820000E-3	0.000000E+0	4.043400E+5
6.840000E-3	0.000000E+0	4.038060E+5
6.860000E-3	0.000000E+0	4.043170E+5
6.880000E-3	0.000000E+0	4.052210E+5
6.900000E-3	0.000000E+0	4.031140E+5
6.920000E-3	0.000000E+0	4.031520E+5
6.940000E-3	0.000000E+0	4.043320E+5
6.960000E-3	0.000000E+0	4.027490E+5
6.980000E-3	0.000000E+0	4.042450E+5
7.000000E-3	0.000000E+0	4.039620E+5
7.020000E-3	0.000000E+0	4.046840E+5
7.040000E-3	0.000000E+0	4.043720E+5
7.060000E-3	0.000000E+0	4.045340E+5
7.080000E-3	0.000000E+0	4.043030E+5
7.100000E-3	0.000000E+0	4.040570E+5
7.120000E-3	0.000000E+0	4.044540E+5
7.140000E-3	0.000000E+0	4.040410E+5
7.160000E-3	0.000000E+0	4.045960E+5
7.180000E-3	0.000000E+0	4.035370E+5
7.200000E-3	0.000000E+0	4.044030E+5
7.220000E-3	0.000000E+0	4.045710E+5
7.240000E-3	0.000000E+0	4.043210E+5
7.260000E-3	0.000000E+0	4.038190E+5
7.280000E-3	0.000000E+0	4.041460E+5
7.300000E-3	0.000000E+0	4.037010E+5
7.320000E-3	0.000000E+0	4.048410E+5
7.340000E-3	0.000000E+0	4.049970E+5
7.360000E-3	0.000000E+0	4.037640E+5
7.380000E-3	0.000000E+0	4.048310E+5
7.400000E-3	0.000000E+0	4.042280E+5
7.420000E-3	0.000000E+0	4.041880E+5
7.440000E-3	0.000000E+0	4.043270E+5
7.460000E-3	0.000000E+0	4.049010E+5
7.480000E-3	0.000000E+0	4.038110E+5
7.500000E-3	0.000000E+0	4.046720E+5
7.520000E-3	0.000000E+0	4.046600E+5
7.540000E-3	0.000000E+0	4.042040E+5
7.560000E-3	0.000000E+0	4.048200E+5
7.580000E-3	0.000000E+0	4.045460E+5
7.600000E-3	0.000000E+0	4.035400E+5
7.620000E-3	0.000000E+0	4.044520E+5
7.640000E-3	0.000000E+0	4.050760E+5
7.660000E-3	0.000000E+0	4.037100E+5
7.680000E-3	0.000000E+0	4.042740E+5
7.700000E-3	0.000000E+0	4.035400E+5
7.720000E-3	0.000000E+0	4.044720E+5
7.740000E-3	0.000000E+0	4.035830E+5
7.760000E-3	0.000000E+0	4.039670E+5
7.780000E-3	0.000000E+0	4.052040E+5
7.800000E-3	0.000000E+0	4.040820E+5
7.820000E-3	0.000000E+0	4.039110E+5
7.840000E-3	0.000000E+0	4.052300E+5
7.860000E-3	0.000000E+0	4.041220E+5
7.880000E-3	0.000000E+0	4.042610E+5
7.900000E-3	0.000000E+0	4.038260E+5
7.920000E-3	0.000000E+0	4.039990E+5
7.940000E-3	0.000000E+0	4.052310E+5
7.960000E-3	0.000000E+0	4.054710E+5
7.980000E-3	0.000000E+0	4.054790E+5
8.000000E-3	0.000000E+0	4.045090E+5
8.020000E-3	0.000000E+0	4.043460E+5
8.040000E-3	0.000000E+0	4.032140E+5
8.060000E-3	0.000000E+0	4.038050E+5
8.080000E-3	0.000000E+0	4.048610E+5
8.100000E-3	0.000000E+0	4.052500E+5
8.120000E-3	0.000000E+0	4.043710E+5
8.140000E-3	0.000000E+0	4.035600E+5
8.160000E-3	0.000000E+0	4.045610E+5
8.180000E-3	0.000000E+0	4.038120E+5
8.200000E-3	0.000000E+0	4.045830E+5
8.220000E-3	0.000000E+0	4.037640E+5
8.240000E-3	0.000000E+0	4.047060E+5
8.260000E-3	0.000000E+0	4.056230E+5
8.280000E-3	0.000000E+0	4.035860E+5
8.300000E-3	0.000000E+0	4.042900E+5
8.320000E-3	0.000000E+0	4.034530E+5
8.340000E-3	0.000000E+0	4.036570E+5
8.360000E-3	0.000000E+0	4.037910E+5
8.380000E-3	0.000000E+0	4.024670E+5
8.400000E-3	0.000000E+0	4.035750E+5
8.420000E-3	0.000000E+0	4.043600E+5
8.440000E-3	0.000000E+0	4.050370E+5
8.460000E-3	0.000000E+0	4.046480E+5
8.480000E-3	0.000000E+0	4.052790E+5
8.500000E-3	0.000000E+0	4.033890E+5
8.520000E-3	0.000000E+0	4.049310E+5
8.540000E-3	0.000000E+0	4.047480E+5
8.560000E-3	0.000000E+0	4.041970E+5
8.580000E-3	0.000000E+0	4.056340E+5
8.600000E-3	0.000000E+0	4.041410E+5
8.620000E-3	0.000000E+0	4.050690E+5
8.640000E-3	0.000000E+0	4.041320E+5
8.660000E-3	0.000000E+0	4.039660E+5
8.680000E-3	0.000000E+0	4.045570E+5
8.700000E-3	0.000000E+0	4.025910E+5
8.720000E-3	0.000000E+0	4.050290E+5
8.740000E-3	0.000000E+0	4.035160E+5
8.760000E-3	0.000000E+0	4.042180E+5
8.780000E-3	0.000000E+0	4.045010E+5
8.800000E-3	0.000000E+0	4.050170E+5
8.820000E-3	0.000000E+0	4.047060E+5
8.840000E-3	0.000000E+0	4.037130E+5
8.860000E-3	0.000000E+0	4.058480E+5
8.880000E-3	0.000000E+0	4.036400E+5
8.900000E-3	0.000000E+0	4.042880E+5
8.920000E-3	0.000000E+0	4.031320E+5
8.940000E-3	0.000000E+0	4.034660E+5
8.960000E-3	0.000000E+0	4.050550E+5
8.980000E-3	0.000000E+0	4.042230E+5
9.000000E-3	0.000000E+0	4.039590E+5
9.020000E-3	0.000000E+0	4.029820E+5
9.040000E-3	0.000000E+0	4.046950E+5
9.060000E-3	0.000000E+0	4.062330E+5
9.080000E-3	0.000000E+0	4.044170E+5
9.100000E-3	0.000000E+0	4.049360E+5
9.120000E-3	0.000000E+0	4.036680E+5
9.140000E-3	0.000000E+0	4.045190E+5
9.160000E-3	0.000000E+0	4.045970E+5
9.180000E-3	0.000000E+0	4.032490E+5
9.200000E-3	0.000000E+0	4.041930E+5
9.220000E-3	0.000000E+0	4.042870E+5
9.240000E-3	0.000000E+0	4.050010E+5
9.260000E-3	0.000000E+0	4.055840E+5
9.280000E-3	0.000000E+0	4.054260E+5
9.300000E-3	0.000000E+0	4.048960E+5
9.320000E-3	0.000000E+0	4.039840E+5
9.340000E-3	0.000000E+0	4.042430E+5
9.360000E-3	0.000000E+0	4.039720E+5
9.380000E-3	0.000000E+0	4.053110E+5
9.400000E-3	0.000000E+0	4.047400E+5
9.420000E-3	0.000000E+0	4.054750E+5
9.440000E-3	0.000000E+0	4.039490E+5
9.460000E-3	0.000000E+0	4.053330E+5
9.480000E-3	0.000000E+0	4.042590E+5
9.500000E-3	0.000000E+0	4.033230E+5
9.520000E-3	0.000000E+0	4.049620E+5
9.540000E-3	0.000000E+0	4.032170E+5
9.560000E-3	0.000000E+0	4.040700E+5
9.580000E-3	0.000000E+0	4.043250E+5
9.600000E-3	0.000000E+0	4.043240E+5
9.620000E-3	0.000000E+0	4.036250E+5
9.640000E-3	0.000000E+0	4.040060E+5
9.660000E-3	0.000000E+0	4.050530E+5
9.680000E-3	0.000000E+0	4.031760E+5
9.700000E-3	0.000000E+0	4.037960E+5
9.720000E-3	0.000000E+0	4.049950E+5
9.740000E-3	0.000000E+0	4.042780E+5
9.760000E-3	0.000000E+0	4.040140E+5
9.780000E-3	0.000000E+0	4.047320E+5
9.800000E-3	0.000000E+0	4.049570E+5
9.820000E-3	0.000000E+0	4.051070E+5
9.840000E-3	0.000000E+0	4.046550E+5
9.860000E-3	0.000000E+0	4.037120E+5
9.880000E-3	0.000000E+0	4.053690E+5
9.900000E-3	0.000000E+0	4.056620E+5
9.920000E-3	0.000000E+0	4.037020E+5
9.940000E-3	0.000000E+0	4.034810E+5
9.960000E-3	0.000000E+0	4.035010E+5
9.980000E-3	0.000000E+0	4.053570E+5
1.000000E-2	0.000000E+0	4.035080E+5
1.002000E-2	0.000000E+0	4.042380E+5
1.004000E-2	0.000000E+0	4.047880E+5
1.006000E-2	0.000000E+0	4.046820E+5
1.008000E-2	0.000000E+0	4.041020E+5
1.010000E-2	0.000000E+0	4.042060E+5
1.012000E-2	0.000000E+0	4.055390E+5
1.014000E-2	0.000000E+0	4.059200E+5
1.016000E-2	0.000000E+0	4.049380E+5
1.018000E-2	0.000000E+0	4.046340E+5
1.020000E-2	0.000000E+0	4.050680E+5
1.022000E-2	0.000000E+0	4.042020E+5
1.024000E-2	0.000000E+0	4.037220E+5
1.026000E-2	0.000000E+0	4.056870E+5
1.028000E-2	0.000000E+0	4.037820E+5
1.030000E-2	0.000000E+0	4.050490E+5
1.032000E-2	0.000000E+0	4.039390E+5
1.034000E-2	0.000000E+0	4.052560E+5
1.036000E-2	0.000000E+0	4.045100E+5
1.038000E-2	0.000000E+0	4.050010E+5
1.040000E-2	0.000000E+0	4.038670E+5
1.042000E-2	0.000000E+0	4.042540E+5
1.044000E-2	0.000000E+0	4.040880E+5
1.046000E-2	0.000000E+0	4.052870E+5
1.048000E-2	0.000000E+0	4.053910E+5
1.050000E-2	0.000000E+0	4.043510E+5
1.052000E-2	0.000000E+0	4.050080E+5
1.054000E-2	0.000000E+0	4.060300E+5
1.056000E-2	0.000000E+0	4.039150E+5
1.058000E-2	0.000000E+0	4.050110E+5
1.060000E-2	0.000000E+0	4.039970E+5
1.062000E-2	0.000000E+0	4.041730E+5
1.064000E-2	0.000000E+0	4.047200E+5
1.066000E-2	0.000000E+0	4.046090E+5
1.068000E-2	0.000000E+0	4.048570E+5
1.070000E-2	0.000000E+0	4.038100E+5
1.072000E-2	0.000000E+0	4.044260E+5
1.074000E-2	0.000000E+0	4.049830E+5
1.076000E-2	0.000000E+0	4.054250E+5
1.078000E-2	0.000000E+0	4.055680E+5
1.080000E-2	0.000000E+0	4.053180E+5
1.082000E-2	0.000000E+0	4.060920E+5
1.084000E-2	0.000000E+0	4.043620E+5
1.086000E-2	0.000000E+0	4.046920E+5
1.088000E-2	0.000000E+0	4.047030E+5
1.090000E-2	0.000000E+0	4.050290E+5
1.092000E-2	0.000000E+0	4.043330E+5
1.094000E-2	0.000000E+0	4.040760E+5
1.096000E-2	0.000000E+0	4.041650E+5
1.098000E-2	0.000000E+0	4.049250E+5
1.100000E-2	0.000000E+0	4.047970E+5
1.102000E-2	0.000000E+0	4.036530E+5
1.104000E-2	0.000000E+0	4.051480E+5
1.106000E-2	0.000000E+0	4.046950E+5
1.108000E-2	0.000000E+0	4.051080E+5
1.110000E-2	0.000000E+0	4.044810E+5
1.112000E-2	0.000000E+0	4.045670E+5
1.114000E-2	0.000000E+0	4.050360E+5
1.116000E-2	0.000000E+0	4.026960E+5
1.118000E-2	0.000000E+0	4.046750E+5
1.120000E-2	0.000000E+0	4.045320E+5
1.122000E-2	0.000000E+0	4.060570E+5
1.124000E-2	0.000000E+0	4.059120E+5
1.126000E-2	0.000000E+0	4.033950E+5
1.128000E-2	0.000000E+0	4.037420E+5
1.130000E-2	0.000000E+0	4.044570E+5
1.132000E-2	0.000000E+0	4.055980E+5
1.134000E-2	0.000000E+0	4.038140E+5
1.136000E-2	0.000000E+0	4.054520E+5
1.138000E-2	0.000000E+0	4.040950E+5
1.140000E-2	0.000000E+0	4.058690E+5
1.142000E-2	0.000000E+0	4.043120E+5
1.144000E-2	0.000000E+0	4.056650E+5
1.146000E-2	0.000000E+0	4.044420E+5
1.148000E-2	0.000000E+0	4.043310E+5
1.150000E-2	0.000000E+0	4.039970E+5
1.152000E-2	0.000000E+0	4.040340E+5
1.154000E-2	0.000000E+0	4.040800E+5
1.156000E-2	0.000000E+0	4.050990E+5
1.158000E-2	0.000000E+0	4.038190E+5
1.160000E-2	0.000000E+0	4.044970E+5
1.162000E-2	0.000000E+0	4.044030E+5
1.164000E-2	0.000000E+0	4.058580E+5
1.166000E-2	0.000000E+0	4.065420E+5
1.168000E-2	0.000000E+0	4.056940E+5
1.170000E-2	0.000000E+0	4.057660E+5
1.172000E-2	0.000000E+0	4.053430E+5
1.174000E-2	0.000000E+0	4.044500E+5
1.176000E-2	0.000000E+0	4.049060E+5
1.178000E-2	0.000000E+0	4.041040E+5
1.180000E-2	0.000000E+0	4.048610E+5
1.182000E-2	0.000000E+0	4.052880E+5
1.184000E-2	0.000000E+0	4.051110E+5
1.186000E-2	0.000000E+0	4.038380E+5
1.188000E-2	0.000000E+0	4.040430E+5
1.190000E-2	0.000000E+0	4.036670E+5
1.192000E-2	0.000000E+0	4.040980E+5
1.194000E-2	0.000000E+0	4.056650E+5
1.196000E-2	0.000000E+0	4.044100E+5
1.198000E-2	0.000000E+0	4.048710E+5
1.200000E-2	0.000000E+0	4.042760E+5
1.202000E-2	0.000000E+0	4.046830E+5
1.204000E-2	0.000000E+0	4.044180E+5
1.206000E-2	0.000000E+0	4.044060E+5
1.208000E-2	0.000000E+0	4.056350E+5
1.210000E-2	0.000000E+0	4.051370E+5
1.212000E-2	0.000000E+0	4.047390E+5
1.214000E-2	0.000000E+0	4.034900E+5
1.216000E-2	0.000000E+0	4.039970E+5
1.218000E-2	0.000000E+0	4.048930E+5
1.220000E-2	0.000000E+0	4.033340E+5
1.222000E-2	0.000000E+0	4.050430E+5
1.224000E-2	0.000000E+0	4.046950E+5
1.226000E-2	0.000000E+0	4.043790E+5
1.228000E-2	0.000000E+0	4.050300E+5
1.230000E-2	0.000000E+0	4.050410E+5
1.232000E-2	0.000000E+0	4.051530E+5
1.234000E-2	0.000000E+0	4.047790E+5
1.236000E-2	0.000000E+0	4.044260E+5
1.238000E-2	0.000000E+0	4.055090E+5
1.240000E-2	0.000000E+0	4.054140E+5
1.242000E-2	0.000000E+0	4.048750E+5
1.244000E-2	0.000000E+0	4.052960E+5
1.246000E-2	0.000000E+0	4.042630E+5
1.248000E-2	0.000000E+0	4.050530E+5
1.250000E-2	0.000000E+0	4.041940E+5
1.252000E-2	0.000000E+0	4.059490E+5
1.254000E-2	0.000000E+0	4.049440E+5
1.256000E-2	0.000000E+0	4.044630E+5
1.258000E-2	0.000000E+0	4.055270E+5
1.260000E-2	0.000000E+0	4.053910E+5
1.262000E-2	0.000000E+0	4.035310E+5
1.264000E-2	0.000000E+0	4.037770E+5
1.266000E-2	0.000000E+0	4.060580E+5
1.268000E-2	0.000000E+0	4.049310E+5
1.270000E-2	0.000000E+0	4.040990E+5
1.272000E-2	0.000000E+0	4.054620E+5
1.274000E-2	0.000000E+0	4.045800E+5
1.276000E-2	0.000000E+0	4.048250E+5
1.278000E-2	0.000000E+0	4.042150E+5
1.280000E-2	0.000000E+0	4.039000E+5
1.282000E-2	0.000000E+0	4.040280E+5
1.284000E-2	0.000000E+0	4.044670E+5
1.286000E-2	0.000000E+0	4.053230E+5
1.288000E-2	0.000000E+0	4.057740E+5
1.290000E-2	0.000000E+0	4.044290E+5
1.292000E-2	0.000000E+0	4.049740E+5
1.294000E-2	0.000000E+0	4.036760E+5
1.296000E-2	0.000000E+0	4.042340E+5
1.298000E-2	0.000000E+0	4.045700E+5
1.300000E-2	0.000000E+0	4.048050E+5
1.302000E-2	0.000000E+0	4.054000E+5
1.304000E-2	0.000000E+0	4.047870E+5
1.306000E-2	0.000000E+0	4.040280E+5
1.308000E-2	0.000000E+0	4.059090E+5
1.310000E-2	0.000000E+0	4.048960E+5
1.312000E-2	0.000000E+0	4.052000E+5
1.314000E-2	0.000000E+0	4.057010E+5
1.316000E-2	0.000000E+0	4.050700E+5
1.318000E-2	0.000000E+0	4.041750E+5
1.320000E-2	0.000000E+0	4.048560E+5
1.322000E-2	0.000000E+0	4.052250E+5
1.324000E-2	0.000000E+0	4.037140E+5
1.326000E-2	0.000000E+0	4.053050E+5
1.328000E-2	0.000000E+0	4.055030E+5
1.330000E-2	0.000000E+0	4.037860E+5
1.332000E-2	0.000000E+0	4.040680E+5
1.334000E-2	0.000000E+0	4.041520E+5
1.336000E-2	0.000000E+0	4.046350E+5
1.338000E-2	0.000000E+0	4.050620E+5
1.340000E-2	0.000000E+0	4.037050E+5
1.342000E-2	0.000000E+0	4.037390E+5
1.344000E-2	0.000000E+0	4.039970E+5
1.346000E-2	0.000000E+0	4.039190E+5
1.348000E-2	0.000000E+0	4.050720E+5
1.350000E-2	0.000000E+0	4.047760E+5
1.352000E-2	0.000000E+0	4.055940E+5
1.354000E-2	0.000000E+0	4.049280E+5
1.356000E-2	0.000000E+0	4.050240E+5
1.358000E-2	0.000000E+0	4.046310E+5
1.360000E-2	0.000000E+0	4.043250E+5
1.362000E-2	0.000000E+0	4.047250E+5
1.364000E-2	0.000000E+0	4.034530E+5
1.366000E-2	0.000000E+0	4.044180E+5
1.368000E-2	0.000000E+0	4.052050E+5
1.370000E-2	0.000000E+0	4.052630E+5
1.372000E-2	0.000000E+0	4.042500E+5
1.374000E-2	0.000000E+0	4.045920E+5
1.376000E-2	0.000000E+0	4.039450E+5
1.378000E-2	0.000000E+0	4.041360E+5
1.380000E-2	0.000000E+0	4.048650E+5
1.382000E-2	0.000000E+0	4.039520E+5
1.384000E-2	0.000000E+0	4.039530E+5
1.386000E-2	0.000000E+0	4.048820E+5
1.388000E-2	0.000000E+0	4.047130E+5
1.390000E-2	0.000000E+0	4.053710E+5
1.392000E-2	0.000000E+0	4.054660E+5
1.394000E-2	0.000000E+0	4.049230E+5
1.396000E-2	0.000000E+0	4.048140E+5
1.398000E-2	0.000000E+0	4.055540E+5
1.400000E-2	0.000000E+0	4.051980E+5
1.402000E-2	0.000000E+0	4.038970E+5
1.404000E-2	0.000000E+0	4.059250E+5
1.406000E-2	0.000000E+0	4.041990E+5
1.408000E-2	0.000000E+0	4.040710E+5
1.410000E-2	0.000000E+0	4.046000E+5
1.412000E-2	0.000000E+0	4.046670E+5
1.414000E-2	0.000000E+0	4.041680E+5
1.416000E-2	0.000000E+0	4.040270E+5
1.418000E-2	0.000000E+0	4.044750E+5
1.420000E-2	0.000000E+0	4.046680E+5
1.422000E-2	0.000000E+0	4.046120E+5
1.424000E-2	0.000000E+0	4.034080E+5
1.426000E-2	0.000000E+0	4.030610E+5
1.428000E-2	0.000000E+0	4.041150E+5
1.430000E-2	0.000000E+0	4.042660E+5
1.432000E-2	0.000000E+0	4.045830E+5
1.434000E-2	0.000000E+0	4.039880E+5
1.436000E-2	0.000000E+0	4.050120E+5
1.438000E-2	0.000000E+0	4.045400E+5
1.440000E-2	0.000000E+0	4.059500E+5
1.442000E-2	0.000000E+0	4.046390E+5
1.444000E-2	0.000000E+0	4.033870E+5
1.446000E-2	0.000000E+0	4.049600E+5
1.448000E-2	0.000000E+0	4.048690E+5
1.450000E-2	0.000000E+0	4.044340E+5
1.452000E-2	0.000000E+0	4.051090E+5
1.454000E-2	0.000000E+0	4.043130E+5
1.456000E-2	0.000000E+0	4.054630E+5
1.458000E-2	0.000000E+0	4.034820E+5
1.460000E-2	0.000000E+0	4.051330E+5
1.462000E-2	0.000000E+0	4.031350E+5
1.464000E-2	0.000000E+0	4.051540E+5
1.466000E-2	0.000000E+0	4.042620E+5
1.468000E-2	0.000000E+0	4.055890E+5
1.470000E-2	0.000000E+0	4.042440E+5
1.472000E-2	0.000000E+0	4.038740E+5
1.474000E-2	0.000000E+0	4.042490E+5
1.476000E-2	0.000000E+0	4.057240E+5
1.478000E-2	0.000000E+0	4.052460E+5
1.480000E-2	0.000000E+0	4.038850E+5
1.482000E-2	0.000000E+0	4.036580E+5
1.484000E-2	0.000000E+0	4.054440E+5
1.486000E-2	0.000000E+0	4.041000E+5
1.488000E-2	0.000000E+0	4.037970E+5
1.490000E-2	0.000000E+0	4.032210E+5
1.492000E-2	0.000000E+0	4.024890E+5
1.494000E-2	0.000000E+0	4.002790E+5
1.496000E-2	0.000000E+0	3.996570E+5
1.498000E-2	0.000000E+0	3.998800E+5
1.500000E-2	0.000000E+0	3.989400E+5
1.502000E-2	0.000000E+0	3.984580E+5
1.504000E-2	0.000000E+0	3.971330E+5
1.506000E-2	0.000000E+0	3.968180E+5
1.508000E-2	0.000000E+0	3.956960E+5
1.510000E-2	0.000000E+0	3.942650E+5
1.512000E-2	0.000000E+0	3.940370E+5
1.514000E-2	0.000000E+0	3.939230E+5
1.516000E-2	0.000000E+0	3.940580E+5
1.518000E-2	0.000000E+0	3.952260E+5
1.520000E-2	0.000000E+0	3.966050E+5
1.522000E-2	0.000000E+0	3.982140E+5
1.524000E-2	0.000000E+0	4.002510E+5
1.526000E-2	0.000000E+0	4.002470E+5
1.528000E-2	0.000000E+0	4.021770E+5
1.530000E-2	0.000000E+0	4.013780E+5
1.532000E-2	0.000000E+0	4.025930E+5
1.534000E-2	0.000000E+0	4.036410E+5
1.536000E-2	0.000000E+0	4.033660E+5
1.538000E-2	0.000000E+0	4.044860E+5
1.540000E-2	0.000000E+0	4.038500E+5
1.542000E-2	0.000000E+0	4.039350E+5
1.544000E-2	0.000000E+0	4.034380E+5
1.546000E-2	0.000000E+0	4.036500E+5
1.548000E-2	0.000000E+0	4.035470E+5
1.550000E-2	0.000000E+0	4.029520E+5
1.552000E-2	0.000000E+0	4.039600E+5
1.554000E-2	0.000000E+0	4.029750E+5
1.556000E-2	0.000000E+0	4.012290E+5
1.558000E-2	0.000000E+0	4.000530E+5
1.560000E-2	0.000000E+0	4.005570E+5
1.562000E-2	0.000000E+0	3.991010E+5
1.564000E-2	0.000000E+0	3.986610E+5
1.566000E-2	0.000000E+0	3.977920E+5
1.568000E-2	0.000000E+0	3.972380E+5
1.570000E-2	0.000000E+0	3.967830E+5
1.572000E-2	0.000000E+0	3.953920E+5
1.574000E-2	0.000000E+0	3.947330E+5
1.576000E-2	0.000000E+0	3.949080E+5
1.578000E-2	0.000000E+0	3.922660E+5
1.580000E-2	0.000000E+0	3.940100E+5
1.582000E-2	0.000000E+0	3.948210E+5
1.584000E-2	0.000000E+0	3.957940E+5
1.586000E-2	0.000000E+0	3.974020E+5
1.588000E-2	0.000000E+0	3.991800E+5
1.590000E-2	0.000000E+0	3.997940E+5
1.592000E-2	0.000000E+0	4.006870E+5
1.594000E-2	0.000000E+0	4.008750E+5
1.596000E-2	0.000000E+0	4.023550E+5
1.598000E-2	0.000000E+0	4.036050E+5
1.600000E-2	0.000000E+0	4.050720E+5
1.602000E-2	0.000000E+0	4.038290E+5
1.604000E-2	0.000000E+0	4.037380E+5
1.606000E-2	0.000000E+0	4.038160E+5
1.608000E-2	0.000000E+0	4.038520E+5
1.610000E-2	0.000000E+0	4.050220E+5
1.612000E-2	0.000000E+0	4.050810E+5
1.614000E-2	0.000000E+0	4.042440E+5
1.616000E-2	0.000000E+0	4.056000E+5
1.618000E-2	0.000000E+0	4.045800E+5
1.620000E-2	0.000000E+0	4.040950E+5
1.622000E-2	0.000000E+0	4.040590E+5
1.624000E-2	0.000000E+0	4.042410E+5
1.626000E-2	0.000000E+0	4.041070E+5
1.628000E-2	0.000000E+0	4.057820E+5
1.630000E-2	0.000000E+0	4.045180E+5
1.632000E-2	0.000000E+0	4.052920E+5
1.634000E-2	0.000000E+0	4.051210E+5
1.636000E-2	0.000000E+0	4.054490E+5
1.638000E-2	0.000000E+0	4.047940E+5
1.640000E-2	0.000000E+0	4.049170E+5
1.642000E-2	0.000000E+0	4.045340E+5
1.644000E-2	0.000000E+0	4.040090E+5
1.646000E-2	0.000000E+0	4.046390E+5
1.648000E-2	0.000000E+0	4.034810E+5
1.650000E-2	0.000000E+0	4.046280E+5
1.652000E-2	0.000000E+0	4.052550E+5
1.654000E-2	0.000000E+0	4.043880E+5
1.656000E-2	0.000000E+0	4.040720E+5
1.658000E-2	0.000000E+0	4.048310E+5
1.660000E-2	0.000000E+0	4.049460E+5
1.662000E-2	0.000000E+0	4.040030E+5
1.664000E-2	0.000000E+0	4.043960E+5
1.666000E-2	0.000000E+0	4.046970E+5
1.668000E-2	0.000000E+0	4.040500E+5
1.670000E-2	0.000000E+0	4.041930E+5
1.672000E-2	0.000000E+0	4.050150E+5
1.674000E-2	0.000000E+0	4.039900E+5
1.676000E-2	0.000000E+0	4.035630E+5
1.678000E-2	0.000000E+0	4.032640E+5
1.680000E-2	0.000000E+0	4.045310E+5
1.682000E-2	0.000000E+0	4.042270E+5
1.684000E-2	0.000000E+0	4.049770E+5
1.686000E-2	0.000000E+0	4.056480E+5
1.688000E-2	0.000000E+0	4.046810E+5
1.690000E-2	0.000000E+0	4.044580E+5
1.692000E-2	0.000000E+0	4.047000E+5
1.694000E-2	0.000000E+0	4.042810E+5
1.696000E-2	0.000000E+0	4.034620E+5
1.698000E-2	0.000000E+0	4.038770E+5
1.700000E-2	0.000000E+0	4.051220E+5
1.702000E-2	0.000000E+0	4.048540E+5
1.704000E-2	0.000000E+0	4.050820E+5
1.706000E-2	0.000000E+0	4.060070E+5
1.708000E-2	0.000000E+0	4.045610E+5
1.710000E-2	0.000000E+0	4.050100E+5
1.712000E-2	0.000000E+0	4.043250E+5
1.714000E-2	0.000000E+0	4.043040E+5
1.716000E-2	0.000000E+0	4.049690E+5
1.718000E-2	0.000000E+0	4.044500E+5
1.720000E-2	0.000000E+0	4.052340E+5
1.722000E-2	0.000000E+0	4.053740E+5
1.724000E-2	0.000000E+0	4.040780E+5
1.726000E-2	0.000000E+0	4.040680E+5
1.728000E-2	0.000000E+0	4.045640E+5
1.730000E-2	0.000000E+0	4.040940E+5
1.732000E-2	0.000000E+0	4.039390E+5
1.734000E-2	0.000000E+0	4.046970E+5
1.736000E-2	0.000000E+0	4.059470E+5
1.738000E-2	0.000000E+0	4.053750E+5
1.740000E-2	0.000000E+0	4.050400E+5
1.742000E-2	0.000000E+0	4.036350E+5
1.744000E-2	0.000000E+0	4.049610E+5
1.746000E-2	0.000000E+0	4.048750E+5
1.748000E-2	0.000000E+0	4.045500E+5
1.750000E-2	0.000000E+0	4.047940E+5
1.752000E-2	0.000000E+0	4.051970E+5
1.754000E-2	0.000000E+0	4.040500E+5
1.756000E-2	0.000000E+0	4.039010E+5
1.758000E-2	0.000000E+0	4.051810E+5
1.760000E-2	0.000000E+0	4.043730E+5
1.762000E-2	0.000000E+0	4.049380E+5
1.764000E-2	0.000000E+0	4.055500E+5
1.766000E-2	0.000000E+0	4.048920E+5
1.768000E-2	0.000000E+0	4.050120E+5
1.770000E-2	0.000000E+0	4.045170E+5
1.772000E-2	0.000000E+0	4.058120E+5
1.774000E-2	0.000000E+0	4.046410E+5
1.776000E-2	0.000000E+0	4.039310E+5
1.778000E-2	0.000000E+0	4.053140E+5
1.780000E-2	0.000000E+0	4.039410E+5
1.782000E-2	0.000000E+0	4.047340E+5
1.784000E-2	0.000000E+0	4.040080E+5
1.786000E-2	0.000000E+0	4.044540E+5
1.788000E-2	0.000000E+0	4.043950E+5
1.790000E-2	0.000000E+0	4.052790E+5
1.792000E-2	0.000000E+0	4.040870E+5
1.794000E-2	0.000000E+0	4.048140E+5
1.796000E-2	0.000000E+0	4.051560E+5
1.798000E-2	0.000000E+0	4.055780E+5
1.800000E-2	0.000000E+0	4.038640E+5
1.802000E-2	0.000000E+0	4.043880E+5
1.804000E-2	0.000000E+0	4.035810E+5
1.806000E-2	0.000000E+0	4.045640E+5
1.808000E-2	0.000000E+0	4.046630E+5
1.810000E-2	0.000000E+0	4.050520E+5
1.812000E-2	0.000000E+0	4.052040E+5
1.814000E-2	0.000000E+0	4.055110E+5
1.816000E-2	0.000000E+0	4.054110E+5
1.818000E-2	0.000000E+0	4.044140E+5
1.820000E-2	0.000000E+0	4.055150E+5
1.822000E-2	0.000000E+0	4.041650E+5
1.824000E-2	0.000000E+0	4.044980E+5
1.826000E-2	0.000000E+0	4.052530E+5
1.828000E-2	0.000000E+0	4.044120E+5
1.830000E-2	0.000000E+0	4.038270E+5
1.832000E-2	0.000000E+0	4.050820E+5
1.834000E-2	0.000000E+0	4.041070E+5
1.836000E-2	0.000000E+0	4.057530E+5
1.838000E-2	0.000000E+0	4.043680E+5
1.840000E-2	0.000000E+0	4.043870E+5
1.842000E-2	0.000000E+0	4.041230E+5
1.844000E-2	0.000000E+0	4.039910E+5
1.846000E-2	0.000000E+0	4.034270E+5
1.848000E-2	0.000000E+0	4.055680E+5
1.850000E-2	0.000000E+0	4.049950E+5
1.852000E-2	0.000000E+0	4.054330E+5
1.854000E-2	0.000000E+0	4.062010E+5
1.856000E-2	0.000000E+0	4.041480E+5
1.858000E-2	0.000000E+0	4.044880E+5
1.860000E-2	0.000000E+0	4.049650E+5
1.862000E-2	0.000000E+0	4.042410E+5
1.864000E-2	0.000000E+0	4.037430E+5
1.866000E-2	0.000000E+0	4.048970E+5
1.868000E-2	0.000000E+0	4.040770E+5
1.870000E-2	0.000000E+0	4.045580E+5
1.872000E-2	0.000000E+0	4.051870E+5
1.874000E-2	0.000000E+0	4.031520E+5
1.876000E-2	0.000000E+0	4.041460E+5
1.878000E-2	0.000000E+0	4.043560E+5
1.880000E-2	0.000000E+0	4.042830E+5
1.882000E-2	0.000000E+0	4.045230E+5
1.884000E-2	0.000000E+0	4.052990E+5
1.886000E-2	0.000000E+0	4.049370E+5
1.888000E-2	0.000000E+0	4.036830E+5
1.890000E-2	0.000000E+0	4.042320E+5
1.892000E-2	0.000000E+0	4.055400E+5
1.894000E-2	0.000000E+0	4.049420E+5
1.896000E-2	0.000000E+0	4.045680E+5
1.898000E-2	0.000000E+0	4.049400E+5
1.900000E-2	0.000000E+0	4.038930E+5
1.902000E-2	0.000000E+0	4.041990E+5
1.904000E-2	0.000000E+0	4.052740E+5
1.906000E-2	0.000000E+0	4.049010E+5
1.908000E-2	0.000000E+0	4.046840E+5
1.910000E-2	0.000000E+0	4.035510E+5
1.912000E-2	0.000000E+0	4.038870E+5
1.914000E-2	0.000000E+0	4.044830E+5
1.916000E-2	0.000000E+0	4.036880E+5
1.918000E-2	0.000000E+0	4.038740E+5
1.920000E-2	0.000000E+0	4.049320E+5
1.922000E-2	0.000000E+0	4.045170E+5
1.924000E-2	0.000000E+0	4.044440E+5
1.926000E-2	0.000000E+0	4.055210E+5
1.928000E-2	0.000000E+0	4.054220E+5
1.930000E-2	0.000000E+0	4.045570E+5
1.932000E-2	0.000000E+0	4.042420E+5
1.934000E-2	0.000000E+0	4.048790E+5
1.936000E-2	0.000000E+0	4.039450E+5
1.938000E-2	0.000000E+0	4.051650E+5
1.940000E-2	0.000000E+0	4.036740E+5
1.942000E-2	0.000000E+0	4.063590E+5
1.944000E-2	0.000000E+0	4.053800E+5
1.946000E-2	0.000000E+0	4.039440E+5
1.948000E-2	0.000000E+0	4.050120E+5
1.950000E-2	0.000000E+0	4.045360E+5
1.952000E-2	0.000000E+0	4.056760E+5
1.954000E-2	0.000000E+0	4.049110E+5
1.956000E-2	0.000000E+0	4.052700E+5
1.958000E-2	0.000000E+0	4.044670E+5
1.960000E-2	0.000000E+0	4.049460E+5
1.962000E-2	0.000000E+0	4.037130E+5
1.964000E-2	0.000000E+0	4.051980E+5
1.966000E-2	0.000000E+0	4.051540E+5
1.968000E-2	0.000000E+0	4.045560E+5
1.970000E-2	0.000000E+0	4.042210E+5
1.972000E-2	0.000000E+0	4.050950E+5
1.974000E-2	0.000000E+0	4.049570E+5
1.976000E-2	0.000000E+0	4.036080E+5
1.978000E-2	0.000000E+0	4.043720E+5
1.980000E-2	0.000000E+0	4.052910E+5
1.982000E-2	0.000000E+0	4.044100E+5
1.984000E-2	0.000000E+0	4.047050E+5
1.986000E-2	0.000000E+0	4.040160E+5
1.988000E-2	0.000000E+0	4.035570E+5
1.990000E-2	0.000000E+0	4.047720E+5
1.992000E-2	0.000000E+0	4.039110E+5
1.994000E-2	0.000000E+0	4.059040E+5
1.996000E-2	0.000000E+0	4.036880E+5
1.998000E-2	0.000000E+0	4.051390E+5
