

live time:  222332.380000
real time:  309604.714000
sweeps:  11116619.000000
0.000000E+0	0.000000E+0	0.000000E+0
2.000000E-5	0.000000E+0	4.870170E+5
4.000000E-5	0.000000E+0	4.873540E+5
6.000000E-5	0.000000E+0	4.866230E+5
8.000000E-5	0.000000E+0	4.876210E+5
1.000000E-4	0.000000E+0	4.859150E+5
1.200000E-4	0.000000E+0	4.874930E+5
1.400000E-4	0.000000E+0	4.876650E+5
1.600000E-4	0.000000E+0	4.874470E+5
1.800000E-4	0.000000E+0	4.877040E+5
2.000000E-4	0.000000E+0	4.871700E+5
2.200000E-4	0.000000E+0	4.878340E+5
2.400000E-4	0.000000E+0	4.859750E+5
2.600000E-4	0.000000E+0	4.863390E+5
2.800000E-4	0.000000E+0	4.865210E+5
3.000000E-4	0.000000E+0	4.883520E+5
3.200000E-4	0.000000E+0	4.870610E+5
3.400000E-4	0.000000E+0	4.864860E+5
3.600000E-4	0.000000E+0	4.877590E+5
3.800000E-4	0.000000E+0	4.865300E+5
4.000000E-4	0.000000E+0	4.860350E+5
4.200000E-4	0.000000E+0	4.869210E+5
4.400000E-4	0.000000E+0	4.868200E+5
4.600000E-4	0.000000E+0	4.879100E+5
4.800000E-4	0.000000E+0	4.862240E+5
5.000000E-4	0.000000E+0	4.869710E+5
5.200000E-4	0.000000E+0	4.869080E+5
5.400000E-4	0.000000E+0	4.864900E+5
5.600000E-4	0.000000E+0	4.860270E+5
5.800000E-4	0.000000E+0	4.868420E+5
6.000000E-4	0.000000E+0	4.876950E+5
6.200000E-4	0.000000E+0	4.866650E+5
6.400000E-4	0.000000E+0	4.877070E+5
6.600000E-4	0.000000E+0	4.862220E+5
6.800000E-4	0.000000E+0	4.865720E+5
7.000000E-4	0.000000E+0	4.874500E+5
7.200000E-4	0.000000E+0	4.879840E+5
7.400000E-4	0.000000E+0	4.860710E+5
7.600000E-4	0.000000E+0	4.864670E+5
7.800000E-4	0.000000E+0	4.859100E+5
8.000000E-4	0.000000E+0	4.876950E+5
8.200000E-4	0.000000E+0	4.863980E+5
8.400000E-4	0.000000E+0	4.866980E+5
8.600000E-4	0.000000E+0	4.875420E+5
8.800000E-4	0.000000E+0	4.863820E+5
9.000000E-4	0.000000E+0	4.884300E+5
9.200000E-4	0.000000E+0	4.865840E+5
9.400000E-4	0.000000E+0	4.872190E+5
9.600000E-4	0.000000E+0	4.861470E+5
9.800000E-4	0.000000E+0	4.883020E+5
1.000000E-3	0.000000E+0	4.867740E+5
1.020000E-3	0.000000E+0	4.865100E+5
1.040000E-3	0.000000E+0	4.866970E+5
1.060000E-3	0.000000E+0	4.870710E+5
1.080000E-3	0.000000E+0	4.868480E+5
1.100000E-3	0.000000E+0	4.867660E+5
1.120000E-3	0.000000E+0	4.875030E+5
1.140000E-3	0.000000E+0	4.857770E+5
1.160000E-3	0.000000E+0	4.865810E+5
1.180000E-3	0.000000E+0	4.865860E+5
1.200000E-3	0.000000E+0	4.873750E+5
1.220000E-3	0.000000E+0	4.880130E+5
1.240000E-3	0.000000E+0	4.873160E+5
1.260000E-3	0.000000E+0	4.871290E+5
1.280000E-3	0.000000E+0	4.870990E+5
1.300000E-3	0.000000E+0	4.856160E+5
1.320000E-3	0.000000E+0	4.879230E+5
1.340000E-3	0.000000E+0	4.874040E+5
1.360000E-3	0.000000E+0	4.862860E+5
1.380000E-3	0.000000E+0	4.877460E+5
1.400000E-3	0.000000E+0	4.868300E+5
1.420000E-3	0.000000E+0	4.874090E+5
1.440000E-3	0.000000E+0	4.868470E+5
1.460000E-3	0.000000E+0	4.859350E+5
1.480000E-3	0.000000E+0	4.876160E+5
1.500000E-3	0.000000E+0	4.866530E+5
1.520000E-3	0.000000E+0	4.864940E+5
1.540000E-3	0.000000E+0	4.872500E+5
1.560000E-3	0.000000E+0	4.866900E+5
1.580000E-3	0.000000E+0	4.875280E+5
1.600000E-3	0.000000E+0	4.870450E+5
1.620000E-3	0.000000E+0	4.866450E+5
1.640000E-3	0.000000E+0	4.861880E+5
1.660000E-3	0.000000E+0	4.873200E+5
1.680000E-3	0.000000E+0	4.869710E+5
1.700000E-3	0.000000E+0	4.859250E+5
1.720000E-3	0.000000E+0	4.874290E+5
1.740000E-3	0.000000E+0	4.881530E+5
1.760000E-3	0.000000E+0	4.869600E+5
1.780000E-3	0.000000E+0	4.879050E+5
1.800000E-3	0.000000E+0	4.878870E+5
1.820000E-3	0.000000E+0	4.864780E+5
1.840000E-3	0.000000E+0	4.858300E+5
1.860000E-3	0.000000E+0	4.867850E+5
1.880000E-3	0.000000E+0	4.867430E+5
1.900000E-3	0.000000E+0	4.859340E+5
1.920000E-3	0.000000E+0	4.869220E+5
1.940000E-3	0.000000E+0	4.862700E+5
1.960000E-3	0.000000E+0	4.873370E+5
1.980000E-3	0.000000E+0	4.876810E+5
2.000000E-3	0.000000E+0	4.868850E+5
2.020000E-3	0.000000E+0	4.865790E+5
2.040000E-3	0.000000E+0	4.862950E+5
2.060000E-3	0.000000E+0	4.876740E+5
2.080000E-3	0.000000E+0	4.880770E+5
2.100000E-3	0.000000E+0	4.878500E+5
2.120000E-3	0.000000E+0	4.874500E+5
2.140000E-3	0.000000E+0	4.858610E+5
2.160000E-3	0.000000E+0	4.857130E+5
2.180000E-3	0.000000E+0	4.872970E+5
2.200000E-3	0.000000E+0	4.881360E+5
2.220000E-3	0.000000E+0	4.876050E+5
2.240000E-3	0.000000E+0	4.868320E+5
2.260000E-3	0.000000E+0	4.870910E+5
2.280000E-3	0.000000E+0	4.870330E+5
2.300000E-3	0.000000E+0	4.872220E+5
2.320000E-3	0.000000E+0	4.868640E+5
2.340000E-3	0.000000E+0	4.868050E+5
2.360000E-3	0.000000E+0	4.872020E+5
2.380000E-3	0.000000E+0	4.884980E+5
2.400000E-3	0.000000E+0	4.855490E+5
2.420000E-3	0.000000E+0	4.863850E+5
2.440000E-3	0.000000E+0	4.868220E+5
2.460000E-3	0.000000E+0	4.869840E+5
2.480000E-3	0.000000E+0	4.881650E+5
2.500000E-3	0.000000E+0	4.867390E+5
2.520000E-3	0.000000E+0	4.873830E+5
2.540000E-3	0.000000E+0	4.858450E+5
2.560000E-3	0.000000E+0	4.869340E+5
2.580000E-3	0.000000E+0	4.864100E+5
2.600000E-3	0.000000E+0	4.880990E+5
2.620000E-3	0.000000E+0	4.868410E+5
2.640000E-3	0.000000E+0	4.859180E+5
2.660000E-3	0.000000E+0	4.876950E+5
2.680000E-3	0.000000E+0	4.866170E+5
2.700000E-3	0.000000E+0	4.870420E+5
2.720000E-3	0.000000E+0	4.849380E+5
2.740000E-3	0.000000E+0	4.871310E+5
2.760000E-3	0.000000E+0	4.867160E+5
2.780000E-3	0.000000E+0	4.867510E+5
2.800000E-3	0.000000E+0	4.870800E+5
2.820000E-3	0.000000E+0	4.861690E+5
2.840000E-3	0.000000E+0	4.859930E+5
2.860000E-3	0.000000E+0	4.875340E+5
2.880000E-3	0.000000E+0	4.870080E+5
2.900000E-3	0.000000E+0	4.867970E+5
2.920000E-3	0.000000E+0	4.856810E+5
2.940000E-3	0.000000E+0	4.871920E+5
2.960000E-3	0.000000E+0	4.869080E+5
2.980000E-3	0.000000E+0	4.863790E+5
3.000000E-3	0.000000E+0	4.871100E+5
3.020000E-3	0.000000E+0	4.870870E+5
3.040000E-3	0.000000E+0	4.877390E+5
3.060000E-3	0.000000E+0	4.885230E+5
3.080000E-3	0.000000E+0	4.868540E+5
3.100000E-3	0.000000E+0	4.859130E+5
3.120000E-3	0.000000E+0	4.872810E+5
3.140000E-3	0.000000E+0	4.876860E+5
3.160000E-3	0.000000E+0	4.858480E+5
3.180000E-3	0.000000E+0	4.871140E+5
3.200000E-3	0.000000E+0	4.865970E+5
3.220000E-3	0.000000E+0	4.874200E+5
3.240000E-3	0.000000E+0	4.880180E+5
3.260000E-3	0.000000E+0	4.875480E+5
3.280000E-3	0.000000E+0	4.875440E+5
3.300000E-3	0.000000E+0	4.869330E+5
3.320000E-3	0.000000E+0	4.873350E+5
3.340000E-3	0.000000E+0	4.862190E+5
3.360000E-3	0.000000E+0	4.863380E+5
3.380000E-3	0.000000E+0	4.857240E+5
3.400000E-3	0.000000E+0	4.867420E+5
3.420000E-3	0.000000E+0	4.882350E+5
3.440000E-3	0.000000E+0	4.864310E+5
3.460000E-3	0.000000E+0	4.874660E+5
3.480000E-3	0.000000E+0	4.865420E+5
3.500000E-3	0.000000E+0	4.868690E+5
3.520000E-3	0.000000E+0	4.859560E+5
3.540000E-3	0.000000E+0	4.868560E+5
3.560000E-3	0.000000E+0	4.865010E+5
3.580000E-3	0.000000E+0	4.862690E+5
3.600000E-3	0.000000E+0	4.864110E+5
3.620000E-3	0.000000E+0	4.846340E+5
3.640000E-3	0.000000E+0	4.875150E+5
3.660000E-3	0.000000E+0	4.868610E+5
3.680000E-3	0.000000E+0	4.867360E+5
3.700000E-3	0.000000E+0	4.862190E+5
3.720000E-3	0.000000E+0	4.865110E+5
3.740000E-3	0.000000E+0	4.864350E+5
3.760000E-3	0.000000E+0	4.862620E+5
3.780000E-3	0.000000E+0	4.859320E+5
3.800000E-3	0.000000E+0	4.860940E+5
3.820000E-3	0.000000E+0	4.864590E+5
3.840000E-3	0.000000E+0	4.867540E+5
3.860000E-3	0.000000E+0	4.865350E+5
3.880000E-3	0.000000E+0	4.858790E+5
3.900000E-3	0.000000E+0	4.872250E+5
3.920000E-3	0.000000E+0	4.882960E+5
3.940000E-3	0.000000E+0	4.875220E+5
3.960000E-3	0.000000E+0	4.875610E+5
3.980000E-3	0.000000E+0	4.874610E+5
4.000000E-3	0.000000E+0	4.865130E+5
4.020000E-3	0.000000E+0	4.875250E+5
4.040000E-3	0.000000E+0	4.866070E+5
4.060000E-3	0.000000E+0	4.870090E+5
4.080000E-3	0.000000E+0	4.869140E+5
4.100000E-3	0.000000E+0	4.868890E+5
4.120000E-3	0.000000E+0	4.867590E+5
4.140000E-3	0.000000E+0	4.857330E+5
4.160000E-3	0.000000E+0	4.871430E+5
4.180000E-3	0.000000E+0	4.858570E+5
4.200000E-3	0.000000E+0	4.870640E+5
4.220000E-3	0.000000E+0	4.863400E+5
4.240000E-3	0.000000E+0	4.864040E+5
4.260000E-3	0.000000E+0	4.858340E+5
4.280000E-3	0.000000E+0	4.874660E+5
4.300000E-3	0.000000E+0	4.870260E+5
4.320000E-3	0.000000E+0	4.862120E+5
4.340000E-3	0.000000E+0	4.862520E+5
4.360000E-3	0.000000E+0	4.865630E+5
4.380000E-3	0.000000E+0	4.863360E+5
4.400000E-3	0.000000E+0	4.872880E+5
4.420000E-3	0.000000E+0	4.866850E+5
4.440000E-3	0.000000E+0	4.865760E+5
4.460000E-3	0.000000E+0	4.866630E+5
4.480000E-3	0.000000E+0	4.858750E+5
4.500000E-3	0.000000E+0	4.867450E+5
4.520000E-3	0.000000E+0	4.860720E+5
4.540000E-3	0.000000E+0	4.855560E+5
4.560000E-3	0.000000E+0	4.858700E+5
4.580000E-3	0.000000E+0	4.870810E+5
4.600000E-3	0.000000E+0	4.870370E+5
4.620000E-3	0.000000E+0	4.860900E+5
4.640000E-3	0.000000E+0	4.869550E+5
4.660000E-3	0.000000E+0	4.874430E+5
4.680000E-3	0.000000E+0	4.863720E+5
4.700000E-3	0.000000E+0	4.869030E+5
4.720000E-3	0.000000E+0	4.869310E+5
4.740000E-3	0.000000E+0	4.859030E+5
4.760000E-3	0.000000E+0	4.873470E+5
4.780000E-3	0.000000E+0	4.854320E+5
4.800000E-3	0.000000E+0	4.860900E+5
4.820000E-3	0.000000E+0	4.857160E+5
4.840000E-3	0.000000E+0	4.856270E+5
4.860000E-3	0.000000E+0	4.840650E+5
4.880000E-3	0.000000E+0	4.834650E+5
4.900000E-3	0.000000E+0	4.833640E+5
4.920000E-3	0.000000E+0	4.800890E+5
4.940000E-3	0.000000E+0	4.792590E+5
4.960000E-3	0.000000E+0	4.792210E+5
4.980000E-3	0.000000E+0	4.795100E+5
5.000000E-3	0.000000E+0	4.776040E+5
5.020000E-3	0.000000E+0	4.761920E+5
5.040000E-3	0.000000E+0	4.739500E+5
5.060000E-3	0.000000E+0	4.730630E+5
5.080000E-3	0.000000E+0	4.732780E+5
5.100000E-3	0.000000E+0	4.736080E+5
5.120000E-3	0.000000E+0	4.732940E+5
5.140000E-3	0.000000E+0	4.747950E+5
5.160000E-3	0.000000E+0	4.772040E+5
5.180000E-3	0.000000E+0	4.778620E+5
5.200000E-3	0.000000E+0	4.794860E+5
5.220000E-3	0.000000E+0	4.809160E+5
5.240000E-3	0.000000E+0	4.802840E+5
5.260000E-3	0.000000E+0	4.835310E+5
5.280000E-3	0.000000E+0	4.812990E+5
5.300000E-3	0.000000E+0	4.836030E+5
5.320000E-3	0.000000E+0	4.851840E+5
5.340000E-3	0.000000E+0	4.855310E+5
5.360000E-3	0.000000E+0	4.862430E+5
5.380000E-3	0.000000E+0	4.849650E+5
5.400000E-3	0.000000E+0	4.869830E+5
5.420000E-3	0.000000E+0	4.857800E+5
5.440000E-3	0.000000E+0	4.853100E+5
5.460000E-3	0.000000E+0	4.849520E+5
5.480000E-3	0.000000E+0	4.848560E+5
5.500000E-3	0.000000E+0	4.848800E+5
5.520000E-3	0.000000E+0	4.832650E+5
5.540000E-3	0.000000E+0	4.829360E+5
5.560000E-3	0.000000E+0	4.803760E+5
5.580000E-3	0.000000E+0	4.803760E+5
5.600000E-3	0.000000E+0	4.782930E+5
5.620000E-3	0.000000E+0	4.790650E+5
5.640000E-3	0.000000E+0	4.795010E+5
5.660000E-3	0.000000E+0	4.772980E+5
5.680000E-3	0.000000E+0	4.770330E+5
5.700000E-3	0.000000E+0	4.743090E+5
5.720000E-3	0.000000E+0	4.739210E+5
5.740000E-3	0.000000E+0	4.743120E+5
5.760000E-3	0.000000E+0	4.751550E+5
5.780000E-3	0.000000E+0	4.754590E+5
5.800000E-3	0.000000E+0	4.769650E+5
5.820000E-3	0.000000E+0	4.783700E+5
5.840000E-3	0.000000E+0	4.799000E+5
5.860000E-3	0.000000E+0	4.803800E+5
5.880000E-3	0.000000E+0	4.819710E+5
5.900000E-3	0.000000E+0	4.835600E+5
5.920000E-3	0.000000E+0	4.854190E+5
5.940000E-3	0.000000E+0	4.844870E+5
5.960000E-3	0.000000E+0	4.849110E+5
5.980000E-3	0.000000E+0	4.861340E+5
6.000000E-3	0.000000E+0	4.861120E+5
6.020000E-3	0.000000E+0	4.858290E+5
6.040000E-3	0.000000E+0	4.860320E+5
6.060000E-3	0.000000E+0	4.861400E+5
6.080000E-3	0.000000E+0	4.865060E+5
6.100000E-3	0.000000E+0	4.852380E+5
6.120000E-3	0.000000E+0	4.864920E+5
6.140000E-3	0.000000E+0	4.861230E+5
6.160000E-3	0.000000E+0	4.856550E+5
6.180000E-3	0.000000E+0	4.871520E+5
6.200000E-3	0.000000E+0	4.861380E+5
6.220000E-3	0.000000E+0	4.868290E+5
6.240000E-3	0.000000E+0	4.856110E+5
6.260000E-3	0.000000E+0	4.862020E+5
6.280000E-3	0.000000E+0	4.880090E+5
6.300000E-3	0.000000E+0	4.873740E+5
6.320000E-3	0.000000E+0	4.868370E+5
6.340000E-3	0.000000E+0	4.867160E+5
6.360000E-3	0.000000E+0	4.862780E+5
6.380000E-3	0.000000E+0	4.877650E+5
6.400000E-3	0.000000E+0	4.865830E+5
6.420000E-3	0.000000E+0	4.855410E+5
6.440000E-3	0.000000E+0	4.884590E+5
6.460000E-3	0.000000E+0	4.860300E+5
6.480000E-3	0.000000E+0	4.862220E+5
6.500000E-3	0.000000E+0	4.860200E+5
6.520000E-3	0.000000E+0	4.867740E+5
6.540000E-3	0.000000E+0	4.862900E+5
6.560000E-3	0.000000E+0	4.872120E+5
6.580000E-3	0.000000E+0	4.864390E+5
6.600000E-3	0.000000E+0	4.875380E+5
6.620000E-3	0.000000E+0	4.868550E+5
6.640000E-3	0.000000E+0	4.869430E+5
6.660000E-3	0.000000E+0	4.860110E+5
6.680000E-3	0.000000E+0	4.867390E+5
6.700000E-3	0.000000E+0	4.866510E+5
6.720000E-3	0.000000E+0	4.869830E+5
6.740000E-3	0.000000E+0	4.868680E+5
6.760000E-3	0.000000E+0	4.875920E+5
6.780000E-3	0.000000E+0	4.857560E+5
6.800000E-3	0.000000E+0	4.871930E+5
6.820000E-3	0.000000E+0	4.869320E+5
6.840000E-3	0.000000E+0	4.867220E+5
6.860000E-3	0.000000E+0	4.870250E+5
6.880000E-3	0.000000E+0	4.877880E+5
6.900000E-3	0.000000E+0	4.862040E+5
6.920000E-3	0.000000E+0	4.857330E+5
6.940000E-3	0.000000E+0	4.873070E+5
6.960000E-3	0.000000E+0	4.851760E+5
6.980000E-3	0.000000E+0	4.869430E+5
7.000000E-3	0.000000E+0	4.863970E+5
7.020000E-3	0.000000E+0	4.875490E+5
7.040000E-3	0.000000E+0	4.873100E+5
7.060000E-3	0.000000E+0	4.875330E+5
7.080000E-3	0.000000E+0	4.872160E+5
7.100000E-3	0.000000E+0	4.860050E+5
7.120000E-3	0.000000E+0	4.870000E+5
7.140000E-3	0.000000E+0	4.866670E+5
7.160000E-3	0.000000E+0	4.866800E+5
7.180000E-3	0.000000E+0	4.859040E+5
7.200000E-3	0.000000E+0	4.866570E+5
7.220000E-3	0.000000E+0	4.873750E+5
7.240000E-3	0.000000E+0	4.864130E+5
7.260000E-3	0.000000E+0	4.869700E+5
7.280000E-3	0.000000E+0	4.866020E+5
7.300000E-3	0.000000E+0	4.868440E+5
7.320000E-3	0.000000E+0	4.872600E+5
7.340000E-3	0.000000E+0	4.878220E+5
7.360000E-3	0.000000E+0	4.861780E+5
7.380000E-3	0.000000E+0	4.877480E+5
7.400000E-3	0.000000E+0	4.869950E+5
7.420000E-3	0.000000E+0	4.866640E+5
7.440000E-3	0.000000E+0	4.870960E+5
7.460000E-3	0.000000E+0	4.870440E+5
7.480000E-3	0.000000E+0	4.864240E+5
7.500000E-3	0.000000E+0	4.875830E+5
7.520000E-3	0.000000E+0	4.871570E+5
7.540000E-3	0.000000E+0	4.872120E+5
7.560000E-3	0.000000E+0	4.871050E+5
7.580000E-3	0.000000E+0	4.871070E+5
7.600000E-3	0.000000E+0	4.867080E+5
7.620000E-3	0.000000E+0	4.873020E+5
7.640000E-3	0.000000E+0	4.879030E+5
7.660000E-3	0.000000E+0	4.862420E+5
7.680000E-3	0.000000E+0	4.866270E+5
7.700000E-3	0.000000E+0	4.862330E+5
7.720000E-3	0.000000E+0	4.874140E+5
7.740000E-3	0.000000E+0	4.862890E+5
7.760000E-3	0.000000E+0	4.867490E+5
7.780000E-3	0.000000E+0	4.879600E+5
7.800000E-3	0.000000E+0	4.868100E+5
7.820000E-3	0.000000E+0	4.863770E+5
7.840000E-3	0.000000E+0	4.884040E+5
7.860000E-3	0.000000E+0	4.869170E+5
7.880000E-3	0.000000E+0	4.866570E+5
7.900000E-3	0.000000E+0	4.869340E+5
7.920000E-3	0.000000E+0	4.867180E+5
7.940000E-3	0.000000E+0	4.878550E+5
7.960000E-3	0.000000E+0	4.884390E+5
7.980000E-3	0.000000E+0	4.877390E+5
8.000000E-3	0.000000E+0	4.872600E+5
8.020000E-3	0.000000E+0	4.870240E+5
8.040000E-3	0.000000E+0	4.858110E+5
8.060000E-3	0.000000E+0	4.862480E+5
8.080000E-3	0.000000E+0	4.873790E+5
8.100000E-3	0.000000E+0	4.882980E+5
8.120000E-3	0.000000E+0	4.873180E+5
8.140000E-3	0.000000E+0	4.863480E+5
8.160000E-3	0.000000E+0	4.869940E+5
8.180000E-3	0.000000E+0	4.863780E+5
8.200000E-3	0.000000E+0	4.869500E+5
8.220000E-3	0.000000E+0	4.867710E+5
8.240000E-3	0.000000E+0	4.874210E+5
8.260000E-3	0.000000E+0	4.885340E+5
8.280000E-3	0.000000E+0	4.862890E+5
8.300000E-3	0.000000E+0	4.872820E+5
8.320000E-3	0.000000E+0	4.856610E+5
8.340000E-3	0.000000E+0	4.861100E+5
8.360000E-3	0.000000E+0	4.866660E+5
8.380000E-3	0.000000E+0	4.851900E+5
8.400000E-3	0.000000E+0	4.860320E+5
8.420000E-3	0.000000E+0	4.868680E+5
8.440000E-3	0.000000E+0	4.872940E+5
8.460000E-3	0.000000E+0	4.872790E+5
8.480000E-3	0.000000E+0	4.881570E+5
8.500000E-3	0.000000E+0	4.855910E+5
8.520000E-3	0.000000E+0	4.875970E+5
8.540000E-3	0.000000E+0	4.876650E+5
8.560000E-3	0.000000E+0	4.868400E+5
8.580000E-3	0.000000E+0	4.885810E+5
8.600000E-3	0.000000E+0	4.870450E+5
8.620000E-3	0.000000E+0	4.880080E+5
8.640000E-3	0.000000E+0	4.867710E+5
8.660000E-3	0.000000E+0	4.865000E+5
8.680000E-3	0.000000E+0	4.874150E+5
8.700000E-3	0.000000E+0	4.853640E+5
8.720000E-3	0.000000E+0	4.875650E+5
8.740000E-3	0.000000E+0	4.857360E+5
8.760000E-3	0.000000E+0	4.870070E+5
8.780000E-3	0.000000E+0	4.871950E+5
8.800000E-3	0.000000E+0	4.876070E+5
8.820000E-3	0.000000E+0	4.870500E+5
8.840000E-3	0.000000E+0	4.862100E+5
8.860000E-3	0.000000E+0	4.888640E+5
8.880000E-3	0.000000E+0	4.863470E+5
8.900000E-3	0.000000E+0	4.868870E+5
8.920000E-3	0.000000E+0	4.861790E+5
8.940000E-3	0.000000E+0	4.853270E+5
8.960000E-3	0.000000E+0	4.879960E+5
8.980000E-3	0.000000E+0	4.863230E+5
9.000000E-3	0.000000E+0	4.871250E+5
9.020000E-3	0.000000E+0	4.852820E+5
9.040000E-3	0.000000E+0	4.873820E+5
9.060000E-3	0.000000E+0	4.891920E+5
9.080000E-3	0.000000E+0	4.867400E+5
9.100000E-3	0.000000E+0	4.882250E+5
9.120000E-3	0.000000E+0	4.860000E+5
9.140000E-3	0.000000E+0	4.874270E+5
9.160000E-3	0.000000E+0	4.873340E+5
9.180000E-3	0.000000E+0	4.859940E+5
9.200000E-3	0.000000E+0	4.867480E+5
9.220000E-3	0.000000E+0	4.870650E+5
9.240000E-3	0.000000E+0	4.877050E+5
9.260000E-3	0.000000E+0	4.881300E+5
9.280000E-3	0.000000E+0	4.880180E+5
9.300000E-3	0.000000E+0	4.879040E+5
9.320000E-3	0.000000E+0	4.868180E+5
9.340000E-3	0.000000E+0	4.866150E+5
9.360000E-3	0.000000E+0	4.870250E+5
9.380000E-3	0.000000E+0	4.882810E+5
9.400000E-3	0.000000E+0	4.872030E+5
9.420000E-3	0.000000E+0	4.882100E+5
9.440000E-3	0.000000E+0	4.866750E+5
9.460000E-3	0.000000E+0	4.881100E+5
9.480000E-3	0.000000E+0	4.871940E+5
9.500000E-3	0.000000E+0	4.861420E+5
9.520000E-3	0.000000E+0	4.878090E+5
9.540000E-3	0.000000E+0	4.856810E+5
9.560000E-3	0.000000E+0	4.871610E+5
9.580000E-3	0.000000E+0	4.867170E+5
9.600000E-3	0.000000E+0	4.871200E+5
9.620000E-3	0.000000E+0	4.866030E+5
9.640000E-3	0.000000E+0	4.866270E+5
9.660000E-3	0.000000E+0	4.877960E+5
9.680000E-3	0.000000E+0	4.857650E+5
9.700000E-3	0.000000E+0	4.865140E+5
9.720000E-3	0.000000E+0	4.873120E+5
9.740000E-3	0.000000E+0	4.866610E+5
9.760000E-3	0.000000E+0	4.869220E+5
9.780000E-3	0.000000E+0	4.876660E+5
9.800000E-3	0.000000E+0	4.873330E+5
9.820000E-3	0.000000E+0	4.874870E+5
9.840000E-3	0.000000E+0	4.873690E+5
9.860000E-3	0.000000E+0	4.863780E+5
9.880000E-3	0.000000E+0	4.883480E+5
9.900000E-3	0.000000E+0	4.888240E+5
9.920000E-3	0.000000E+0	4.869660E+5
9.940000E-3	0.000000E+0	4.861370E+5
9.960000E-3	0.000000E+0	4.859590E+5
9.980000E-3	0.000000E+0	4.878320E+5
1.000000E-2	0.000000E+0	4.865250E+5
1.002000E-2	0.000000E+0	4.868830E+5
1.004000E-2	0.000000E+0	4.876160E+5
1.006000E-2	0.000000E+0	4.865310E+5
1.008000E-2	0.000000E+0	4.868710E+5
1.010000E-2	0.000000E+0	4.867800E+5
1.012000E-2	0.000000E+0	4.880240E+5
1.014000E-2	0.000000E+0	4.886000E+5
1.016000E-2	0.000000E+0	4.879760E+5
1.018000E-2	0.000000E+0	4.874680E+5
1.020000E-2	0.000000E+0	4.876530E+5
1.022000E-2	0.000000E+0	4.869050E+5
1.024000E-2	0.000000E+0	4.864930E+5
1.026000E-2	0.000000E+0	4.884700E+5
1.028000E-2	0.000000E+0	4.869980E+5
1.030000E-2	0.000000E+0	4.881260E+5
1.032000E-2	0.000000E+0	4.863140E+5
1.034000E-2	0.000000E+0	4.884010E+5
1.036000E-2	0.000000E+0	4.873250E+5
1.038000E-2	0.000000E+0	4.878160E+5
1.040000E-2	0.000000E+0	4.866180E+5
1.042000E-2	0.000000E+0	4.876080E+5
1.044000E-2	0.000000E+0	4.870920E+5
1.046000E-2	0.000000E+0	4.879620E+5
1.048000E-2	0.000000E+0	4.878230E+5
1.050000E-2	0.000000E+0	4.869360E+5
1.052000E-2	0.000000E+0	4.879080E+5
1.054000E-2	0.000000E+0	4.885720E+5
1.056000E-2	0.000000E+0	4.867130E+5
1.058000E-2	0.000000E+0	4.879410E+5
1.060000E-2	0.000000E+0	4.866320E+5
1.062000E-2	0.000000E+0	4.865650E+5
1.064000E-2	0.000000E+0	4.872870E+5
1.066000E-2	0.000000E+0	4.867660E+5
1.068000E-2	0.000000E+0	4.873820E+5
1.070000E-2	0.000000E+0	4.860270E+5
1.072000E-2	0.000000E+0	4.869690E+5
1.074000E-2	0.000000E+0	4.878240E+5
1.076000E-2	0.000000E+0	4.872890E+5
1.078000E-2	0.000000E+0	4.883890E+5
1.080000E-2	0.000000E+0	4.879630E+5
1.082000E-2	0.000000E+0	4.885730E+5
1.084000E-2	0.000000E+0	4.871710E+5
1.086000E-2	0.000000E+0	4.876800E+5
1.088000E-2	0.000000E+0	4.870410E+5
1.090000E-2	0.000000E+0	4.873620E+5
1.092000E-2	0.000000E+0	4.872820E+5
1.094000E-2	0.000000E+0	4.864340E+5
1.096000E-2	0.000000E+0	4.870460E+5
1.098000E-2	0.000000E+0	4.880420E+5
1.100000E-2	0.000000E+0	4.878770E+5
1.102000E-2	0.000000E+0	4.865720E+5
1.104000E-2	0.000000E+0	4.877190E+5
1.106000E-2	0.000000E+0	4.873460E+5
1.108000E-2	0.000000E+0	4.879450E+5
1.110000E-2	0.000000E+0	4.870710E+5
1.112000E-2	0.000000E+0	4.870000E+5
1.114000E-2	0.000000E+0	4.877100E+5
1.116000E-2	0.000000E+0	4.854280E+5
1.118000E-2	0.000000E+0	4.871450E+5
1.120000E-2	0.000000E+0	4.866770E+5
1.122000E-2	0.000000E+0	4.887190E+5
1.124000E-2	0.000000E+0	4.887210E+5
1.126000E-2	0.000000E+0	4.860840E+5
1.128000E-2	0.000000E+0	4.861720E+5
1.130000E-2	0.000000E+0	4.874650E+5
1.132000E-2	0.000000E+0	4.886090E+5
1.134000E-2	0.000000E+0	4.864150E+5
1.136000E-2	0.000000E+0	4.885890E+5
1.138000E-2	0.000000E+0	4.870960E+5
1.140000E-2	0.000000E+0	4.887480E+5
1.142000E-2	0.000000E+0	4.866580E+5
1.144000E-2	0.000000E+0	4.883250E+5
1.146000E-2	0.000000E+0	4.867900E+5
1.148000E-2	0.000000E+0	4.871590E+5
1.150000E-2	0.000000E+0	4.867510E+5
1.152000E-2	0.000000E+0	4.866980E+5
1.154000E-2	0.000000E+0	4.871100E+5
1.156000E-2	0.000000E+0	4.876180E+5
1.158000E-2	0.000000E+0	4.866540E+5
1.160000E-2	0.000000E+0	4.872700E+5
1.162000E-2	0.000000E+0	4.871090E+5
1.164000E-2	0.000000E+0	4.884570E+5
1.166000E-2	0.000000E+0	4.889660E+5
1.168000E-2	0.000000E+0	4.876340E+5
1.170000E-2	0.000000E+0	4.888120E+5
1.172000E-2	0.000000E+0	4.883900E+5
1.174000E-2	0.000000E+0	4.869650E+5
1.176000E-2	0.000000E+0	4.872320E+5
1.178000E-2	0.000000E+0	4.865140E+5
1.180000E-2	0.000000E+0	4.873870E+5
1.182000E-2	0.000000E+0	4.876670E+5
1.184000E-2	0.000000E+0	4.879680E+5
1.186000E-2	0.000000E+0	4.863720E+5
1.188000E-2	0.000000E+0	4.864810E+5
1.190000E-2	0.000000E+0	4.860350E+5
1.192000E-2	0.000000E+0	4.866450E+5
1.194000E-2	0.000000E+0	4.884400E+5
1.196000E-2	0.000000E+0	4.872020E+5
1.198000E-2	0.000000E+0	4.875340E+5
1.200000E-2	0.000000E+0	4.870410E+5
1.202000E-2	0.000000E+0	4.871820E+5
1.204000E-2	0.000000E+0	4.868160E+5
1.206000E-2	0.000000E+0	4.876750E+5
1.208000E-2	0.000000E+0	4.879730E+5
1.210000E-2	0.000000E+0	4.876080E+5
1.212000E-2	0.000000E+0	4.870640E+5
1.214000E-2	0.000000E+0	4.860290E+5
1.216000E-2	0.000000E+0	4.864140E+5
1.218000E-2	0.000000E+0	4.870340E+5
1.220000E-2	0.000000E+0	4.863290E+5
1.222000E-2	0.000000E+0	4.875320E+5
1.224000E-2	0.000000E+0	4.874440E+5
1.226000E-2	0.000000E+0	4.867140E+5
1.228000E-2	0.000000E+0	4.873450E+5
1.230000E-2	0.000000E+0	4.872320E+5
1.232000E-2	0.000000E+0	4.877130E+5
1.234000E-2	0.000000E+0	4.878310E+5
1.236000E-2	0.000000E+0	4.872730E+5
1.238000E-2	0.000000E+0	4.884300E+5
1.240000E-2	0.000000E+0	4.880120E+5
1.242000E-2	0.000000E+0	4.880600E+5
1.244000E-2	0.000000E+0	4.878580E+5
1.246000E-2	0.000000E+0	4.871910E+5
1.248000E-2	0.000000E+0	4.873660E+5
1.250000E-2	0.000000E+0	4.868230E+5
1.252000E-2	0.000000E+0	4.889890E+5
1.254000E-2	0.000000E+0	4.876750E+5
1.256000E-2	0.000000E+0	4.867710E+5
1.258000E-2	0.000000E+0	4.882950E+5
1.260000E-2	0.000000E+0	4.883800E+5
1.262000E-2	0.000000E+0	4.860870E+5
1.264000E-2	0.000000E+0	4.866920E+5
1.266000E-2	0.000000E+0	4.889410E+5
1.268000E-2	0.000000E+0	4.874790E+5
1.270000E-2	0.000000E+0	4.867800E+5
1.272000E-2	0.000000E+0	4.880740E+5
1.274000E-2	0.000000E+0	4.869610E+5
1.276000E-2	0.000000E+0	4.875140E+5
1.278000E-2	0.000000E+0	4.868820E+5
1.280000E-2	0.000000E+0	4.868460E+5
1.282000E-2	0.000000E+0	4.867440E+5
1.284000E-2	0.000000E+0	4.871740E+5
1.286000E-2	0.000000E+0	4.878840E+5
1.288000E-2	0.000000E+0	4.883360E+5
1.290000E-2	0.000000E+0	4.870080E+5
1.292000E-2	0.000000E+0	4.873670E+5
1.294000E-2	0.000000E+0	4.864280E+5
1.296000E-2	0.000000E+0	4.871910E+5
1.298000E-2	0.000000E+0	4.874070E+5
1.300000E-2	0.000000E+0	4.873460E+5
1.302000E-2	0.000000E+0	4.880650E+5
1.304000E-2	0.000000E+0	4.878820E+5
1.306000E-2	0.000000E+0	4.863610E+5
1.308000E-2	0.000000E+0	4.887170E+5
1.310000E-2	0.000000E+0	4.880760E+5
1.312000E-2	0.000000E+0	4.876280E+5
1.314000E-2	0.000000E+0	4.886660E+5
1.316000E-2	0.000000E+0	4.878270E+5
1.318000E-2	0.000000E+0	4.873720E+5
1.320000E-2	0.000000E+0	4.875540E+5
1.322000E-2	0.000000E+0	4.880410E+5
1.324000E-2	0.000000E+0	4.864390E+5
1.326000E-2	0.000000E+0	4.881850E+5
1.328000E-2	0.000000E+0	4.877170E+5
1.330000E-2	0.000000E+0	4.860460E+5
1.332000E-2	0.000000E+0	4.868050E+5
1.334000E-2	0.000000E+0	4.867520E+5
1.336000E-2	0.000000E+0	4.873780E+5
1.338000E-2	0.000000E+0	4.880820E+5
1.340000E-2	0.000000E+0	4.868180E+5
1.342000E-2	0.000000E+0	4.861250E+5
1.344000E-2	0.000000E+0	4.871350E+5
1.346000E-2	0.000000E+0	4.865130E+5
1.348000E-2	0.000000E+0	4.880060E+5
1.350000E-2	0.000000E+0	4.876920E+5
1.352000E-2	0.000000E+0	4.880300E+5
1.354000E-2	0.000000E+0	4.876590E+5
1.356000E-2	0.000000E+0	4.880770E+5
1.358000E-2	0.000000E+0	4.873620E+5
1.360000E-2	0.000000E+0	4.873090E+5
1.362000E-2	0.000000E+0	4.876110E+5
1.364000E-2	0.000000E+0	4.859810E+5
1.366000E-2	0.000000E+0	4.871840E+5
1.368000E-2	0.000000E+0	4.878660E+5
1.370000E-2	0.000000E+0	4.880340E+5
1.372000E-2	0.000000E+0	4.868670E+5
1.374000E-2	0.000000E+0	4.875720E+5
1.376000E-2	0.000000E+0	4.870280E+5
1.378000E-2	0.000000E+0	4.865770E+5
1.380000E-2	0.000000E+0	4.877410E+5
1.382000E-2	0.000000E+0	4.860740E+5
1.384000E-2	0.000000E+0	4.868190E+5
1.386000E-2	0.000000E+0	4.872450E+5
1.388000E-2	0.000000E+0	4.872830E+5
1.390000E-2	0.000000E+0	4.880150E+5
1.392000E-2	0.000000E+0	4.882410E+5
1.394000E-2	0.000000E+0	4.880030E+5
1.396000E-2	0.000000E+0	4.873050E+5
1.398000E-2	0.000000E+0	4.886900E+5
1.400000E-2	0.000000E+0	4.880520E+5
1.402000E-2	0.000000E+0	4.866400E+5
1.404000E-2	0.000000E+0	4.887590E+5
1.406000E-2	0.000000E+0	4.869540E+5
1.408000E-2	0.000000E+0	4.870480E+5
1.410000E-2	0.000000E+0	4.877230E+5
1.412000E-2	0.000000E+0	4.872770E+5
1.414000E-2	0.000000E+0	4.866500E+5
1.416000E-2	0.000000E+0	4.867240E+5
1.418000E-2	0.000000E+0	4.869410E+5
1.420000E-2	0.000000E+0	4.875640E+5
1.422000E-2	0.000000E+0	4.880780E+5
1.424000E-2	0.000000E+0	4.859400E+5
1.426000E-2	0.000000E+0	4.858370E+5
1.428000E-2	0.000000E+0	4.866460E+5
1.430000E-2	0.000000E+0	4.872080E+5
1.432000E-2	0.000000E+0	4.868560E+5
1.434000E-2	0.000000E+0	4.871880E+5
1.436000E-2	0.000000E+0	4.874500E+5
1.438000E-2	0.000000E+0	4.874390E+5
1.440000E-2	0.000000E+0	4.887790E+5
1.442000E-2	0.000000E+0	4.873060E+5
1.444000E-2	0.000000E+0	4.862280E+5
1.446000E-2	0.000000E+0	4.876110E+5
1.448000E-2	0.000000E+0	4.876770E+5
1.450000E-2	0.000000E+0	4.871500E+5
1.452000E-2	0.000000E+0	4.875350E+5
1.454000E-2	0.000000E+0	4.870520E+5
1.456000E-2	0.000000E+0	4.880720E+5
1.458000E-2	0.000000E+0	4.859820E+5
1.460000E-2	0.000000E+0	4.875970E+5
1.462000E-2	0.000000E+0	4.853930E+5
1.464000E-2	0.000000E+0	4.874910E+5
1.466000E-2	0.000000E+0	4.870200E+5
1.468000E-2	0.000000E+0	4.885270E+5
1.470000E-2	0.000000E+0	4.868410E+5
1.472000E-2	0.000000E+0	4.867820E+5
1.474000E-2	0.000000E+0	4.874470E+5
1.476000E-2	0.000000E+0	4.882590E+5
1.478000E-2	0.000000E+0	4.882740E+5
1.480000E-2	0.000000E+0	4.866130E+5
1.482000E-2	0.000000E+0	4.860700E+5
1.484000E-2	0.000000E+0	4.884600E+5
1.486000E-2	0.000000E+0	4.863190E+5
1.488000E-2	0.000000E+0	4.862480E+5
1.490000E-2	0.000000E+0	4.853900E+5
1.492000E-2	0.000000E+0	4.846340E+5
1.494000E-2	0.000000E+0	4.821120E+5
1.496000E-2	0.000000E+0	4.810080E+5
1.498000E-2	0.000000E+0	4.810550E+5
1.500000E-2	0.000000E+0	4.801080E+5
1.502000E-2	0.000000E+0	4.794710E+5
1.504000E-2	0.000000E+0	4.782140E+5
1.506000E-2	0.000000E+0	4.778310E+5
1.508000E-2	0.000000E+0	4.761250E+5
1.510000E-2	0.000000E+0	4.742490E+5
1.512000E-2	0.000000E+0	4.737760E+5
1.514000E-2	0.000000E+0	4.751730E+5
1.516000E-2	0.000000E+0	4.749170E+5
1.518000E-2	0.000000E+0	4.761700E+5
1.520000E-2	0.000000E+0	4.786030E+5
1.522000E-2	0.000000E+0	4.793050E+5
1.524000E-2	0.000000E+0	4.826190E+5
1.526000E-2	0.000000E+0	4.827620E+5
1.528000E-2	0.000000E+0	4.844120E+5
1.530000E-2	0.000000E+0	4.836540E+5
1.532000E-2	0.000000E+0	4.852930E+5
1.534000E-2	0.000000E+0	4.855840E+5
1.536000E-2	0.000000E+0	4.857580E+5
1.538000E-2	0.000000E+0	4.870620E+5
1.540000E-2	0.000000E+0	4.865710E+5
1.542000E-2	0.000000E+0	4.864130E+5
1.544000E-2	0.000000E+0	4.859320E+5
1.546000E-2	0.000000E+0	4.862150E+5
1.548000E-2	0.000000E+0	4.859870E+5
1.550000E-2	0.000000E+0	4.851510E+5
1.552000E-2	0.000000E+0	4.863830E+5
1.554000E-2	0.000000E+0	4.852230E+5
1.556000E-2	0.000000E+0	4.834090E+5
1.558000E-2	0.000000E+0	4.818680E+5
1.560000E-2	0.000000E+0	4.813940E+5
1.562000E-2	0.000000E+0	4.802540E+5
1.564000E-2	0.000000E+0	4.795450E+5
1.566000E-2	0.000000E+0	4.799820E+5
1.568000E-2	0.000000E+0	4.786290E+5
1.570000E-2	0.000000E+0	4.776760E+5
1.572000E-2	0.000000E+0	4.754950E+5
1.574000E-2	0.000000E+0	4.742080E+5
1.576000E-2	0.000000E+0	4.749060E+5
1.578000E-2	0.000000E+0	4.727760E+5
1.580000E-2	0.000000E+0	4.747380E+5
1.582000E-2	0.000000E+0	4.758860E+5
1.584000E-2	0.000000E+0	4.772830E+5
1.586000E-2	0.000000E+0	4.792380E+5
1.588000E-2	0.000000E+0	4.809970E+5
1.590000E-2	0.000000E+0	4.823210E+5
1.592000E-2	0.000000E+0	4.834630E+5
1.594000E-2	0.000000E+0	4.831040E+5
1.596000E-2	0.000000E+0	4.851270E+5
1.598000E-2	0.000000E+0	4.861050E+5
1.600000E-2	0.000000E+0	4.869860E+5
1.602000E-2	0.000000E+0	4.865980E+5
1.604000E-2	0.000000E+0	4.863470E+5
1.606000E-2	0.000000E+0	4.868330E+5
1.608000E-2	0.000000E+0	4.870160E+5
1.610000E-2	0.000000E+0	4.878720E+5
1.612000E-2	0.000000E+0	4.874650E+5
1.614000E-2	0.000000E+0	4.869180E+5
1.616000E-2	0.000000E+0	4.883130E+5
1.618000E-2	0.000000E+0	4.870510E+5
1.620000E-2	0.000000E+0	4.871860E+5
1.622000E-2	0.000000E+0	4.869750E+5
1.624000E-2	0.000000E+0	4.869780E+5
1.626000E-2	0.000000E+0	4.871240E+5
1.628000E-2	0.000000E+0	4.884140E+5
1.630000E-2	0.000000E+0	4.872070E+5
1.632000E-2	0.000000E+0	4.879030E+5
1.634000E-2	0.000000E+0	4.876720E+5
1.636000E-2	0.000000E+0	4.878420E+5
1.638000E-2	0.000000E+0	4.873350E+5
1.640000E-2	0.000000E+0	4.878140E+5
1.642000E-2	0.000000E+0	4.869370E+5
1.644000E-2	0.000000E+0	4.865210E+5
1.646000E-2	0.000000E+0	4.874390E+5
1.648000E-2	0.000000E+0	4.866470E+5
1.650000E-2	0.000000E+0	4.868590E+5
1.652000E-2	0.000000E+0	4.882390E+5
1.654000E-2	0.000000E+0	4.870550E+5
1.656000E-2	0.000000E+0	4.867260E+5
1.658000E-2	0.000000E+0	4.875250E+5
1.660000E-2	0.000000E+0	4.875260E+5
1.662000E-2	0.000000E+0	4.869610E+5
1.664000E-2	0.000000E+0	4.869380E+5
1.666000E-2	0.000000E+0	4.870830E+5
1.668000E-2	0.000000E+0	4.866800E+5
1.670000E-2	0.000000E+0	4.871560E+5
1.672000E-2	0.000000E+0	4.874740E+5
1.674000E-2	0.000000E+0	4.870420E+5
1.676000E-2	0.000000E+0	4.861030E+5
1.678000E-2	0.000000E+0	4.862220E+5
1.680000E-2	0.000000E+0	4.871040E+5
1.682000E-2	0.000000E+0	4.872120E+5
1.684000E-2	0.000000E+0	4.875700E+5
1.686000E-2	0.000000E+0	4.892340E+5
1.688000E-2	0.000000E+0	4.875650E+5
1.690000E-2	0.000000E+0	4.874950E+5
1.692000E-2	0.000000E+0	4.878780E+5
1.694000E-2	0.000000E+0	4.870630E+5
1.696000E-2	0.000000E+0	4.864890E+5
1.698000E-2	0.000000E+0	4.866850E+5
1.700000E-2	0.000000E+0	4.878210E+5
1.702000E-2	0.000000E+0	4.877280E+5
1.704000E-2	0.000000E+0	4.879230E+5
1.706000E-2	0.000000E+0	4.883890E+5
1.708000E-2	0.000000E+0	4.870450E+5
1.710000E-2	0.000000E+0	4.877880E+5
1.712000E-2	0.000000E+0	4.873040E+5
1.714000E-2	0.000000E+0	4.865870E+5
1.716000E-2	0.000000E+0	4.881400E+5
1.718000E-2	0.000000E+0	4.875000E+5
1.720000E-2	0.000000E+0	4.881820E+5
1.722000E-2	0.000000E+0	4.883100E+5
1.724000E-2	0.000000E+0	4.870330E+5
1.726000E-2	0.000000E+0	4.868490E+5
1.728000E-2	0.000000E+0	4.866250E+5
1.730000E-2	0.000000E+0	4.870520E+5
1.732000E-2	0.000000E+0	4.870500E+5
1.734000E-2	0.000000E+0	4.873930E+5
1.736000E-2	0.000000E+0	4.885550E+5
1.738000E-2	0.000000E+0	4.885040E+5
1.740000E-2	0.000000E+0	4.881290E+5
1.742000E-2	0.000000E+0	4.864700E+5
1.744000E-2	0.000000E+0	4.874030E+5
1.746000E-2	0.000000E+0	4.873240E+5
1.748000E-2	0.000000E+0	4.870270E+5
1.750000E-2	0.000000E+0	4.878000E+5
1.752000E-2	0.000000E+0	4.880410E+5
1.754000E-2	0.000000E+0	4.869380E+5
1.756000E-2	0.000000E+0	4.866080E+5
1.758000E-2	0.000000E+0	4.875070E+5
1.760000E-2	0.000000E+0	4.878640E+5
1.762000E-2	0.000000E+0	4.878150E+5
1.764000E-2	0.000000E+0	4.878910E+5
1.766000E-2	0.000000E+0	4.871530E+5
1.768000E-2	0.000000E+0	4.876830E+5
1.770000E-2	0.000000E+0	4.875330E+5
1.772000E-2	0.000000E+0	4.887090E+5
1.774000E-2	0.000000E+0	4.873310E+5
1.776000E-2	0.000000E+0	4.867330E+5
1.778000E-2	0.000000E+0	4.878870E+5
1.780000E-2	0.000000E+0	4.861300E+5
1.782000E-2	0.000000E+0	4.872440E+5
1.784000E-2	0.000000E+0	4.869670E+5
1.786000E-2	0.000000E+0	4.870650E+5
1.788000E-2	0.000000E+0	4.876320E+5
1.790000E-2	0.000000E+0	4.879500E+5
1.792000E-2	0.000000E+0	4.863300E+5
1.794000E-2	0.000000E+0	4.876090E+5
1.796000E-2	0.000000E+0	4.877940E+5
1.798000E-2	0.000000E+0	4.880990E+5
1.800000E-2	0.000000E+0	4.862600E+5
1.802000E-2	0.000000E+0	4.868510E+5
1.804000E-2	0.000000E+0	4.860190E+5
1.806000E-2	0.000000E+0	4.868840E+5
1.808000E-2	0.000000E+0	4.870580E+5
1.810000E-2	0.000000E+0	4.877490E+5
1.812000E-2	0.000000E+0	4.885830E+5
1.814000E-2	0.000000E+0	4.883730E+5
1.816000E-2	0.000000E+0	4.880580E+5
1.818000E-2	0.000000E+0	4.870240E+5
1.820000E-2	0.000000E+0	4.883530E+5
1.822000E-2	0.000000E+0	4.871230E+5
1.824000E-2	0.000000E+0	4.873450E+5
1.826000E-2	0.000000E+0	4.879030E+5
1.828000E-2	0.000000E+0	4.870150E+5
1.830000E-2	0.000000E+0	4.864500E+5
1.832000E-2	0.000000E+0	4.880930E+5
1.834000E-2	0.000000E+0	4.869790E+5
1.836000E-2	0.000000E+0	4.883940E+5
1.838000E-2	0.000000E+0	4.870710E+5
1.840000E-2	0.000000E+0	4.869190E+5
1.842000E-2	0.000000E+0	4.867470E+5
1.844000E-2	0.000000E+0	4.864130E+5
1.846000E-2	0.000000E+0	4.858260E+5
1.848000E-2	0.000000E+0	4.884790E+5
1.850000E-2	0.000000E+0	4.876780E+5
1.852000E-2	0.000000E+0	4.879620E+5
1.854000E-2	0.000000E+0	4.886090E+5
1.856000E-2	0.000000E+0	4.862710E+5
1.858000E-2	0.000000E+0	4.867080E+5
1.860000E-2	0.000000E+0	4.872670E+5
1.862000E-2	0.000000E+0	4.869790E+5
1.864000E-2	0.000000E+0	4.860740E+5
1.866000E-2	0.000000E+0	4.878980E+5
1.868000E-2	0.000000E+0	4.866160E+5
1.870000E-2	0.000000E+0	4.872000E+5
1.872000E-2	0.000000E+0	4.877470E+5
1.874000E-2	0.000000E+0	4.857030E+5
1.876000E-2	0.000000E+0	4.872780E+5
1.878000E-2	0.000000E+0	4.872370E+5
1.880000E-2	0.000000E+0	4.872790E+5
1.882000E-2	0.000000E+0	4.870400E+5
1.884000E-2	0.000000E+0	4.877640E+5
1.886000E-2	0.000000E+0	4.874960E+5
1.888000E-2	0.000000E+0	4.863990E+5
1.890000E-2	0.000000E+0	4.872920E+5
1.892000E-2	0.000000E+0	4.884370E+5
1.894000E-2	0.000000E+0	4.876100E+5
1.896000E-2	0.000000E+0	4.875960E+5
1.898000E-2	0.000000E+0	4.877560E+5
1.900000E-2	0.000000E+0	4.864450E+5
1.902000E-2	0.000000E+0	4.866120E+5
1.904000E-2	0.000000E+0	4.877720E+5
1.906000E-2	0.000000E+0	4.881330E+5
1.908000E-2	0.000000E+0	4.874500E+5
1.910000E-2	0.000000E+0	4.858850E+5
1.912000E-2	0.000000E+0	4.863380E+5
1.914000E-2	0.000000E+0	4.871650E+5
1.916000E-2	0.000000E+0	4.866460E+5
1.918000E-2	0.000000E+0	4.863850E+5
1.920000E-2	0.000000E+0	4.876890E+5
1.922000E-2	0.000000E+0	4.873780E+5
1.924000E-2	0.000000E+0	4.871160E+5
1.926000E-2	0.000000E+0	4.880230E+5
1.928000E-2	0.000000E+0	4.884950E+5
1.930000E-2	0.000000E+0	4.874910E+5
1.932000E-2	0.000000E+0	4.872010E+5
1.934000E-2	0.000000E+0	4.873790E+5
1.936000E-2	0.000000E+0	4.869290E+5
1.938000E-2	0.000000E+0	4.877480E+5
1.940000E-2	0.000000E+0	4.860400E+5
1.942000E-2	0.000000E+0	4.884870E+5
1.944000E-2	0.000000E+0	4.882230E+5
1.946000E-2	0.000000E+0	4.863730E+5
1.948000E-2	0.000000E+0	4.875350E+5
1.950000E-2	0.000000E+0	4.876110E+5
1.952000E-2	0.000000E+0	4.883040E+5
1.954000E-2	0.000000E+0	4.871600E+5
1.956000E-2	0.000000E+0	4.879910E+5
1.958000E-2	0.000000E+0	4.871530E+5
1.960000E-2	0.000000E+0	4.873950E+5
1.962000E-2	0.000000E+0	4.869710E+5
1.964000E-2	0.000000E+0	4.881250E+5
1.966000E-2	0.000000E+0	4.881550E+5
1.968000E-2	0.000000E+0	4.874130E+5
1.970000E-2	0.000000E+0	4.872430E+5
1.972000E-2	0.000000E+0	4.875180E+5
1.974000E-2	0.000000E+0	4.876190E+5
1.976000E-2	0.000000E+0	4.858900E+5
1.978000E-2	0.000000E+0	4.867780E+5
1.980000E-2	0.000000E+0	4.876500E+5
1.982000E-2	0.000000E+0	4.865080E+5
1.984000E-2	0.000000E+0	4.875280E+5
1.986000E-2	0.000000E+0	4.862110E+5
1.988000E-2	0.000000E+0	4.863070E+5
1.990000E-2	0.000000E+0	4.873020E+5
1.992000E-2	0.000000E+0	4.869190E+5
1.994000E-2	0.000000E+0	4.885840E+5
1.996000E-2	0.000000E+0	4.866880E+5
1.998000E-2	0.000000E+0	4.875190E+5
