

live time:  135437.580000
real time:  187206.112000
sweeps:  6771879.000000
0.000000E+0	0.000000E+0	0.000000E+0
2.000000E-5	0.000000E+0	2.970430E+5
4.000000E-5	0.000000E+0	2.974810E+5
6.000000E-5	0.000000E+0	2.968520E+5
8.000000E-5	0.000000E+0	2.977110E+5
1.000000E-4	0.000000E+0	2.966600E+5
1.200000E-4	0.000000E+0	2.971590E+5
1.400000E-4	0.000000E+0	2.973760E+5
1.600000E-4	0.000000E+0	2.975200E+5
1.800000E-4	0.000000E+0	2.970250E+5
2.000000E-4	0.000000E+0	2.974850E+5
2.200000E-4	0.000000E+0	2.969850E+5
2.400000E-4	0.000000E+0	2.964450E+5
2.600000E-4	0.000000E+0	2.963930E+5
2.800000E-4	0.000000E+0	2.967010E+5
3.000000E-4	0.000000E+0	2.978350E+5
3.200000E-4	0.000000E+0	2.973980E+5
3.400000E-4	0.000000E+0	2.972390E+5
3.600000E-4	0.000000E+0	2.975290E+5
3.800000E-4	0.000000E+0	2.966170E+5
4.000000E-4	0.000000E+0	2.963330E+5
4.200000E-4	0.000000E+0	2.969860E+5
4.400000E-4	0.000000E+0	2.970280E+5
4.600000E-4	0.000000E+0	2.978890E+5
4.800000E-4	0.000000E+0	2.967030E+5
5.000000E-4	0.000000E+0	2.975890E+5
5.200000E-4	0.000000E+0	2.971430E+5
5.400000E-4	0.000000E+0	2.970540E+5
5.600000E-4	0.000000E+0	2.966780E+5
5.800000E-4	0.000000E+0	2.974540E+5
6.000000E-4	0.000000E+0	2.974810E+5
6.200000E-4	0.000000E+0	2.971110E+5
6.400000E-4	0.000000E+0	2.980550E+5
6.600000E-4	0.000000E+0	2.963230E+5
6.800000E-4	0.000000E+0	2.968820E+5
7.000000E-4	0.000000E+0	2.972640E+5
7.200000E-4	0.000000E+0	2.982370E+5
7.400000E-4	0.000000E+0	2.961910E+5
7.600000E-4	0.000000E+0	2.969190E+5
7.800000E-4	0.000000E+0	2.961060E+5
8.000000E-4	0.000000E+0	2.972700E+5
8.200000E-4	0.000000E+0	2.973610E+5
8.400000E-4	0.000000E+0	2.971400E+5
8.600000E-4	0.000000E+0	2.978060E+5
8.800000E-4	0.000000E+0	2.964480E+5
9.000000E-4	0.000000E+0	2.979910E+5
9.200000E-4	0.000000E+0	2.964960E+5
9.400000E-4	0.000000E+0	2.971310E+5
9.600000E-4	0.000000E+0	2.963460E+5
9.800000E-4	0.000000E+0	2.982530E+5
1.000000E-3	0.000000E+0	2.977050E+5
1.020000E-3	0.000000E+0	2.970960E+5
1.040000E-3	0.000000E+0	2.970950E+5
1.060000E-3	0.000000E+0	2.970600E+5
1.080000E-3	0.000000E+0	2.970620E+5
1.100000E-3	0.000000E+0	2.961710E+5
1.120000E-3	0.000000E+0	2.972530E+5
1.140000E-3	0.000000E+0	2.964420E+5
1.160000E-3	0.000000E+0	2.966240E+5
1.180000E-3	0.000000E+0	2.966620E+5
1.200000E-3	0.000000E+0	2.976750E+5
1.220000E-3	0.000000E+0	2.976240E+5
1.240000E-3	0.000000E+0	2.968680E+5
1.260000E-3	0.000000E+0	2.969430E+5
1.280000E-3	0.000000E+0	2.979150E+5
1.300000E-3	0.000000E+0	2.960070E+5
1.320000E-3	0.000000E+0	2.978800E+5
1.340000E-3	0.000000E+0	2.967020E+5
1.360000E-3	0.000000E+0	2.965860E+5
1.380000E-3	0.000000E+0	2.976740E+5
1.400000E-3	0.000000E+0	2.971670E+5
1.420000E-3	0.000000E+0	2.977950E+5
1.440000E-3	0.000000E+0	2.967880E+5
1.460000E-3	0.000000E+0	2.961510E+5
1.480000E-3	0.000000E+0	2.976060E+5
1.500000E-3	0.000000E+0	2.973440E+5
1.520000E-3	0.000000E+0	2.970290E+5
1.540000E-3	0.000000E+0	2.974010E+5
1.560000E-3	0.000000E+0	2.969670E+5
1.580000E-3	0.000000E+0	2.969690E+5
1.600000E-3	0.000000E+0	2.969990E+5
1.620000E-3	0.000000E+0	2.967730E+5
1.640000E-3	0.000000E+0	2.963560E+5
1.660000E-3	0.000000E+0	2.982910E+5
1.680000E-3	0.000000E+0	2.964800E+5
1.700000E-3	0.000000E+0	2.968460E+5
1.720000E-3	0.000000E+0	2.974570E+5
1.740000E-3	0.000000E+0	2.980190E+5
1.760000E-3	0.000000E+0	2.976850E+5
1.780000E-3	0.000000E+0	2.981490E+5
1.800000E-3	0.000000E+0	2.978010E+5
1.820000E-3	0.000000E+0	2.969630E+5
1.840000E-3	0.000000E+0	2.969640E+5
1.860000E-3	0.000000E+0	2.974020E+5
1.880000E-3	0.000000E+0	2.969910E+5
1.900000E-3	0.000000E+0	2.969270E+5
1.920000E-3	0.000000E+0	2.970440E+5
1.940000E-3	0.000000E+0	2.973770E+5
1.960000E-3	0.000000E+0	2.971150E+5
1.980000E-3	0.000000E+0	2.979120E+5
2.000000E-3	0.000000E+0	2.967240E+5
2.020000E-3	0.000000E+0	2.969050E+5
2.040000E-3	0.000000E+0	2.965690E+5
2.060000E-3	0.000000E+0	2.977740E+5
2.080000E-3	0.000000E+0	2.979720E+5
2.100000E-3	0.000000E+0	2.983440E+5
2.120000E-3	0.000000E+0	2.972650E+5
2.140000E-3	0.000000E+0	2.970240E+5
2.160000E-3	0.000000E+0	2.965910E+5
2.180000E-3	0.000000E+0	2.975210E+5
2.200000E-3	0.000000E+0	2.978030E+5
2.220000E-3	0.000000E+0	2.977470E+5
2.240000E-3	0.000000E+0	2.970740E+5
2.260000E-3	0.000000E+0	2.975050E+5
2.280000E-3	0.000000E+0	2.973950E+5
2.300000E-3	0.000000E+0	2.973610E+5
2.320000E-3	0.000000E+0	2.967420E+5
2.340000E-3	0.000000E+0	2.970330E+5
2.360000E-3	0.000000E+0	2.974330E+5
2.380000E-3	0.000000E+0	2.974350E+5
2.400000E-3	0.000000E+0	2.961670E+5
2.420000E-3	0.000000E+0	2.972490E+5
2.440000E-3	0.000000E+0	2.961860E+5
2.460000E-3	0.000000E+0	2.967040E+5
2.480000E-3	0.000000E+0	2.985330E+5
2.500000E-3	0.000000E+0	2.970880E+5
2.520000E-3	0.000000E+0	2.977360E+5
2.540000E-3	0.000000E+0	2.965820E+5
2.560000E-3	0.000000E+0	2.972140E+5
2.580000E-3	0.000000E+0	2.964710E+5
2.600000E-3	0.000000E+0	2.978440E+5
2.620000E-3	0.000000E+0	2.962660E+5
2.640000E-3	0.000000E+0	2.961840E+5
2.660000E-3	0.000000E+0	2.975570E+5
2.680000E-3	0.000000E+0	2.970910E+5
2.700000E-3	0.000000E+0	2.972680E+5
2.720000E-3	0.000000E+0	2.965720E+5
2.740000E-3	0.000000E+0	2.977530E+5
2.760000E-3	0.000000E+0	2.971140E+5
2.780000E-3	0.000000E+0	2.974840E+5
2.800000E-3	0.000000E+0	2.968980E+5
2.820000E-3	0.000000E+0	2.968480E+5
2.840000E-3	0.000000E+0	2.964880E+5
2.860000E-3	0.000000E+0	2.977470E+5
2.880000E-3	0.000000E+0	2.973420E+5
2.900000E-3	0.000000E+0	2.977110E+5
2.920000E-3	0.000000E+0	2.962820E+5
2.940000E-3	0.000000E+0	2.972400E+5
2.960000E-3	0.000000E+0	2.977830E+5
2.980000E-3	0.000000E+0	2.962590E+5
3.000000E-3	0.000000E+0	2.972780E+5
3.020000E-3	0.000000E+0	2.970880E+5
3.040000E-3	0.000000E+0	2.974890E+5
3.060000E-3	0.000000E+0	2.987920E+5
3.080000E-3	0.000000E+0	2.973370E+5
3.100000E-3	0.000000E+0	2.964910E+5
3.120000E-3	0.000000E+0	2.973920E+5
3.140000E-3	0.000000E+0	2.972780E+5
3.160000E-3	0.000000E+0	2.970230E+5
3.180000E-3	0.000000E+0	2.977000E+5
3.200000E-3	0.000000E+0	2.975060E+5
3.220000E-3	0.000000E+0	2.975970E+5
3.240000E-3	0.000000E+0	2.972440E+5
3.260000E-3	0.000000E+0	2.974520E+5
3.280000E-3	0.000000E+0	2.971930E+5
3.300000E-3	0.000000E+0	2.965740E+5
3.320000E-3	0.000000E+0	2.970210E+5
3.340000E-3	0.000000E+0	2.969310E+5
3.360000E-3	0.000000E+0	2.966450E+5
3.380000E-3	0.000000E+0	2.968340E+5
3.400000E-3	0.000000E+0	2.973900E+5
3.420000E-3	0.000000E+0	2.978070E+5
3.440000E-3	0.000000E+0	2.965530E+5
3.460000E-3	0.000000E+0	2.976020E+5
3.480000E-3	0.000000E+0	2.970180E+5
3.500000E-3	0.000000E+0	2.979370E+5
3.520000E-3	0.000000E+0	2.966860E+5
3.540000E-3	0.000000E+0	2.969510E+5
3.560000E-3	0.000000E+0	2.972640E+5
3.580000E-3	0.000000E+0	2.964790E+5
3.600000E-3	0.000000E+0	2.967030E+5
3.620000E-3	0.000000E+0	2.959840E+5
3.640000E-3	0.000000E+0	2.975420E+5
3.660000E-3	0.000000E+0	2.971000E+5
3.680000E-3	0.000000E+0	2.968680E+5
3.700000E-3	0.000000E+0	2.964440E+5
3.720000E-3	0.000000E+0	2.973130E+5
3.740000E-3	0.000000E+0	2.968160E+5
3.760000E-3	0.000000E+0	2.968900E+5
3.780000E-3	0.000000E+0	2.970310E+5
3.800000E-3	0.000000E+0	2.966530E+5
3.820000E-3	0.000000E+0	2.964930E+5
3.840000E-3	0.000000E+0	2.968390E+5
3.860000E-3	0.000000E+0	2.968660E+5
3.880000E-3	0.000000E+0	2.964690E+5
3.900000E-3	0.000000E+0	2.971560E+5
3.920000E-3	0.000000E+0	2.980440E+5
3.940000E-3	0.000000E+0	2.977850E+5
3.960000E-3	0.000000E+0	2.976650E+5
3.980000E-3	0.000000E+0	2.967400E+5
4.000000E-3	0.000000E+0	2.970340E+5
4.020000E-3	0.000000E+0	2.974110E+5
4.040000E-3	0.000000E+0	2.966880E+5
4.060000E-3	0.000000E+0	2.973630E+5
4.080000E-3	0.000000E+0	2.972010E+5
4.100000E-3	0.000000E+0	2.972990E+5
4.120000E-3	0.000000E+0	2.971340E+5
4.140000E-3	0.000000E+0	2.964620E+5
4.160000E-3	0.000000E+0	2.976970E+5
4.180000E-3	0.000000E+0	2.966720E+5
4.200000E-3	0.000000E+0	2.966230E+5
4.220000E-3	0.000000E+0	2.968270E+5
4.240000E-3	0.000000E+0	2.973010E+5
4.260000E-3	0.000000E+0	2.962520E+5
4.280000E-3	0.000000E+0	2.974410E+5
4.300000E-3	0.000000E+0	2.968330E+5
4.320000E-3	0.000000E+0	2.965990E+5
4.340000E-3	0.000000E+0	2.963570E+5
4.360000E-3	0.000000E+0	2.971920E+5
4.380000E-3	0.000000E+0	2.961160E+5
4.400000E-3	0.000000E+0	2.972200E+5
4.420000E-3	0.000000E+0	2.969750E+5
4.440000E-3	0.000000E+0	2.970770E+5
4.460000E-3	0.000000E+0	2.964890E+5
4.480000E-3	0.000000E+0	2.962360E+5
4.500000E-3	0.000000E+0	2.968580E+5
4.520000E-3	0.000000E+0	2.964040E+5
4.540000E-3	0.000000E+0	2.967540E+5
4.560000E-3	0.000000E+0	2.960790E+5
4.580000E-3	0.000000E+0	2.965770E+5
4.600000E-3	0.000000E+0	2.966450E+5
4.620000E-3	0.000000E+0	2.964380E+5
4.640000E-3	0.000000E+0	2.972580E+5
4.660000E-3	0.000000E+0	2.966370E+5
4.680000E-3	0.000000E+0	2.966160E+5
4.700000E-3	0.000000E+0	2.972070E+5
4.720000E-3	0.000000E+0	2.973610E+5
4.740000E-3	0.000000E+0	2.959730E+5
4.760000E-3	0.000000E+0	2.972440E+5
4.780000E-3	0.000000E+0	2.961720E+5
4.800000E-3	0.000000E+0	2.967220E+5
4.820000E-3	0.000000E+0	2.964300E+5
4.840000E-3	0.000000E+0	2.967730E+5
4.860000E-3	0.000000E+0	2.954970E+5
4.880000E-3	0.000000E+0	2.949940E+5
4.900000E-3	0.000000E+0	2.952760E+5
4.920000E-3	0.000000E+0	2.933520E+5
4.940000E-3	0.000000E+0	2.926280E+5
4.960000E-3	0.000000E+0	2.925970E+5
4.980000E-3	0.000000E+0	2.929230E+5
5.000000E-3	0.000000E+0	2.916760E+5
5.020000E-3	0.000000E+0	2.916110E+5
5.040000E-3	0.000000E+0	2.903950E+5
5.060000E-3	0.000000E+0	2.889170E+5
5.080000E-3	0.000000E+0	2.883000E+5
5.100000E-3	0.000000E+0	2.884930E+5
5.120000E-3	0.000000E+0	2.882940E+5
5.140000E-3	0.000000E+0	2.891620E+5
5.160000E-3	0.000000E+0	2.901050E+5
5.180000E-3	0.000000E+0	2.912070E+5
5.200000E-3	0.000000E+0	2.918320E+5
5.220000E-3	0.000000E+0	2.928700E+5
5.240000E-3	0.000000E+0	2.930830E+5
5.260000E-3	0.000000E+0	2.951340E+5
5.280000E-3	0.000000E+0	2.936700E+5
5.300000E-3	0.000000E+0	2.955050E+5
5.320000E-3	0.000000E+0	2.962440E+5
5.340000E-3	0.000000E+0	2.963380E+5
5.360000E-3	0.000000E+0	2.972200E+5
5.380000E-3	0.000000E+0	2.960920E+5
5.400000E-3	0.000000E+0	2.972250E+5
5.420000E-3	0.000000E+0	2.965150E+5
5.440000E-3	0.000000E+0	2.958450E+5
5.460000E-3	0.000000E+0	2.958930E+5
5.480000E-3	0.000000E+0	2.958050E+5
5.500000E-3	0.000000E+0	2.959490E+5
5.520000E-3	0.000000E+0	2.953440E+5
5.540000E-3	0.000000E+0	2.950470E+5
5.560000E-3	0.000000E+0	2.941870E+5
5.580000E-3	0.000000E+0	2.937830E+5
5.600000E-3	0.000000E+0	2.922500E+5
5.620000E-3	0.000000E+0	2.918200E+5
5.640000E-3	0.000000E+0	2.927230E+5
5.660000E-3	0.000000E+0	2.919930E+5
5.680000E-3	0.000000E+0	2.918610E+5
5.700000E-3	0.000000E+0	2.901970E+5
5.720000E-3	0.000000E+0	2.894070E+5
5.740000E-3	0.000000E+0	2.889230E+5
5.760000E-3	0.000000E+0	2.892130E+5
5.780000E-3	0.000000E+0	2.898050E+5
5.800000E-3	0.000000E+0	2.899910E+5
5.820000E-3	0.000000E+0	2.912130E+5
5.840000E-3	0.000000E+0	2.921700E+5
5.860000E-3	0.000000E+0	2.924120E+5
5.880000E-3	0.000000E+0	2.939970E+5
5.900000E-3	0.000000E+0	2.952030E+5
5.920000E-3	0.000000E+0	2.955260E+5
5.940000E-3	0.000000E+0	2.947010E+5
5.960000E-3	0.000000E+0	2.957460E+5
5.980000E-3	0.000000E+0	2.965420E+5
6.000000E-3	0.000000E+0	2.960790E+5
6.020000E-3	0.000000E+0	2.969130E+5
6.040000E-3	0.000000E+0	2.970640E+5
6.060000E-3	0.000000E+0	2.966050E+5
6.080000E-3	0.000000E+0	2.969540E+5
6.100000E-3	0.000000E+0	2.963840E+5
6.120000E-3	0.000000E+0	2.969560E+5
6.140000E-3	0.000000E+0	2.967110E+5
6.160000E-3	0.000000E+0	2.965410E+5
6.180000E-3	0.000000E+0	2.973660E+5
6.200000E-3	0.000000E+0	2.965480E+5
6.220000E-3	0.000000E+0	2.971940E+5
6.240000E-3	0.000000E+0	2.964170E+5
6.260000E-3	0.000000E+0	2.963370E+5
6.280000E-3	0.000000E+0	2.978450E+5
6.300000E-3	0.000000E+0	2.970240E+5
6.320000E-3	0.000000E+0	2.968320E+5
6.340000E-3	0.000000E+0	2.971390E+5
6.360000E-3	0.000000E+0	2.961440E+5
6.380000E-3	0.000000E+0	2.974250E+5
6.400000E-3	0.000000E+0	2.965840E+5
6.420000E-3	0.000000E+0	2.964920E+5
6.440000E-3	0.000000E+0	2.979750E+5
6.460000E-3	0.000000E+0	2.966900E+5
6.480000E-3	0.000000E+0	2.969400E+5
6.500000E-3	0.000000E+0	2.969720E+5
6.520000E-3	0.000000E+0	2.978180E+5
6.540000E-3	0.000000E+0	2.962960E+5
6.560000E-3	0.000000E+0	2.975690E+5
6.580000E-3	0.000000E+0	2.968340E+5
6.600000E-3	0.000000E+0	2.973750E+5
6.620000E-3	0.000000E+0	2.968580E+5
6.640000E-3	0.000000E+0	2.966390E+5
6.660000E-3	0.000000E+0	2.962180E+5
6.680000E-3	0.000000E+0	2.967130E+5
6.700000E-3	0.000000E+0	2.976690E+5
6.720000E-3	0.000000E+0	2.970990E+5
6.740000E-3	0.000000E+0	2.971710E+5
6.760000E-3	0.000000E+0	2.975160E+5
6.780000E-3	0.000000E+0	2.963370E+5
6.800000E-3	0.000000E+0	2.975060E+5
6.820000E-3	0.000000E+0	2.970240E+5
6.840000E-3	0.000000E+0	2.969920E+5
6.860000E-3	0.000000E+0	2.971690E+5
6.880000E-3	0.000000E+0	2.973020E+5
6.900000E-3	0.000000E+0	2.962670E+5
6.920000E-3	0.000000E+0	2.971400E+5
6.940000E-3	0.000000E+0	2.967110E+5
6.960000E-3	0.000000E+0	2.956150E+5
6.980000E-3	0.000000E+0	2.967190E+5
7.000000E-3	0.000000E+0	2.964980E+5
7.020000E-3	0.000000E+0	2.969430E+5
7.040000E-3	0.000000E+0	2.972690E+5
7.060000E-3	0.000000E+0	2.969570E+5
7.080000E-3	0.000000E+0	2.970930E+5
7.100000E-3	0.000000E+0	2.966970E+5
7.120000E-3	0.000000E+0	2.969290E+5
7.140000E-3	0.000000E+0	2.969940E+5
7.160000E-3	0.000000E+0	2.975920E+5
7.180000E-3	0.000000E+0	2.963170E+5
7.200000E-3	0.000000E+0	2.974600E+5
7.220000E-3	0.000000E+0	2.974310E+5
7.240000E-3	0.000000E+0	2.972940E+5
7.260000E-3	0.000000E+0	2.967340E+5
7.280000E-3	0.000000E+0	2.966110E+5
7.300000E-3	0.000000E+0	2.965970E+5
7.320000E-3	0.000000E+0	2.977190E+5
7.340000E-3	0.000000E+0	2.976650E+5
7.360000E-3	0.000000E+0	2.968020E+5
7.380000E-3	0.000000E+0	2.975680E+5
7.400000E-3	0.000000E+0	2.967560E+5
7.420000E-3	0.000000E+0	2.969400E+5
7.440000E-3	0.000000E+0	2.968290E+5
7.460000E-3	0.000000E+0	2.976240E+5
7.480000E-3	0.000000E+0	2.967930E+5
7.500000E-3	0.000000E+0	2.973580E+5
7.520000E-3	0.000000E+0	2.977900E+5
7.540000E-3	0.000000E+0	2.972430E+5
7.560000E-3	0.000000E+0	2.977560E+5
7.580000E-3	0.000000E+0	2.970780E+5
7.600000E-3	0.000000E+0	2.968550E+5
7.620000E-3	0.000000E+0	2.975870E+5
7.640000E-3	0.000000E+0	2.981160E+5
7.660000E-3	0.000000E+0	2.968560E+5
7.680000E-3	0.000000E+0	2.963920E+5
7.700000E-3	0.000000E+0	2.965860E+5
7.720000E-3	0.000000E+0	2.970370E+5
7.740000E-3	0.000000E+0	2.968660E+5
7.760000E-3	0.000000E+0	2.961130E+5
7.780000E-3	0.000000E+0	2.980950E+5
7.800000E-3	0.000000E+0	2.973100E+5
7.820000E-3	0.000000E+0	2.972060E+5
7.840000E-3	0.000000E+0	2.979690E+5
7.860000E-3	0.000000E+0	2.969740E+5
7.880000E-3	0.000000E+0	2.972100E+5
7.900000E-3	0.000000E+0	2.970010E+5
7.920000E-3	0.000000E+0	2.963380E+5
7.940000E-3	0.000000E+0	2.980060E+5
7.960000E-3	0.000000E+0	2.977620E+5
7.980000E-3	0.000000E+0	2.981140E+5
8.000000E-3	0.000000E+0	2.977470E+5
8.020000E-3	0.000000E+0	2.975370E+5
8.040000E-3	0.000000E+0	2.958160E+5
8.060000E-3	0.000000E+0	2.973160E+5
8.080000E-3	0.000000E+0	2.969890E+5
8.100000E-3	0.000000E+0	2.971370E+5
8.120000E-3	0.000000E+0	2.972320E+5
8.140000E-3	0.000000E+0	2.966520E+5
8.160000E-3	0.000000E+0	2.969290E+5
8.180000E-3	0.000000E+0	2.966580E+5
8.200000E-3	0.000000E+0	2.974100E+5
8.220000E-3	0.000000E+0	2.966580E+5
8.240000E-3	0.000000E+0	2.969890E+5
8.260000E-3	0.000000E+0	2.987080E+5
8.280000E-3	0.000000E+0	2.966350E+5
8.300000E-3	0.000000E+0	2.970690E+5
8.320000E-3	0.000000E+0	2.972390E+5
8.340000E-3	0.000000E+0	2.971880E+5
8.360000E-3	0.000000E+0	2.969520E+5
8.380000E-3	0.000000E+0	2.955540E+5
8.400000E-3	0.000000E+0	2.966240E+5
8.420000E-3	0.000000E+0	2.971260E+5
8.440000E-3	0.000000E+0	2.974780E+5
8.460000E-3	0.000000E+0	2.976170E+5
8.480000E-3	0.000000E+0	2.982620E+5
8.500000E-3	0.000000E+0	2.959010E+5
8.520000E-3	0.000000E+0	2.973590E+5
8.540000E-3	0.000000E+0	2.972070E+5
8.560000E-3	0.000000E+0	2.973710E+5
8.580000E-3	0.000000E+0	2.985090E+5
8.600000E-3	0.000000E+0	2.961630E+5
8.620000E-3	0.000000E+0	2.978710E+5
8.640000E-3	0.000000E+0	2.968650E+5
8.660000E-3	0.000000E+0	2.967270E+5
8.680000E-3	0.000000E+0	2.973140E+5
8.700000E-3	0.000000E+0	2.961070E+5
8.720000E-3	0.000000E+0	2.972670E+5
8.740000E-3	0.000000E+0	2.964030E+5
8.760000E-3	0.000000E+0	2.969610E+5
8.780000E-3	0.000000E+0	2.973440E+5
8.800000E-3	0.000000E+0	2.979650E+5
8.820000E-3	0.000000E+0	2.974260E+5
8.840000E-3	0.000000E+0	2.965160E+5
8.860000E-3	0.000000E+0	2.984270E+5
8.880000E-3	0.000000E+0	2.967440E+5
8.900000E-3	0.000000E+0	2.974240E+5
8.920000E-3	0.000000E+0	2.962570E+5
8.940000E-3	0.000000E+0	2.966350E+5
8.960000E-3	0.000000E+0	2.977870E+5
8.980000E-3	0.000000E+0	2.966580E+5
9.000000E-3	0.000000E+0	2.966770E+5
9.020000E-3	0.000000E+0	2.961240E+5
9.040000E-3	0.000000E+0	2.971490E+5
9.060000E-3	0.000000E+0	2.985370E+5
9.080000E-3	0.000000E+0	2.972980E+5
9.100000E-3	0.000000E+0	2.977240E+5
9.120000E-3	0.000000E+0	2.968580E+5
9.140000E-3	0.000000E+0	2.970620E+5
9.160000E-3	0.000000E+0	2.979600E+5
9.180000E-3	0.000000E+0	2.966360E+5
9.200000E-3	0.000000E+0	2.968260E+5
9.220000E-3	0.000000E+0	2.971880E+5
9.240000E-3	0.000000E+0	2.976970E+5
9.260000E-3	0.000000E+0	2.975800E+5
9.280000E-3	0.000000E+0	2.981160E+5
9.300000E-3	0.000000E+0	2.974080E+5
9.320000E-3	0.000000E+0	2.967590E+5
9.340000E-3	0.000000E+0	2.973070E+5
9.360000E-3	0.000000E+0	2.966870E+5
9.380000E-3	0.000000E+0	2.976170E+5
9.400000E-3	0.000000E+0	2.979130E+5
9.420000E-3	0.000000E+0	2.979800E+5
9.440000E-3	0.000000E+0	2.970310E+5
9.460000E-3	0.000000E+0	2.982730E+5
9.480000E-3	0.000000E+0	2.969410E+5
9.500000E-3	0.000000E+0	2.962290E+5
9.520000E-3	0.000000E+0	2.975860E+5
9.540000E-3	0.000000E+0	2.961300E+5
9.560000E-3	0.000000E+0	2.966760E+5
9.580000E-3	0.000000E+0	2.971790E+5
9.600000E-3	0.000000E+0	2.976030E+5
9.620000E-3	0.000000E+0	2.965700E+5
9.640000E-3	0.000000E+0	2.970440E+5
9.660000E-3	0.000000E+0	2.975110E+5
9.680000E-3	0.000000E+0	2.958550E+5
9.700000E-3	0.000000E+0	2.971330E+5
9.720000E-3	0.000000E+0	2.973040E+5
9.740000E-3	0.000000E+0	2.971340E+5
9.760000E-3	0.000000E+0	2.967870E+5
9.780000E-3	0.000000E+0	2.974170E+5
9.800000E-3	0.000000E+0	2.973360E+5
9.820000E-3	0.000000E+0	2.977380E+5
9.840000E-3	0.000000E+0	2.972030E+5
9.860000E-3	0.000000E+0	2.970990E+5
9.880000E-3	0.000000E+0	2.979540E+5
9.900000E-3	0.000000E+0	2.978650E+5
9.920000E-3	0.000000E+0	2.965800E+5
9.940000E-3	0.000000E+0	2.963620E+5
9.960000E-3	0.000000E+0	2.968460E+5
9.980000E-3	0.000000E+0	2.982270E+5
1.000000E-2	0.000000E+0	2.965620E+5
1.002000E-2	0.000000E+0	2.972450E+5
1.004000E-2	0.000000E+0	2.977120E+5
1.006000E-2	0.000000E+0	2.978650E+5
1.008000E-2	0.000000E+0	2.967420E+5
1.010000E-2	0.000000E+0	2.967990E+5
1.012000E-2	0.000000E+0	2.978620E+5
1.014000E-2	0.000000E+0	2.988270E+5
1.016000E-2	0.000000E+0	2.973720E+5
1.018000E-2	0.000000E+0	2.971970E+5
1.020000E-2	0.000000E+0	2.976000E+5
1.022000E-2	0.000000E+0	2.977850E+5
1.024000E-2	0.000000E+0	2.965420E+5
1.026000E-2	0.000000E+0	2.985300E+5
1.028000E-2	0.000000E+0	2.969030E+5
1.030000E-2	0.000000E+0	2.973690E+5
1.032000E-2	0.000000E+0	2.967650E+5
1.034000E-2	0.000000E+0	2.975190E+5
1.036000E-2	0.000000E+0	2.967820E+5
1.038000E-2	0.000000E+0	2.976510E+5
1.040000E-2	0.000000E+0	2.970620E+5
1.042000E-2	0.000000E+0	2.970520E+5
1.044000E-2	0.000000E+0	2.969120E+5
1.046000E-2	0.000000E+0	2.976650E+5
1.048000E-2	0.000000E+0	2.974880E+5
1.050000E-2	0.000000E+0	2.970990E+5
1.052000E-2	0.000000E+0	2.976540E+5
1.054000E-2	0.000000E+0	2.983040E+5
1.056000E-2	0.000000E+0	2.972600E+5
1.058000E-2	0.000000E+0	2.979380E+5
1.060000E-2	0.000000E+0	2.968960E+5
1.062000E-2	0.000000E+0	2.968990E+5
1.064000E-2	0.000000E+0	2.973250E+5
1.066000E-2	0.000000E+0	2.973600E+5
1.068000E-2	0.000000E+0	2.981340E+5
1.070000E-2	0.000000E+0	2.969920E+5
1.072000E-2	0.000000E+0	2.971910E+5
1.074000E-2	0.000000E+0	2.979430E+5
1.076000E-2	0.000000E+0	2.986160E+5
1.078000E-2	0.000000E+0	2.980000E+5
1.080000E-2	0.000000E+0	2.979620E+5
1.082000E-2	0.000000E+0	2.986280E+5
1.084000E-2	0.000000E+0	2.972170E+5
1.086000E-2	0.000000E+0	2.974410E+5
1.088000E-2	0.000000E+0	2.973110E+5
1.090000E-2	0.000000E+0	2.975410E+5
1.092000E-2	0.000000E+0	2.972950E+5
1.094000E-2	0.000000E+0	2.967500E+5
1.096000E-2	0.000000E+0	2.969780E+5
1.098000E-2	0.000000E+0	2.977970E+5
1.100000E-2	0.000000E+0	2.975280E+5
1.102000E-2	0.000000E+0	2.966730E+5
1.104000E-2	0.000000E+0	2.978460E+5
1.106000E-2	0.000000E+0	2.972270E+5
1.108000E-2	0.000000E+0	2.974650E+5
1.110000E-2	0.000000E+0	2.965420E+5
1.112000E-2	0.000000E+0	2.976610E+5
1.114000E-2	0.000000E+0	2.975750E+5
1.116000E-2	0.000000E+0	2.956040E+5
1.118000E-2	0.000000E+0	2.978180E+5
1.120000E-2	0.000000E+0	2.971490E+5
1.122000E-2	0.000000E+0	2.984770E+5
1.124000E-2	0.000000E+0	2.976710E+5
1.126000E-2	0.000000E+0	2.962870E+5
1.128000E-2	0.000000E+0	2.967580E+5
1.130000E-2	0.000000E+0	2.964980E+5
1.132000E-2	0.000000E+0	2.978840E+5
1.134000E-2	0.000000E+0	2.967350E+5
1.136000E-2	0.000000E+0	2.987280E+5
1.138000E-2	0.000000E+0	2.971520E+5
1.140000E-2	0.000000E+0	2.984320E+5
1.142000E-2	0.000000E+0	2.970260E+5
1.144000E-2	0.000000E+0	2.977040E+5
1.146000E-2	0.000000E+0	2.973300E+5
1.148000E-2	0.000000E+0	2.975610E+5
1.150000E-2	0.000000E+0	2.972980E+5
1.152000E-2	0.000000E+0	2.968120E+5
1.154000E-2	0.000000E+0	2.969680E+5
1.156000E-2	0.000000E+0	2.974910E+5
1.158000E-2	0.000000E+0	2.967590E+5
1.160000E-2	0.000000E+0	2.971100E+5
1.162000E-2	0.000000E+0	2.972280E+5
1.164000E-2	0.000000E+0	2.986490E+5
1.166000E-2	0.000000E+0	2.984580E+5
1.168000E-2	0.000000E+0	2.983290E+5
1.170000E-2	0.000000E+0	2.981910E+5
1.172000E-2	0.000000E+0	2.978750E+5
1.174000E-2	0.000000E+0	2.972600E+5
1.176000E-2	0.000000E+0	2.975160E+5
1.178000E-2	0.000000E+0	2.966940E+5
1.180000E-2	0.000000E+0	2.973180E+5
1.182000E-2	0.000000E+0	2.977120E+5
1.184000E-2	0.000000E+0	2.970540E+5
1.186000E-2	0.000000E+0	2.969960E+5
1.188000E-2	0.000000E+0	2.967770E+5
1.190000E-2	0.000000E+0	2.967920E+5
1.192000E-2	0.000000E+0	2.969300E+5
1.194000E-2	0.000000E+0	2.986080E+5
1.196000E-2	0.000000E+0	2.969380E+5
1.198000E-2	0.000000E+0	2.977000E+5
1.200000E-2	0.000000E+0	2.968880E+5
1.202000E-2	0.000000E+0	2.978790E+5
1.204000E-2	0.000000E+0	2.972340E+5
1.206000E-2	0.000000E+0	2.975230E+5
1.208000E-2	0.000000E+0	2.979660E+5
1.210000E-2	0.000000E+0	2.976480E+5
1.212000E-2	0.000000E+0	2.978360E+5
1.214000E-2	0.000000E+0	2.967370E+5
1.216000E-2	0.000000E+0	2.967950E+5
1.218000E-2	0.000000E+0	2.977110E+5
1.220000E-2	0.000000E+0	2.962020E+5
1.222000E-2	0.000000E+0	2.973730E+5
1.224000E-2	0.000000E+0	2.975470E+5
1.226000E-2	0.000000E+0	2.970490E+5
1.228000E-2	0.000000E+0	2.978960E+5
1.230000E-2	0.000000E+0	2.979370E+5
1.232000E-2	0.000000E+0	2.973890E+5
1.234000E-2	0.000000E+0	2.974090E+5
1.236000E-2	0.000000E+0	2.972590E+5
1.238000E-2	0.000000E+0	2.975860E+5
1.240000E-2	0.000000E+0	2.980370E+5
1.242000E-2	0.000000E+0	2.978930E+5
1.244000E-2	0.000000E+0	2.980520E+5
1.246000E-2	0.000000E+0	2.967550E+5
1.248000E-2	0.000000E+0	2.976630E+5
1.250000E-2	0.000000E+0	2.970220E+5
1.252000E-2	0.000000E+0	2.980350E+5
1.254000E-2	0.000000E+0	2.975260E+5
1.256000E-2	0.000000E+0	2.970560E+5
1.258000E-2	0.000000E+0	2.979590E+5
1.260000E-2	0.000000E+0	2.983380E+5
1.262000E-2	0.000000E+0	2.965930E+5
1.264000E-2	0.000000E+0	2.965620E+5
1.266000E-2	0.000000E+0	2.981270E+5
1.268000E-2	0.000000E+0	2.981040E+5
1.270000E-2	0.000000E+0	2.975120E+5
1.272000E-2	0.000000E+0	2.977120E+5
1.274000E-2	0.000000E+0	2.975420E+5
1.276000E-2	0.000000E+0	2.979110E+5
1.278000E-2	0.000000E+0	2.968330E+5
1.280000E-2	0.000000E+0	2.968000E+5
1.282000E-2	0.000000E+0	2.970990E+5
1.284000E-2	0.000000E+0	2.973860E+5
1.286000E-2	0.000000E+0	2.980440E+5
1.288000E-2	0.000000E+0	2.979050E+5
1.290000E-2	0.000000E+0	2.975330E+5
1.292000E-2	0.000000E+0	2.974170E+5
1.294000E-2	0.000000E+0	2.965380E+5
1.296000E-2	0.000000E+0	2.974750E+5
1.298000E-2	0.000000E+0	2.972620E+5
1.300000E-2	0.000000E+0	2.976940E+5
1.302000E-2	0.000000E+0	2.977380E+5
1.304000E-2	0.000000E+0	2.974040E+5
1.306000E-2	0.000000E+0	2.972900E+5
1.308000E-2	0.000000E+0	2.979980E+5
1.310000E-2	0.000000E+0	2.979300E+5
1.312000E-2	0.000000E+0	2.978680E+5
1.314000E-2	0.000000E+0	2.981190E+5
1.316000E-2	0.000000E+0	2.975890E+5
1.318000E-2	0.000000E+0	2.968200E+5
1.320000E-2	0.000000E+0	2.977600E+5
1.322000E-2	0.000000E+0	2.979420E+5
1.324000E-2	0.000000E+0	2.971700E+5
1.326000E-2	0.000000E+0	2.985740E+5
1.328000E-2	0.000000E+0	2.976760E+5
1.330000E-2	0.000000E+0	2.970220E+5
1.332000E-2	0.000000E+0	2.971030E+5
1.334000E-2	0.000000E+0	2.972920E+5
1.336000E-2	0.000000E+0	2.976880E+5
1.338000E-2	0.000000E+0	2.974740E+5
1.340000E-2	0.000000E+0	2.965280E+5
1.342000E-2	0.000000E+0	2.969160E+5
1.344000E-2	0.000000E+0	2.967970E+5
1.346000E-2	0.000000E+0	2.961760E+5
1.348000E-2	0.000000E+0	2.980130E+5
1.350000E-2	0.000000E+0	2.973060E+5
1.352000E-2	0.000000E+0	2.983940E+5
1.354000E-2	0.000000E+0	2.978180E+5
1.356000E-2	0.000000E+0	2.977460E+5
1.358000E-2	0.000000E+0	2.973870E+5
1.360000E-2	0.000000E+0	2.970910E+5
1.362000E-2	0.000000E+0	2.978210E+5
1.364000E-2	0.000000E+0	2.967700E+5
1.366000E-2	0.000000E+0	2.972110E+5
1.368000E-2	0.000000E+0	2.976530E+5
1.370000E-2	0.000000E+0	2.976790E+5
1.372000E-2	0.000000E+0	2.972080E+5
1.374000E-2	0.000000E+0	2.969190E+5
1.376000E-2	0.000000E+0	2.965480E+5
1.378000E-2	0.000000E+0	2.966190E+5
1.380000E-2	0.000000E+0	2.969800E+5
1.382000E-2	0.000000E+0	2.963270E+5
1.384000E-2	0.000000E+0	2.969210E+5
1.386000E-2	0.000000E+0	2.967820E+5
1.388000E-2	0.000000E+0	2.970320E+5
1.390000E-2	0.000000E+0	2.976290E+5
1.392000E-2	0.000000E+0	2.985720E+5
1.394000E-2	0.000000E+0	2.977920E+5
1.396000E-2	0.000000E+0	2.975730E+5
1.398000E-2	0.000000E+0	2.977500E+5
1.400000E-2	0.000000E+0	2.986010E+5
1.402000E-2	0.000000E+0	2.965410E+5
1.404000E-2	0.000000E+0	2.985550E+5
1.406000E-2	0.000000E+0	2.974560E+5
1.408000E-2	0.000000E+0	2.969680E+5
1.410000E-2	0.000000E+0	2.969710E+5
1.412000E-2	0.000000E+0	2.975910E+5
1.414000E-2	0.000000E+0	2.970480E+5
1.416000E-2	0.000000E+0	2.970930E+5
1.418000E-2	0.000000E+0	2.971710E+5
1.420000E-2	0.000000E+0	2.973620E+5
1.422000E-2	0.000000E+0	2.974370E+5
1.424000E-2	0.000000E+0	2.961470E+5
1.426000E-2	0.000000E+0	2.962510E+5
1.428000E-2	0.000000E+0	2.972150E+5
1.430000E-2	0.000000E+0	2.971730E+5
1.432000E-2	0.000000E+0	2.978190E+5
1.434000E-2	0.000000E+0	2.966830E+5
1.436000E-2	0.000000E+0	2.974170E+5
1.438000E-2	0.000000E+0	2.970650E+5
1.440000E-2	0.000000E+0	2.983350E+5
1.442000E-2	0.000000E+0	2.972000E+5
1.444000E-2	0.000000E+0	2.963220E+5
1.446000E-2	0.000000E+0	2.974620E+5
1.448000E-2	0.000000E+0	2.976080E+5
1.450000E-2	0.000000E+0	2.966520E+5
1.452000E-2	0.000000E+0	2.973350E+5
1.454000E-2	0.000000E+0	2.971960E+5
1.456000E-2	0.000000E+0	2.977130E+5
1.458000E-2	0.000000E+0	2.965000E+5
1.460000E-2	0.000000E+0	2.980470E+5
1.462000E-2	0.000000E+0	2.963780E+5
1.464000E-2	0.000000E+0	2.978040E+5
1.466000E-2	0.000000E+0	2.972970E+5
1.468000E-2	0.000000E+0	2.981550E+5
1.470000E-2	0.000000E+0	2.969370E+5
1.472000E-2	0.000000E+0	2.970410E+5
1.474000E-2	0.000000E+0	2.969460E+5
1.476000E-2	0.000000E+0	2.981690E+5
1.478000E-2	0.000000E+0	2.980330E+5
1.480000E-2	0.000000E+0	2.968660E+5
1.482000E-2	0.000000E+0	2.967380E+5
1.484000E-2	0.000000E+0	2.977050E+5
1.486000E-2	0.000000E+0	2.971490E+5
1.488000E-2	0.000000E+0	2.972250E+5
1.490000E-2	0.000000E+0	2.965600E+5
1.492000E-2	0.000000E+0	2.962250E+5
1.494000E-2	0.000000E+0	2.943940E+5
1.496000E-2	0.000000E+0	2.938330E+5
1.498000E-2	0.000000E+0	2.936700E+5
1.500000E-2	0.000000E+0	2.931080E+5
1.502000E-2	0.000000E+0	2.926890E+5
1.504000E-2	0.000000E+0	2.922340E+5
1.506000E-2	0.000000E+0	2.925120E+5
1.508000E-2	0.000000E+0	2.914980E+5
1.510000E-2	0.000000E+0	2.902920E+5
1.512000E-2	0.000000E+0	2.892030E+5
1.514000E-2	0.000000E+0	2.891040E+5
1.516000E-2	0.000000E+0	2.892460E+5
1.518000E-2	0.000000E+0	2.900860E+5
1.520000E-2	0.000000E+0	2.910080E+5
1.522000E-2	0.000000E+0	2.917390E+5
1.524000E-2	0.000000E+0	2.940360E+5
1.526000E-2	0.000000E+0	2.942130E+5
1.528000E-2	0.000000E+0	2.957250E+5
1.530000E-2	0.000000E+0	2.950790E+5
1.532000E-2	0.000000E+0	2.957610E+5
1.534000E-2	0.000000E+0	2.958090E+5
1.536000E-2	0.000000E+0	2.960150E+5
1.538000E-2	0.000000E+0	2.970950E+5
1.540000E-2	0.000000E+0	2.967540E+5
1.542000E-2	0.000000E+0	2.969570E+5
1.544000E-2	0.000000E+0	2.963560E+5
1.546000E-2	0.000000E+0	2.963140E+5
1.548000E-2	0.000000E+0	2.965530E+5
1.550000E-2	0.000000E+0	2.958540E+5
1.552000E-2	0.000000E+0	2.972190E+5
1.554000E-2	0.000000E+0	2.964740E+5
1.556000E-2	0.000000E+0	2.951670E+5
1.558000E-2	0.000000E+0	2.945390E+5
1.560000E-2	0.000000E+0	2.946350E+5
1.562000E-2	0.000000E+0	2.936310E+5
1.564000E-2	0.000000E+0	2.927710E+5
1.566000E-2	0.000000E+0	2.920530E+5
1.568000E-2	0.000000E+0	2.915780E+5
1.570000E-2	0.000000E+0	2.916560E+5
1.572000E-2	0.000000E+0	2.908120E+5
1.574000E-2	0.000000E+0	2.905020E+5
1.576000E-2	0.000000E+0	2.901460E+5
1.578000E-2	0.000000E+0	2.875180E+5
1.580000E-2	0.000000E+0	2.892440E+5
1.582000E-2	0.000000E+0	2.898390E+5
1.584000E-2	0.000000E+0	2.903880E+5
1.586000E-2	0.000000E+0	2.915860E+5
1.588000E-2	0.000000E+0	2.931710E+5
1.590000E-2	0.000000E+0	2.933690E+5
1.592000E-2	0.000000E+0	2.948670E+5
1.594000E-2	0.000000E+0	2.945370E+5
1.596000E-2	0.000000E+0	2.954150E+5
1.598000E-2	0.000000E+0	2.966820E+5
1.600000E-2	0.000000E+0	2.975450E+5
1.602000E-2	0.000000E+0	2.968850E+5
1.604000E-2	0.000000E+0	2.965140E+5
1.606000E-2	0.000000E+0	2.962070E+5
1.608000E-2	0.000000E+0	2.968310E+5
1.610000E-2	0.000000E+0	2.969050E+5
1.612000E-2	0.000000E+0	2.971820E+5
1.614000E-2	0.000000E+0	2.976020E+5
1.616000E-2	0.000000E+0	2.977590E+5
1.618000E-2	0.000000E+0	2.971230E+5
1.620000E-2	0.000000E+0	2.971870E+5
1.622000E-2	0.000000E+0	2.972520E+5
1.624000E-2	0.000000E+0	2.969650E+5
1.626000E-2	0.000000E+0	2.975630E+5
1.628000E-2	0.000000E+0	2.983630E+5
1.630000E-2	0.000000E+0	2.972290E+5
1.632000E-2	0.000000E+0	2.972510E+5
1.634000E-2	0.000000E+0	2.977690E+5
1.636000E-2	0.000000E+0	2.981040E+5
1.638000E-2	0.000000E+0	2.972680E+5
1.640000E-2	0.000000E+0	2.970390E+5
1.642000E-2	0.000000E+0	2.971130E+5
1.644000E-2	0.000000E+0	2.969490E+5
1.646000E-2	0.000000E+0	2.973500E+5
1.648000E-2	0.000000E+0	2.962060E+5
1.650000E-2	0.000000E+0	2.973140E+5
1.652000E-2	0.000000E+0	2.978550E+5
1.654000E-2	0.000000E+0	2.974340E+5
1.656000E-2	0.000000E+0	2.970840E+5
1.658000E-2	0.000000E+0	2.972510E+5
1.660000E-2	0.000000E+0	2.977820E+5
1.662000E-2	0.000000E+0	2.973330E+5
1.664000E-2	0.000000E+0	2.972720E+5
1.666000E-2	0.000000E+0	2.974340E+5
1.668000E-2	0.000000E+0	2.965100E+5
1.670000E-2	0.000000E+0	2.970520E+5
1.672000E-2	0.000000E+0	2.981470E+5
1.674000E-2	0.000000E+0	2.967820E+5
1.676000E-2	0.000000E+0	2.971060E+5
1.678000E-2	0.000000E+0	2.966550E+5
1.680000E-2	0.000000E+0	2.976030E+5
1.682000E-2	0.000000E+0	2.969130E+5
1.684000E-2	0.000000E+0	2.976060E+5
1.686000E-2	0.000000E+0	2.981250E+5
1.688000E-2	0.000000E+0	2.969660E+5
1.690000E-2	0.000000E+0	2.972080E+5
1.692000E-2	0.000000E+0	2.971960E+5
1.694000E-2	0.000000E+0	2.970330E+5
1.696000E-2	0.000000E+0	2.961860E+5
1.698000E-2	0.000000E+0	2.967550E+5
1.700000E-2	0.000000E+0	2.969860E+5
1.702000E-2	0.000000E+0	2.974930E+5
1.704000E-2	0.000000E+0	2.981310E+5
1.706000E-2	0.000000E+0	2.986260E+5
1.708000E-2	0.000000E+0	2.970810E+5
1.710000E-2	0.000000E+0	2.970690E+5
1.712000E-2	0.000000E+0	2.971590E+5
1.714000E-2	0.000000E+0	2.971860E+5
1.716000E-2	0.000000E+0	2.974250E+5
1.718000E-2	0.000000E+0	2.969430E+5
1.720000E-2	0.000000E+0	2.980500E+5
1.722000E-2	0.000000E+0	2.977150E+5
1.724000E-2	0.000000E+0	2.966030E+5
1.726000E-2	0.000000E+0	2.969550E+5
1.728000E-2	0.000000E+0	2.972280E+5
1.730000E-2	0.000000E+0	2.971890E+5
1.732000E-2	0.000000E+0	2.967370E+5
1.734000E-2	0.000000E+0	2.968380E+5
1.736000E-2	0.000000E+0	2.983110E+5
1.738000E-2	0.000000E+0	2.981750E+5
1.740000E-2	0.000000E+0	2.971750E+5
1.742000E-2	0.000000E+0	2.959280E+5
1.744000E-2	0.000000E+0	2.973100E+5
1.746000E-2	0.000000E+0	2.971430E+5
1.748000E-2	0.000000E+0	2.973760E+5
1.750000E-2	0.000000E+0	2.972790E+5
1.752000E-2	0.000000E+0	2.976310E+5
1.754000E-2	0.000000E+0	2.961440E+5
1.756000E-2	0.000000E+0	2.968320E+5
1.758000E-2	0.000000E+0	2.979850E+5
1.760000E-2	0.000000E+0	2.974190E+5
1.762000E-2	0.000000E+0	2.974480E+5
1.764000E-2	0.000000E+0	2.980300E+5
1.766000E-2	0.000000E+0	2.975010E+5
1.768000E-2	0.000000E+0	2.978310E+5
1.770000E-2	0.000000E+0	2.971480E+5
1.772000E-2	0.000000E+0	2.984930E+5
1.774000E-2	0.000000E+0	2.970820E+5
1.776000E-2	0.000000E+0	2.969250E+5
1.778000E-2	0.000000E+0	2.978550E+5
1.780000E-2	0.000000E+0	2.970440E+5
1.782000E-2	0.000000E+0	2.976000E+5
1.784000E-2	0.000000E+0	2.968370E+5
1.786000E-2	0.000000E+0	2.973470E+5
1.788000E-2	0.000000E+0	2.970780E+5
1.790000E-2	0.000000E+0	2.974110E+5
1.792000E-2	0.000000E+0	2.965030E+5
1.794000E-2	0.000000E+0	2.978250E+5
1.796000E-2	0.000000E+0	2.974280E+5
1.798000E-2	0.000000E+0	2.976880E+5
1.800000E-2	0.000000E+0	2.966940E+5
1.802000E-2	0.000000E+0	2.970700E+5
1.804000E-2	0.000000E+0	2.970940E+5
1.806000E-2	0.000000E+0	2.974120E+5
1.808000E-2	0.000000E+0	2.968600E+5
1.810000E-2	0.000000E+0	2.980240E+5
1.812000E-2	0.000000E+0	2.981370E+5
1.814000E-2	0.000000E+0	2.979270E+5
1.816000E-2	0.000000E+0	2.979800E+5
1.818000E-2	0.000000E+0	2.967440E+5
1.820000E-2	0.000000E+0	2.983440E+5
1.822000E-2	0.000000E+0	2.964140E+5
1.824000E-2	0.000000E+0	2.977520E+5
1.826000E-2	0.000000E+0	2.976030E+5
1.828000E-2	0.000000E+0	2.972570E+5
1.830000E-2	0.000000E+0	2.970140E+5
1.832000E-2	0.000000E+0	2.973500E+5
1.834000E-2	0.000000E+0	2.964720E+5
1.836000E-2	0.000000E+0	2.979540E+5
1.838000E-2	0.000000E+0	2.969770E+5
1.840000E-2	0.000000E+0	2.969780E+5
1.842000E-2	0.000000E+0	2.972960E+5
1.844000E-2	0.000000E+0	2.970970E+5
1.846000E-2	0.000000E+0	2.964170E+5
1.848000E-2	0.000000E+0	2.978670E+5
1.850000E-2	0.000000E+0	2.976590E+5
1.852000E-2	0.000000E+0	2.983290E+5
1.854000E-2	0.000000E+0	2.980470E+5
1.856000E-2	0.000000E+0	2.967800E+5
1.858000E-2	0.000000E+0	2.974300E+5
1.860000E-2	0.000000E+0	2.980080E+5
1.862000E-2	0.000000E+0	2.972730E+5
1.864000E-2	0.000000E+0	2.965600E+5
1.866000E-2	0.000000E+0	2.972530E+5
1.868000E-2	0.000000E+0	2.966170E+5
1.870000E-2	0.000000E+0	2.971550E+5
1.872000E-2	0.000000E+0	2.981230E+5
1.874000E-2	0.000000E+0	2.966020E+5
1.876000E-2	0.000000E+0	2.971240E+5
1.878000E-2	0.000000E+0	2.973930E+5
1.880000E-2	0.000000E+0	2.971790E+5
1.882000E-2	0.000000E+0	2.970340E+5
1.884000E-2	0.000000E+0	2.974390E+5
1.886000E-2	0.000000E+0	2.974770E+5
1.888000E-2	0.000000E+0	2.969230E+5
1.890000E-2	0.000000E+0	2.969660E+5
1.892000E-2	0.000000E+0	2.983560E+5
1.894000E-2	0.000000E+0	2.974860E+5
1.896000E-2	0.000000E+0	2.976970E+5
1.898000E-2	0.000000E+0	2.971820E+5
1.900000E-2	0.000000E+0	2.970470E+5
1.902000E-2	0.000000E+0	2.965410E+5
1.904000E-2	0.000000E+0	2.977660E+5
1.906000E-2	0.000000E+0	2.977410E+5
1.908000E-2	0.000000E+0	2.972150E+5
1.910000E-2	0.000000E+0	2.965350E+5
1.912000E-2	0.000000E+0	2.972810E+5
1.914000E-2	0.000000E+0	2.973080E+5
1.916000E-2	0.000000E+0	2.965810E+5
1.918000E-2	0.000000E+0	2.969830E+5
1.920000E-2	0.000000E+0	2.976540E+5
1.922000E-2	0.000000E+0	2.970540E+5
1.924000E-2	0.000000E+0	2.973110E+5
1.926000E-2	0.000000E+0	2.974270E+5
1.928000E-2	0.000000E+0	2.978890E+5
1.930000E-2	0.000000E+0	2.974810E+5
1.932000E-2	0.000000E+0	2.971250E+5
1.934000E-2	0.000000E+0	2.968580E+5
1.936000E-2	0.000000E+0	2.965710E+5
1.938000E-2	0.000000E+0	2.977460E+5
1.940000E-2	0.000000E+0	2.968840E+5
1.942000E-2	0.000000E+0	2.987720E+5
1.944000E-2	0.000000E+0	2.981110E+5
1.946000E-2	0.000000E+0	2.966650E+5
1.948000E-2	0.000000E+0	2.977340E+5
1.950000E-2	0.000000E+0	2.970770E+5
1.952000E-2	0.000000E+0	2.980150E+5
1.954000E-2	0.000000E+0	2.973020E+5
1.956000E-2	0.000000E+0	2.976940E+5
1.958000E-2	0.000000E+0	2.977660E+5
1.960000E-2	0.000000E+0	2.974310E+5
1.962000E-2	0.000000E+0	2.974820E+5
1.964000E-2	0.000000E+0	2.980410E+5
1.966000E-2	0.000000E+0	2.975350E+5
1.968000E-2	0.000000E+0	2.976030E+5
1.970000E-2	0.000000E+0	2.974060E+5
1.972000E-2	0.000000E+0	2.975890E+5
1.974000E-2	0.000000E+0	2.973110E+5
1.976000E-2	0.000000E+0	2.962840E+5
1.978000E-2	0.000000E+0	2.968670E+5
1.980000E-2	0.000000E+0	2.978100E+5
1.982000E-2	0.000000E+0	2.973190E+5
1.984000E-2	0.000000E+0	2.972530E+5
1.986000E-2	0.000000E+0	2.966680E+5
1.988000E-2	0.000000E+0	2.963640E+5
1.990000E-2	0.000000E+0	2.969580E+5
1.992000E-2	0.000000E+0	2.967130E+5
1.994000E-2	0.000000E+0	2.978850E+5
1.996000E-2	0.000000E+0	2.967580E+5
1.998000E-2	0.000000E+0	2.976190E+5
