

live time:  72237.540000
real time:  100805.157000
sweeps:  3611877.000000
0.000000E+0	0.000000E+0	0.000000E+0
2.000000E-5	0.000000E+0	1.585170E+5
4.000000E-5	0.000000E+0	1.593210E+5
6.000000E-5	0.000000E+0	1.585560E+5
8.000000E-5	0.000000E+0	1.591310E+5
1.000000E-4	0.000000E+0	1.585610E+5
1.200000E-4	0.000000E+0	1.584620E+5
1.400000E-4	0.000000E+0	1.584740E+5
1.600000E-4	0.000000E+0	1.589160E+5
1.800000E-4	0.000000E+0	1.588950E+5
2.000000E-4	0.000000E+0	1.588110E+5
2.200000E-4	0.000000E+0	1.583860E+5
2.400000E-4	0.000000E+0	1.581980E+5
2.600000E-4	0.000000E+0	1.580030E+5
2.800000E-4	0.000000E+0	1.587130E+5
3.000000E-4	0.000000E+0	1.591390E+5
3.200000E-4	0.000000E+0	1.591120E+5
3.400000E-4	0.000000E+0	1.585650E+5
3.600000E-4	0.000000E+0	1.583660E+5
3.800000E-4	0.000000E+0	1.579200E+5
4.000000E-4	0.000000E+0	1.585080E+5
4.200000E-4	0.000000E+0	1.591170E+5
4.400000E-4	0.000000E+0	1.582290E+5
4.600000E-4	0.000000E+0	1.591770E+5
4.800000E-4	0.000000E+0	1.582190E+5
5.000000E-4	0.000000E+0	1.587090E+5
5.200000E-4	0.000000E+0	1.587560E+5
5.400000E-4	0.000000E+0	1.586570E+5
5.600000E-4	0.000000E+0	1.578540E+5
5.800000E-4	0.000000E+0	1.587070E+5
6.000000E-4	0.000000E+0	1.588010E+5
6.200000E-4	0.000000E+0	1.580210E+5
6.400000E-4	0.000000E+0	1.591380E+5
6.600000E-4	0.000000E+0	1.583510E+5
6.800000E-4	0.000000E+0	1.584750E+5
7.000000E-4	0.000000E+0	1.585580E+5
7.200000E-4	0.000000E+0	1.591530E+5
7.400000E-4	0.000000E+0	1.584170E+5
7.600000E-4	0.000000E+0	1.584550E+5
7.800000E-4	0.000000E+0	1.581740E+5
8.000000E-4	0.000000E+0	1.586280E+5
8.200000E-4	0.000000E+0	1.589730E+5
8.400000E-4	0.000000E+0	1.587240E+5
8.600000E-4	0.000000E+0	1.585530E+5
8.800000E-4	0.000000E+0	1.581450E+5
9.000000E-4	0.000000E+0	1.588770E+5
9.200000E-4	0.000000E+0	1.582900E+5
9.400000E-4	0.000000E+0	1.586620E+5
9.600000E-4	0.000000E+0	1.580700E+5
9.800000E-4	0.000000E+0	1.590760E+5
1.000000E-3	0.000000E+0	1.587460E+5
1.020000E-3	0.000000E+0	1.582640E+5
1.040000E-3	0.000000E+0	1.584920E+5
1.060000E-3	0.000000E+0	1.581150E+5
1.080000E-3	0.000000E+0	1.586160E+5
1.100000E-3	0.000000E+0	1.585380E+5
1.120000E-3	0.000000E+0	1.586830E+5
1.140000E-3	0.000000E+0	1.585060E+5
1.160000E-3	0.000000E+0	1.577600E+5
1.180000E-3	0.000000E+0	1.584920E+5
1.200000E-3	0.000000E+0	1.588190E+5
1.220000E-3	0.000000E+0	1.591520E+5
1.240000E-3	0.000000E+0	1.585630E+5
1.260000E-3	0.000000E+0	1.581260E+5
1.280000E-3	0.000000E+0	1.592470E+5
1.300000E-3	0.000000E+0	1.578590E+5
1.320000E-3	0.000000E+0	1.589930E+5
1.340000E-3	0.000000E+0	1.581920E+5
1.360000E-3	0.000000E+0	1.579550E+5
1.380000E-3	0.000000E+0	1.588560E+5
1.400000E-3	0.000000E+0	1.584710E+5
1.420000E-3	0.000000E+0	1.590130E+5
1.440000E-3	0.000000E+0	1.580990E+5
1.460000E-3	0.000000E+0	1.576600E+5
1.480000E-3	0.000000E+0	1.586630E+5
1.500000E-3	0.000000E+0	1.590070E+5
1.520000E-3	0.000000E+0	1.585910E+5
1.540000E-3	0.000000E+0	1.590650E+5
1.560000E-3	0.000000E+0	1.580710E+5
1.580000E-3	0.000000E+0	1.584400E+5
1.600000E-3	0.000000E+0	1.584240E+5
1.620000E-3	0.000000E+0	1.582080E+5
1.640000E-3	0.000000E+0	1.579440E+5
1.660000E-3	0.000000E+0	1.595680E+5
1.680000E-3	0.000000E+0	1.583910E+5
1.700000E-3	0.000000E+0	1.583310E+5
1.720000E-3	0.000000E+0	1.590890E+5
1.740000E-3	0.000000E+0	1.593620E+5
1.760000E-3	0.000000E+0	1.593700E+5
1.780000E-3	0.000000E+0	1.593720E+5
1.800000E-3	0.000000E+0	1.592340E+5
1.820000E-3	0.000000E+0	1.580120E+5
1.840000E-3	0.000000E+0	1.586350E+5
1.860000E-3	0.000000E+0	1.587910E+5
1.880000E-3	0.000000E+0	1.587710E+5
1.900000E-3	0.000000E+0	1.584210E+5
1.920000E-3	0.000000E+0	1.587040E+5
1.940000E-3	0.000000E+0	1.583130E+5
1.960000E-3	0.000000E+0	1.589640E+5
1.980000E-3	0.000000E+0	1.592550E+5
2.000000E-3	0.000000E+0	1.585090E+5
2.020000E-3	0.000000E+0	1.587370E+5
2.040000E-3	0.000000E+0	1.585570E+5
2.060000E-3	0.000000E+0	1.589530E+5
2.080000E-3	0.000000E+0	1.587340E+5
2.100000E-3	0.000000E+0	1.595520E+5
2.120000E-3	0.000000E+0	1.584830E+5
2.140000E-3	0.000000E+0	1.584610E+5
2.160000E-3	0.000000E+0	1.584440E+5
2.180000E-3	0.000000E+0	1.590780E+5
2.200000E-3	0.000000E+0	1.592240E+5
2.220000E-3	0.000000E+0	1.586310E+5
2.240000E-3	0.000000E+0	1.589970E+5
2.260000E-3	0.000000E+0	1.590040E+5
2.280000E-3	0.000000E+0	1.585670E+5
2.300000E-3	0.000000E+0	1.587920E+5
2.320000E-3	0.000000E+0	1.584170E+5
2.340000E-3	0.000000E+0	1.588110E+5
2.360000E-3	0.000000E+0	1.585330E+5
2.380000E-3	0.000000E+0	1.588060E+5
2.400000E-3	0.000000E+0	1.582130E+5
2.420000E-3	0.000000E+0	1.583970E+5
2.440000E-3	0.000000E+0	1.575470E+5
2.460000E-3	0.000000E+0	1.582480E+5
2.480000E-3	0.000000E+0	1.592180E+5
2.500000E-3	0.000000E+0	1.590470E+5
2.520000E-3	0.000000E+0	1.587620E+5
2.540000E-3	0.000000E+0	1.584380E+5
2.560000E-3	0.000000E+0	1.584510E+5
2.580000E-3	0.000000E+0	1.581280E+5
2.600000E-3	0.000000E+0	1.591640E+5
2.620000E-3	0.000000E+0	1.584910E+5
2.640000E-3	0.000000E+0	1.584320E+5
2.660000E-3	0.000000E+0	1.588650E+5
2.680000E-3	0.000000E+0	1.585710E+5
2.700000E-3	0.000000E+0	1.589610E+5
2.720000E-3	0.000000E+0	1.589110E+5
2.740000E-3	0.000000E+0	1.593090E+5
2.760000E-3	0.000000E+0	1.590590E+5
2.780000E-3	0.000000E+0	1.587110E+5
2.800000E-3	0.000000E+0	1.580490E+5
2.820000E-3	0.000000E+0	1.588200E+5
2.840000E-3	0.000000E+0	1.584780E+5
2.860000E-3	0.000000E+0	1.590900E+5
2.880000E-3	0.000000E+0	1.591110E+5
2.900000E-3	0.000000E+0	1.590660E+5
2.920000E-3	0.000000E+0	1.585040E+5
2.940000E-3	0.000000E+0	1.588000E+5
2.960000E-3	0.000000E+0	1.591790E+5
2.980000E-3	0.000000E+0	1.583230E+5
3.000000E-3	0.000000E+0	1.587450E+5
3.020000E-3	0.000000E+0	1.586550E+5
3.040000E-3	0.000000E+0	1.587660E+5
3.060000E-3	0.000000E+0	1.596610E+5
3.080000E-3	0.000000E+0	1.591110E+5
3.100000E-3	0.000000E+0	1.579500E+5
3.120000E-3	0.000000E+0	1.585850E+5
3.140000E-3	0.000000E+0	1.588970E+5
3.160000E-3	0.000000E+0	1.588790E+5
3.180000E-3	0.000000E+0	1.591060E+5
3.200000E-3	0.000000E+0	1.587810E+5
3.220000E-3	0.000000E+0	1.588510E+5
3.240000E-3	0.000000E+0	1.582830E+5
3.260000E-3	0.000000E+0	1.589790E+5
3.280000E-3	0.000000E+0	1.583720E+5
3.300000E-3	0.000000E+0	1.582880E+5
3.320000E-3	0.000000E+0	1.587220E+5
3.340000E-3	0.000000E+0	1.585930E+5
3.360000E-3	0.000000E+0	1.586550E+5
3.380000E-3	0.000000E+0	1.582100E+5
3.400000E-3	0.000000E+0	1.586720E+5
3.420000E-3	0.000000E+0	1.586970E+5
3.440000E-3	0.000000E+0	1.581050E+5
3.460000E-3	0.000000E+0	1.590730E+5
3.480000E-3	0.000000E+0	1.584040E+5
3.500000E-3	0.000000E+0	1.593170E+5
3.520000E-3	0.000000E+0	1.584900E+5
3.540000E-3	0.000000E+0	1.581540E+5
3.560000E-3	0.000000E+0	1.581540E+5
3.580000E-3	0.000000E+0	1.585290E+5
3.600000E-3	0.000000E+0	1.585480E+5
3.620000E-3	0.000000E+0	1.573170E+5
3.640000E-3	0.000000E+0	1.588250E+5
3.660000E-3	0.000000E+0	1.586550E+5
3.680000E-3	0.000000E+0	1.584350E+5
3.700000E-3	0.000000E+0	1.583800E+5
3.720000E-3	0.000000E+0	1.587860E+5
3.740000E-3	0.000000E+0	1.587570E+5
3.760000E-3	0.000000E+0	1.586150E+5
3.780000E-3	0.000000E+0	1.586160E+5
3.800000E-3	0.000000E+0	1.584220E+5
3.820000E-3	0.000000E+0	1.579930E+5
3.840000E-3	0.000000E+0	1.587620E+5
3.860000E-3	0.000000E+0	1.582570E+5
3.880000E-3	0.000000E+0	1.585290E+5
3.900000E-3	0.000000E+0	1.587040E+5
3.920000E-3	0.000000E+0	1.595620E+5
3.940000E-3	0.000000E+0	1.593570E+5
3.960000E-3	0.000000E+0	1.587480E+5
3.980000E-3	0.000000E+0	1.583480E+5
4.000000E-3	0.000000E+0	1.590830E+5
4.020000E-3	0.000000E+0	1.585420E+5
4.040000E-3	0.000000E+0	1.582340E+5
4.060000E-3	0.000000E+0	1.588360E+5
4.080000E-3	0.000000E+0	1.587760E+5
4.100000E-3	0.000000E+0	1.585350E+5
4.120000E-3	0.000000E+0	1.585120E+5
4.140000E-3	0.000000E+0	1.587620E+5
4.160000E-3	0.000000E+0	1.590020E+5
4.180000E-3	0.000000E+0	1.579170E+5
4.200000E-3	0.000000E+0	1.579800E+5
4.220000E-3	0.000000E+0	1.577640E+5
4.240000E-3	0.000000E+0	1.588060E+5
4.260000E-3	0.000000E+0	1.581300E+5
4.280000E-3	0.000000E+0	1.586330E+5
4.300000E-3	0.000000E+0	1.586440E+5
4.320000E-3	0.000000E+0	1.582750E+5
4.340000E-3	0.000000E+0	1.584310E+5
4.360000E-3	0.000000E+0	1.587460E+5
4.380000E-3	0.000000E+0	1.580610E+5
4.400000E-3	0.000000E+0	1.592500E+5
4.420000E-3	0.000000E+0	1.588130E+5
4.440000E-3	0.000000E+0	1.580170E+5
4.460000E-3	0.000000E+0	1.583880E+5
4.480000E-3	0.000000E+0	1.576510E+5
4.500000E-3	0.000000E+0	1.579740E+5
4.520000E-3	0.000000E+0	1.583330E+5
4.540000E-3	0.000000E+0	1.587650E+5
4.560000E-3	0.000000E+0	1.579390E+5
4.580000E-3	0.000000E+0	1.586710E+5
4.600000E-3	0.000000E+0	1.580030E+5
4.620000E-3	0.000000E+0	1.581650E+5
4.640000E-3	0.000000E+0	1.584470E+5
4.660000E-3	0.000000E+0	1.584430E+5
4.680000E-3	0.000000E+0	1.586610E+5
4.700000E-3	0.000000E+0	1.586210E+5
4.720000E-3	0.000000E+0	1.587390E+5
4.740000E-3	0.000000E+0	1.573280E+5
4.760000E-3	0.000000E+0	1.589370E+5
4.780000E-3	0.000000E+0	1.582470E+5
4.800000E-3	0.000000E+0	1.585000E+5
4.820000E-3	0.000000E+0	1.580260E+5
4.840000E-3	0.000000E+0	1.587980E+5
4.860000E-3	0.000000E+0	1.584550E+5
4.880000E-3	0.000000E+0	1.577820E+5
4.900000E-3	0.000000E+0	1.578500E+5
4.920000E-3	0.000000E+0	1.568850E+5
4.940000E-3	0.000000E+0	1.567740E+5
4.960000E-3	0.000000E+0	1.563340E+5
4.980000E-3	0.000000E+0	1.563480E+5
5.000000E-3	0.000000E+0	1.558240E+5
5.020000E-3	0.000000E+0	1.563710E+5
5.040000E-3	0.000000E+0	1.551960E+5
5.060000E-3	0.000000E+0	1.544080E+5
5.080000E-3	0.000000E+0	1.539090E+5
5.100000E-3	0.000000E+0	1.535080E+5
5.120000E-3	0.000000E+0	1.538420E+5
5.140000E-3	0.000000E+0	1.541850E+5
5.160000E-3	0.000000E+0	1.544550E+5
5.180000E-3	0.000000E+0	1.548200E+5
5.200000E-3	0.000000E+0	1.554490E+5
5.220000E-3	0.000000E+0	1.565140E+5
5.240000E-3	0.000000E+0	1.565630E+5
5.260000E-3	0.000000E+0	1.574730E+5
5.280000E-3	0.000000E+0	1.567000E+5
5.300000E-3	0.000000E+0	1.572330E+5
5.320000E-3	0.000000E+0	1.575540E+5
5.340000E-3	0.000000E+0	1.582100E+5
5.360000E-3	0.000000E+0	1.582750E+5
5.380000E-3	0.000000E+0	1.585450E+5
5.400000E-3	0.000000E+0	1.588820E+5
5.420000E-3	0.000000E+0	1.585190E+5
5.440000E-3	0.000000E+0	1.573290E+5
5.460000E-3	0.000000E+0	1.577740E+5
5.480000E-3	0.000000E+0	1.580410E+5
5.500000E-3	0.000000E+0	1.579090E+5
5.520000E-3	0.000000E+0	1.576370E+5
5.540000E-3	0.000000E+0	1.581390E+5
5.560000E-3	0.000000E+0	1.574870E+5
5.580000E-3	0.000000E+0	1.574990E+5
5.600000E-3	0.000000E+0	1.560880E+5
5.620000E-3	0.000000E+0	1.555270E+5
5.640000E-3	0.000000E+0	1.557990E+5
5.660000E-3	0.000000E+0	1.561060E+5
5.680000E-3	0.000000E+0	1.564280E+5
5.700000E-3	0.000000E+0	1.554790E+5
5.720000E-3	0.000000E+0	1.547910E+5
5.740000E-3	0.000000E+0	1.538980E+5
5.760000E-3	0.000000E+0	1.538560E+5
5.780000E-3	0.000000E+0	1.548650E+5
5.800000E-3	0.000000E+0	1.545660E+5
5.820000E-3	0.000000E+0	1.553450E+5
5.840000E-3	0.000000E+0	1.556420E+5
5.860000E-3	0.000000E+0	1.559810E+5
5.880000E-3	0.000000E+0	1.567800E+5
5.900000E-3	0.000000E+0	1.574040E+5
5.920000E-3	0.000000E+0	1.576750E+5
5.940000E-3	0.000000E+0	1.569600E+5
5.960000E-3	0.000000E+0	1.578860E+5
5.980000E-3	0.000000E+0	1.582520E+5
6.000000E-3	0.000000E+0	1.581310E+5
6.020000E-3	0.000000E+0	1.588000E+5
6.040000E-3	0.000000E+0	1.587330E+5
6.060000E-3	0.000000E+0	1.583190E+5
6.080000E-3	0.000000E+0	1.584410E+5
6.100000E-3	0.000000E+0	1.581900E+5
6.120000E-3	0.000000E+0	1.582770E+5
6.140000E-3	0.000000E+0	1.580240E+5
6.160000E-3	0.000000E+0	1.584120E+5
6.180000E-3	0.000000E+0	1.584770E+5
6.200000E-3	0.000000E+0	1.584110E+5
6.220000E-3	0.000000E+0	1.585420E+5
6.240000E-3	0.000000E+0	1.578450E+5
6.260000E-3	0.000000E+0	1.585730E+5
6.280000E-3	0.000000E+0	1.590930E+5
6.300000E-3	0.000000E+0	1.582720E+5
6.320000E-3	0.000000E+0	1.586230E+5
6.340000E-3	0.000000E+0	1.587570E+5
6.360000E-3	0.000000E+0	1.576810E+5
6.380000E-3	0.000000E+0	1.586650E+5
6.400000E-3	0.000000E+0	1.581530E+5
6.420000E-3	0.000000E+0	1.587130E+5
6.440000E-3	0.000000E+0	1.590760E+5
6.460000E-3	0.000000E+0	1.587780E+5
6.480000E-3	0.000000E+0	1.583260E+5
6.500000E-3	0.000000E+0	1.581330E+5
6.520000E-3	0.000000E+0	1.589780E+5
6.540000E-3	0.000000E+0	1.581980E+5
6.560000E-3	0.000000E+0	1.588550E+5
6.580000E-3	0.000000E+0	1.587070E+5
6.600000E-3	0.000000E+0	1.592450E+5
6.620000E-3	0.000000E+0	1.584340E+5
6.640000E-3	0.000000E+0	1.581350E+5
6.660000E-3	0.000000E+0	1.580750E+5
6.680000E-3	0.000000E+0	1.589270E+5
6.700000E-3	0.000000E+0	1.583170E+5
6.720000E-3	0.000000E+0	1.584580E+5
6.740000E-3	0.000000E+0	1.588850E+5
6.760000E-3	0.000000E+0	1.591150E+5
6.780000E-3	0.000000E+0	1.579070E+5
6.800000E-3	0.000000E+0	1.589200E+5
6.820000E-3	0.000000E+0	1.583970E+5
6.840000E-3	0.000000E+0	1.585650E+5
6.860000E-3	0.000000E+0	1.587300E+5
6.880000E-3	0.000000E+0	1.588720E+5
6.900000E-3	0.000000E+0	1.581090E+5
6.920000E-3	0.000000E+0	1.587300E+5
6.940000E-3	0.000000E+0	1.584230E+5
6.960000E-3	0.000000E+0	1.584130E+5
6.980000E-3	0.000000E+0	1.585570E+5
7.000000E-3	0.000000E+0	1.583610E+5
7.020000E-3	0.000000E+0	1.579840E+5
7.040000E-3	0.000000E+0	1.582520E+5
7.060000E-3	0.000000E+0	1.584110E+5
7.080000E-3	0.000000E+0	1.587510E+5
7.100000E-3	0.000000E+0	1.587930E+5
7.120000E-3	0.000000E+0	1.584840E+5
7.140000E-3	0.000000E+0	1.588990E+5
7.160000E-3	0.000000E+0	1.588550E+5
7.180000E-3	0.000000E+0	1.580880E+5
7.200000E-3	0.000000E+0	1.584480E+5
7.220000E-3	0.000000E+0	1.589410E+5
7.240000E-3	0.000000E+0	1.584670E+5
7.260000E-3	0.000000E+0	1.580830E+5
7.280000E-3	0.000000E+0	1.581300E+5
7.300000E-3	0.000000E+0	1.585630E+5
7.320000E-3	0.000000E+0	1.594110E+5
7.340000E-3	0.000000E+0	1.587930E+5
7.360000E-3	0.000000E+0	1.583910E+5
7.380000E-3	0.000000E+0	1.587530E+5
7.400000E-3	0.000000E+0	1.585080E+5
7.420000E-3	0.000000E+0	1.581630E+5
7.440000E-3	0.000000E+0	1.587080E+5
7.460000E-3	0.000000E+0	1.589460E+5
7.480000E-3	0.000000E+0	1.583100E+5
7.500000E-3	0.000000E+0	1.592000E+5
7.520000E-3	0.000000E+0	1.588830E+5
7.540000E-3	0.000000E+0	1.590450E+5
7.560000E-3	0.000000E+0	1.590340E+5
7.580000E-3	0.000000E+0	1.585630E+5
7.600000E-3	0.000000E+0	1.583890E+5
7.620000E-3	0.000000E+0	1.585980E+5
7.640000E-3	0.000000E+0	1.596750E+5
7.660000E-3	0.000000E+0	1.584090E+5
7.680000E-3	0.000000E+0	1.586620E+5
7.700000E-3	0.000000E+0	1.579280E+5
7.720000E-3	0.000000E+0	1.587870E+5
7.740000E-3	0.000000E+0	1.584930E+5
7.760000E-3	0.000000E+0	1.577760E+5
7.780000E-3	0.000000E+0	1.592860E+5
7.800000E-3	0.000000E+0	1.586430E+5
7.820000E-3	0.000000E+0	1.584390E+5
7.840000E-3	0.000000E+0	1.593050E+5
7.860000E-3	0.000000E+0	1.586690E+5
7.880000E-3	0.000000E+0	1.589240E+5
7.900000E-3	0.000000E+0	1.588440E+5
7.920000E-3	0.000000E+0	1.579530E+5
7.940000E-3	0.000000E+0	1.587990E+5
7.960000E-3	0.000000E+0	1.589810E+5
7.980000E-3	0.000000E+0	1.588680E+5
8.000000E-3	0.000000E+0	1.588850E+5
8.020000E-3	0.000000E+0	1.592050E+5
8.040000E-3	0.000000E+0	1.579670E+5
8.060000E-3	0.000000E+0	1.587040E+5
8.080000E-3	0.000000E+0	1.585410E+5
8.100000E-3	0.000000E+0	1.583880E+5
8.120000E-3	0.000000E+0	1.591920E+5
8.140000E-3	0.000000E+0	1.582570E+5
8.160000E-3	0.000000E+0	1.591850E+5
8.180000E-3	0.000000E+0	1.584920E+5
8.200000E-3	0.000000E+0	1.584500E+5
8.220000E-3	0.000000E+0	1.579670E+5
8.240000E-3	0.000000E+0	1.585590E+5
8.260000E-3	0.000000E+0	1.594700E+5
8.280000E-3	0.000000E+0	1.582810E+5
8.300000E-3	0.000000E+0	1.589180E+5
8.320000E-3	0.000000E+0	1.583540E+5
8.340000E-3	0.000000E+0	1.585710E+5
8.360000E-3	0.000000E+0	1.583160E+5
8.380000E-3	0.000000E+0	1.579760E+5
8.400000E-3	0.000000E+0	1.585270E+5
8.420000E-3	0.000000E+0	1.587960E+5
8.440000E-3	0.000000E+0	1.591270E+5
8.460000E-3	0.000000E+0	1.586780E+5
8.480000E-3	0.000000E+0	1.593140E+5
8.500000E-3	0.000000E+0	1.577130E+5
8.520000E-3	0.000000E+0	1.586810E+5
8.540000E-3	0.000000E+0	1.587260E+5
8.560000E-3	0.000000E+0	1.583640E+5
8.580000E-3	0.000000E+0	1.596820E+5
8.600000E-3	0.000000E+0	1.580540E+5
8.620000E-3	0.000000E+0	1.590270E+5
8.640000E-3	0.000000E+0	1.586620E+5
8.660000E-3	0.000000E+0	1.585560E+5
8.680000E-3	0.000000E+0	1.591480E+5
8.700000E-3	0.000000E+0	1.581900E+5
8.720000E-3	0.000000E+0	1.588660E+5
8.740000E-3	0.000000E+0	1.582270E+5
8.760000E-3	0.000000E+0	1.590800E+5
8.780000E-3	0.000000E+0	1.590120E+5
8.800000E-3	0.000000E+0	1.589390E+5
8.820000E-3	0.000000E+0	1.588340E+5
8.840000E-3	0.000000E+0	1.585610E+5
8.860000E-3	0.000000E+0	1.592020E+5
8.880000E-3	0.000000E+0	1.584500E+5
8.900000E-3	0.000000E+0	1.588680E+5
8.920000E-3	0.000000E+0	1.579110E+5
8.940000E-3	0.000000E+0	1.580550E+5
8.960000E-3	0.000000E+0	1.596500E+5
8.980000E-3	0.000000E+0	1.583200E+5
9.000000E-3	0.000000E+0	1.581570E+5
9.020000E-3	0.000000E+0	1.585770E+5
9.040000E-3	0.000000E+0	1.588700E+5
9.060000E-3	0.000000E+0	1.596930E+5
9.080000E-3	0.000000E+0	1.589530E+5
9.100000E-3	0.000000E+0	1.590040E+5
9.120000E-3	0.000000E+0	1.585720E+5
9.140000E-3	0.000000E+0	1.587280E+5
9.160000E-3	0.000000E+0	1.590240E+5
9.180000E-3	0.000000E+0	1.584820E+5
9.200000E-3	0.000000E+0	1.589700E+5
9.220000E-3	0.000000E+0	1.586250E+5
9.240000E-3	0.000000E+0	1.590320E+5
9.260000E-3	0.000000E+0	1.591320E+5
9.280000E-3	0.000000E+0	1.592260E+5
9.300000E-3	0.000000E+0	1.590010E+5
9.320000E-3	0.000000E+0	1.585530E+5
9.340000E-3	0.000000E+0	1.587050E+5
9.360000E-3	0.000000E+0	1.580350E+5
9.380000E-3	0.000000E+0	1.589590E+5
9.400000E-3	0.000000E+0	1.589990E+5
9.420000E-3	0.000000E+0	1.592440E+5
9.440000E-3	0.000000E+0	1.587590E+5
9.460000E-3	0.000000E+0	1.592760E+5
9.480000E-3	0.000000E+0	1.582180E+5
9.500000E-3	0.000000E+0	1.582920E+5
9.520000E-3	0.000000E+0	1.591700E+5
9.540000E-3	0.000000E+0	1.579800E+5
9.560000E-3	0.000000E+0	1.585450E+5
9.580000E-3	0.000000E+0	1.588060E+5
9.600000E-3	0.000000E+0	1.588640E+5
9.620000E-3	0.000000E+0	1.577350E+5
9.640000E-3	0.000000E+0	1.588090E+5
9.660000E-3	0.000000E+0	1.590080E+5
9.680000E-3	0.000000E+0	1.580380E+5
9.700000E-3	0.000000E+0	1.592890E+5
9.720000E-3	0.000000E+0	1.584370E+5
9.740000E-3	0.000000E+0	1.585960E+5
9.760000E-3	0.000000E+0	1.577500E+5
9.780000E-3	0.000000E+0	1.586010E+5
9.800000E-3	0.000000E+0	1.586410E+5
9.820000E-3	0.000000E+0	1.588870E+5
9.840000E-3	0.000000E+0	1.585380E+5
9.860000E-3	0.000000E+0	1.587290E+5
9.880000E-3	0.000000E+0	1.594300E+5
9.900000E-3	0.000000E+0	1.587030E+5
9.920000E-3	0.000000E+0	1.579440E+5
9.940000E-3	0.000000E+0	1.580760E+5
9.960000E-3	0.000000E+0	1.584700E+5
9.980000E-3	0.000000E+0	1.592670E+5
1.000000E-2	0.000000E+0	1.580210E+5
1.002000E-2	0.000000E+0	1.584450E+5
1.004000E-2	0.000000E+0	1.587900E+5
1.006000E-2	0.000000E+0	1.590470E+5
1.008000E-2	0.000000E+0	1.584100E+5
1.010000E-2	0.000000E+0	1.585540E+5
1.012000E-2	0.000000E+0	1.586670E+5
1.014000E-2	0.000000E+0	1.592340E+5
1.016000E-2	0.000000E+0	1.587040E+5
1.018000E-2	0.000000E+0	1.593660E+5
1.020000E-2	0.000000E+0	1.585330E+5
1.022000E-2	0.000000E+0	1.590030E+5
1.024000E-2	0.000000E+0	1.585200E+5
1.026000E-2	0.000000E+0	1.598230E+5
1.028000E-2	0.000000E+0	1.585550E+5
1.030000E-2	0.000000E+0	1.588290E+5
1.032000E-2	0.000000E+0	1.588540E+5
1.034000E-2	0.000000E+0	1.588920E+5
1.036000E-2	0.000000E+0	1.585640E+5
1.038000E-2	0.000000E+0	1.591070E+5
1.040000E-2	0.000000E+0	1.589910E+5
1.042000E-2	0.000000E+0	1.589160E+5
1.044000E-2	0.000000E+0	1.587090E+5
1.046000E-2	0.000000E+0	1.588080E+5
1.048000E-2	0.000000E+0	1.592490E+5
1.050000E-2	0.000000E+0	1.582810E+5
1.052000E-2	0.000000E+0	1.589860E+5
1.054000E-2	0.000000E+0	1.594200E+5
1.056000E-2	0.000000E+0	1.588300E+5
1.058000E-2	0.000000E+0	1.587530E+5
1.060000E-2	0.000000E+0	1.582860E+5
1.062000E-2	0.000000E+0	1.582490E+5
1.064000E-2	0.000000E+0	1.591230E+5
1.066000E-2	0.000000E+0	1.587980E+5
1.068000E-2	0.000000E+0	1.592390E+5
1.070000E-2	0.000000E+0	1.586070E+5
1.072000E-2	0.000000E+0	1.586140E+5
1.074000E-2	0.000000E+0	1.591820E+5
1.076000E-2	0.000000E+0	1.593850E+5
1.078000E-2	0.000000E+0	1.592350E+5
1.080000E-2	0.000000E+0	1.585000E+5
1.082000E-2	0.000000E+0	1.595070E+5
1.084000E-2	0.000000E+0	1.584560E+5
1.086000E-2	0.000000E+0	1.585900E+5
1.088000E-2	0.000000E+0	1.585580E+5
1.090000E-2	0.000000E+0	1.586000E+5
1.092000E-2	0.000000E+0	1.587990E+5
1.094000E-2	0.000000E+0	1.586880E+5
1.096000E-2	0.000000E+0	1.587720E+5
1.098000E-2	0.000000E+0	1.586920E+5
1.100000E-2	0.000000E+0	1.592850E+5
1.102000E-2	0.000000E+0	1.586550E+5
1.104000E-2	0.000000E+0	1.592240E+5
1.106000E-2	0.000000E+0	1.588480E+5
1.108000E-2	0.000000E+0	1.584640E+5
1.110000E-2	0.000000E+0	1.587990E+5
1.112000E-2	0.000000E+0	1.590440E+5
1.114000E-2	0.000000E+0	1.590930E+5
1.116000E-2	0.000000E+0	1.577790E+5
1.118000E-2	0.000000E+0	1.590680E+5
1.120000E-2	0.000000E+0	1.588450E+5
1.122000E-2	0.000000E+0	1.596000E+5
1.124000E-2	0.000000E+0	1.589980E+5
1.126000E-2	0.000000E+0	1.580590E+5
1.128000E-2	0.000000E+0	1.582930E+5
1.130000E-2	0.000000E+0	1.581960E+5
1.132000E-2	0.000000E+0	1.590970E+5
1.134000E-2	0.000000E+0	1.585820E+5
1.136000E-2	0.000000E+0	1.596680E+5
1.138000E-2	0.000000E+0	1.584820E+5
1.140000E-2	0.000000E+0	1.593850E+5
1.142000E-2	0.000000E+0	1.584000E+5
1.144000E-2	0.000000E+0	1.585060E+5
1.146000E-2	0.000000E+0	1.587890E+5
1.148000E-2	0.000000E+0	1.591630E+5
1.150000E-2	0.000000E+0	1.592260E+5
1.152000E-2	0.000000E+0	1.586680E+5
1.154000E-2	0.000000E+0	1.586250E+5
1.156000E-2	0.000000E+0	1.592190E+5
1.158000E-2	0.000000E+0	1.583970E+5
1.160000E-2	0.000000E+0	1.588790E+5
1.162000E-2	0.000000E+0	1.587230E+5
1.164000E-2	0.000000E+0	1.595060E+5
1.166000E-2	0.000000E+0	1.595650E+5
1.168000E-2	0.000000E+0	1.593160E+5
1.170000E-2	0.000000E+0	1.592450E+5
1.172000E-2	0.000000E+0	1.584450E+5
1.174000E-2	0.000000E+0	1.588320E+5
1.176000E-2	0.000000E+0	1.588870E+5
1.178000E-2	0.000000E+0	1.581150E+5
1.180000E-2	0.000000E+0	1.590170E+5
1.182000E-2	0.000000E+0	1.582660E+5
1.184000E-2	0.000000E+0	1.581710E+5
1.186000E-2	0.000000E+0	1.588020E+5
1.188000E-2	0.000000E+0	1.582970E+5
1.190000E-2	0.000000E+0	1.581290E+5
1.192000E-2	0.000000E+0	1.584720E+5
1.194000E-2	0.000000E+0	1.592760E+5
1.196000E-2	0.000000E+0	1.586440E+5
1.198000E-2	0.000000E+0	1.581700E+5
1.200000E-2	0.000000E+0	1.586920E+5
1.202000E-2	0.000000E+0	1.591080E+5
1.204000E-2	0.000000E+0	1.589970E+5
1.206000E-2	0.000000E+0	1.585770E+5
1.208000E-2	0.000000E+0	1.593210E+5
1.210000E-2	0.000000E+0	1.583650E+5
1.212000E-2	0.000000E+0	1.586650E+5
1.214000E-2	0.000000E+0	1.580880E+5
1.216000E-2	0.000000E+0	1.579110E+5
1.218000E-2	0.000000E+0	1.592330E+5
1.220000E-2	0.000000E+0	1.580490E+5
1.222000E-2	0.000000E+0	1.583170E+5
1.224000E-2	0.000000E+0	1.588780E+5
1.226000E-2	0.000000E+0	1.588680E+5
1.228000E-2	0.000000E+0	1.587840E+5
1.230000E-2	0.000000E+0	1.588610E+5
1.232000E-2	0.000000E+0	1.587250E+5
1.234000E-2	0.000000E+0	1.590080E+5
1.236000E-2	0.000000E+0	1.585130E+5
1.238000E-2	0.000000E+0	1.587470E+5
1.240000E-2	0.000000E+0	1.593640E+5
1.242000E-2	0.000000E+0	1.591970E+5
1.244000E-2	0.000000E+0	1.588690E+5
1.246000E-2	0.000000E+0	1.584600E+5
1.248000E-2	0.000000E+0	1.592410E+5
1.250000E-2	0.000000E+0	1.583900E+5
1.252000E-2	0.000000E+0	1.590880E+5
1.254000E-2	0.000000E+0	1.587000E+5
1.256000E-2	0.000000E+0	1.582920E+5
1.258000E-2	0.000000E+0	1.590290E+5
1.260000E-2	0.000000E+0	1.591090E+5
1.262000E-2	0.000000E+0	1.580820E+5
1.264000E-2	0.000000E+0	1.580800E+5
1.266000E-2	0.000000E+0	1.591910E+5
1.268000E-2	0.000000E+0	1.588750E+5
1.270000E-2	0.000000E+0	1.590410E+5
1.272000E-2	0.000000E+0	1.586370E+5
1.274000E-2	0.000000E+0	1.581470E+5
1.276000E-2	0.000000E+0	1.594160E+5
1.278000E-2	0.000000E+0	1.586130E+5
1.280000E-2	0.000000E+0	1.581720E+5
1.282000E-2	0.000000E+0	1.590200E+5
1.284000E-2	0.000000E+0	1.586570E+5
1.286000E-2	0.000000E+0	1.593400E+5
1.288000E-2	0.000000E+0	1.591270E+5
1.290000E-2	0.000000E+0	1.587400E+5
1.292000E-2	0.000000E+0	1.589500E+5
1.294000E-2	0.000000E+0	1.580440E+5
1.296000E-2	0.000000E+0	1.591080E+5
1.298000E-2	0.000000E+0	1.587480E+5
1.300000E-2	0.000000E+0	1.590480E+5
1.302000E-2	0.000000E+0	1.591160E+5
1.304000E-2	0.000000E+0	1.590970E+5
1.306000E-2	0.000000E+0	1.584320E+5
1.308000E-2	0.000000E+0	1.587220E+5
1.310000E-2	0.000000E+0	1.591530E+5
1.312000E-2	0.000000E+0	1.590210E+5
1.314000E-2	0.000000E+0	1.593660E+5
1.316000E-2	0.000000E+0	1.583230E+5
1.318000E-2	0.000000E+0	1.588340E+5
1.320000E-2	0.000000E+0	1.592720E+5
1.322000E-2	0.000000E+0	1.590100E+5
1.324000E-2	0.000000E+0	1.585050E+5
1.326000E-2	0.000000E+0	1.591810E+5
1.328000E-2	0.000000E+0	1.593510E+5
1.330000E-2	0.000000E+0	1.586570E+5
1.332000E-2	0.000000E+0	1.590740E+5
1.334000E-2	0.000000E+0	1.589860E+5
1.336000E-2	0.000000E+0	1.590900E+5
1.338000E-2	0.000000E+0	1.591080E+5
1.340000E-2	0.000000E+0	1.585460E+5
1.342000E-2	0.000000E+0	1.584190E+5
1.344000E-2	0.000000E+0	1.584950E+5
1.346000E-2	0.000000E+0	1.580160E+5
1.348000E-2	0.000000E+0	1.590800E+5
1.350000E-2	0.000000E+0	1.586350E+5
1.352000E-2	0.000000E+0	1.588450E+5
1.354000E-2	0.000000E+0	1.592040E+5
1.356000E-2	0.000000E+0	1.594140E+5
1.358000E-2	0.000000E+0	1.588800E+5
1.360000E-2	0.000000E+0	1.581130E+5
1.362000E-2	0.000000E+0	1.592330E+5
1.364000E-2	0.000000E+0	1.583860E+5
1.366000E-2	0.000000E+0	1.588890E+5
1.368000E-2	0.000000E+0	1.596160E+5
1.370000E-2	0.000000E+0	1.588620E+5
1.372000E-2	0.000000E+0	1.583540E+5
1.374000E-2	0.000000E+0	1.580530E+5
1.376000E-2	0.000000E+0	1.580920E+5
1.378000E-2	0.000000E+0	1.578680E+5
1.380000E-2	0.000000E+0	1.590980E+5
1.382000E-2	0.000000E+0	1.586510E+5
1.384000E-2	0.000000E+0	1.589150E+5
1.386000E-2	0.000000E+0	1.583890E+5
1.388000E-2	0.000000E+0	1.586110E+5
1.390000E-2	0.000000E+0	1.589920E+5
1.392000E-2	0.000000E+0	1.593860E+5
1.394000E-2	0.000000E+0	1.592240E+5
1.396000E-2	0.000000E+0	1.587410E+5
1.398000E-2	0.000000E+0	1.590040E+5
1.400000E-2	0.000000E+0	1.599160E+5
1.402000E-2	0.000000E+0	1.583500E+5
1.404000E-2	0.000000E+0	1.593430E+5
1.406000E-2	0.000000E+0	1.586240E+5
1.408000E-2	0.000000E+0	1.585400E+5
1.410000E-2	0.000000E+0	1.583850E+5
1.412000E-2	0.000000E+0	1.586750E+5
1.414000E-2	0.000000E+0	1.586020E+5
1.416000E-2	0.000000E+0	1.588530E+5
1.418000E-2	0.000000E+0	1.583760E+5
1.420000E-2	0.000000E+0	1.588550E+5
1.422000E-2	0.000000E+0	1.593470E+5
1.424000E-2	0.000000E+0	1.579110E+5
1.426000E-2	0.000000E+0	1.581330E+5
1.428000E-2	0.000000E+0	1.589900E+5
1.430000E-2	0.000000E+0	1.588340E+5
1.432000E-2	0.000000E+0	1.590350E+5
1.434000E-2	0.000000E+0	1.584910E+5
1.436000E-2	0.000000E+0	1.589280E+5
1.438000E-2	0.000000E+0	1.590520E+5
1.440000E-2	0.000000E+0	1.594500E+5
1.442000E-2	0.000000E+0	1.587010E+5
1.444000E-2	0.000000E+0	1.582820E+5
1.446000E-2	0.000000E+0	1.589340E+5
1.448000E-2	0.000000E+0	1.587930E+5
1.450000E-2	0.000000E+0	1.582430E+5
1.452000E-2	0.000000E+0	1.590400E+5
1.454000E-2	0.000000E+0	1.586220E+5
1.456000E-2	0.000000E+0	1.592040E+5
1.458000E-2	0.000000E+0	1.582710E+5
1.460000E-2	0.000000E+0	1.587220E+5
1.462000E-2	0.000000E+0	1.581030E+5
1.464000E-2	0.000000E+0	1.585610E+5
1.466000E-2	0.000000E+0	1.585050E+5
1.468000E-2	0.000000E+0	1.591360E+5
1.470000E-2	0.000000E+0	1.587280E+5
1.472000E-2	0.000000E+0	1.584870E+5
1.474000E-2	0.000000E+0	1.586310E+5
1.476000E-2	0.000000E+0	1.596630E+5
1.478000E-2	0.000000E+0	1.594030E+5
1.480000E-2	0.000000E+0	1.583220E+5
1.482000E-2	0.000000E+0	1.586380E+5
1.484000E-2	0.000000E+0	1.587180E+5
1.486000E-2	0.000000E+0	1.582620E+5
1.488000E-2	0.000000E+0	1.586280E+5
1.490000E-2	0.000000E+0	1.585320E+5
1.492000E-2	0.000000E+0	1.587040E+5
1.494000E-2	0.000000E+0	1.578650E+5
1.496000E-2	0.000000E+0	1.570250E+5
1.498000E-2	0.000000E+0	1.571070E+5
1.500000E-2	0.000000E+0	1.565730E+5
1.502000E-2	0.000000E+0	1.565370E+5
1.504000E-2	0.000000E+0	1.560150E+5
1.506000E-2	0.000000E+0	1.565430E+5
1.508000E-2	0.000000E+0	1.562320E+5
1.510000E-2	0.000000E+0	1.551700E+5
1.512000E-2	0.000000E+0	1.541190E+5
1.514000E-2	0.000000E+0	1.539600E+5
1.516000E-2	0.000000E+0	1.545450E+5
1.518000E-2	0.000000E+0	1.546220E+5
1.520000E-2	0.000000E+0	1.552460E+5
1.522000E-2	0.000000E+0	1.554590E+5
1.524000E-2	0.000000E+0	1.563040E+5
1.526000E-2	0.000000E+0	1.569610E+5
1.528000E-2	0.000000E+0	1.576120E+5
1.530000E-2	0.000000E+0	1.571620E+5
1.532000E-2	0.000000E+0	1.577960E+5
1.534000E-2	0.000000E+0	1.581380E+5
1.536000E-2	0.000000E+0	1.578480E+5
1.538000E-2	0.000000E+0	1.587050E+5
1.540000E-2	0.000000E+0	1.583650E+5
1.542000E-2	0.000000E+0	1.586290E+5
1.544000E-2	0.000000E+0	1.578540E+5
1.546000E-2	0.000000E+0	1.585990E+5
1.548000E-2	0.000000E+0	1.584200E+5
1.550000E-2	0.000000E+0	1.581690E+5
1.552000E-2	0.000000E+0	1.587480E+5
1.554000E-2	0.000000E+0	1.583810E+5
1.556000E-2	0.000000E+0	1.582140E+5
1.558000E-2	0.000000E+0	1.577430E+5
1.560000E-2	0.000000E+0	1.579230E+5
1.562000E-2	0.000000E+0	1.567870E+5
1.564000E-2	0.000000E+0	1.566590E+5
1.566000E-2	0.000000E+0	1.557350E+5
1.568000E-2	0.000000E+0	1.553910E+5
1.570000E-2	0.000000E+0	1.556600E+5
1.572000E-2	0.000000E+0	1.556240E+5
1.574000E-2	0.000000E+0	1.554450E+5
1.576000E-2	0.000000E+0	1.549210E+5
1.578000E-2	0.000000E+0	1.536710E+5
1.580000E-2	0.000000E+0	1.544710E+5
1.582000E-2	0.000000E+0	1.543640E+5
1.584000E-2	0.000000E+0	1.553080E+5
1.586000E-2	0.000000E+0	1.553720E+5
1.588000E-2	0.000000E+0	1.558990E+5
1.590000E-2	0.000000E+0	1.562350E+5
1.592000E-2	0.000000E+0	1.573780E+5
1.594000E-2	0.000000E+0	1.572220E+5
1.596000E-2	0.000000E+0	1.574300E+5
1.598000E-2	0.000000E+0	1.584850E+5
1.600000E-2	0.000000E+0	1.586230E+5
1.602000E-2	0.000000E+0	1.588820E+5
1.604000E-2	0.000000E+0	1.583720E+5
1.606000E-2	0.000000E+0	1.581070E+5
1.608000E-2	0.000000E+0	1.588940E+5
1.610000E-2	0.000000E+0	1.586090E+5
1.612000E-2	0.000000E+0	1.587430E+5
1.614000E-2	0.000000E+0	1.595490E+5
1.616000E-2	0.000000E+0	1.587970E+5
1.618000E-2	0.000000E+0	1.584080E+5
1.620000E-2	0.000000E+0	1.586410E+5
1.622000E-2	0.000000E+0	1.587190E+5
1.624000E-2	0.000000E+0	1.584360E+5
1.626000E-2	0.000000E+0	1.587610E+5
1.628000E-2	0.000000E+0	1.591440E+5
1.630000E-2	0.000000E+0	1.590060E+5
1.632000E-2	0.000000E+0	1.588020E+5
1.634000E-2	0.000000E+0	1.586350E+5
1.636000E-2	0.000000E+0	1.595740E+5
1.638000E-2	0.000000E+0	1.584990E+5
1.640000E-2	0.000000E+0	1.589360E+5
1.642000E-2	0.000000E+0	1.586840E+5
1.644000E-2	0.000000E+0	1.587210E+5
1.646000E-2	0.000000E+0	1.588410E+5
1.648000E-2	0.000000E+0	1.583780E+5
1.650000E-2	0.000000E+0	1.589600E+5
1.652000E-2	0.000000E+0	1.592780E+5
1.654000E-2	0.000000E+0	1.586420E+5
1.656000E-2	0.000000E+0	1.585440E+5
1.658000E-2	0.000000E+0	1.587680E+5
1.660000E-2	0.000000E+0	1.592410E+5
1.662000E-2	0.000000E+0	1.586740E+5
1.664000E-2	0.000000E+0	1.588750E+5
1.666000E-2	0.000000E+0	1.593230E+5
1.668000E-2	0.000000E+0	1.583180E+5
1.670000E-2	0.000000E+0	1.587180E+5
1.672000E-2	0.000000E+0	1.597090E+5
1.674000E-2	0.000000E+0	1.586210E+5
1.676000E-2	0.000000E+0	1.585620E+5
1.678000E-2	0.000000E+0	1.583750E+5
1.680000E-2	0.000000E+0	1.587550E+5
1.682000E-2	0.000000E+0	1.585050E+5
1.684000E-2	0.000000E+0	1.585140E+5
1.686000E-2	0.000000E+0	1.587750E+5
1.688000E-2	0.000000E+0	1.584300E+5
1.690000E-2	0.000000E+0	1.586650E+5
1.692000E-2	0.000000E+0	1.586040E+5
1.694000E-2	0.000000E+0	1.590570E+5
1.696000E-2	0.000000E+0	1.587930E+5
1.698000E-2	0.000000E+0	1.587270E+5
1.700000E-2	0.000000E+0	1.588050E+5
1.702000E-2	0.000000E+0	1.590940E+5
1.704000E-2	0.000000E+0	1.586990E+5
1.706000E-2	0.000000E+0	1.593040E+5
1.708000E-2	0.000000E+0	1.580910E+5
1.710000E-2	0.000000E+0	1.587410E+5
1.712000E-2	0.000000E+0	1.593130E+5
1.714000E-2	0.000000E+0	1.585960E+5
1.716000E-2	0.000000E+0	1.584680E+5
1.718000E-2	0.000000E+0	1.583120E+5
1.720000E-2	0.000000E+0	1.595330E+5
1.722000E-2	0.000000E+0	1.595110E+5
1.724000E-2	0.000000E+0	1.579100E+5
1.726000E-2	0.000000E+0	1.585320E+5
1.728000E-2	0.000000E+0	1.590570E+5
1.730000E-2	0.000000E+0	1.585150E+5
1.732000E-2	0.000000E+0	1.586340E+5
1.734000E-2	0.000000E+0	1.584070E+5
1.736000E-2	0.000000E+0	1.592770E+5
1.738000E-2	0.000000E+0	1.592440E+5
1.740000E-2	0.000000E+0	1.588820E+5
1.742000E-2	0.000000E+0	1.582190E+5
1.744000E-2	0.000000E+0	1.583850E+5
1.746000E-2	0.000000E+0	1.580690E+5
1.748000E-2	0.000000E+0	1.584900E+5
1.750000E-2	0.000000E+0	1.588770E+5
1.752000E-2	0.000000E+0	1.589950E+5
1.754000E-2	0.000000E+0	1.579820E+5
1.756000E-2	0.000000E+0	1.580560E+5
1.758000E-2	0.000000E+0	1.592070E+5
1.760000E-2	0.000000E+0	1.586240E+5
1.762000E-2	0.000000E+0	1.585360E+5
1.764000E-2	0.000000E+0	1.589240E+5
1.766000E-2	0.000000E+0	1.589350E+5
1.768000E-2	0.000000E+0	1.586330E+5
1.770000E-2	0.000000E+0	1.588980E+5
1.772000E-2	0.000000E+0	1.597250E+5
1.774000E-2	0.000000E+0	1.585660E+5
1.776000E-2	0.000000E+0	1.581100E+5
1.778000E-2	0.000000E+0	1.594470E+5
1.780000E-2	0.000000E+0	1.587550E+5
1.782000E-2	0.000000E+0	1.587520E+5
1.784000E-2	0.000000E+0	1.583860E+5
1.786000E-2	0.000000E+0	1.587310E+5
1.788000E-2	0.000000E+0	1.588920E+5
1.790000E-2	0.000000E+0	1.589450E+5
1.792000E-2	0.000000E+0	1.584380E+5
1.794000E-2	0.000000E+0	1.588320E+5
1.796000E-2	0.000000E+0	1.583820E+5
1.798000E-2	0.000000E+0	1.591440E+5
1.800000E-2	0.000000E+0	1.580810E+5
1.802000E-2	0.000000E+0	1.588050E+5
1.804000E-2	0.000000E+0	1.579320E+5
1.806000E-2	0.000000E+0	1.582720E+5
1.808000E-2	0.000000E+0	1.585470E+5
1.810000E-2	0.000000E+0	1.593700E+5
1.812000E-2	0.000000E+0	1.594660E+5
1.814000E-2	0.000000E+0	1.591350E+5
1.816000E-2	0.000000E+0	1.589240E+5
1.818000E-2	0.000000E+0	1.585220E+5
1.820000E-2	0.000000E+0	1.594240E+5
1.822000E-2	0.000000E+0	1.585060E+5
1.824000E-2	0.000000E+0	1.586360E+5
1.826000E-2	0.000000E+0	1.590620E+5
1.828000E-2	0.000000E+0	1.584160E+5
1.830000E-2	0.000000E+0	1.585110E+5
1.832000E-2	0.000000E+0	1.593030E+5
1.834000E-2	0.000000E+0	1.580440E+5
1.836000E-2	0.000000E+0	1.592160E+5
1.838000E-2	0.000000E+0	1.586330E+5
1.840000E-2	0.000000E+0	1.587310E+5
1.842000E-2	0.000000E+0	1.589350E+5
1.844000E-2	0.000000E+0	1.588130E+5
1.846000E-2	0.000000E+0	1.581250E+5
1.848000E-2	0.000000E+0	1.588330E+5
1.850000E-2	0.000000E+0	1.591980E+5
1.852000E-2	0.000000E+0	1.589500E+5
1.854000E-2	0.000000E+0	1.589760E+5
1.856000E-2	0.000000E+0	1.578900E+5
1.858000E-2	0.000000E+0	1.591400E+5
1.860000E-2	0.000000E+0	1.588010E+5
1.862000E-2	0.000000E+0	1.587340E+5
1.864000E-2	0.000000E+0	1.583320E+5
1.866000E-2	0.000000E+0	1.586250E+5
1.868000E-2	0.000000E+0	1.586910E+5
1.870000E-2	0.000000E+0	1.588590E+5
1.872000E-2	0.000000E+0	1.593050E+5
1.874000E-2	0.000000E+0	1.580290E+5
1.876000E-2	0.000000E+0	1.586440E+5
1.878000E-2	0.000000E+0	1.591740E+5
1.880000E-2	0.000000E+0	1.585530E+5
1.882000E-2	0.000000E+0	1.584090E+5
1.884000E-2	0.000000E+0	1.591240E+5
1.886000E-2	0.000000E+0	1.590080E+5
1.888000E-2	0.000000E+0	1.581840E+5
1.890000E-2	0.000000E+0	1.592100E+5
1.892000E-2	0.000000E+0	1.591930E+5
1.894000E-2	0.000000E+0	1.589380E+5
1.896000E-2	0.000000E+0	1.589180E+5
1.898000E-2	0.000000E+0	1.584850E+5
1.900000E-2	0.000000E+0	1.590870E+5
1.902000E-2	0.000000E+0	1.584100E+5
1.904000E-2	0.000000E+0	1.586040E+5
1.906000E-2	0.000000E+0	1.587890E+5
1.908000E-2	0.000000E+0	1.589250E+5
1.910000E-2	0.000000E+0	1.586300E+5
1.912000E-2	0.000000E+0	1.590540E+5
1.914000E-2	0.000000E+0	1.588510E+5
1.916000E-2	0.000000E+0	1.583860E+5
1.918000E-2	0.000000E+0	1.587480E+5
1.920000E-2	0.000000E+0	1.590590E+5
1.922000E-2	0.000000E+0	1.582970E+5
1.924000E-2	0.000000E+0	1.585840E+5
1.926000E-2	0.000000E+0	1.585180E+5
1.928000E-2	0.000000E+0	1.591070E+5
1.930000E-2	0.000000E+0	1.588000E+5
1.932000E-2	0.000000E+0	1.584300E+5
1.934000E-2	0.000000E+0	1.582130E+5
1.936000E-2	0.000000E+0	1.582900E+5
1.938000E-2	0.000000E+0	1.593070E+5
1.940000E-2	0.000000E+0	1.585870E+5
1.942000E-2	0.000000E+0	1.593730E+5
1.944000E-2	0.000000E+0	1.591330E+5
1.946000E-2	0.000000E+0	1.586900E+5
1.948000E-2	0.000000E+0	1.585930E+5
1.950000E-2	0.000000E+0	1.586710E+5
1.952000E-2	0.000000E+0	1.592480E+5
1.954000E-2	0.000000E+0	1.586750E+5
1.956000E-2	0.000000E+0	1.590330E+5
1.958000E-2	0.000000E+0	1.592150E+5
1.960000E-2	0.000000E+0	1.588080E+5
1.962000E-2	0.000000E+0	1.583530E+5
1.964000E-2	0.000000E+0	1.589270E+5
1.966000E-2	0.000000E+0	1.591240E+5
1.968000E-2	0.000000E+0	1.589540E+5
1.970000E-2	0.000000E+0	1.585860E+5
1.972000E-2	0.000000E+0	1.587150E+5
1.974000E-2	0.000000E+0	1.584230E+5
1.976000E-2	0.000000E+0	1.581830E+5
1.978000E-2	0.000000E+0	1.586170E+5
1.980000E-2	0.000000E+0	1.587790E+5
1.982000E-2	0.000000E+0	1.590340E+5
1.984000E-2	0.000000E+0	1.593500E+5
1.986000E-2	0.000000E+0	1.588240E+5
1.988000E-2	0.000000E+0	1.583110E+5
1.990000E-2	0.000000E+0	1.587220E+5
1.992000E-2	0.000000E+0	1.582350E+5
1.994000E-2	0.000000E+0	1.591590E+5
1.996000E-2	0.000000E+0	1.586780E+5
1.998000E-2	0.000000E+0	1.586060E+5
