

live time:  93351.260000
real time:  129606.667000
sweeps:  4667563.000000
0.000000E+0	0.000000E+0	0.000000E+0
2.000000E-5	0.000000E+0	2.046060E+5
4.000000E-5	0.000000E+0	2.055280E+5
6.000000E-5	0.000000E+0	2.046320E+5
8.000000E-5	0.000000E+0	2.053890E+5
1.000000E-4	0.000000E+0	2.047620E+5
1.200000E-4	0.000000E+0	2.048460E+5
1.400000E-4	0.000000E+0	2.049850E+5
1.600000E-4	0.000000E+0	2.052720E+5
1.800000E-4	0.000000E+0	2.050890E+5
2.000000E-4	0.000000E+0	2.051250E+5
2.200000E-4	0.000000E+0	2.049570E+5
2.400000E-4	0.000000E+0	2.043910E+5
2.600000E-4	0.000000E+0	2.046250E+5
2.800000E-4	0.000000E+0	2.049050E+5
3.000000E-4	0.000000E+0	2.055790E+5
3.200000E-4	0.000000E+0	2.051640E+5
3.400000E-4	0.000000E+0	2.047470E+5
3.600000E-4	0.000000E+0	2.047780E+5
3.800000E-4	0.000000E+0	2.043550E+5
4.000000E-4	0.000000E+0	2.047320E+5
4.200000E-4	0.000000E+0	2.049970E+5
4.400000E-4	0.000000E+0	2.042300E+5
4.600000E-4	0.000000E+0	2.057030E+5
4.800000E-4	0.000000E+0	2.047470E+5
5.000000E-4	0.000000E+0	2.050290E+5
5.200000E-4	0.000000E+0	2.051290E+5
5.400000E-4	0.000000E+0	2.050920E+5
5.600000E-4	0.000000E+0	2.044440E+5
5.800000E-4	0.000000E+0	2.051320E+5
6.000000E-4	0.000000E+0	2.052130E+5
6.200000E-4	0.000000E+0	2.043790E+5
6.400000E-4	0.000000E+0	2.051660E+5
6.600000E-4	0.000000E+0	2.043800E+5
6.800000E-4	0.000000E+0	2.044640E+5
7.000000E-4	0.000000E+0	2.051930E+5
7.200000E-4	0.000000E+0	2.056340E+5
7.400000E-4	0.000000E+0	2.044950E+5
7.600000E-4	0.000000E+0	2.047400E+5
7.800000E-4	0.000000E+0	2.042110E+5
8.000000E-4	0.000000E+0	2.050320E+5
8.200000E-4	0.000000E+0	2.054490E+5
8.400000E-4	0.000000E+0	2.050570E+5
8.600000E-4	0.000000E+0	2.052510E+5
8.800000E-4	0.000000E+0	2.041470E+5
9.000000E-4	0.000000E+0	2.056790E+5
9.200000E-4	0.000000E+0	2.046170E+5
9.400000E-4	0.000000E+0	2.050240E+5
9.600000E-4	0.000000E+0	2.039700E+5
9.800000E-4	0.000000E+0	2.058300E+5
1.000000E-3	0.000000E+0	2.049850E+5
1.020000E-3	0.000000E+0	2.047160E+5
1.040000E-3	0.000000E+0	2.045810E+5
1.060000E-3	0.000000E+0	2.045040E+5
1.080000E-3	0.000000E+0	2.048180E+5
1.100000E-3	0.000000E+0	2.046180E+5
1.120000E-3	0.000000E+0	2.050890E+5
1.140000E-3	0.000000E+0	2.046020E+5
1.160000E-3	0.000000E+0	2.039610E+5
1.180000E-3	0.000000E+0	2.045710E+5
1.200000E-3	0.000000E+0	2.052290E+5
1.220000E-3	0.000000E+0	2.057900E+5
1.240000E-3	0.000000E+0	2.050040E+5
1.260000E-3	0.000000E+0	2.045610E+5
1.280000E-3	0.000000E+0	2.055250E+5
1.300000E-3	0.000000E+0	2.041430E+5
1.320000E-3	0.000000E+0	2.052610E+5
1.340000E-3	0.000000E+0	2.047890E+5
1.360000E-3	0.000000E+0	2.046000E+5
1.380000E-3	0.000000E+0	2.051430E+5
1.400000E-3	0.000000E+0	2.045810E+5
1.420000E-3	0.000000E+0	2.054070E+5
1.440000E-3	0.000000E+0	2.042670E+5
1.460000E-3	0.000000E+0	2.041860E+5
1.480000E-3	0.000000E+0	2.049450E+5
1.500000E-3	0.000000E+0	2.053580E+5
1.520000E-3	0.000000E+0	2.048950E+5
1.540000E-3	0.000000E+0	2.053280E+5
1.560000E-3	0.000000E+0	2.045090E+5
1.580000E-3	0.000000E+0	2.048990E+5
1.600000E-3	0.000000E+0	2.048660E+5
1.620000E-3	0.000000E+0	2.045360E+5
1.640000E-3	0.000000E+0	2.043380E+5
1.660000E-3	0.000000E+0	2.058010E+5
1.680000E-3	0.000000E+0	2.042930E+5
1.700000E-3	0.000000E+0	2.042820E+5
1.720000E-3	0.000000E+0	2.051540E+5
1.740000E-3	0.000000E+0	2.056820E+5
1.760000E-3	0.000000E+0	2.056680E+5
1.780000E-3	0.000000E+0	2.055560E+5
1.800000E-3	0.000000E+0	2.054500E+5
1.820000E-3	0.000000E+0	2.046710E+5
1.840000E-3	0.000000E+0	2.049190E+5
1.860000E-3	0.000000E+0	2.050660E+5
1.880000E-3	0.000000E+0	2.051060E+5
1.900000E-3	0.000000E+0	2.048050E+5
1.920000E-3	0.000000E+0	2.052750E+5
1.940000E-3	0.000000E+0	2.048270E+5
1.960000E-3	0.000000E+0	2.051640E+5
1.980000E-3	0.000000E+0	2.054880E+5
2.000000E-3	0.000000E+0	2.047310E+5
2.020000E-3	0.000000E+0	2.046820E+5
2.040000E-3	0.000000E+0	2.045140E+5
2.060000E-3	0.000000E+0	2.052960E+5
2.080000E-3	0.000000E+0	2.055330E+5
2.100000E-3	0.000000E+0	2.060060E+5
2.120000E-3	0.000000E+0	2.048160E+5
2.140000E-3	0.000000E+0	2.050640E+5
2.160000E-3	0.000000E+0	2.047050E+5
2.180000E-3	0.000000E+0	2.053500E+5
2.200000E-3	0.000000E+0	2.052280E+5
2.220000E-3	0.000000E+0	2.052190E+5
2.240000E-3	0.000000E+0	2.049370E+5
2.260000E-3	0.000000E+0	2.054410E+5
2.280000E-3	0.000000E+0	2.048290E+5
2.300000E-3	0.000000E+0	2.052250E+5
2.320000E-3	0.000000E+0	2.045110E+5
2.340000E-3	0.000000E+0	2.050300E+5
2.360000E-3	0.000000E+0	2.050430E+5
2.380000E-3	0.000000E+0	2.052170E+5
2.400000E-3	0.000000E+0	2.043230E+5
2.420000E-3	0.000000E+0	2.046930E+5
2.440000E-3	0.000000E+0	2.039110E+5
2.460000E-3	0.000000E+0	2.045830E+5
2.480000E-3	0.000000E+0	2.056360E+5
2.500000E-3	0.000000E+0	2.051690E+5
2.520000E-3	0.000000E+0	2.053620E+5
2.540000E-3	0.000000E+0	2.047830E+5
2.560000E-3	0.000000E+0	2.046810E+5
2.580000E-3	0.000000E+0	2.044400E+5
2.600000E-3	0.000000E+0	2.058490E+5
2.620000E-3	0.000000E+0	2.046300E+5
2.640000E-3	0.000000E+0	2.047210E+5
2.660000E-3	0.000000E+0	2.053710E+5
2.680000E-3	0.000000E+0	2.049800E+5
2.700000E-3	0.000000E+0	2.052660E+5
2.720000E-3	0.000000E+0	2.050900E+5
2.740000E-3	0.000000E+0	2.056870E+5
2.760000E-3	0.000000E+0	2.052140E+5
2.780000E-3	0.000000E+0	2.049720E+5
2.800000E-3	0.000000E+0	2.044240E+5
2.820000E-3	0.000000E+0	2.048240E+5
2.840000E-3	0.000000E+0	2.044280E+5
2.860000E-3	0.000000E+0	2.057700E+5
2.880000E-3	0.000000E+0	2.053020E+5
2.900000E-3	0.000000E+0	2.055230E+5
2.920000E-3	0.000000E+0	2.047010E+5
2.940000E-3	0.000000E+0	2.049870E+5
2.960000E-3	0.000000E+0	2.054160E+5
2.980000E-3	0.000000E+0	2.043270E+5
3.000000E-3	0.000000E+0	2.050350E+5
3.020000E-3	0.000000E+0	2.050570E+5
3.040000E-3	0.000000E+0	2.051510E+5
3.060000E-3	0.000000E+0	2.061140E+5
3.080000E-3	0.000000E+0	2.052070E+5
3.100000E-3	0.000000E+0	2.042850E+5
3.120000E-3	0.000000E+0	2.049910E+5
3.140000E-3	0.000000E+0	2.049140E+5
3.160000E-3	0.000000E+0	2.049620E+5
3.180000E-3	0.000000E+0	2.057190E+5
3.200000E-3	0.000000E+0	2.051970E+5
3.220000E-3	0.000000E+0	2.052650E+5
3.240000E-3	0.000000E+0	2.047060E+5
3.260000E-3	0.000000E+0	2.051430E+5
3.280000E-3	0.000000E+0	2.044620E+5
3.300000E-3	0.000000E+0	2.046990E+5
3.320000E-3	0.000000E+0	2.049080E+5
3.340000E-3	0.000000E+0	2.051460E+5
3.360000E-3	0.000000E+0	2.047560E+5
3.380000E-3	0.000000E+0	2.047060E+5
3.400000E-3	0.000000E+0	2.049690E+5
3.420000E-3	0.000000E+0	2.053150E+5
3.440000E-3	0.000000E+0	2.045350E+5
3.460000E-3	0.000000E+0	2.054000E+5
3.480000E-3	0.000000E+0	2.047800E+5
3.500000E-3	0.000000E+0	2.056520E+5
3.520000E-3	0.000000E+0	2.048190E+5
3.540000E-3	0.000000E+0	2.049130E+5
3.560000E-3	0.000000E+0	2.048110E+5
3.580000E-3	0.000000E+0	2.049500E+5
3.600000E-3	0.000000E+0	2.045370E+5
3.620000E-3	0.000000E+0	2.035570E+5
3.640000E-3	0.000000E+0	2.053120E+5
3.660000E-3	0.000000E+0	2.050340E+5
3.680000E-3	0.000000E+0	2.047560E+5
3.700000E-3	0.000000E+0	2.045370E+5
3.720000E-3	0.000000E+0	2.048010E+5
3.740000E-3	0.000000E+0	2.050410E+5
3.760000E-3	0.000000E+0	2.049790E+5
3.780000E-3	0.000000E+0	2.049050E+5
3.800000E-3	0.000000E+0	2.047160E+5
3.820000E-3	0.000000E+0	2.044600E+5
3.840000E-3	0.000000E+0	2.047400E+5
3.860000E-3	0.000000E+0	2.049700E+5
3.880000E-3	0.000000E+0	2.044540E+5
3.900000E-3	0.000000E+0	2.049490E+5
3.920000E-3	0.000000E+0	2.061830E+5
3.940000E-3	0.000000E+0	2.055760E+5
3.960000E-3	0.000000E+0	2.050640E+5
3.980000E-3	0.000000E+0	2.048220E+5
4.000000E-3	0.000000E+0	2.053670E+5
4.020000E-3	0.000000E+0	2.049380E+5
4.040000E-3	0.000000E+0	2.045620E+5
4.060000E-3	0.000000E+0	2.053440E+5
4.080000E-3	0.000000E+0	2.053420E+5
4.100000E-3	0.000000E+0	2.049850E+5
4.120000E-3	0.000000E+0	2.046830E+5
4.140000E-3	0.000000E+0	2.050990E+5
4.160000E-3	0.000000E+0	2.054000E+5
4.180000E-3	0.000000E+0	2.040760E+5
4.200000E-3	0.000000E+0	2.044050E+5
4.220000E-3	0.000000E+0	2.042400E+5
4.240000E-3	0.000000E+0	2.049170E+5
4.260000E-3	0.000000E+0	2.043480E+5
4.280000E-3	0.000000E+0	2.051370E+5
4.300000E-3	0.000000E+0	2.048600E+5
4.320000E-3	0.000000E+0	2.048190E+5
4.340000E-3	0.000000E+0	2.044370E+5
4.360000E-3	0.000000E+0	2.049770E+5
4.380000E-3	0.000000E+0	2.038680E+5
4.400000E-3	0.000000E+0	2.055470E+5
4.420000E-3	0.000000E+0	2.049920E+5
4.440000E-3	0.000000E+0	2.040910E+5
4.460000E-3	0.000000E+0	2.045100E+5
4.480000E-3	0.000000E+0	2.042220E+5
4.500000E-3	0.000000E+0	2.045950E+5
4.520000E-3	0.000000E+0	2.044710E+5
4.540000E-3	0.000000E+0	2.046750E+5
4.560000E-3	0.000000E+0	2.043200E+5
4.580000E-3	0.000000E+0	2.047830E+5
4.600000E-3	0.000000E+0	2.043610E+5
4.620000E-3	0.000000E+0	2.044830E+5
4.640000E-3	0.000000E+0	2.049090E+5
4.660000E-3	0.000000E+0	2.048590E+5
4.680000E-3	0.000000E+0	2.045850E+5
4.700000E-3	0.000000E+0	2.050630E+5
4.720000E-3	0.000000E+0	2.053200E+5
4.740000E-3	0.000000E+0	2.035950E+5
4.760000E-3	0.000000E+0	2.052270E+5
4.780000E-3	0.000000E+0	2.039400E+5
4.800000E-3	0.000000E+0	2.049210E+5
4.820000E-3	0.000000E+0	2.046310E+5
4.840000E-3	0.000000E+0	2.051200E+5
4.860000E-3	0.000000E+0	2.041410E+5
4.880000E-3	0.000000E+0	2.033550E+5
4.900000E-3	0.000000E+0	2.036810E+5
4.920000E-3	0.000000E+0	2.024180E+5
4.940000E-3	0.000000E+0	2.023000E+5
4.960000E-3	0.000000E+0	2.016890E+5
4.980000E-3	0.000000E+0	2.022320E+5
5.000000E-3	0.000000E+0	2.014470E+5
5.020000E-3	0.000000E+0	2.017280E+5
5.040000E-3	0.000000E+0	2.007360E+5
5.060000E-3	0.000000E+0	1.993820E+5
5.080000E-3	0.000000E+0	1.987060E+5
5.100000E-3	0.000000E+0	1.986940E+5
5.120000E-3	0.000000E+0	1.987840E+5
5.140000E-3	0.000000E+0	1.993730E+5
5.160000E-3	0.000000E+0	1.998250E+5
5.180000E-3	0.000000E+0	2.002860E+5
5.200000E-3	0.000000E+0	2.010470E+5
5.220000E-3	0.000000E+0	2.019130E+5
5.240000E-3	0.000000E+0	2.021060E+5
5.260000E-3	0.000000E+0	2.033440E+5
5.280000E-3	0.000000E+0	2.024490E+5
5.300000E-3	0.000000E+0	2.036790E+5
5.320000E-3	0.000000E+0	2.041070E+5
5.340000E-3	0.000000E+0	2.042010E+5
5.360000E-3	0.000000E+0	2.046730E+5
5.380000E-3	0.000000E+0	2.044970E+5
5.400000E-3	0.000000E+0	2.054480E+5
5.420000E-3	0.000000E+0	2.047980E+5
5.440000E-3	0.000000E+0	2.036190E+5
5.460000E-3	0.000000E+0	2.039900E+5
5.480000E-3	0.000000E+0	2.043530E+5
5.500000E-3	0.000000E+0	2.044380E+5
5.520000E-3	0.000000E+0	2.037250E+5
5.540000E-3	0.000000E+0	2.039240E+5
5.560000E-3	0.000000E+0	2.033860E+5
5.580000E-3	0.000000E+0	2.031840E+5
5.600000E-3	0.000000E+0	2.017840E+5
5.620000E-3	0.000000E+0	2.009830E+5
5.640000E-3	0.000000E+0	2.011750E+5
5.660000E-3	0.000000E+0	2.018410E+5
5.680000E-3	0.000000E+0	2.018700E+5
5.700000E-3	0.000000E+0	2.004840E+5
5.720000E-3	0.000000E+0	2.000240E+5
5.740000E-3	0.000000E+0	1.989670E+5
5.760000E-3	0.000000E+0	1.991850E+5
5.780000E-3	0.000000E+0	1.999180E+5
5.800000E-3	0.000000E+0	1.997690E+5
5.820000E-3	0.000000E+0	2.004370E+5
5.840000E-3	0.000000E+0	2.013990E+5
5.860000E-3	0.000000E+0	2.016380E+5
5.880000E-3	0.000000E+0	2.028390E+5
5.900000E-3	0.000000E+0	2.036300E+5
5.920000E-3	0.000000E+0	2.037570E+5
5.940000E-3	0.000000E+0	2.028720E+5
5.960000E-3	0.000000E+0	2.038520E+5
5.980000E-3	0.000000E+0	2.044000E+5
6.000000E-3	0.000000E+0	2.044320E+5
6.020000E-3	0.000000E+0	2.050250E+5
6.040000E-3	0.000000E+0	2.048860E+5
6.060000E-3	0.000000E+0	2.042250E+5
6.080000E-3	0.000000E+0	2.044830E+5
6.100000E-3	0.000000E+0	2.044040E+5
6.120000E-3	0.000000E+0	2.048400E+5
6.140000E-3	0.000000E+0	2.043080E+5
6.160000E-3	0.000000E+0	2.048220E+5
6.180000E-3	0.000000E+0	2.051580E+5
6.200000E-3	0.000000E+0	2.044440E+5
6.220000E-3	0.000000E+0	2.050750E+5
6.240000E-3	0.000000E+0	2.038080E+5
6.260000E-3	0.000000E+0	2.047760E+5
6.280000E-3	0.000000E+0	2.057000E+5
6.300000E-3	0.000000E+0	2.044120E+5
6.320000E-3	0.000000E+0	2.050120E+5
6.340000E-3	0.000000E+0	2.049180E+5
6.360000E-3	0.000000E+0	2.039160E+5
6.380000E-3	0.000000E+0	2.054180E+5
6.400000E-3	0.000000E+0	2.045050E+5
6.420000E-3	0.000000E+0	2.048230E+5
6.440000E-3	0.000000E+0	2.056550E+5
6.460000E-3	0.000000E+0	2.047460E+5
6.480000E-3	0.000000E+0	2.045080E+5
6.500000E-3	0.000000E+0	2.047030E+5
6.520000E-3	0.000000E+0	2.050310E+5
6.540000E-3	0.000000E+0	2.041280E+5
6.560000E-3	0.000000E+0	2.055970E+5
6.580000E-3	0.000000E+0	2.049870E+5
6.600000E-3	0.000000E+0	2.052450E+5
6.620000E-3	0.000000E+0	2.047640E+5
6.640000E-3	0.000000E+0	2.046320E+5
6.660000E-3	0.000000E+0	2.041400E+5
6.680000E-3	0.000000E+0	2.048620E+5
6.700000E-3	0.000000E+0	2.049040E+5
6.720000E-3	0.000000E+0	2.046550E+5
6.740000E-3	0.000000E+0	2.050040E+5
6.760000E-3	0.000000E+0	2.050930E+5
6.780000E-3	0.000000E+0	2.042670E+5
6.800000E-3	0.000000E+0	2.052710E+5
6.820000E-3	0.000000E+0	2.048510E+5
6.840000E-3	0.000000E+0	2.047270E+5
6.860000E-3	0.000000E+0	2.049560E+5
6.880000E-3	0.000000E+0	2.052530E+5
6.900000E-3	0.000000E+0	2.044940E+5
6.920000E-3	0.000000E+0	2.051580E+5
6.940000E-3	0.000000E+0	2.045830E+5
6.960000E-3	0.000000E+0	2.043250E+5
6.980000E-3	0.000000E+0	2.048540E+5
7.000000E-3	0.000000E+0	2.045770E+5
7.020000E-3	0.000000E+0	2.043620E+5
7.040000E-3	0.000000E+0	2.047980E+5
7.060000E-3	0.000000E+0	2.048490E+5
7.080000E-3	0.000000E+0	2.051530E+5
7.100000E-3	0.000000E+0	2.051500E+5
7.120000E-3	0.000000E+0	2.047620E+5
7.140000E-3	0.000000E+0	2.046970E+5
7.160000E-3	0.000000E+0	2.054490E+5
7.180000E-3	0.000000E+0	2.042270E+5
7.200000E-3	0.000000E+0	2.049130E+5
7.220000E-3	0.000000E+0	2.051400E+5
7.240000E-3	0.000000E+0	2.048120E+5
7.260000E-3	0.000000E+0	2.040990E+5
7.280000E-3	0.000000E+0	2.044540E+5
7.300000E-3	0.000000E+0	2.044600E+5
7.320000E-3	0.000000E+0	2.055620E+5
7.340000E-3	0.000000E+0	2.051840E+5
7.360000E-3	0.000000E+0	2.047850E+5
7.380000E-3	0.000000E+0	2.053840E+5
7.400000E-3	0.000000E+0	2.048280E+5
7.420000E-3	0.000000E+0	2.046900E+5
7.440000E-3	0.000000E+0	2.049520E+5
7.460000E-3	0.000000E+0	2.050990E+5
7.480000E-3	0.000000E+0	2.049740E+5
7.500000E-3	0.000000E+0	2.057680E+5
7.520000E-3	0.000000E+0	2.054870E+5
7.540000E-3	0.000000E+0	2.052390E+5
7.560000E-3	0.000000E+0	2.054230E+5
7.580000E-3	0.000000E+0	2.047720E+5
7.600000E-3	0.000000E+0	2.044100E+5
7.620000E-3	0.000000E+0	2.049440E+5
7.640000E-3	0.000000E+0	2.059990E+5
7.660000E-3	0.000000E+0	2.046370E+5
7.680000E-3	0.000000E+0	2.049180E+5
7.700000E-3	0.000000E+0	2.046040E+5
7.720000E-3	0.000000E+0	2.050260E+5
7.740000E-3	0.000000E+0	2.046640E+5
7.760000E-3	0.000000E+0	2.040760E+5
7.780000E-3	0.000000E+0	2.056060E+5
7.800000E-3	0.000000E+0	2.050080E+5
7.820000E-3	0.000000E+0	2.053600E+5
7.840000E-3	0.000000E+0	2.055990E+5
7.860000E-3	0.000000E+0	2.049670E+5
7.880000E-3	0.000000E+0	2.049780E+5
7.900000E-3	0.000000E+0	2.051700E+5
7.920000E-3	0.000000E+0	2.042040E+5
7.940000E-3	0.000000E+0	2.053450E+5
7.960000E-3	0.000000E+0	2.050720E+5
7.980000E-3	0.000000E+0	2.055020E+5
8.000000E-3	0.000000E+0	2.052350E+5
8.020000E-3	0.000000E+0	2.057140E+5
8.040000E-3	0.000000E+0	2.043520E+5
8.060000E-3	0.000000E+0	2.050400E+5
8.080000E-3	0.000000E+0	2.046530E+5
8.100000E-3	0.000000E+0	2.048010E+5
8.120000E-3	0.000000E+0	2.053500E+5
8.140000E-3	0.000000E+0	2.047210E+5
8.160000E-3	0.000000E+0	2.050770E+5
8.180000E-3	0.000000E+0	2.046930E+5
8.200000E-3	0.000000E+0	2.048560E+5
8.220000E-3	0.000000E+0	2.046580E+5
8.240000E-3	0.000000E+0	2.045140E+5
8.260000E-3	0.000000E+0	2.059940E+5
8.280000E-3	0.000000E+0	2.043650E+5
8.300000E-3	0.000000E+0	2.049510E+5
8.320000E-3	0.000000E+0	2.047370E+5
8.340000E-3	0.000000E+0	2.051010E+5
8.360000E-3	0.000000E+0	2.046990E+5
8.380000E-3	0.000000E+0	2.039520E+5
8.400000E-3	0.000000E+0	2.047440E+5
8.420000E-3	0.000000E+0	2.053880E+5
8.440000E-3	0.000000E+0	2.053290E+5
8.460000E-3	0.000000E+0	2.049510E+5
8.480000E-3	0.000000E+0	2.058990E+5
8.500000E-3	0.000000E+0	2.037240E+5
8.520000E-3	0.000000E+0	2.051330E+5
8.540000E-3	0.000000E+0	2.051290E+5
8.560000E-3	0.000000E+0	2.048220E+5
8.580000E-3	0.000000E+0	2.062140E+5
8.600000E-3	0.000000E+0	2.042100E+5
8.620000E-3	0.000000E+0	2.049430E+5
8.640000E-3	0.000000E+0	2.050650E+5
8.660000E-3	0.000000E+0	2.047560E+5
8.680000E-3	0.000000E+0	2.055870E+5
8.700000E-3	0.000000E+0	2.043900E+5
8.720000E-3	0.000000E+0	2.048620E+5
8.740000E-3	0.000000E+0	2.046450E+5
8.760000E-3	0.000000E+0	2.049020E+5
8.780000E-3	0.000000E+0	2.053450E+5
8.800000E-3	0.000000E+0	2.053780E+5
8.820000E-3	0.000000E+0	2.055020E+5
8.840000E-3	0.000000E+0	2.045780E+5
8.860000E-3	0.000000E+0	2.058740E+5
8.880000E-3	0.000000E+0	2.047610E+5
8.900000E-3	0.000000E+0	2.055450E+5
8.920000E-3	0.000000E+0	2.042530E+5
8.940000E-3	0.000000E+0	2.044270E+5
8.960000E-3	0.000000E+0	2.058520E+5
8.980000E-3	0.000000E+0	2.044990E+5
9.000000E-3	0.000000E+0	2.043210E+5
9.020000E-3	0.000000E+0	2.046880E+5
9.040000E-3	0.000000E+0	2.049730E+5
9.060000E-3	0.000000E+0	2.058070E+5
9.080000E-3	0.000000E+0	2.052650E+5
9.100000E-3	0.000000E+0	2.053290E+5
9.120000E-3	0.000000E+0	2.047720E+5
9.140000E-3	0.000000E+0	2.050050E+5
9.160000E-3	0.000000E+0	2.055060E+5
9.180000E-3	0.000000E+0	2.045760E+5
9.200000E-3	0.000000E+0	2.052550E+5
9.220000E-3	0.000000E+0	2.047870E+5
9.240000E-3	0.000000E+0	2.056760E+5
9.260000E-3	0.000000E+0	2.054380E+5
9.280000E-3	0.000000E+0	2.056020E+5
9.300000E-3	0.000000E+0	2.052450E+5
9.320000E-3	0.000000E+0	2.048250E+5
9.340000E-3	0.000000E+0	2.047780E+5
9.360000E-3	0.000000E+0	2.045610E+5
9.380000E-3	0.000000E+0	2.051750E+5
9.400000E-3	0.000000E+0	2.051670E+5
9.420000E-3	0.000000E+0	2.056550E+5
9.440000E-3	0.000000E+0	2.052890E+5
9.460000E-3	0.000000E+0	2.054610E+5
9.480000E-3	0.000000E+0	2.043340E+5
9.500000E-3	0.000000E+0	2.045360E+5
9.520000E-3	0.000000E+0	2.055730E+5
9.540000E-3	0.000000E+0	2.041810E+5
9.560000E-3	0.000000E+0	2.043780E+5
9.580000E-3	0.000000E+0	2.051350E+5
9.600000E-3	0.000000E+0	2.049580E+5
9.620000E-3	0.000000E+0	2.043150E+5
9.640000E-3	0.000000E+0	2.050350E+5
9.660000E-3	0.000000E+0	2.052000E+5
9.680000E-3	0.000000E+0	2.041460E+5
9.700000E-3	0.000000E+0	2.053150E+5
9.720000E-3	0.000000E+0	2.048920E+5
9.740000E-3	0.000000E+0	2.050810E+5
9.760000E-3	0.000000E+0	2.043410E+5
9.780000E-3	0.000000E+0	2.050600E+5
9.800000E-3	0.000000E+0	2.049890E+5
9.820000E-3	0.000000E+0	2.053790E+5
9.840000E-3	0.000000E+0	2.048980E+5
9.860000E-3	0.000000E+0	2.051270E+5
9.880000E-3	0.000000E+0	2.058480E+5
9.900000E-3	0.000000E+0	2.051340E+5
9.920000E-3	0.000000E+0	2.043940E+5
9.940000E-3	0.000000E+0	2.043860E+5
9.960000E-3	0.000000E+0	2.044020E+5
9.980000E-3	0.000000E+0	2.057190E+5
1.000000E-2	0.000000E+0	2.043490E+5
1.002000E-2	0.000000E+0	2.047990E+5
1.004000E-2	0.000000E+0	2.053240E+5
1.006000E-2	0.000000E+0	2.055010E+5
1.008000E-2	0.000000E+0	2.046510E+5
1.010000E-2	0.000000E+0	2.049270E+5
1.012000E-2	0.000000E+0	2.052060E+5
1.014000E-2	0.000000E+0	2.058100E+5
1.016000E-2	0.000000E+0	2.050580E+5
1.018000E-2	0.000000E+0	2.052250E+5
1.020000E-2	0.000000E+0	2.050440E+5
1.022000E-2	0.000000E+0	2.053870E+5
1.024000E-2	0.000000E+0	2.044620E+5
1.026000E-2	0.000000E+0	2.063710E+5
1.028000E-2	0.000000E+0	2.049270E+5
1.030000E-2	0.000000E+0	2.051730E+5
1.032000E-2	0.000000E+0	2.049850E+5
1.034000E-2	0.000000E+0	2.053090E+5
1.036000E-2	0.000000E+0	2.047650E+5
1.038000E-2	0.000000E+0	2.053420E+5
1.040000E-2	0.000000E+0	2.052020E+5
1.042000E-2	0.000000E+0	2.051890E+5
1.044000E-2	0.000000E+0	2.050540E+5
1.046000E-2	0.000000E+0	2.051260E+5
1.048000E-2	0.000000E+0	2.050930E+5
1.050000E-2	0.000000E+0	2.045300E+5
1.052000E-2	0.000000E+0	2.054990E+5
1.054000E-2	0.000000E+0	2.059190E+5
1.056000E-2	0.000000E+0	2.051470E+5
1.058000E-2	0.000000E+0	2.054000E+5
1.060000E-2	0.000000E+0	2.043090E+5
1.062000E-2	0.000000E+0	2.047060E+5
1.064000E-2	0.000000E+0	2.053820E+5
1.066000E-2	0.000000E+0	2.046410E+5
1.068000E-2	0.000000E+0	2.056900E+5
1.070000E-2	0.000000E+0	2.050170E+5
1.072000E-2	0.000000E+0	2.050430E+5
1.074000E-2	0.000000E+0	2.055680E+5
1.076000E-2	0.000000E+0	2.057420E+5
1.078000E-2	0.000000E+0	2.057530E+5
1.080000E-2	0.000000E+0	2.049950E+5
1.082000E-2	0.000000E+0	2.062650E+5
1.084000E-2	0.000000E+0	2.051170E+5
1.086000E-2	0.000000E+0	2.050290E+5
1.088000E-2	0.000000E+0	2.050950E+5
1.090000E-2	0.000000E+0	2.048070E+5
1.092000E-2	0.000000E+0	2.054120E+5
1.094000E-2	0.000000E+0	2.047760E+5
1.096000E-2	0.000000E+0	2.050320E+5
1.098000E-2	0.000000E+0	2.052930E+5
1.100000E-2	0.000000E+0	2.056140E+5
1.102000E-2	0.000000E+0	2.049220E+5
1.104000E-2	0.000000E+0	2.053680E+5
1.106000E-2	0.000000E+0	2.051790E+5
1.108000E-2	0.000000E+0	2.047630E+5
1.110000E-2	0.000000E+0	2.050640E+5
1.112000E-2	0.000000E+0	2.054320E+5
1.114000E-2	0.000000E+0	2.051830E+5
1.116000E-2	0.000000E+0	2.039600E+5
1.118000E-2	0.000000E+0	2.055790E+5
1.120000E-2	0.000000E+0	2.053150E+5
1.122000E-2	0.000000E+0	2.062770E+5
1.124000E-2	0.000000E+0	2.052950E+5
1.126000E-2	0.000000E+0	2.045640E+5
1.128000E-2	0.000000E+0	2.047500E+5
1.130000E-2	0.000000E+0	2.042080E+5
1.132000E-2	0.000000E+0	2.054990E+5
1.134000E-2	0.000000E+0	2.049540E+5
1.136000E-2	0.000000E+0	2.065210E+5
1.138000E-2	0.000000E+0	2.045890E+5
1.140000E-2	0.000000E+0	2.057540E+5
1.142000E-2	0.000000E+0	2.049300E+5
1.144000E-2	0.000000E+0	2.049920E+5
1.146000E-2	0.000000E+0	2.052720E+5
1.148000E-2	0.000000E+0	2.053720E+5
1.150000E-2	0.000000E+0	2.054430E+5
1.152000E-2	0.000000E+0	2.045670E+5
1.154000E-2	0.000000E+0	2.047630E+5
1.156000E-2	0.000000E+0	2.056450E+5
1.158000E-2	0.000000E+0	2.046480E+5
1.160000E-2	0.000000E+0	2.050740E+5
1.162000E-2	0.000000E+0	2.050810E+5
1.164000E-2	0.000000E+0	2.060750E+5
1.166000E-2	0.000000E+0	2.059180E+5
1.168000E-2	0.000000E+0	2.062260E+5
1.170000E-2	0.000000E+0	2.056570E+5
1.172000E-2	0.000000E+0	2.047830E+5
1.174000E-2	0.000000E+0	2.055410E+5
1.176000E-2	0.000000E+0	2.055030E+5
1.178000E-2	0.000000E+0	2.044280E+5
1.180000E-2	0.000000E+0	2.050200E+5
1.182000E-2	0.000000E+0	2.047300E+5
1.184000E-2	0.000000E+0	2.047420E+5
1.186000E-2	0.000000E+0	2.050550E+5
1.188000E-2	0.000000E+0	2.049590E+5
1.190000E-2	0.000000E+0	2.045740E+5
1.192000E-2	0.000000E+0	2.045780E+5
1.194000E-2	0.000000E+0	2.057240E+5
1.196000E-2	0.000000E+0	2.048750E+5
1.198000E-2	0.000000E+0	2.050590E+5
1.200000E-2	0.000000E+0	2.048020E+5
1.202000E-2	0.000000E+0	2.055120E+5
1.204000E-2	0.000000E+0	2.052710E+5
1.206000E-2	0.000000E+0	2.052740E+5
1.208000E-2	0.000000E+0	2.058070E+5
1.210000E-2	0.000000E+0	2.047920E+5
1.212000E-2	0.000000E+0	2.048690E+5
1.214000E-2	0.000000E+0	2.044060E+5
1.216000E-2	0.000000E+0	2.046390E+5
1.218000E-2	0.000000E+0	2.055480E+5
1.220000E-2	0.000000E+0	2.043800E+5
1.222000E-2	0.000000E+0	2.046600E+5
1.224000E-2	0.000000E+0	2.052570E+5
1.226000E-2	0.000000E+0	2.053150E+5
1.228000E-2	0.000000E+0	2.051890E+5
1.230000E-2	0.000000E+0	2.054790E+5
1.232000E-2	0.000000E+0	2.047030E+5
1.234000E-2	0.000000E+0	2.053280E+5
1.236000E-2	0.000000E+0	2.053010E+5
1.238000E-2	0.000000E+0	2.051020E+5
1.240000E-2	0.000000E+0	2.055850E+5
1.242000E-2	0.000000E+0	2.055040E+5
1.244000E-2	0.000000E+0	2.053910E+5
1.246000E-2	0.000000E+0	2.048370E+5
1.248000E-2	0.000000E+0	2.052310E+5
1.250000E-2	0.000000E+0	2.043880E+5
1.252000E-2	0.000000E+0	2.055710E+5
1.254000E-2	0.000000E+0	2.052490E+5
1.256000E-2	0.000000E+0	2.045450E+5
1.258000E-2	0.000000E+0	2.056620E+5
1.260000E-2	0.000000E+0	2.056220E+5
1.262000E-2	0.000000E+0	2.043010E+5
1.264000E-2	0.000000E+0	2.040800E+5
1.266000E-2	0.000000E+0	2.055890E+5
1.268000E-2	0.000000E+0	2.052670E+5
1.270000E-2	0.000000E+0	2.053810E+5
1.272000E-2	0.000000E+0	2.053620E+5
1.274000E-2	0.000000E+0	2.048920E+5
1.276000E-2	0.000000E+0	2.058860E+5
1.278000E-2	0.000000E+0	2.047730E+5
1.280000E-2	0.000000E+0	2.046500E+5
1.282000E-2	0.000000E+0	2.047920E+5
1.284000E-2	0.000000E+0	2.051780E+5
1.286000E-2	0.000000E+0	2.057920E+5
1.288000E-2	0.000000E+0	2.055410E+5
1.290000E-2	0.000000E+0	2.052800E+5
1.292000E-2	0.000000E+0	2.053720E+5
1.294000E-2	0.000000E+0	2.043590E+5
1.296000E-2	0.000000E+0	2.053500E+5
1.298000E-2	0.000000E+0	2.048200E+5
1.300000E-2	0.000000E+0	2.052720E+5
1.302000E-2	0.000000E+0	2.054200E+5
1.304000E-2	0.000000E+0	2.050140E+5
1.306000E-2	0.000000E+0	2.051590E+5
1.308000E-2	0.000000E+0	2.051920E+5
1.310000E-2	0.000000E+0	2.052500E+5
1.312000E-2	0.000000E+0	2.053000E+5
1.314000E-2	0.000000E+0	2.056990E+5
1.316000E-2	0.000000E+0	2.047210E+5
1.318000E-2	0.000000E+0	2.048170E+5
1.320000E-2	0.000000E+0	2.058920E+5
1.322000E-2	0.000000E+0	2.054260E+5
1.324000E-2	0.000000E+0	2.047150E+5
1.326000E-2	0.000000E+0	2.056900E+5
1.328000E-2	0.000000E+0	2.054770E+5
1.330000E-2	0.000000E+0	2.047110E+5
1.332000E-2	0.000000E+0	2.054020E+5
1.334000E-2	0.000000E+0	2.050740E+5
1.336000E-2	0.000000E+0	2.056380E+5
1.338000E-2	0.000000E+0	2.051900E+5
1.340000E-2	0.000000E+0	2.047260E+5
1.342000E-2	0.000000E+0	2.049150E+5
1.344000E-2	0.000000E+0	2.045590E+5
1.346000E-2	0.000000E+0	2.044030E+5
1.348000E-2	0.000000E+0	2.056700E+5
1.350000E-2	0.000000E+0	2.049020E+5
1.352000E-2	0.000000E+0	2.056090E+5
1.354000E-2	0.000000E+0	2.058500E+5
1.356000E-2	0.000000E+0	2.058340E+5
1.358000E-2	0.000000E+0	2.052580E+5
1.360000E-2	0.000000E+0	2.047690E+5
1.362000E-2	0.000000E+0	2.055270E+5
1.364000E-2	0.000000E+0	2.051130E+5
1.366000E-2	0.000000E+0	2.051200E+5
1.368000E-2	0.000000E+0	2.058170E+5
1.370000E-2	0.000000E+0	2.055870E+5
1.372000E-2	0.000000E+0	2.049250E+5
1.374000E-2	0.000000E+0	2.041790E+5
1.376000E-2	0.000000E+0	2.044570E+5
1.378000E-2	0.000000E+0	2.038900E+5
1.380000E-2	0.000000E+0	2.053240E+5
1.382000E-2	0.000000E+0	2.046930E+5
1.384000E-2	0.000000E+0	2.052480E+5
1.386000E-2	0.000000E+0	2.048630E+5
1.388000E-2	0.000000E+0	2.051280E+5
1.390000E-2	0.000000E+0	2.052050E+5
1.392000E-2	0.000000E+0	2.060470E+5
1.394000E-2	0.000000E+0	2.054750E+5
1.396000E-2	0.000000E+0	2.051140E+5
1.398000E-2	0.000000E+0	2.053060E+5
1.400000E-2	0.000000E+0	2.062320E+5
1.402000E-2	0.000000E+0	2.043330E+5
1.404000E-2	0.000000E+0	2.058930E+5
1.406000E-2	0.000000E+0	2.051040E+5
1.408000E-2	0.000000E+0	2.049320E+5
1.410000E-2	0.000000E+0	2.047300E+5
1.412000E-2	0.000000E+0	2.051110E+5
1.414000E-2	0.000000E+0	2.048430E+5
1.416000E-2	0.000000E+0	2.048110E+5
1.418000E-2	0.000000E+0	2.049960E+5
1.420000E-2	0.000000E+0	2.053510E+5
1.422000E-2	0.000000E+0	2.054500E+5
1.424000E-2	0.000000E+0	2.040860E+5
1.426000E-2	0.000000E+0	2.044810E+5
1.428000E-2	0.000000E+0	2.051080E+5
1.430000E-2	0.000000E+0	2.052480E+5
1.432000E-2	0.000000E+0	2.057030E+5
1.434000E-2	0.000000E+0	2.047110E+5
1.436000E-2	0.000000E+0	2.052630E+5
1.438000E-2	0.000000E+0	2.051490E+5
1.440000E-2	0.000000E+0	2.058140E+5
1.442000E-2	0.000000E+0	2.051150E+5
1.444000E-2	0.000000E+0	2.042820E+5
1.446000E-2	0.000000E+0	2.052470E+5
1.448000E-2	0.000000E+0	2.048740E+5
1.450000E-2	0.000000E+0	2.045620E+5
1.452000E-2	0.000000E+0	2.054100E+5
1.454000E-2	0.000000E+0	2.047070E+5
1.456000E-2	0.000000E+0	2.054950E+5
1.458000E-2	0.000000E+0	2.042870E+5
1.460000E-2	0.000000E+0	2.052760E+5
1.462000E-2	0.000000E+0	2.047380E+5
1.464000E-2	0.000000E+0	2.052530E+5
1.466000E-2	0.000000E+0	2.050840E+5
1.468000E-2	0.000000E+0	2.058350E+5
1.470000E-2	0.000000E+0	2.047110E+5
1.472000E-2	0.000000E+0	2.049550E+5
1.474000E-2	0.000000E+0	2.051320E+5
1.476000E-2	0.000000E+0	2.056090E+5
1.478000E-2	0.000000E+0	2.057460E+5
1.480000E-2	0.000000E+0	2.046140E+5
1.482000E-2	0.000000E+0	2.047140E+5
1.484000E-2	0.000000E+0	2.051110E+5
1.486000E-2	0.000000E+0	2.046910E+5
1.488000E-2	0.000000E+0	2.052920E+5
1.490000E-2	0.000000E+0	2.048240E+5
1.492000E-2	0.000000E+0	2.047900E+5
1.494000E-2	0.000000E+0	2.033960E+5
1.496000E-2	0.000000E+0	2.032510E+5
1.498000E-2	0.000000E+0	2.028150E+5
1.500000E-2	0.000000E+0	2.023090E+5
1.502000E-2	0.000000E+0	2.020610E+5
1.504000E-2	0.000000E+0	2.016880E+5
1.506000E-2	0.000000E+0	2.022200E+5
1.508000E-2	0.000000E+0	2.017390E+5
1.510000E-2	0.000000E+0	2.004000E+5
1.512000E-2	0.000000E+0	1.990500E+5
1.514000E-2	0.000000E+0	1.988650E+5
1.516000E-2	0.000000E+0	1.996370E+5
1.518000E-2	0.000000E+0	1.997380E+5
1.520000E-2	0.000000E+0	2.004430E+5
1.522000E-2	0.000000E+0	2.010820E+5
1.524000E-2	0.000000E+0	2.022220E+5
1.526000E-2	0.000000E+0	2.029610E+5
1.528000E-2	0.000000E+0	2.036070E+5
1.530000E-2	0.000000E+0	2.030680E+5
1.532000E-2	0.000000E+0	2.039850E+5
1.534000E-2	0.000000E+0	2.042690E+5
1.536000E-2	0.000000E+0	2.043190E+5
1.538000E-2	0.000000E+0	2.049470E+5
1.540000E-2	0.000000E+0	2.047210E+5
1.542000E-2	0.000000E+0	2.050100E+5
1.544000E-2	0.000000E+0	2.042520E+5
1.546000E-2	0.000000E+0	2.048320E+5
1.548000E-2	0.000000E+0	2.044780E+5
1.550000E-2	0.000000E+0	2.041710E+5
1.552000E-2	0.000000E+0	2.050400E+5
1.554000E-2	0.000000E+0	2.044090E+5
1.556000E-2	0.000000E+0	2.039060E+5
1.558000E-2	0.000000E+0	2.033790E+5
1.560000E-2	0.000000E+0	2.039440E+5
1.562000E-2	0.000000E+0	2.025770E+5
1.564000E-2	0.000000E+0	2.020730E+5
1.566000E-2	0.000000E+0	2.013620E+5
1.568000E-2	0.000000E+0	2.011290E+5
1.570000E-2	0.000000E+0	2.011230E+5
1.572000E-2	0.000000E+0	2.009220E+5
1.574000E-2	0.000000E+0	2.006960E+5
1.576000E-2	0.000000E+0	1.998330E+5
1.578000E-2	0.000000E+0	1.983450E+5
1.580000E-2	0.000000E+0	1.995580E+5
1.582000E-2	0.000000E+0	1.996540E+5
1.584000E-2	0.000000E+0	2.005340E+5
1.586000E-2	0.000000E+0	2.010040E+5
1.588000E-2	0.000000E+0	2.018090E+5
1.590000E-2	0.000000E+0	2.020700E+5
1.592000E-2	0.000000E+0	2.033680E+5
1.594000E-2	0.000000E+0	2.027820E+5
1.596000E-2	0.000000E+0	2.036790E+5
1.598000E-2	0.000000E+0	2.045330E+5
1.600000E-2	0.000000E+0	2.051380E+5
1.602000E-2	0.000000E+0	2.051960E+5
1.604000E-2	0.000000E+0	2.044570E+5
1.606000E-2	0.000000E+0	2.042950E+5
1.608000E-2	0.000000E+0	2.050650E+5
1.610000E-2	0.000000E+0	2.046340E+5
1.612000E-2	0.000000E+0	2.051440E+5
1.614000E-2	0.000000E+0	2.056980E+5
1.616000E-2	0.000000E+0	2.052680E+5
1.618000E-2	0.000000E+0	2.048110E+5
1.620000E-2	0.000000E+0	2.049490E+5
1.622000E-2	0.000000E+0	2.049890E+5
1.624000E-2	0.000000E+0	2.045280E+5
1.626000E-2	0.000000E+0	2.050050E+5
1.628000E-2	0.000000E+0	2.056430E+5
1.630000E-2	0.000000E+0	2.053890E+5
1.632000E-2	0.000000E+0	2.049680E+5
1.634000E-2	0.000000E+0	2.050960E+5
1.636000E-2	0.000000E+0	2.062020E+5
1.638000E-2	0.000000E+0	2.045910E+5
1.640000E-2	0.000000E+0	2.051100E+5
1.642000E-2	0.000000E+0	2.050050E+5
1.644000E-2	0.000000E+0	2.048710E+5
1.646000E-2	0.000000E+0	2.050260E+5
1.648000E-2	0.000000E+0	2.045280E+5
1.650000E-2	0.000000E+0	2.051780E+5
1.652000E-2	0.000000E+0	2.056570E+5
1.654000E-2	0.000000E+0	2.048980E+5
1.656000E-2	0.000000E+0	2.049060E+5
1.658000E-2	0.000000E+0	2.051820E+5
1.660000E-2	0.000000E+0	2.051950E+5
1.662000E-2	0.000000E+0	2.051480E+5
1.664000E-2	0.000000E+0	2.052980E+5
1.666000E-2	0.000000E+0	2.050890E+5
1.668000E-2	0.000000E+0	2.047310E+5
1.670000E-2	0.000000E+0	2.049030E+5
1.672000E-2	0.000000E+0	2.058950E+5
1.674000E-2	0.000000E+0	2.049130E+5
1.676000E-2	0.000000E+0	2.050800E+5
1.678000E-2	0.000000E+0	2.047420E+5
1.680000E-2	0.000000E+0	2.050230E+5
1.682000E-2	0.000000E+0	2.049330E+5
1.684000E-2	0.000000E+0	2.046500E+5
1.686000E-2	0.000000E+0	2.053180E+5
1.688000E-2	0.000000E+0	2.047410E+5
1.690000E-2	0.000000E+0	2.053170E+5
1.692000E-2	0.000000E+0	2.047650E+5
1.694000E-2	0.000000E+0	2.053480E+5
1.696000E-2	0.000000E+0	2.049460E+5
1.698000E-2	0.000000E+0	2.049290E+5
1.700000E-2	0.000000E+0	2.049690E+5
1.702000E-2	0.000000E+0	2.053580E+5
1.704000E-2	0.000000E+0	2.050280E+5
1.706000E-2	0.000000E+0	2.060320E+5
1.708000E-2	0.000000E+0	2.045800E+5
1.710000E-2	0.000000E+0	2.053760E+5
1.712000E-2	0.000000E+0	2.055800E+5
1.714000E-2	0.000000E+0	2.049150E+5
1.716000E-2	0.000000E+0	2.054170E+5
1.718000E-2	0.000000E+0	2.049320E+5
1.720000E-2	0.000000E+0	2.057250E+5
1.722000E-2	0.000000E+0	2.056540E+5
1.724000E-2	0.000000E+0	2.042950E+5
1.726000E-2	0.000000E+0	2.046570E+5
1.728000E-2	0.000000E+0	2.049920E+5
1.730000E-2	0.000000E+0	2.047190E+5
1.732000E-2	0.000000E+0	2.048350E+5
1.734000E-2	0.000000E+0	2.047180E+5
1.736000E-2	0.000000E+0	2.058390E+5
1.738000E-2	0.000000E+0	2.057550E+5
1.740000E-2	0.000000E+0	2.051840E+5
1.742000E-2	0.000000E+0	2.041760E+5
1.744000E-2	0.000000E+0	2.045390E+5
1.746000E-2	0.000000E+0	2.045950E+5
1.748000E-2	0.000000E+0	2.050860E+5
1.750000E-2	0.000000E+0	2.048180E+5
1.752000E-2	0.000000E+0	2.053590E+5
1.754000E-2	0.000000E+0	2.041000E+5
1.756000E-2	0.000000E+0	2.047320E+5
1.758000E-2	0.000000E+0	2.053160E+5
1.760000E-2	0.000000E+0	2.050930E+5
1.762000E-2	0.000000E+0	2.051280E+5
1.764000E-2	0.000000E+0	2.052460E+5
1.766000E-2	0.000000E+0	2.052840E+5
1.768000E-2	0.000000E+0	2.052030E+5
1.770000E-2	0.000000E+0	2.052290E+5
1.772000E-2	0.000000E+0	2.057990E+5
1.774000E-2	0.000000E+0	2.047880E+5
1.776000E-2	0.000000E+0	2.043730E+5
1.778000E-2	0.000000E+0	2.058050E+5
1.780000E-2	0.000000E+0	2.045410E+5
1.782000E-2	0.000000E+0	2.052510E+5
1.784000E-2	0.000000E+0	2.047040E+5
1.786000E-2	0.000000E+0	2.051550E+5
1.788000E-2	0.000000E+0	2.049890E+5
1.790000E-2	0.000000E+0	2.052200E+5
1.792000E-2	0.000000E+0	2.044650E+5
1.794000E-2	0.000000E+0	2.052290E+5
1.796000E-2	0.000000E+0	2.052250E+5
1.798000E-2	0.000000E+0	2.053440E+5
1.800000E-2	0.000000E+0	2.045030E+5
1.802000E-2	0.000000E+0	2.049380E+5
1.804000E-2	0.000000E+0	2.043130E+5
1.806000E-2	0.000000E+0	2.047750E+5
1.808000E-2	0.000000E+0	2.050240E+5
1.810000E-2	0.000000E+0	2.060380E+5
1.812000E-2	0.000000E+0	2.057480E+5
1.814000E-2	0.000000E+0	2.055950E+5
1.816000E-2	0.000000E+0	2.053740E+5
1.818000E-2	0.000000E+0	2.047940E+5
1.820000E-2	0.000000E+0	2.058160E+5
1.822000E-2	0.000000E+0	2.043630E+5
1.824000E-2	0.000000E+0	2.051630E+5
1.826000E-2	0.000000E+0	2.053870E+5
1.828000E-2	0.000000E+0	2.048510E+5
1.830000E-2	0.000000E+0	2.049070E+5
1.832000E-2	0.000000E+0	2.056900E+5
1.834000E-2	0.000000E+0	2.040700E+5
1.836000E-2	0.000000E+0	2.054660E+5
1.838000E-2	0.000000E+0	2.049050E+5
1.840000E-2	0.000000E+0	2.050630E+5
1.842000E-2	0.000000E+0	2.052180E+5
1.844000E-2	0.000000E+0	2.048870E+5
1.846000E-2	0.000000E+0	2.043870E+5
1.848000E-2	0.000000E+0	2.052180E+5
1.850000E-2	0.000000E+0	2.054780E+5
1.852000E-2	0.000000E+0	2.052020E+5
1.854000E-2	0.000000E+0	2.054870E+5
1.856000E-2	0.000000E+0	2.041170E+5
1.858000E-2	0.000000E+0	2.052290E+5
1.860000E-2	0.000000E+0	2.056260E+5
1.862000E-2	0.000000E+0	2.049320E+5
1.864000E-2	0.000000E+0	2.043890E+5
1.866000E-2	0.000000E+0	2.052450E+5
1.868000E-2	0.000000E+0	2.048950E+5
1.870000E-2	0.000000E+0	2.050130E+5
1.872000E-2	0.000000E+0	2.053520E+5
1.874000E-2	0.000000E+0	2.044340E+5
1.876000E-2	0.000000E+0	2.047570E+5
1.878000E-2	0.000000E+0	2.052670E+5
1.880000E-2	0.000000E+0	2.048100E+5
1.882000E-2	0.000000E+0	2.047030E+5
1.884000E-2	0.000000E+0	2.054450E+5
1.886000E-2	0.000000E+0	2.053020E+5
1.888000E-2	0.000000E+0	2.046740E+5
1.890000E-2	0.000000E+0	2.048860E+5
1.892000E-2	0.000000E+0	2.059660E+5
1.894000E-2	0.000000E+0	2.054010E+5
1.896000E-2	0.000000E+0	2.056380E+5
1.898000E-2	0.000000E+0	2.049960E+5
1.900000E-2	0.000000E+0	2.052300E+5
1.902000E-2	0.000000E+0	2.042410E+5
1.904000E-2	0.000000E+0	2.052660E+5
1.906000E-2	0.000000E+0	2.053120E+5
1.908000E-2	0.000000E+0	2.053310E+5
1.910000E-2	0.000000E+0	2.044710E+5
1.912000E-2	0.000000E+0	2.052470E+5
1.914000E-2	0.000000E+0	2.051110E+5
1.916000E-2	0.000000E+0	2.045770E+5
1.918000E-2	0.000000E+0	2.050260E+5
1.920000E-2	0.000000E+0	2.053590E+5
1.922000E-2	0.000000E+0	2.047220E+5
1.924000E-2	0.000000E+0	2.049010E+5
1.926000E-2	0.000000E+0	2.051610E+5
1.928000E-2	0.000000E+0	2.054550E+5
1.930000E-2	0.000000E+0	2.050660E+5
1.932000E-2	0.000000E+0	2.047390E+5
1.934000E-2	0.000000E+0	2.049130E+5
1.936000E-2	0.000000E+0	2.047260E+5
1.938000E-2	0.000000E+0	2.054990E+5
1.940000E-2	0.000000E+0	2.047130E+5
1.942000E-2	0.000000E+0	2.058090E+5
1.944000E-2	0.000000E+0	2.055360E+5
1.946000E-2	0.000000E+0	2.048900E+5
1.948000E-2	0.000000E+0	2.050150E+5
1.950000E-2	0.000000E+0	2.048800E+5
1.952000E-2	0.000000E+0	2.058420E+5
1.954000E-2	0.000000E+0	2.051580E+5
1.956000E-2	0.000000E+0	2.054850E+5
1.958000E-2	0.000000E+0	2.053520E+5
1.960000E-2	0.000000E+0	2.052150E+5
1.962000E-2	0.000000E+0	2.050850E+5
1.964000E-2	0.000000E+0	2.054360E+5
1.966000E-2	0.000000E+0	2.054250E+5
1.968000E-2	0.000000E+0	2.055660E+5
1.970000E-2	0.000000E+0	2.049620E+5
1.972000E-2	0.000000E+0	2.050540E+5
1.974000E-2	0.000000E+0	2.047450E+5
1.976000E-2	0.000000E+0	2.044430E+5
1.978000E-2	0.000000E+0	2.047120E+5
1.980000E-2	0.000000E+0	2.053300E+5
1.982000E-2	0.000000E+0	2.050520E+5
1.984000E-2	0.000000E+0	2.053700E+5
1.986000E-2	0.000000E+0	2.048850E+5
1.988000E-2	0.000000E+0	2.042760E+5
1.990000E-2	0.000000E+0	2.050820E+5
1.992000E-2	0.000000E+0	2.047130E+5
1.994000E-2	0.000000E+0	2.055160E+5
1.996000E-2	0.000000E+0	2.050880E+5
1.998000E-2	0.000000E+0	2.050370E+5
