

live time:  270301.800000
real time:  378006.318000
sweeps:  13515090.000000
0.000000E+0	0.000000E+0	0.000000E+0
2.000000E-5	0.000000E+0	5.914010E+5
4.000000E-5	0.000000E+0	5.921210E+5
6.000000E-5	0.000000E+0	5.910890E+5
8.000000E-5	0.000000E+0	5.929250E+5
1.000000E-4	0.000000E+0	5.908010E+5
1.200000E-4	0.000000E+0	5.924560E+5
1.400000E-4	0.000000E+0	5.919760E+5
1.600000E-4	0.000000E+0	5.926480E+5
1.800000E-4	0.000000E+0	5.922580E+5
2.000000E-4	0.000000E+0	5.917230E+5
2.200000E-4	0.000000E+0	5.924770E+5
2.400000E-4	0.000000E+0	5.903990E+5
2.600000E-4	0.000000E+0	5.911980E+5
2.800000E-4	0.000000E+0	5.912830E+5
3.000000E-4	0.000000E+0	5.931270E+5
3.200000E-4	0.000000E+0	5.918810E+5
3.400000E-4	0.000000E+0	5.905680E+5
3.600000E-4	0.000000E+0	5.923830E+5
3.800000E-4	0.000000E+0	5.905610E+5
4.000000E-4	0.000000E+0	5.907590E+5
4.200000E-4	0.000000E+0	5.917870E+5
4.400000E-4	0.000000E+0	5.914260E+5
4.600000E-4	0.000000E+0	5.927990E+5
4.800000E-4	0.000000E+0	5.908860E+5
5.000000E-4	0.000000E+0	5.915630E+5
5.200000E-4	0.000000E+0	5.919800E+5
5.400000E-4	0.000000E+0	5.913280E+5
5.600000E-4	0.000000E+0	5.906410E+5
5.800000E-4	0.000000E+0	5.919800E+5
6.000000E-4	0.000000E+0	5.924670E+5
6.200000E-4	0.000000E+0	5.910080E+5
6.400000E-4	0.000000E+0	5.919550E+5
6.600000E-4	0.000000E+0	5.904800E+5
6.800000E-4	0.000000E+0	5.905260E+5
7.000000E-4	0.000000E+0	5.916530E+5
7.200000E-4	0.000000E+0	5.925150E+5
7.400000E-4	0.000000E+0	5.911040E+5
7.600000E-4	0.000000E+0	5.910280E+5
7.800000E-4	0.000000E+0	5.905970E+5
8.000000E-4	0.000000E+0	5.919480E+5
8.200000E-4	0.000000E+0	5.907630E+5
8.400000E-4	0.000000E+0	5.909690E+5
8.600000E-4	0.000000E+0	5.919800E+5
8.800000E-4	0.000000E+0	5.903590E+5
9.000000E-4	0.000000E+0	5.927460E+5
9.200000E-4	0.000000E+0	5.909770E+5
9.400000E-4	0.000000E+0	5.918250E+5
9.600000E-4	0.000000E+0	5.908050E+5
9.800000E-4	0.000000E+0	5.924700E+5
1.000000E-3	0.000000E+0	5.915570E+5
1.020000E-3	0.000000E+0	5.914970E+5
1.040000E-3	0.000000E+0	5.913250E+5
1.060000E-3	0.000000E+0	5.913780E+5
1.080000E-3	0.000000E+0	5.912590E+5
1.100000E-3	0.000000E+0	5.912910E+5
1.120000E-3	0.000000E+0	5.921840E+5
1.140000E-3	0.000000E+0	5.902530E+5
1.160000E-3	0.000000E+0	5.912620E+5
1.180000E-3	0.000000E+0	5.905360E+5
1.200000E-3	0.000000E+0	5.920350E+5
1.220000E-3	0.000000E+0	5.925940E+5
1.240000E-3	0.000000E+0	5.918540E+5
1.260000E-3	0.000000E+0	5.917450E+5
1.280000E-3	0.000000E+0	5.917230E+5
1.300000E-3	0.000000E+0	5.901660E+5
1.320000E-3	0.000000E+0	5.928810E+5
1.340000E-3	0.000000E+0	5.914530E+5
1.360000E-3	0.000000E+0	5.904950E+5
1.380000E-3	0.000000E+0	5.921700E+5
1.400000E-3	0.000000E+0	5.916010E+5
1.420000E-3	0.000000E+0	5.918200E+5
1.440000E-3	0.000000E+0	5.914220E+5
1.460000E-3	0.000000E+0	5.904460E+5
1.480000E-3	0.000000E+0	5.920090E+5
1.500000E-3	0.000000E+0	5.912620E+5
1.520000E-3	0.000000E+0	5.902800E+5
1.540000E-3	0.000000E+0	5.919100E+5
1.560000E-3	0.000000E+0	5.908570E+5
1.580000E-3	0.000000E+0	5.921370E+5
1.600000E-3	0.000000E+0	5.911510E+5
1.620000E-3	0.000000E+0	5.906530E+5
1.640000E-3	0.000000E+0	5.903690E+5
1.660000E-3	0.000000E+0	5.917830E+5
1.680000E-3	0.000000E+0	5.917250E+5
1.700000E-3	0.000000E+0	5.901910E+5
1.720000E-3	0.000000E+0	5.922320E+5
1.740000E-3	0.000000E+0	5.926330E+5
1.760000E-3	0.000000E+0	5.909540E+5
1.780000E-3	0.000000E+0	5.928940E+5
1.800000E-3	0.000000E+0	5.925000E+5
1.820000E-3	0.000000E+0	5.906710E+5
1.840000E-3	0.000000E+0	5.903370E+5
1.860000E-3	0.000000E+0	5.913510E+5
1.880000E-3	0.000000E+0	5.914240E+5
1.900000E-3	0.000000E+0	5.904560E+5
1.920000E-3	0.000000E+0	5.914370E+5
1.940000E-3	0.000000E+0	5.911740E+5
1.960000E-3	0.000000E+0	5.917120E+5
1.980000E-3	0.000000E+0	5.920900E+5
2.000000E-3	0.000000E+0	5.906880E+5
2.020000E-3	0.000000E+0	5.911520E+5
2.040000E-3	0.000000E+0	5.908780E+5
2.060000E-3	0.000000E+0	5.926890E+5
2.080000E-3	0.000000E+0	5.929610E+5
2.100000E-3	0.000000E+0	5.920670E+5
2.120000E-3	0.000000E+0	5.920530E+5
2.140000E-3	0.000000E+0	5.900010E+5
2.160000E-3	0.000000E+0	5.905660E+5
2.180000E-3	0.000000E+0	5.913520E+5
2.200000E-3	0.000000E+0	5.923300E+5
2.220000E-3	0.000000E+0	5.921880E+5
2.240000E-3	0.000000E+0	5.912900E+5
2.260000E-3	0.000000E+0	5.916570E+5
2.280000E-3	0.000000E+0	5.916340E+5
2.300000E-3	0.000000E+0	5.924130E+5
2.320000E-3	0.000000E+0	5.911850E+5
2.340000E-3	0.000000E+0	5.915790E+5
2.360000E-3	0.000000E+0	5.916050E+5
2.380000E-3	0.000000E+0	5.933980E+5
2.400000E-3	0.000000E+0	5.897930E+5
2.420000E-3	0.000000E+0	5.910850E+5
2.440000E-3	0.000000E+0	5.910500E+5
2.460000E-3	0.000000E+0	5.919670E+5
2.480000E-3	0.000000E+0	5.931600E+5
2.500000E-3	0.000000E+0	5.915000E+5
2.520000E-3	0.000000E+0	5.916030E+5
2.540000E-3	0.000000E+0	5.907340E+5
2.560000E-3	0.000000E+0	5.916290E+5
2.580000E-3	0.000000E+0	5.912100E+5
2.600000E-3	0.000000E+0	5.927490E+5
2.620000E-3	0.000000E+0	5.914500E+5
2.640000E-3	0.000000E+0	5.895280E+5
2.660000E-3	0.000000E+0	5.925790E+5
2.680000E-3	0.000000E+0	5.915190E+5
2.700000E-3	0.000000E+0	5.919660E+5
2.720000E-3	0.000000E+0	5.897100E+5
2.740000E-3	0.000000E+0	5.909610E+5
2.760000E-3	0.000000E+0	5.910650E+5
2.780000E-3	0.000000E+0	5.914370E+5
2.800000E-3	0.000000E+0	5.920630E+5
2.820000E-3	0.000000E+0	5.906370E+5
2.840000E-3	0.000000E+0	5.904040E+5
2.860000E-3	0.000000E+0	5.921980E+5
2.880000E-3	0.000000E+0	5.913810E+5
2.900000E-3	0.000000E+0	5.912350E+5
2.920000E-3	0.000000E+0	5.903350E+5
2.940000E-3	0.000000E+0	5.917830E+5
2.960000E-3	0.000000E+0	5.915660E+5
2.980000E-3	0.000000E+0	5.913850E+5
3.000000E-3	0.000000E+0	5.912490E+5
3.020000E-3	0.000000E+0	5.917390E+5
3.040000E-3	0.000000E+0	5.922380E+5
3.060000E-3	0.000000E+0	5.931490E+5
3.080000E-3	0.000000E+0	5.909870E+5
3.100000E-3	0.000000E+0	5.911500E+5
3.120000E-3	0.000000E+0	5.918710E+5
3.140000E-3	0.000000E+0	5.922460E+5
3.160000E-3	0.000000E+0	5.903530E+5
3.180000E-3	0.000000E+0	5.918530E+5
3.200000E-3	0.000000E+0	5.915440E+5
3.220000E-3	0.000000E+0	5.919550E+5
3.240000E-3	0.000000E+0	5.925980E+5
3.260000E-3	0.000000E+0	5.918650E+5
3.280000E-3	0.000000E+0	5.913700E+5
3.300000E-3	0.000000E+0	5.911730E+5
3.320000E-3	0.000000E+0	5.917690E+5
3.340000E-3	0.000000E+0	5.905900E+5
3.360000E-3	0.000000E+0	5.911210E+5
3.380000E-3	0.000000E+0	5.900660E+5
3.400000E-3	0.000000E+0	5.908830E+5
3.420000E-3	0.000000E+0	5.931760E+5
3.440000E-3	0.000000E+0	5.909940E+5
3.460000E-3	0.000000E+0	5.918550E+5
3.480000E-3	0.000000E+0	5.907870E+5
3.500000E-3	0.000000E+0	5.914200E+5
3.520000E-3	0.000000E+0	5.904300E+5
3.540000E-3	0.000000E+0	5.913290E+5
3.560000E-3	0.000000E+0	5.911150E+5
3.580000E-3	0.000000E+0	5.909610E+5
3.600000E-3	0.000000E+0	5.909690E+5
3.620000E-3	0.000000E+0	5.890310E+5
3.640000E-3	0.000000E+0	5.923620E+5
3.660000E-3	0.000000E+0	5.912400E+5
3.680000E-3	0.000000E+0	5.912590E+5
3.700000E-3	0.000000E+0	5.907800E+5
3.720000E-3	0.000000E+0	5.907130E+5
3.740000E-3	0.000000E+0	5.912870E+5
3.760000E-3	0.000000E+0	5.912550E+5
3.780000E-3	0.000000E+0	5.905220E+5
3.800000E-3	0.000000E+0	5.902490E+5
3.820000E-3	0.000000E+0	5.909510E+5
3.840000E-3	0.000000E+0	5.911920E+5
3.860000E-3	0.000000E+0	5.911680E+5
3.880000E-3	0.000000E+0	5.901350E+5
3.900000E-3	0.000000E+0	5.912870E+5
3.920000E-3	0.000000E+0	5.930350E+5
3.940000E-3	0.000000E+0	5.917980E+5
3.960000E-3	0.000000E+0	5.919800E+5
3.980000E-3	0.000000E+0	5.918410E+5
4.000000E-3	0.000000E+0	5.907790E+5
4.020000E-3	0.000000E+0	5.922630E+5
4.040000E-3	0.000000E+0	5.911890E+5
4.060000E-3	0.000000E+0	5.917710E+5
4.080000E-3	0.000000E+0	5.916840E+5
4.100000E-3	0.000000E+0	5.913270E+5
4.120000E-3	0.000000E+0	5.914150E+5
4.140000E-3	0.000000E+0	5.906870E+5
4.160000E-3	0.000000E+0	5.912760E+5
4.180000E-3	0.000000E+0	5.903720E+5
4.200000E-3	0.000000E+0	5.913180E+5
4.220000E-3	0.000000E+0	5.909530E+5
4.240000E-3	0.000000E+0	5.904690E+5
4.260000E-3	0.000000E+0	5.903230E+5
4.280000E-3	0.000000E+0	5.913650E+5
4.300000E-3	0.000000E+0	5.912400E+5
4.320000E-3	0.000000E+0	5.908180E+5
4.340000E-3	0.000000E+0	5.910700E+5
4.360000E-3	0.000000E+0	5.913750E+5
4.380000E-3	0.000000E+0	5.908910E+5
4.400000E-3	0.000000E+0	5.921010E+5
4.420000E-3	0.000000E+0	5.910750E+5
4.440000E-3	0.000000E+0	5.910600E+5
4.460000E-3	0.000000E+0	5.916550E+5
4.480000E-3	0.000000E+0	5.901330E+5
4.500000E-3	0.000000E+0	5.910590E+5
4.520000E-3	0.000000E+0	5.907890E+5
4.540000E-3	0.000000E+0	5.899230E+5
4.560000E-3	0.000000E+0	5.908050E+5
4.580000E-3	0.000000E+0	5.911120E+5
4.600000E-3	0.000000E+0	5.914360E+5
4.620000E-3	0.000000E+0	5.903470E+5
4.640000E-3	0.000000E+0	5.911240E+5
4.660000E-3	0.000000E+0	5.915260E+5
4.680000E-3	0.000000E+0	5.908220E+5
4.700000E-3	0.000000E+0	5.913450E+5
4.720000E-3	0.000000E+0	5.906690E+5
4.740000E-3	0.000000E+0	5.901850E+5
4.760000E-3	0.000000E+0	5.916780E+5
4.780000E-3	0.000000E+0	5.896180E+5
4.800000E-3	0.000000E+0	5.898660E+5
4.820000E-3	0.000000E+0	5.894280E+5
4.840000E-3	0.000000E+0	5.894800E+5
4.860000E-3	0.000000E+0	5.875670E+5
4.880000E-3	0.000000E+0	5.866620E+5
4.900000E-3	0.000000E+0	5.864910E+5
4.920000E-3	0.000000E+0	5.830800E+5
4.940000E-3	0.000000E+0	5.821700E+5
4.960000E-3	0.000000E+0	5.813150E+5
4.980000E-3	0.000000E+0	5.822160E+5
5.000000E-3	0.000000E+0	5.802970E+5
5.020000E-3	0.000000E+0	5.780830E+5
5.040000E-3	0.000000E+0	5.759920E+5
5.060000E-3	0.000000E+0	5.739250E+5
5.080000E-3	0.000000E+0	5.756990E+5
5.100000E-3	0.000000E+0	5.756210E+5
5.120000E-3	0.000000E+0	5.750580E+5
5.140000E-3	0.000000E+0	5.770340E+5
5.160000E-3	0.000000E+0	5.795990E+5
5.180000E-3	0.000000E+0	5.808380E+5
5.200000E-3	0.000000E+0	5.823790E+5
5.220000E-3	0.000000E+0	5.844970E+5
5.240000E-3	0.000000E+0	5.837520E+5
5.260000E-3	0.000000E+0	5.879980E+5
5.280000E-3	0.000000E+0	5.852750E+5
5.300000E-3	0.000000E+0	5.875140E+5
5.320000E-3	0.000000E+0	5.893650E+5
5.340000E-3	0.000000E+0	5.896630E+5
5.360000E-3	0.000000E+0	5.906380E+5
5.380000E-3	0.000000E+0	5.889680E+5
5.400000E-3	0.000000E+0	5.911150E+5
5.420000E-3	0.000000E+0	5.905290E+5
5.440000E-3	0.000000E+0	5.899520E+5
5.460000E-3	0.000000E+0	5.888650E+5
5.480000E-3	0.000000E+0	5.888330E+5
5.500000E-3	0.000000E+0	5.890090E+5
5.520000E-3	0.000000E+0	5.867160E+5
5.540000E-3	0.000000E+0	5.859980E+5
5.560000E-3	0.000000E+0	5.829610E+5
5.580000E-3	0.000000E+0	5.824240E+5
5.600000E-3	0.000000E+0	5.810460E+5
5.620000E-3	0.000000E+0	5.813850E+5
5.640000E-3	0.000000E+0	5.818760E+5
5.660000E-3	0.000000E+0	5.795360E+5
5.680000E-3	0.000000E+0	5.789660E+5
5.700000E-3	0.000000E+0	5.754190E+5
5.720000E-3	0.000000E+0	5.753280E+5
5.740000E-3	0.000000E+0	5.768790E+5
5.760000E-3	0.000000E+0	5.772080E+5
5.780000E-3	0.000000E+0	5.776980E+5
5.800000E-3	0.000000E+0	5.803350E+5
5.820000E-3	0.000000E+0	5.823530E+5
5.840000E-3	0.000000E+0	5.833150E+5
5.860000E-3	0.000000E+0	5.832060E+5
5.880000E-3	0.000000E+0	5.855350E+5
5.900000E-3	0.000000E+0	5.874940E+5
5.920000E-3	0.000000E+0	5.895590E+5
5.940000E-3	0.000000E+0	5.888320E+5
5.960000E-3	0.000000E+0	5.891380E+5
5.980000E-3	0.000000E+0	5.909020E+5
6.000000E-3	0.000000E+0	5.902490E+5
6.020000E-3	0.000000E+0	5.900580E+5
6.040000E-3	0.000000E+0	5.904940E+5
6.060000E-3	0.000000E+0	5.907690E+5
6.080000E-3	0.000000E+0	5.911360E+5
6.100000E-3	0.000000E+0	5.894140E+5
6.120000E-3	0.000000E+0	5.907240E+5
6.140000E-3	0.000000E+0	5.909040E+5
6.160000E-3	0.000000E+0	5.900750E+5
6.180000E-3	0.000000E+0	5.915840E+5
6.200000E-3	0.000000E+0	5.907460E+5
6.220000E-3	0.000000E+0	5.912390E+5
6.240000E-3	0.000000E+0	5.903370E+5
6.260000E-3	0.000000E+0	5.916740E+5
6.280000E-3	0.000000E+0	5.922430E+5
6.300000E-3	0.000000E+0	5.919710E+5
6.320000E-3	0.000000E+0	5.913240E+5
6.340000E-3	0.000000E+0	5.911920E+5
6.360000E-3	0.000000E+0	5.907800E+5
6.380000E-3	0.000000E+0	5.924570E+5
6.400000E-3	0.000000E+0	5.908670E+5
6.420000E-3	0.000000E+0	5.898740E+5
6.440000E-3	0.000000E+0	5.930130E+5
6.460000E-3	0.000000E+0	5.901890E+5
6.480000E-3	0.000000E+0	5.905550E+5
6.500000E-3	0.000000E+0	5.903660E+5
6.520000E-3	0.000000E+0	5.915380E+5
6.540000E-3	0.000000E+0	5.907610E+5
6.560000E-3	0.000000E+0	5.918740E+5
6.580000E-3	0.000000E+0	5.902830E+5
6.600000E-3	0.000000E+0	5.918410E+5
6.620000E-3	0.000000E+0	5.911030E+5
6.640000E-3	0.000000E+0	5.914940E+5
6.660000E-3	0.000000E+0	5.903080E+5
6.680000E-3	0.000000E+0	5.914000E+5
6.700000E-3	0.000000E+0	5.919300E+5
6.720000E-3	0.000000E+0	5.913070E+5
6.740000E-3	0.000000E+0	5.911450E+5
6.760000E-3	0.000000E+0	5.921130E+5
6.780000E-3	0.000000E+0	5.906060E+5
6.800000E-3	0.000000E+0	5.917620E+5
6.820000E-3	0.000000E+0	5.914870E+5
6.840000E-3	0.000000E+0	5.911380E+5
6.860000E-3	0.000000E+0	5.915990E+5
6.880000E-3	0.000000E+0	5.920840E+5
6.900000E-3	0.000000E+0	5.910440E+5
6.920000E-3	0.000000E+0	5.899890E+5
6.940000E-3	0.000000E+0	5.914240E+5
6.960000E-3	0.000000E+0	5.895880E+5
6.980000E-3	0.000000E+0	5.909360E+5
7.000000E-3	0.000000E+0	5.907240E+5
7.020000E-3	0.000000E+0	5.916790E+5
7.040000E-3	0.000000E+0	5.914910E+5
7.060000E-3	0.000000E+0	5.917900E+5
7.080000E-3	0.000000E+0	5.909630E+5
7.100000E-3	0.000000E+0	5.900360E+5
7.120000E-3	0.000000E+0	5.918420E+5
7.140000E-3	0.000000E+0	5.905170E+5
7.160000E-3	0.000000E+0	5.908980E+5
7.180000E-3	0.000000E+0	5.906250E+5
7.200000E-3	0.000000E+0	5.910220E+5
7.220000E-3	0.000000E+0	5.925810E+5
7.240000E-3	0.000000E+0	5.909490E+5
7.260000E-3	0.000000E+0	5.914030E+5
7.280000E-3	0.000000E+0	5.913380E+5
7.300000E-3	0.000000E+0	5.914880E+5
7.320000E-3	0.000000E+0	5.910540E+5
7.340000E-3	0.000000E+0	5.924710E+5
7.360000E-3	0.000000E+0	5.910640E+5
7.380000E-3	0.000000E+0	5.924200E+5
7.400000E-3	0.000000E+0	5.919040E+5
7.420000E-3	0.000000E+0	5.909390E+5
7.440000E-3	0.000000E+0	5.912610E+5
7.460000E-3	0.000000E+0	5.910270E+5
7.480000E-3	0.000000E+0	5.905390E+5
7.500000E-3	0.000000E+0	5.925340E+5
7.520000E-3	0.000000E+0	5.915200E+5
7.540000E-3	0.000000E+0	5.913050E+5
7.560000E-3	0.000000E+0	5.917960E+5
7.580000E-3	0.000000E+0	5.912500E+5
7.600000E-3	0.000000E+0	5.913990E+5
7.620000E-3	0.000000E+0	5.919390E+5
7.640000E-3	0.000000E+0	5.924390E+5
7.660000E-3	0.000000E+0	5.910000E+5
7.680000E-3	0.000000E+0	5.914260E+5
7.700000E-3	0.000000E+0	5.911450E+5
7.720000E-3	0.000000E+0	5.921670E+5
7.740000E-3	0.000000E+0	5.907590E+5
7.760000E-3	0.000000E+0	5.920390E+5
7.780000E-3	0.000000E+0	5.927500E+5
7.800000E-3	0.000000E+0	5.911500E+5
7.820000E-3	0.000000E+0	5.910420E+5
7.840000E-3	0.000000E+0	5.929280E+5
7.860000E-3	0.000000E+0	5.913410E+5
7.880000E-3	0.000000E+0	5.905980E+5
7.900000E-3	0.000000E+0	5.914230E+5
7.920000E-3	0.000000E+0	5.911360E+5
7.940000E-3	0.000000E+0	5.922700E+5
7.960000E-3	0.000000E+0	5.932720E+5
7.980000E-3	0.000000E+0	5.924440E+5
8.000000E-3	0.000000E+0	5.916680E+5
8.020000E-3	0.000000E+0	5.914420E+5
8.040000E-3	0.000000E+0	5.899560E+5
8.060000E-3	0.000000E+0	5.902940E+5
8.080000E-3	0.000000E+0	5.920390E+5
8.100000E-3	0.000000E+0	5.929010E+5
8.120000E-3	0.000000E+0	5.920810E+5
8.140000E-3	0.000000E+0	5.907670E+5
8.160000E-3	0.000000E+0	5.910410E+5
8.180000E-3	0.000000E+0	5.909660E+5
8.200000E-3	0.000000E+0	5.915000E+5
8.220000E-3	0.000000E+0	5.916680E+5
8.240000E-3	0.000000E+0	5.921410E+5
8.260000E-3	0.000000E+0	5.930900E+5
8.280000E-3	0.000000E+0	5.905600E+5
8.300000E-3	0.000000E+0	5.916370E+5
8.320000E-3	0.000000E+0	5.907380E+5
8.340000E-3	0.000000E+0	5.902190E+5
8.360000E-3	0.000000E+0	5.907710E+5
8.380000E-3	0.000000E+0	5.903400E+5
8.400000E-3	0.000000E+0	5.903930E+5
8.420000E-3	0.000000E+0	5.914790E+5
8.440000E-3	0.000000E+0	5.921960E+5
8.460000E-3	0.000000E+0	5.924970E+5
8.480000E-3	0.000000E+0	5.925470E+5
8.500000E-3	0.000000E+0	5.904320E+5
8.520000E-3	0.000000E+0	5.915050E+5
8.540000E-3	0.000000E+0	5.923510E+5
8.560000E-3	0.000000E+0	5.917080E+5
8.580000E-3	0.000000E+0	5.927050E+5
8.600000E-3	0.000000E+0	5.920530E+5
8.620000E-3	0.000000E+0	5.934340E+5
8.640000E-3	0.000000E+0	5.915450E+5
8.660000E-3	0.000000E+0	5.907700E+5
8.680000E-3	0.000000E+0	5.918280E+5
8.700000E-3	0.000000E+0	5.898310E+5
8.720000E-3	0.000000E+0	5.924850E+5
8.740000E-3	0.000000E+0	5.901010E+5
8.760000E-3	0.000000E+0	5.910480E+5
8.780000E-3	0.000000E+0	5.916140E+5
8.800000E-3	0.000000E+0	5.922910E+5
8.820000E-3	0.000000E+0	5.916830E+5
8.840000E-3	0.000000E+0	5.906620E+5
8.860000E-3	0.000000E+0	5.933580E+5
8.880000E-3	0.000000E+0	5.907190E+5
8.900000E-3	0.000000E+0	5.918550E+5
8.920000E-3	0.000000E+0	5.908970E+5
8.940000E-3	0.000000E+0	5.895320E+5
8.960000E-3	0.000000E+0	5.922220E+5
8.980000E-3	0.000000E+0	5.907180E+5
9.000000E-3	0.000000E+0	5.914610E+5
9.020000E-3	0.000000E+0	5.897810E+5
9.040000E-3	0.000000E+0	5.914090E+5
9.060000E-3	0.000000E+0	5.939320E+5
9.080000E-3	0.000000E+0	5.909760E+5
9.100000E-3	0.000000E+0	5.928610E+5
9.120000E-3	0.000000E+0	5.901540E+5
9.140000E-3	0.000000E+0	5.921100E+5
9.160000E-3	0.000000E+0	5.914580E+5
9.180000E-3	0.000000E+0	5.901630E+5
9.200000E-3	0.000000E+0	5.910830E+5
9.220000E-3	0.000000E+0	5.917260E+5
9.240000E-3	0.000000E+0	5.917880E+5
9.260000E-3	0.000000E+0	5.928270E+5
9.280000E-3	0.000000E+0	5.919730E+5
9.300000E-3	0.000000E+0	5.920350E+5
9.320000E-3	0.000000E+0	5.910050E+5
9.340000E-3	0.000000E+0	5.915620E+5
9.360000E-3	0.000000E+0	5.916040E+5
9.380000E-3	0.000000E+0	5.925820E+5
9.400000E-3	0.000000E+0	5.923410E+5
9.420000E-3	0.000000E+0	5.927620E+5
9.440000E-3	0.000000E+0	5.909460E+5
9.460000E-3	0.000000E+0	5.922300E+5
9.480000E-3	0.000000E+0	5.914340E+5
9.500000E-3	0.000000E+0	5.904620E+5
9.520000E-3	0.000000E+0	5.926440E+5
9.540000E-3	0.000000E+0	5.898150E+5
9.560000E-3	0.000000E+0	5.914590E+5
9.580000E-3	0.000000E+0	5.917340E+5
9.600000E-3	0.000000E+0	5.916920E+5
9.620000E-3	0.000000E+0	5.920180E+5
9.640000E-3	0.000000E+0	5.906410E+5
9.660000E-3	0.000000E+0	5.929300E+5
9.680000E-3	0.000000E+0	5.909730E+5
9.700000E-3	0.000000E+0	5.912150E+5
9.720000E-3	0.000000E+0	5.913470E+5
9.740000E-3	0.000000E+0	5.918240E+5
9.760000E-3	0.000000E+0	5.913790E+5
9.780000E-3	0.000000E+0	5.920790E+5
9.800000E-3	0.000000E+0	5.916710E+5
9.820000E-3	0.000000E+0	5.919490E+5
9.840000E-3	0.000000E+0	5.914270E+5
9.860000E-3	0.000000E+0	5.906720E+5
9.880000E-3	0.000000E+0	5.925780E+5
9.900000E-3	0.000000E+0	5.933360E+5
9.920000E-3	0.000000E+0	5.919170E+5
9.940000E-3	0.000000E+0	5.904620E+5
9.960000E-3	0.000000E+0	5.909450E+5
9.980000E-3	0.000000E+0	5.924950E+5
1.000000E-2	0.000000E+0	5.918520E+5
1.002000E-2	0.000000E+0	5.912500E+5
1.004000E-2	0.000000E+0	5.923830E+5
1.006000E-2	0.000000E+0	5.903820E+5
1.008000E-2	0.000000E+0	5.912770E+5
1.010000E-2	0.000000E+0	5.910390E+5
1.012000E-2	0.000000E+0	5.927600E+5
1.014000E-2	0.000000E+0	5.934820E+5
1.016000E-2	0.000000E+0	5.923270E+5
1.018000E-2	0.000000E+0	5.917520E+5
1.020000E-2	0.000000E+0	5.922650E+5
1.022000E-2	0.000000E+0	5.919360E+5
1.024000E-2	0.000000E+0	5.912100E+5
1.026000E-2	0.000000E+0	5.927110E+5
1.028000E-2	0.000000E+0	5.917720E+5
1.030000E-2	0.000000E+0	5.921820E+5
1.032000E-2	0.000000E+0	5.909940E+5
1.034000E-2	0.000000E+0	5.927280E+5
1.036000E-2	0.000000E+0	5.917820E+5
1.038000E-2	0.000000E+0	5.924230E+5
1.040000E-2	0.000000E+0	5.910940E+5
1.042000E-2	0.000000E+0	5.920400E+5
1.044000E-2	0.000000E+0	5.918600E+5
1.046000E-2	0.000000E+0	5.926640E+5
1.048000E-2	0.000000E+0	5.930730E+5
1.050000E-2	0.000000E+0	5.911970E+5
1.052000E-2	0.000000E+0	5.929840E+5
1.054000E-2	0.000000E+0	5.929830E+5
1.056000E-2	0.000000E+0	5.916300E+5
1.058000E-2	0.000000E+0	5.935410E+5
1.060000E-2	0.000000E+0	5.909600E+5
1.062000E-2	0.000000E+0	5.914820E+5
1.064000E-2	0.000000E+0	5.922580E+5
1.066000E-2	0.000000E+0	5.914500E+5
1.068000E-2	0.000000E+0	5.919300E+5
1.070000E-2	0.000000E+0	5.908090E+5
1.072000E-2	0.000000E+0	5.914200E+5
1.074000E-2	0.000000E+0	5.923320E+5
1.076000E-2	0.000000E+0	5.915500E+5
1.078000E-2	0.000000E+0	5.928460E+5
1.080000E-2	0.000000E+0	5.929460E+5
1.082000E-2	0.000000E+0	5.931150E+5
1.084000E-2	0.000000E+0	5.918250E+5
1.086000E-2	0.000000E+0	5.923700E+5
1.088000E-2	0.000000E+0	5.917080E+5
1.090000E-2	0.000000E+0	5.920170E+5
1.092000E-2	0.000000E+0	5.919910E+5
1.094000E-2	0.000000E+0	5.910160E+5
1.096000E-2	0.000000E+0	5.917540E+5
1.098000E-2	0.000000E+0	5.924540E+5
1.100000E-2	0.000000E+0	5.924640E+5
1.102000E-2	0.000000E+0	5.910290E+5
1.104000E-2	0.000000E+0	5.925740E+5
1.106000E-2	0.000000E+0	5.917930E+5
1.108000E-2	0.000000E+0	5.924900E+5
1.110000E-2	0.000000E+0	5.914440E+5
1.112000E-2	0.000000E+0	5.910570E+5
1.114000E-2	0.000000E+0	5.926130E+5
1.116000E-2	0.000000E+0	5.901600E+5
1.118000E-2	0.000000E+0	5.916870E+5
1.120000E-2	0.000000E+0	5.910540E+5
1.122000E-2	0.000000E+0	5.931970E+5
1.124000E-2	0.000000E+0	5.934850E+5
1.126000E-2	0.000000E+0	5.905530E+5
1.128000E-2	0.000000E+0	5.904960E+5
1.130000E-2	0.000000E+0	5.919330E+5
1.132000E-2	0.000000E+0	5.931440E+5
1.134000E-2	0.000000E+0	5.905290E+5
1.136000E-2	0.000000E+0	5.925740E+5
1.138000E-2	0.000000E+0	5.917640E+5
1.140000E-2	0.000000E+0	5.929290E+5
1.142000E-2	0.000000E+0	5.910460E+5
1.144000E-2	0.000000E+0	5.927950E+5
1.146000E-2	0.000000E+0	5.914790E+5
1.148000E-2	0.000000E+0	5.918090E+5
1.150000E-2	0.000000E+0	5.915350E+5
1.152000E-2	0.000000E+0	5.914080E+5
1.154000E-2	0.000000E+0	5.910980E+5
1.156000E-2	0.000000E+0	5.920010E+5
1.158000E-2	0.000000E+0	5.911550E+5
1.160000E-2	0.000000E+0	5.923730E+5
1.162000E-2	0.000000E+0	5.920560E+5
1.164000E-2	0.000000E+0	5.926990E+5
1.166000E-2	0.000000E+0	5.935710E+5
1.168000E-2	0.000000E+0	5.922500E+5
1.170000E-2	0.000000E+0	5.930560E+5
1.172000E-2	0.000000E+0	5.926330E+5
1.174000E-2	0.000000E+0	5.920050E+5
1.176000E-2	0.000000E+0	5.920290E+5
1.178000E-2	0.000000E+0	5.902330E+5
1.180000E-2	0.000000E+0	5.919430E+5
1.182000E-2	0.000000E+0	5.927880E+5
1.184000E-2	0.000000E+0	5.931810E+5
1.186000E-2	0.000000E+0	5.911240E+5
1.188000E-2	0.000000E+0	5.909210E+5
1.190000E-2	0.000000E+0	5.912670E+5
1.192000E-2	0.000000E+0	5.909930E+5
1.194000E-2	0.000000E+0	5.933990E+5
1.196000E-2	0.000000E+0	5.919860E+5
1.198000E-2	0.000000E+0	5.915710E+5
1.200000E-2	0.000000E+0	5.918420E+5
1.202000E-2	0.000000E+0	5.918930E+5
1.204000E-2	0.000000E+0	5.914470E+5
1.206000E-2	0.000000E+0	5.921060E+5
1.208000E-2	0.000000E+0	5.926170E+5
1.210000E-2	0.000000E+0	5.923060E+5
1.212000E-2	0.000000E+0	5.913600E+5
1.214000E-2	0.000000E+0	5.906900E+5
1.216000E-2	0.000000E+0	5.916510E+5
1.218000E-2	0.000000E+0	5.915130E+5
1.220000E-2	0.000000E+0	5.916180E+5
1.222000E-2	0.000000E+0	5.923580E+5
1.224000E-2	0.000000E+0	5.922280E+5
1.226000E-2	0.000000E+0	5.911270E+5
1.228000E-2	0.000000E+0	5.918840E+5
1.230000E-2	0.000000E+0	5.921320E+5
1.232000E-2	0.000000E+0	5.921800E+5
1.234000E-2	0.000000E+0	5.926890E+5
1.236000E-2	0.000000E+0	5.920090E+5
1.238000E-2	0.000000E+0	5.933560E+5
1.240000E-2	0.000000E+0	5.924500E+5
1.242000E-2	0.000000E+0	5.922980E+5
1.244000E-2	0.000000E+0	5.925810E+5
1.246000E-2	0.000000E+0	5.920140E+5
1.248000E-2	0.000000E+0	5.919200E+5
1.250000E-2	0.000000E+0	5.912920E+5
1.252000E-2	0.000000E+0	5.940450E+5
1.254000E-2	0.000000E+0	5.925100E+5
1.256000E-2	0.000000E+0	5.909290E+5
1.258000E-2	0.000000E+0	5.926400E+5
1.260000E-2	0.000000E+0	5.930310E+5
1.262000E-2	0.000000E+0	5.909530E+5
1.264000E-2	0.000000E+0	5.910310E+5
1.266000E-2	0.000000E+0	5.940330E+5
1.268000E-2	0.000000E+0	5.921480E+5
1.270000E-2	0.000000E+0	5.915460E+5
1.272000E-2	0.000000E+0	5.929720E+5
1.274000E-2	0.000000E+0	5.916120E+5
1.276000E-2	0.000000E+0	5.921940E+5
1.278000E-2	0.000000E+0	5.915460E+5
1.280000E-2	0.000000E+0	5.913710E+5
1.282000E-2	0.000000E+0	5.911140E+5
1.284000E-2	0.000000E+0	5.918540E+5
1.286000E-2	0.000000E+0	5.925610E+5
1.288000E-2	0.000000E+0	5.925500E+5
1.290000E-2	0.000000E+0	5.917970E+5
1.292000E-2	0.000000E+0	5.920390E+5
1.294000E-2	0.000000E+0	5.912410E+5
1.296000E-2	0.000000E+0	5.920510E+5
1.298000E-2	0.000000E+0	5.919980E+5
1.300000E-2	0.000000E+0	5.922730E+5
1.302000E-2	0.000000E+0	5.929660E+5
1.304000E-2	0.000000E+0	5.921200E+5
1.306000E-2	0.000000E+0	5.910420E+5
1.308000E-2	0.000000E+0	5.932150E+5
1.310000E-2	0.000000E+0	5.924990E+5
1.312000E-2	0.000000E+0	5.915370E+5
1.314000E-2	0.000000E+0	5.929360E+5
1.316000E-2	0.000000E+0	5.918990E+5
1.318000E-2	0.000000E+0	5.917050E+5
1.320000E-2	0.000000E+0	5.923770E+5
1.322000E-2	0.000000E+0	5.922790E+5
1.324000E-2	0.000000E+0	5.907220E+5
1.326000E-2	0.000000E+0	5.927660E+5
1.328000E-2	0.000000E+0	5.928160E+5
1.330000E-2	0.000000E+0	5.903550E+5
1.332000E-2	0.000000E+0	5.916950E+5
1.334000E-2	0.000000E+0	5.912920E+5
1.336000E-2	0.000000E+0	5.921130E+5
1.338000E-2	0.000000E+0	5.924460E+5
1.340000E-2	0.000000E+0	5.916660E+5
1.342000E-2	0.000000E+0	5.909050E+5
1.344000E-2	0.000000E+0	5.914930E+5
1.346000E-2	0.000000E+0	5.908070E+5
1.348000E-2	0.000000E+0	5.920860E+5
1.350000E-2	0.000000E+0	5.927510E+5
1.352000E-2	0.000000E+0	5.922820E+5
1.354000E-2	0.000000E+0	5.919610E+5
1.356000E-2	0.000000E+0	5.927990E+5
1.358000E-2	0.000000E+0	5.914590E+5
1.360000E-2	0.000000E+0	5.916650E+5
1.362000E-2	0.000000E+0	5.923620E+5
1.364000E-2	0.000000E+0	5.902680E+5
1.366000E-2	0.000000E+0	5.915550E+5
1.368000E-2	0.000000E+0	5.923290E+5
1.370000E-2	0.000000E+0	5.928480E+5
1.372000E-2	0.000000E+0	5.911680E+5
1.374000E-2	0.000000E+0	5.926830E+5
1.376000E-2	0.000000E+0	5.916650E+5
1.378000E-2	0.000000E+0	5.913350E+5
1.380000E-2	0.000000E+0	5.922130E+5
1.382000E-2	0.000000E+0	5.905860E+5
1.384000E-2	0.000000E+0	5.913460E+5
1.386000E-2	0.000000E+0	5.923600E+5
1.388000E-2	0.000000E+0	5.917270E+5
1.390000E-2	0.000000E+0	5.930020E+5
1.392000E-2	0.000000E+0	5.929770E+5
1.394000E-2	0.000000E+0	5.926410E+5
1.396000E-2	0.000000E+0	5.920870E+5
1.398000E-2	0.000000E+0	5.929000E+5
1.400000E-2	0.000000E+0	5.927930E+5
1.402000E-2	0.000000E+0	5.911930E+5
1.404000E-2	0.000000E+0	5.934920E+5
1.406000E-2	0.000000E+0	5.915610E+5
1.408000E-2	0.000000E+0	5.916140E+5
1.410000E-2	0.000000E+0	5.926630E+5
1.412000E-2	0.000000E+0	5.912490E+5
1.414000E-2	0.000000E+0	5.909890E+5
1.416000E-2	0.000000E+0	5.909400E+5
1.418000E-2	0.000000E+0	5.912690E+5
1.420000E-2	0.000000E+0	5.922830E+5
1.422000E-2	0.000000E+0	5.922800E+5
1.424000E-2	0.000000E+0	5.905930E+5
1.426000E-2	0.000000E+0	5.908240E+5
1.428000E-2	0.000000E+0	5.917770E+5
1.430000E-2	0.000000E+0	5.919460E+5
1.432000E-2	0.000000E+0	5.916040E+5
1.434000E-2	0.000000E+0	5.921600E+5
1.436000E-2	0.000000E+0	5.923240E+5
1.438000E-2	0.000000E+0	5.919010E+5
1.440000E-2	0.000000E+0	5.935270E+5
1.442000E-2	0.000000E+0	5.920470E+5
1.444000E-2	0.000000E+0	5.905560E+5
1.446000E-2	0.000000E+0	5.922620E+5
1.448000E-2	0.000000E+0	5.929110E+5
1.450000E-2	0.000000E+0	5.918090E+5
1.452000E-2	0.000000E+0	5.921250E+5
1.454000E-2	0.000000E+0	5.915650E+5
1.456000E-2	0.000000E+0	5.927170E+5
1.458000E-2	0.000000E+0	5.907800E+5
1.460000E-2	0.000000E+0	5.921590E+5
1.462000E-2	0.000000E+0	5.901190E+5
1.464000E-2	0.000000E+0	5.923190E+5
1.466000E-2	0.000000E+0	5.915680E+5
1.468000E-2	0.000000E+0	5.931430E+5
1.470000E-2	0.000000E+0	5.915640E+5
1.472000E-2	0.000000E+0	5.914290E+5
1.474000E-2	0.000000E+0	5.923330E+5
1.476000E-2	0.000000E+0	5.925010E+5
1.478000E-2	0.000000E+0	5.926670E+5
1.480000E-2	0.000000E+0	5.905250E+5
1.482000E-2	0.000000E+0	5.907770E+5
1.484000E-2	0.000000E+0	5.927810E+5
1.486000E-2	0.000000E+0	5.905350E+5
1.488000E-2	0.000000E+0	5.902990E+5
1.490000E-2	0.000000E+0	5.896440E+5
1.492000E-2	0.000000E+0	5.882540E+5
1.494000E-2	0.000000E+0	5.858280E+5
1.496000E-2	0.000000E+0	5.843190E+5
1.498000E-2	0.000000E+0	5.840090E+5
1.500000E-2	0.000000E+0	5.831420E+5
1.502000E-2	0.000000E+0	5.826740E+5
1.504000E-2	0.000000E+0	5.810350E+5
1.506000E-2	0.000000E+0	5.802500E+5
1.508000E-2	0.000000E+0	5.778510E+5
1.510000E-2	0.000000E+0	5.764070E+5
1.512000E-2	0.000000E+0	5.758200E+5
1.514000E-2	0.000000E+0	5.773730E+5
1.516000E-2	0.000000E+0	5.774620E+5
1.518000E-2	0.000000E+0	5.786210E+5
1.520000E-2	0.000000E+0	5.814890E+5
1.522000E-2	0.000000E+0	5.830410E+5
1.524000E-2	0.000000E+0	5.863760E+5
1.526000E-2	0.000000E+0	5.858190E+5
1.528000E-2	0.000000E+0	5.880350E+5
1.530000E-2	0.000000E+0	5.876440E+5
1.532000E-2	0.000000E+0	5.897740E+5
1.534000E-2	0.000000E+0	5.893890E+5
1.536000E-2	0.000000E+0	5.900210E+5
1.538000E-2	0.000000E+0	5.916640E+5
1.540000E-2	0.000000E+0	5.913290E+5
1.542000E-2	0.000000E+0	5.909320E+5
1.544000E-2	0.000000E+0	5.903170E+5
1.546000E-2	0.000000E+0	5.903940E+5
1.548000E-2	0.000000E+0	5.901520E+5
1.550000E-2	0.000000E+0	5.898850E+5
1.552000E-2	0.000000E+0	5.910250E+5
1.554000E-2	0.000000E+0	5.892660E+5
1.556000E-2	0.000000E+0	5.874740E+5
1.558000E-2	0.000000E+0	5.852970E+5
1.560000E-2	0.000000E+0	5.844710E+5
1.562000E-2	0.000000E+0	5.832870E+5
1.564000E-2	0.000000E+0	5.822290E+5
1.566000E-2	0.000000E+0	5.827180E+5
1.568000E-2	0.000000E+0	5.813220E+5
1.570000E-2	0.000000E+0	5.797930E+5
1.572000E-2	0.000000E+0	5.771090E+5
1.574000E-2	0.000000E+0	5.757000E+5
1.576000E-2	0.000000E+0	5.769750E+5
1.578000E-2	0.000000E+0	5.744840E+5
1.580000E-2	0.000000E+0	5.772710E+5
1.582000E-2	0.000000E+0	5.789330E+5
1.584000E-2	0.000000E+0	5.800570E+5
1.586000E-2	0.000000E+0	5.821410E+5
1.588000E-2	0.000000E+0	5.843540E+5
1.590000E-2	0.000000E+0	5.857440E+5
1.592000E-2	0.000000E+0	5.871350E+5
1.594000E-2	0.000000E+0	5.865910E+5
1.596000E-2	0.000000E+0	5.889870E+5
1.598000E-2	0.000000E+0	5.906220E+5
1.600000E-2	0.000000E+0	5.912280E+5
1.602000E-2	0.000000E+0	5.908190E+5
1.604000E-2	0.000000E+0	5.907820E+5
1.606000E-2	0.000000E+0	5.914190E+5
1.608000E-2	0.000000E+0	5.915060E+5
1.610000E-2	0.000000E+0	5.922040E+5
1.612000E-2	0.000000E+0	5.917040E+5
1.614000E-2	0.000000E+0	5.912030E+5
1.616000E-2	0.000000E+0	5.936130E+5
1.618000E-2	0.000000E+0	5.915020E+5
1.620000E-2	0.000000E+0	5.914940E+5
1.622000E-2	0.000000E+0	5.920180E+5
1.624000E-2	0.000000E+0	5.916610E+5
1.626000E-2	0.000000E+0	5.913150E+5
1.628000E-2	0.000000E+0	5.928120E+5
1.630000E-2	0.000000E+0	5.916740E+5
1.632000E-2	0.000000E+0	5.921110E+5
1.634000E-2	0.000000E+0	5.922700E+5
1.636000E-2	0.000000E+0	5.930570E+5
1.638000E-2	0.000000E+0	5.913820E+5
1.640000E-2	0.000000E+0	5.927040E+5
1.642000E-2	0.000000E+0	5.918890E+5
1.644000E-2	0.000000E+0	5.916330E+5
1.646000E-2	0.000000E+0	5.916550E+5
1.648000E-2	0.000000E+0	5.912570E+5
1.650000E-2	0.000000E+0	5.914410E+5
1.652000E-2	0.000000E+0	5.924630E+5
1.654000E-2	0.000000E+0	5.911930E+5
1.656000E-2	0.000000E+0	5.912620E+5
1.658000E-2	0.000000E+0	5.915790E+5
1.660000E-2	0.000000E+0	5.916760E+5
1.662000E-2	0.000000E+0	5.919980E+5
1.664000E-2	0.000000E+0	5.920170E+5
1.666000E-2	0.000000E+0	5.913120E+5
1.668000E-2	0.000000E+0	5.913340E+5
1.670000E-2	0.000000E+0	5.921030E+5
1.672000E-2	0.000000E+0	5.928610E+5
1.674000E-2	0.000000E+0	5.916970E+5
1.676000E-2	0.000000E+0	5.907650E+5
1.678000E-2	0.000000E+0	5.908180E+5
1.680000E-2	0.000000E+0	5.922620E+5
1.682000E-2	0.000000E+0	5.922270E+5
1.684000E-2	0.000000E+0	5.924930E+5
1.686000E-2	0.000000E+0	5.937400E+5
1.688000E-2	0.000000E+0	5.920810E+5
1.690000E-2	0.000000E+0	5.920060E+5
1.692000E-2	0.000000E+0	5.926330E+5
1.694000E-2	0.000000E+0	5.918390E+5
1.696000E-2	0.000000E+0	5.912420E+5
1.698000E-2	0.000000E+0	5.915840E+5
1.700000E-2	0.000000E+0	5.928260E+5
1.702000E-2	0.000000E+0	5.921370E+5
1.704000E-2	0.000000E+0	5.928670E+5
1.706000E-2	0.000000E+0	5.924720E+5
1.708000E-2	0.000000E+0	5.916420E+5
1.710000E-2	0.000000E+0	5.926310E+5
1.712000E-2	0.000000E+0	5.919120E+5
1.714000E-2	0.000000E+0	5.911040E+5
1.716000E-2	0.000000E+0	5.925120E+5
1.718000E-2	0.000000E+0	5.919160E+5
1.720000E-2	0.000000E+0	5.924230E+5
1.722000E-2	0.000000E+0	5.926130E+5
1.724000E-2	0.000000E+0	5.919960E+5
1.726000E-2	0.000000E+0	5.915390E+5
1.728000E-2	0.000000E+0	5.915240E+5
1.730000E-2	0.000000E+0	5.921000E+5
1.732000E-2	0.000000E+0	5.913080E+5
1.734000E-2	0.000000E+0	5.922360E+5
1.736000E-2	0.000000E+0	5.932780E+5
1.738000E-2	0.000000E+0	5.925840E+5
1.740000E-2	0.000000E+0	5.933560E+5
1.742000E-2	0.000000E+0	5.915410E+5
1.744000E-2	0.000000E+0	5.912550E+5
1.746000E-2	0.000000E+0	5.916520E+5
1.748000E-2	0.000000E+0	5.924490E+5
1.750000E-2	0.000000E+0	5.924180E+5
1.752000E-2	0.000000E+0	5.929510E+5
1.754000E-2	0.000000E+0	5.918670E+5
1.756000E-2	0.000000E+0	5.913200E+5
1.758000E-2	0.000000E+0	5.921340E+5
1.760000E-2	0.000000E+0	5.919920E+5
1.762000E-2	0.000000E+0	5.921190E+5
1.764000E-2	0.000000E+0	5.926610E+5
1.766000E-2	0.000000E+0	5.916040E+5
1.768000E-2	0.000000E+0	5.923760E+5
1.770000E-2	0.000000E+0	5.919090E+5
1.772000E-2	0.000000E+0	5.932680E+5
1.774000E-2	0.000000E+0	5.919340E+5
1.776000E-2	0.000000E+0	5.918750E+5
1.778000E-2	0.000000E+0	5.930060E+5
1.780000E-2	0.000000E+0	5.904050E+5
1.782000E-2	0.000000E+0	5.923110E+5
1.784000E-2	0.000000E+0	5.915760E+5
1.786000E-2	0.000000E+0	5.918170E+5
1.788000E-2	0.000000E+0	5.920030E+5
1.790000E-2	0.000000E+0	5.921120E+5
1.792000E-2	0.000000E+0	5.906640E+5
1.794000E-2	0.000000E+0	5.921130E+5
1.796000E-2	0.000000E+0	5.919990E+5
1.798000E-2	0.000000E+0	5.926280E+5
1.800000E-2	0.000000E+0	5.905990E+5
1.802000E-2	0.000000E+0	5.917960E+5
1.804000E-2	0.000000E+0	5.911190E+5
1.806000E-2	0.000000E+0	5.914100E+5
1.808000E-2	0.000000E+0	5.915810E+5
1.810000E-2	0.000000E+0	5.923880E+5
1.812000E-2	0.000000E+0	5.933880E+5
1.814000E-2	0.000000E+0	5.932470E+5
1.816000E-2	0.000000E+0	5.922200E+5
1.818000E-2	0.000000E+0	5.909220E+5
1.820000E-2	0.000000E+0	5.927540E+5
1.822000E-2	0.000000E+0	5.917460E+5
1.824000E-2	0.000000E+0	5.923490E+5
1.826000E-2	0.000000E+0	5.927100E+5
1.828000E-2	0.000000E+0	5.912570E+5
1.830000E-2	0.000000E+0	5.909550E+5
1.832000E-2	0.000000E+0	5.926850E+5
1.834000E-2	0.000000E+0	5.911840E+5
1.836000E-2	0.000000E+0	5.929480E+5
1.838000E-2	0.000000E+0	5.912500E+5
1.840000E-2	0.000000E+0	5.916630E+5
1.842000E-2	0.000000E+0	5.909900E+5
1.844000E-2	0.000000E+0	5.910920E+5
1.846000E-2	0.000000E+0	5.906930E+5
1.848000E-2	0.000000E+0	5.930350E+5
1.850000E-2	0.000000E+0	5.922740E+5
1.852000E-2	0.000000E+0	5.919590E+5
1.854000E-2	0.000000E+0	5.938930E+5
1.856000E-2	0.000000E+0	5.902440E+5
1.858000E-2	0.000000E+0	5.907390E+5
1.860000E-2	0.000000E+0	5.919300E+5
1.862000E-2	0.000000E+0	5.910420E+5
1.864000E-2	0.000000E+0	5.905570E+5
1.866000E-2	0.000000E+0	5.924640E+5
1.868000E-2	0.000000E+0	5.919070E+5
1.870000E-2	0.000000E+0	5.919180E+5
1.872000E-2	0.000000E+0	5.919740E+5
1.874000E-2	0.000000E+0	5.897380E+5
1.876000E-2	0.000000E+0	5.918390E+5
1.878000E-2	0.000000E+0	5.921570E+5
1.880000E-2	0.000000E+0	5.911840E+5
1.882000E-2	0.000000E+0	5.913430E+5
1.884000E-2	0.000000E+0	5.925880E+5
1.886000E-2	0.000000E+0	5.916820E+5
1.888000E-2	0.000000E+0	5.911180E+5
1.890000E-2	0.000000E+0	5.916600E+5
1.892000E-2	0.000000E+0	5.930740E+5
1.894000E-2	0.000000E+0	5.918770E+5
1.896000E-2	0.000000E+0	5.920650E+5
1.898000E-2	0.000000E+0	5.928780E+5
1.900000E-2	0.000000E+0	5.913770E+5
1.902000E-2	0.000000E+0	5.907610E+5
1.904000E-2	0.000000E+0	5.919800E+5
1.906000E-2	0.000000E+0	5.927400E+5
1.908000E-2	0.000000E+0	5.921550E+5
1.910000E-2	0.000000E+0	5.910270E+5
1.912000E-2	0.000000E+0	5.907440E+5
1.914000E-2	0.000000E+0	5.920820E+5
1.916000E-2	0.000000E+0	5.912620E+5
1.918000E-2	0.000000E+0	5.910660E+5
1.920000E-2	0.000000E+0	5.924750E+5
1.922000E-2	0.000000E+0	5.922020E+5
1.924000E-2	0.000000E+0	5.923910E+5
1.926000E-2	0.000000E+0	5.924980E+5
1.928000E-2	0.000000E+0	5.924700E+5
1.930000E-2	0.000000E+0	5.917150E+5
1.932000E-2	0.000000E+0	5.914780E+5
1.934000E-2	0.000000E+0	5.917380E+5
1.936000E-2	0.000000E+0	5.914850E+5
1.938000E-2	0.000000E+0	5.923830E+5
1.940000E-2	0.000000E+0	5.902080E+5
1.942000E-2	0.000000E+0	5.929820E+5
1.944000E-2	0.000000E+0	5.926450E+5
1.946000E-2	0.000000E+0	5.905900E+5
1.948000E-2	0.000000E+0	5.917790E+5
1.950000E-2	0.000000E+0	5.920740E+5
1.952000E-2	0.000000E+0	5.928460E+5
1.954000E-2	0.000000E+0	5.915080E+5
1.956000E-2	0.000000E+0	5.929460E+5
1.958000E-2	0.000000E+0	5.912630E+5
1.960000E-2	0.000000E+0	5.923300E+5
1.962000E-2	0.000000E+0	5.914870E+5
1.964000E-2	0.000000E+0	5.926620E+5
1.966000E-2	0.000000E+0	5.928790E+5
1.968000E-2	0.000000E+0	5.918090E+5
1.970000E-2	0.000000E+0	5.916920E+5
1.972000E-2	0.000000E+0	5.921270E+5
1.974000E-2	0.000000E+0	5.922590E+5
1.976000E-2	0.000000E+0	5.904580E+5
1.978000E-2	0.000000E+0	5.911880E+5
1.980000E-2	0.000000E+0	5.924690E+5
1.982000E-2	0.000000E+0	5.912440E+5
1.984000E-2	0.000000E+0	5.921790E+5
1.986000E-2	0.000000E+0	5.911100E+5
1.988000E-2	0.000000E+0	5.908610E+5
1.990000E-2	0.000000E+0	5.915220E+5
1.992000E-2	0.000000E+0	5.914790E+5
1.994000E-2	0.000000E+0	5.933780E+5
1.996000E-2	0.000000E+0	5.910940E+5
1.998000E-2	0.000000E+0	5.917970E+5
