

live time:  161552.660000
real time:  223203.837000
sweeps:  8077633.000000
0.000000E+0	0.000000E+0	0.000000E+0
2.000000E-5	0.000000E+0	3.542070E+5
4.000000E-5	0.000000E+0	3.546630E+5
6.000000E-5	0.000000E+0	3.542500E+5
8.000000E-5	0.000000E+0	3.547070E+5
1.000000E-4	0.000000E+0	3.531850E+5
1.200000E-4	0.000000E+0	3.544310E+5
1.400000E-4	0.000000E+0	3.546890E+5
1.600000E-4	0.000000E+0	3.545240E+5
1.800000E-4	0.000000E+0	3.541140E+5
2.000000E-4	0.000000E+0	3.543580E+5
2.200000E-4	0.000000E+0	3.543320E+5
2.400000E-4	0.000000E+0	3.532360E+5
2.600000E-4	0.000000E+0	3.533840E+5
2.800000E-4	0.000000E+0	3.539270E+5
3.000000E-4	0.000000E+0	3.552670E+5
3.200000E-4	0.000000E+0	3.546100E+5
3.400000E-4	0.000000E+0	3.541370E+5
3.600000E-4	0.000000E+0	3.550510E+5
3.800000E-4	0.000000E+0	3.539120E+5
4.000000E-4	0.000000E+0	3.534890E+5
4.200000E-4	0.000000E+0	3.540700E+5
4.400000E-4	0.000000E+0	3.541990E+5
4.600000E-4	0.000000E+0	3.546880E+5
4.800000E-4	0.000000E+0	3.539510E+5
5.000000E-4	0.000000E+0	3.545110E+5
5.200000E-4	0.000000E+0	3.544450E+5
5.400000E-4	0.000000E+0	3.540080E+5
5.600000E-4	0.000000E+0	3.535280E+5
5.800000E-4	0.000000E+0	3.542170E+5
6.000000E-4	0.000000E+0	3.546250E+5
6.200000E-4	0.000000E+0	3.539980E+5
6.400000E-4	0.000000E+0	3.554070E+5
6.600000E-4	0.000000E+0	3.532010E+5
6.800000E-4	0.000000E+0	3.541140E+5
7.000000E-4	0.000000E+0	3.544670E+5
7.200000E-4	0.000000E+0	3.554890E+5
7.400000E-4	0.000000E+0	3.536180E+5
7.600000E-4	0.000000E+0	3.542000E+5
7.800000E-4	0.000000E+0	3.529000E+5
8.000000E-4	0.000000E+0	3.546890E+5
8.200000E-4	0.000000E+0	3.546140E+5
8.400000E-4	0.000000E+0	3.539530E+5
8.600000E-4	0.000000E+0	3.551600E+5
8.800000E-4	0.000000E+0	3.537410E+5
9.000000E-4	0.000000E+0	3.553910E+5
9.200000E-4	0.000000E+0	3.537950E+5
9.400000E-4	0.000000E+0	3.543900E+5
9.600000E-4	0.000000E+0	3.534610E+5
9.800000E-4	0.000000E+0	3.556080E+5
1.000000E-3	0.000000E+0	3.548930E+5
1.020000E-3	0.000000E+0	3.541030E+5
1.040000E-3	0.000000E+0	3.542770E+5
1.060000E-3	0.000000E+0	3.539940E+5
1.080000E-3	0.000000E+0	3.542430E+5
1.100000E-3	0.000000E+0	3.532510E+5
1.120000E-3	0.000000E+0	3.548810E+5
1.140000E-3	0.000000E+0	3.533680E+5
1.160000E-3	0.000000E+0	3.538030E+5
1.180000E-3	0.000000E+0	3.537540E+5
1.200000E-3	0.000000E+0	3.547810E+5
1.220000E-3	0.000000E+0	3.546810E+5
1.240000E-3	0.000000E+0	3.542560E+5
1.260000E-3	0.000000E+0	3.539940E+5
1.280000E-3	0.000000E+0	3.548110E+5
1.300000E-3	0.000000E+0	3.531680E+5
1.320000E-3	0.000000E+0	3.548810E+5
1.340000E-3	0.000000E+0	3.543220E+5
1.360000E-3	0.000000E+0	3.535480E+5
1.380000E-3	0.000000E+0	3.552670E+5
1.400000E-3	0.000000E+0	3.541920E+5
1.420000E-3	0.000000E+0	3.545830E+5
1.440000E-3	0.000000E+0	3.541450E+5
1.460000E-3	0.000000E+0	3.531480E+5
1.480000E-3	0.000000E+0	3.550070E+5
1.500000E-3	0.000000E+0	3.544260E+5
1.520000E-3	0.000000E+0	3.542020E+5
1.540000E-3	0.000000E+0	3.545940E+5
1.560000E-3	0.000000E+0	3.544590E+5
1.580000E-3	0.000000E+0	3.542060E+5
1.600000E-3	0.000000E+0	3.539120E+5
1.620000E-3	0.000000E+0	3.540420E+5
1.640000E-3	0.000000E+0	3.533100E+5
1.660000E-3	0.000000E+0	3.551920E+5
1.680000E-3	0.000000E+0	3.538410E+5
1.700000E-3	0.000000E+0	3.535750E+5
1.720000E-3	0.000000E+0	3.543290E+5
1.740000E-3	0.000000E+0	3.552880E+5
1.760000E-3	0.000000E+0	3.545780E+5
1.780000E-3	0.000000E+0	3.553800E+5
1.800000E-3	0.000000E+0	3.550570E+5
1.820000E-3	0.000000E+0	3.540330E+5
1.840000E-3	0.000000E+0	3.535340E+5
1.860000E-3	0.000000E+0	3.543530E+5
1.880000E-3	0.000000E+0	3.541850E+5
1.900000E-3	0.000000E+0	3.536780E+5
1.920000E-3	0.000000E+0	3.538940E+5
1.940000E-3	0.000000E+0	3.543710E+5
1.960000E-3	0.000000E+0	3.541970E+5
1.980000E-3	0.000000E+0	3.547850E+5
2.000000E-3	0.000000E+0	3.538580E+5
2.020000E-3	0.000000E+0	3.542790E+5
2.040000E-3	0.000000E+0	3.540680E+5
2.060000E-3	0.000000E+0	3.548320E+5
2.080000E-3	0.000000E+0	3.555150E+5
2.100000E-3	0.000000E+0	3.554890E+5
2.120000E-3	0.000000E+0	3.547740E+5
2.140000E-3	0.000000E+0	3.534970E+5
2.160000E-3	0.000000E+0	3.532620E+5
2.180000E-3	0.000000E+0	3.544400E+5
2.200000E-3	0.000000E+0	3.548500E+5
2.220000E-3	0.000000E+0	3.550290E+5
2.240000E-3	0.000000E+0	3.537860E+5
2.260000E-3	0.000000E+0	3.545530E+5
2.280000E-3	0.000000E+0	3.544870E+5
2.300000E-3	0.000000E+0	3.545570E+5
2.320000E-3	0.000000E+0	3.541750E+5
2.340000E-3	0.000000E+0	3.541410E+5
2.360000E-3	0.000000E+0	3.542090E+5
2.380000E-3	0.000000E+0	3.553400E+5
2.400000E-3	0.000000E+0	3.531100E+5
2.420000E-3	0.000000E+0	3.537890E+5
2.440000E-3	0.000000E+0	3.535310E+5
2.460000E-3	0.000000E+0	3.540390E+5
2.480000E-3	0.000000E+0	3.557790E+5
2.500000E-3	0.000000E+0	3.541400E+5
2.520000E-3	0.000000E+0	3.547600E+5
2.540000E-3	0.000000E+0	3.532970E+5
2.560000E-3	0.000000E+0	3.541870E+5
2.580000E-3	0.000000E+0	3.534740E+5
2.600000E-3	0.000000E+0	3.550180E+5
2.620000E-3	0.000000E+0	3.538050E+5
2.640000E-3	0.000000E+0	3.530930E+5
2.660000E-3	0.000000E+0	3.548150E+5
2.680000E-3	0.000000E+0	3.540770E+5
2.700000E-3	0.000000E+0	3.540530E+5
2.720000E-3	0.000000E+0	3.527390E+5
2.740000E-3	0.000000E+0	3.545070E+5
2.760000E-3	0.000000E+0	3.540230E+5
2.780000E-3	0.000000E+0	3.545360E+5
2.800000E-3	0.000000E+0	3.537350E+5
2.820000E-3	0.000000E+0	3.539080E+5
2.840000E-3	0.000000E+0	3.535000E+5
2.860000E-3	0.000000E+0	3.550200E+5
2.880000E-3	0.000000E+0	3.544000E+5
2.900000E-3	0.000000E+0	3.544360E+5
2.920000E-3	0.000000E+0	3.534570E+5
2.940000E-3	0.000000E+0	3.542510E+5
2.960000E-3	0.000000E+0	3.543270E+5
2.980000E-3	0.000000E+0	3.531750E+5
3.000000E-3	0.000000E+0	3.545070E+5
3.020000E-3	0.000000E+0	3.543780E+5
3.040000E-3	0.000000E+0	3.548470E+5
3.060000E-3	0.000000E+0	3.560610E+5
3.080000E-3	0.000000E+0	3.539790E+5
3.100000E-3	0.000000E+0	3.532760E+5
3.120000E-3	0.000000E+0	3.548170E+5
3.140000E-3	0.000000E+0	3.545720E+5
3.160000E-3	0.000000E+0	3.540310E+5
3.180000E-3	0.000000E+0	3.545880E+5
3.200000E-3	0.000000E+0	3.545280E+5
3.220000E-3	0.000000E+0	3.549100E+5
3.240000E-3	0.000000E+0	3.549840E+5
3.260000E-3	0.000000E+0	3.545850E+5
3.280000E-3	0.000000E+0	3.541440E+5
3.300000E-3	0.000000E+0	3.534170E+5
3.320000E-3	0.000000E+0	3.542390E+5
3.340000E-3	0.000000E+0	3.538150E+5
3.360000E-3	0.000000E+0	3.533530E+5
3.380000E-3	0.000000E+0	3.535200E+5
3.400000E-3	0.000000E+0	3.542570E+5
3.420000E-3	0.000000E+0	3.548170E+5
3.440000E-3	0.000000E+0	3.536640E+5
3.460000E-3	0.000000E+0	3.549610E+5
3.480000E-3	0.000000E+0	3.538240E+5
3.500000E-3	0.000000E+0	3.545270E+5
3.520000E-3	0.000000E+0	3.536810E+5
3.540000E-3	0.000000E+0	3.542650E+5
3.560000E-3	0.000000E+0	3.540120E+5
3.580000E-3	0.000000E+0	3.535510E+5
3.600000E-3	0.000000E+0	3.535940E+5
3.620000E-3	0.000000E+0	3.527880E+5
3.640000E-3	0.000000E+0	3.546110E+5
3.660000E-3	0.000000E+0	3.538370E+5
3.680000E-3	0.000000E+0	3.537450E+5
3.700000E-3	0.000000E+0	3.534800E+5
3.720000E-3	0.000000E+0	3.544370E+5
3.740000E-3	0.000000E+0	3.536810E+5
3.760000E-3	0.000000E+0	3.539140E+5
3.780000E-3	0.000000E+0	3.533950E+5
3.800000E-3	0.000000E+0	3.536400E+5
3.820000E-3	0.000000E+0	3.533120E+5
3.840000E-3	0.000000E+0	3.540500E+5
3.860000E-3	0.000000E+0	3.540350E+5
3.880000E-3	0.000000E+0	3.532090E+5
3.900000E-3	0.000000E+0	3.548570E+5
3.920000E-3	0.000000E+0	3.549490E+5
3.940000E-3	0.000000E+0	3.549850E+5
3.960000E-3	0.000000E+0	3.549780E+5
3.980000E-3	0.000000E+0	3.540350E+5
4.000000E-3	0.000000E+0	3.543120E+5
4.020000E-3	0.000000E+0	3.546890E+5
4.040000E-3	0.000000E+0	3.537850E+5
4.060000E-3	0.000000E+0	3.548170E+5
4.080000E-3	0.000000E+0	3.542470E+5
4.100000E-3	0.000000E+0	3.544360E+5
4.120000E-3	0.000000E+0	3.540560E+5
4.140000E-3	0.000000E+0	3.534300E+5
4.160000E-3	0.000000E+0	3.550530E+5
4.180000E-3	0.000000E+0	3.536660E+5
4.200000E-3	0.000000E+0	3.542890E+5
4.220000E-3	0.000000E+0	3.541440E+5
4.240000E-3	0.000000E+0	3.542380E+5
4.260000E-3	0.000000E+0	3.534680E+5
4.280000E-3	0.000000E+0	3.548270E+5
4.300000E-3	0.000000E+0	3.541240E+5
4.320000E-3	0.000000E+0	3.537260E+5
4.340000E-3	0.000000E+0	3.536690E+5
4.360000E-3	0.000000E+0	3.538740E+5
4.380000E-3	0.000000E+0	3.535560E+5
4.400000E-3	0.000000E+0	3.542580E+5
4.420000E-3	0.000000E+0	3.538520E+5
4.440000E-3	0.000000E+0	3.537110E+5
4.460000E-3	0.000000E+0	3.537980E+5
4.480000E-3	0.000000E+0	3.535090E+5
4.500000E-3	0.000000E+0	3.539760E+5
4.520000E-3	0.000000E+0	3.534060E+5
4.540000E-3	0.000000E+0	3.535400E+5
4.560000E-3	0.000000E+0	3.529580E+5
4.580000E-3	0.000000E+0	3.539250E+5
4.600000E-3	0.000000E+0	3.538560E+5
4.620000E-3	0.000000E+0	3.531780E+5
4.640000E-3	0.000000E+0	3.542880E+5
4.660000E-3	0.000000E+0	3.537530E+5
4.680000E-3	0.000000E+0	3.539870E+5
4.700000E-3	0.000000E+0	3.543260E+5
4.720000E-3	0.000000E+0	3.541560E+5
4.740000E-3	0.000000E+0	3.528360E+5
4.760000E-3	0.000000E+0	3.543230E+5
4.780000E-3	0.000000E+0	3.532300E+5
4.800000E-3	0.000000E+0	3.535670E+5
4.820000E-3	0.000000E+0	3.533950E+5
4.840000E-3	0.000000E+0	3.535470E+5
4.860000E-3	0.000000E+0	3.523990E+5
4.880000E-3	0.000000E+0	3.516490E+5
4.900000E-3	0.000000E+0	3.517400E+5
4.920000E-3	0.000000E+0	3.497290E+5
4.940000E-3	0.000000E+0	3.487390E+5
4.960000E-3	0.000000E+0	3.489810E+5
4.980000E-3	0.000000E+0	3.491280E+5
5.000000E-3	0.000000E+0	3.474150E+5
5.020000E-3	0.000000E+0	3.473460E+5
5.040000E-3	0.000000E+0	3.456640E+5
5.060000E-3	0.000000E+0	3.446220E+5
5.080000E-3	0.000000E+0	3.439520E+5
5.100000E-3	0.000000E+0	3.443330E+5
5.120000E-3	0.000000E+0	3.438200E+5
5.140000E-3	0.000000E+0	3.451190E+5
5.160000E-3	0.000000E+0	3.461680E+5
5.180000E-3	0.000000E+0	3.473920E+5
5.200000E-3	0.000000E+0	3.480950E+5
5.220000E-3	0.000000E+0	3.492490E+5
5.240000E-3	0.000000E+0	3.494530E+5
5.260000E-3	0.000000E+0	3.517940E+5
5.280000E-3	0.000000E+0	3.502990E+5
5.300000E-3	0.000000E+0	3.518810E+5
5.320000E-3	0.000000E+0	3.532130E+5
5.340000E-3	0.000000E+0	3.529540E+5
5.360000E-3	0.000000E+0	3.541270E+5
5.380000E-3	0.000000E+0	3.528440E+5
5.400000E-3	0.000000E+0	3.541990E+5
5.420000E-3	0.000000E+0	3.531900E+5
5.440000E-3	0.000000E+0	3.528650E+5
5.460000E-3	0.000000E+0	3.526740E+5
5.480000E-3	0.000000E+0	3.522260E+5
5.500000E-3	0.000000E+0	3.529690E+5
5.520000E-3	0.000000E+0	3.518650E+5
5.540000E-3	0.000000E+0	3.517270E+5
5.560000E-3	0.000000E+0	3.501910E+5
5.580000E-3	0.000000E+0	3.498100E+5
5.600000E-3	0.000000E+0	3.482040E+5
5.620000E-3	0.000000E+0	3.484570E+5
5.640000E-3	0.000000E+0	3.493130E+5
5.660000E-3	0.000000E+0	3.475460E+5
5.680000E-3	0.000000E+0	3.473760E+5
5.700000E-3	0.000000E+0	3.458710E+5
5.720000E-3	0.000000E+0	3.450100E+5
5.740000E-3	0.000000E+0	3.447530E+5
5.760000E-3	0.000000E+0	3.449230E+5
5.780000E-3	0.000000E+0	3.457340E+5
5.800000E-3	0.000000E+0	3.462330E+5
5.820000E-3	0.000000E+0	3.474070E+5
5.840000E-3	0.000000E+0	3.483230E+5
5.860000E-3	0.000000E+0	3.490710E+5
5.880000E-3	0.000000E+0	3.505410E+5
5.900000E-3	0.000000E+0	3.518780E+5
5.920000E-3	0.000000E+0	3.526270E+5
5.940000E-3	0.000000E+0	3.518230E+5
5.960000E-3	0.000000E+0	3.524750E+5
5.980000E-3	0.000000E+0	3.535900E+5
6.000000E-3	0.000000E+0	3.531160E+5
6.020000E-3	0.000000E+0	3.538430E+5
6.040000E-3	0.000000E+0	3.539660E+5
6.060000E-3	0.000000E+0	3.536990E+5
6.080000E-3	0.000000E+0	3.539630E+5
6.100000E-3	0.000000E+0	3.534260E+5
6.120000E-3	0.000000E+0	3.542530E+5
6.140000E-3	0.000000E+0	3.538730E+5
6.160000E-3	0.000000E+0	3.534290E+5
6.180000E-3	0.000000E+0	3.542300E+5
6.200000E-3	0.000000E+0	3.539580E+5
6.220000E-3	0.000000E+0	3.541790E+5
6.240000E-3	0.000000E+0	3.534080E+5
6.260000E-3	0.000000E+0	3.534130E+5
6.280000E-3	0.000000E+0	3.552130E+5
6.300000E-3	0.000000E+0	3.545990E+5
6.320000E-3	0.000000E+0	3.541090E+5
6.340000E-3	0.000000E+0	3.543670E+5
6.360000E-3	0.000000E+0	3.533640E+5
6.380000E-3	0.000000E+0	3.542230E+5
6.400000E-3	0.000000E+0	3.537410E+5
6.420000E-3	0.000000E+0	3.534390E+5
6.440000E-3	0.000000E+0	3.552180E+5
6.460000E-3	0.000000E+0	3.540600E+5
6.480000E-3	0.000000E+0	3.539270E+5
6.500000E-3	0.000000E+0	3.536570E+5
6.520000E-3	0.000000E+0	3.543730E+5
6.540000E-3	0.000000E+0	3.534930E+5
6.560000E-3	0.000000E+0	3.546510E+5
6.580000E-3	0.000000E+0	3.537090E+5
6.600000E-3	0.000000E+0	3.546240E+5
6.620000E-3	0.000000E+0	3.539710E+5
6.640000E-3	0.000000E+0	3.536960E+5
6.660000E-3	0.000000E+0	3.533670E+5
6.680000E-3	0.000000E+0	3.540250E+5
6.700000E-3	0.000000E+0	3.543400E+5
6.720000E-3	0.000000E+0	3.541530E+5
6.740000E-3	0.000000E+0	3.543150E+5
6.760000E-3	0.000000E+0	3.548450E+5
6.780000E-3	0.000000E+0	3.533330E+5
6.800000E-3	0.000000E+0	3.544200E+5
6.820000E-3	0.000000E+0	3.544710E+5
6.840000E-3	0.000000E+0	3.539730E+5
6.860000E-3	0.000000E+0	3.542710E+5
6.880000E-3	0.000000E+0	3.546300E+5
6.900000E-3	0.000000E+0	3.529400E+5
6.920000E-3	0.000000E+0	3.534500E+5
6.940000E-3	0.000000E+0	3.540740E+5
6.960000E-3	0.000000E+0	3.524560E+5
6.980000E-3	0.000000E+0	3.537370E+5
7.000000E-3	0.000000E+0	3.536970E+5
7.020000E-3	0.000000E+0	3.541410E+5
7.040000E-3	0.000000E+0	3.542040E+5
7.060000E-3	0.000000E+0	3.542180E+5
7.080000E-3	0.000000E+0	3.542110E+5
7.100000E-3	0.000000E+0	3.536760E+5
7.120000E-3	0.000000E+0	3.542720E+5
7.140000E-3	0.000000E+0	3.540850E+5
7.160000E-3	0.000000E+0	3.547310E+5
7.180000E-3	0.000000E+0	3.534800E+5
7.200000E-3	0.000000E+0	3.543850E+5
7.220000E-3	0.000000E+0	3.545830E+5
7.240000E-3	0.000000E+0	3.542700E+5
7.260000E-3	0.000000E+0	3.539810E+5
7.280000E-3	0.000000E+0	3.538910E+5
7.300000E-3	0.000000E+0	3.537260E+5
7.320000E-3	0.000000E+0	3.544090E+5
7.340000E-3	0.000000E+0	3.545540E+5
7.360000E-3	0.000000E+0	3.542370E+5
7.380000E-3	0.000000E+0	3.546110E+5
7.400000E-3	0.000000E+0	3.538250E+5
7.420000E-3	0.000000E+0	3.540400E+5
7.440000E-3	0.000000E+0	3.541530E+5
7.460000E-3	0.000000E+0	3.546400E+5
7.480000E-3	0.000000E+0	3.540730E+5
7.500000E-3	0.000000E+0	3.547490E+5
7.520000E-3	0.000000E+0	3.548010E+5
7.540000E-3	0.000000E+0	3.542860E+5
7.560000E-3	0.000000E+0	3.548720E+5
7.580000E-3	0.000000E+0	3.542210E+5
7.600000E-3	0.000000E+0	3.535040E+5
7.620000E-3	0.000000E+0	3.546640E+5
7.640000E-3	0.000000E+0	3.550730E+5
7.660000E-3	0.000000E+0	3.538380E+5
7.680000E-3	0.000000E+0	3.536940E+5
7.700000E-3	0.000000E+0	3.536410E+5
7.720000E-3	0.000000E+0	3.542330E+5
7.740000E-3	0.000000E+0	3.538420E+5
7.760000E-3	0.000000E+0	3.535750E+5
7.780000E-3	0.000000E+0	3.553540E+5
7.800000E-3	0.000000E+0	3.539530E+5
7.820000E-3	0.000000E+0	3.539810E+5
7.840000E-3	0.000000E+0	3.550960E+5
7.860000E-3	0.000000E+0	3.539220E+5
7.880000E-3	0.000000E+0	3.540520E+5
7.900000E-3	0.000000E+0	3.538000E+5
7.920000E-3	0.000000E+0	3.536590E+5
7.940000E-3	0.000000E+0	3.552940E+5
7.960000E-3	0.000000E+0	3.550770E+5
7.980000E-3	0.000000E+0	3.551670E+5
8.000000E-3	0.000000E+0	3.546920E+5
8.020000E-3	0.000000E+0	3.544700E+5
8.040000E-3	0.000000E+0	3.530070E+5
8.060000E-3	0.000000E+0	3.536630E+5
8.080000E-3	0.000000E+0	3.546030E+5
8.100000E-3	0.000000E+0	3.546450E+5
8.120000E-3	0.000000E+0	3.541490E+5
8.140000E-3	0.000000E+0	3.536590E+5
8.160000E-3	0.000000E+0	3.542020E+5
8.180000E-3	0.000000E+0	3.539630E+5
8.200000E-3	0.000000E+0	3.543220E+5
8.220000E-3	0.000000E+0	3.538910E+5
8.240000E-3	0.000000E+0	3.545330E+5
8.260000E-3	0.000000E+0	3.557140E+5
8.280000E-3	0.000000E+0	3.535570E+5
8.300000E-3	0.000000E+0	3.545450E+5
8.320000E-3	0.000000E+0	3.537510E+5
8.340000E-3	0.000000E+0	3.540460E+5
8.360000E-3	0.000000E+0	3.539830E+5
8.380000E-3	0.000000E+0	3.526320E+5
8.400000E-3	0.000000E+0	3.536790E+5
8.420000E-3	0.000000E+0	3.542270E+5
8.440000E-3	0.000000E+0	3.546660E+5
8.460000E-3	0.000000E+0	3.547470E+5
8.480000E-3	0.000000E+0	3.554440E+5
8.500000E-3	0.000000E+0	3.531830E+5
8.520000E-3	0.000000E+0	3.549590E+5
8.540000E-3	0.000000E+0	3.545260E+5
8.560000E-3	0.000000E+0	3.543460E+5
8.580000E-3	0.000000E+0	3.555600E+5
8.600000E-3	0.000000E+0	3.537340E+5
8.620000E-3	0.000000E+0	3.553050E+5
8.640000E-3	0.000000E+0	3.539790E+5
8.660000E-3	0.000000E+0	3.539260E+5
8.680000E-3	0.000000E+0	3.543700E+5
8.700000E-3	0.000000E+0	3.527450E+5
8.720000E-3	0.000000E+0	3.547660E+5
8.740000E-3	0.000000E+0	3.533470E+5
8.760000E-3	0.000000E+0	3.541190E+5
8.780000E-3	0.000000E+0	3.545340E+5
8.800000E-3	0.000000E+0	3.550380E+5
8.820000E-3	0.000000E+0	3.544300E+5
8.840000E-3	0.000000E+0	3.538540E+5
8.860000E-3	0.000000E+0	3.554700E+5
8.880000E-3	0.000000E+0	3.538470E+5
8.900000E-3	0.000000E+0	3.548420E+5
8.920000E-3	0.000000E+0	3.534250E+5
8.940000E-3	0.000000E+0	3.534780E+5
8.960000E-3	0.000000E+0	3.547430E+5
8.980000E-3	0.000000E+0	3.540150E+5
9.000000E-3	0.000000E+0	3.534950E+5
9.020000E-3	0.000000E+0	3.532110E+5
9.040000E-3	0.000000E+0	3.545310E+5
9.060000E-3	0.000000E+0	3.560620E+5
9.080000E-3	0.000000E+0	3.544900E+5
9.100000E-3	0.000000E+0	3.548720E+5
9.120000E-3	0.000000E+0	3.537720E+5
9.140000E-3	0.000000E+0	3.545400E+5
9.160000E-3	0.000000E+0	3.549400E+5
9.180000E-3	0.000000E+0	3.531750E+5
9.200000E-3	0.000000E+0	3.540340E+5
9.220000E-3	0.000000E+0	3.542380E+5
9.240000E-3	0.000000E+0	3.545830E+5
9.260000E-3	0.000000E+0	3.549810E+5
9.280000E-3	0.000000E+0	3.555690E+5
9.300000E-3	0.000000E+0	3.545260E+5
9.320000E-3	0.000000E+0	3.538700E+5
9.340000E-3	0.000000E+0	3.546600E+5
9.360000E-3	0.000000E+0	3.538040E+5
9.380000E-3	0.000000E+0	3.551290E+5
9.400000E-3	0.000000E+0	3.550360E+5
9.420000E-3	0.000000E+0	3.552190E+5
9.440000E-3	0.000000E+0	3.541450E+5
9.460000E-3	0.000000E+0	3.553550E+5
9.480000E-3	0.000000E+0	3.544040E+5
9.500000E-3	0.000000E+0	3.531430E+5
9.520000E-3	0.000000E+0	3.550050E+5
9.540000E-3	0.000000E+0	3.533180E+5
9.560000E-3	0.000000E+0	3.538430E+5
9.580000E-3	0.000000E+0	3.541860E+5
9.600000E-3	0.000000E+0	3.546600E+5
9.620000E-3	0.000000E+0	3.539750E+5
9.640000E-3	0.000000E+0	3.539050E+5
9.660000E-3	0.000000E+0	3.544260E+5
9.680000E-3	0.000000E+0	3.531770E+5
9.700000E-3	0.000000E+0	3.538140E+5
9.720000E-3	0.000000E+0	3.546050E+5
9.740000E-3	0.000000E+0	3.542170E+5
9.760000E-3	0.000000E+0	3.538640E+5
9.780000E-3	0.000000E+0	3.546100E+5
9.800000E-3	0.000000E+0	3.548330E+5
9.820000E-3	0.000000E+0	3.553710E+5
9.840000E-3	0.000000E+0	3.542570E+5
9.860000E-3	0.000000E+0	3.540230E+5
9.880000E-3	0.000000E+0	3.550830E+5
9.900000E-3	0.000000E+0	3.551260E+5
9.920000E-3	0.000000E+0	3.535260E+5
9.940000E-3	0.000000E+0	3.532110E+5
9.960000E-3	0.000000E+0	3.536610E+5
9.980000E-3	0.000000E+0	3.550230E+5
1.000000E-2	0.000000E+0	3.537520E+5
1.002000E-2	0.000000E+0	3.543010E+5
1.004000E-2	0.000000E+0	3.548640E+5
1.006000E-2	0.000000E+0	3.549680E+5
1.008000E-2	0.000000E+0	3.539990E+5
1.010000E-2	0.000000E+0	3.540350E+5
1.012000E-2	0.000000E+0	3.552780E+5
1.014000E-2	0.000000E+0	3.559780E+5
1.016000E-2	0.000000E+0	3.548310E+5
1.018000E-2	0.000000E+0	3.542570E+5
1.020000E-2	0.000000E+0	3.551210E+5
1.022000E-2	0.000000E+0	3.544080E+5
1.024000E-2	0.000000E+0	3.538860E+5
1.026000E-2	0.000000E+0	3.556500E+5
1.028000E-2	0.000000E+0	3.541830E+5
1.030000E-2	0.000000E+0	3.549220E+5
1.032000E-2	0.000000E+0	3.537990E+5
1.034000E-2	0.000000E+0	3.548980E+5
1.036000E-2	0.000000E+0	3.543050E+5
1.038000E-2	0.000000E+0	3.548100E+5
1.040000E-2	0.000000E+0	3.540740E+5
1.042000E-2	0.000000E+0	3.542230E+5
1.044000E-2	0.000000E+0	3.542780E+5
1.046000E-2	0.000000E+0	3.546930E+5
1.048000E-2	0.000000E+0	3.550590E+5
1.050000E-2	0.000000E+0	3.542520E+5
1.052000E-2	0.000000E+0	3.549030E+5
1.054000E-2	0.000000E+0	3.557680E+5
1.056000E-2	0.000000E+0	3.537600E+5
1.058000E-2	0.000000E+0	3.549390E+5
1.060000E-2	0.000000E+0	3.539420E+5
1.062000E-2	0.000000E+0	3.541070E+5
1.064000E-2	0.000000E+0	3.544220E+5
1.066000E-2	0.000000E+0	3.543100E+5
1.068000E-2	0.000000E+0	3.548370E+5
1.070000E-2	0.000000E+0	3.535340E+5
1.072000E-2	0.000000E+0	3.543890E+5
1.074000E-2	0.000000E+0	3.549820E+5
1.076000E-2	0.000000E+0	3.552800E+5
1.078000E-2	0.000000E+0	3.550710E+5
1.080000E-2	0.000000E+0	3.551230E+5
1.082000E-2	0.000000E+0	3.557080E+5
1.084000E-2	0.000000E+0	3.542110E+5
1.086000E-2	0.000000E+0	3.545230E+5
1.088000E-2	0.000000E+0	3.544410E+5
1.090000E-2	0.000000E+0	3.546850E+5
1.092000E-2	0.000000E+0	3.542730E+5
1.094000E-2	0.000000E+0	3.540650E+5
1.096000E-2	0.000000E+0	3.538400E+5
1.098000E-2	0.000000E+0	3.546330E+5
1.100000E-2	0.000000E+0	3.545370E+5
1.102000E-2	0.000000E+0	3.535600E+5
1.104000E-2	0.000000E+0	3.550080E+5
1.106000E-2	0.000000E+0	3.543830E+5
1.108000E-2	0.000000E+0	3.549820E+5
1.110000E-2	0.000000E+0	3.541140E+5
1.112000E-2	0.000000E+0	3.543540E+5
1.114000E-2	0.000000E+0	3.545440E+5
1.116000E-2	0.000000E+0	3.523390E+5
1.118000E-2	0.000000E+0	3.545360E+5
1.120000E-2	0.000000E+0	3.546130E+5
1.122000E-2	0.000000E+0	3.558140E+5
1.124000E-2	0.000000E+0	3.551920E+5
1.126000E-2	0.000000E+0	3.533640E+5
1.128000E-2	0.000000E+0	3.537210E+5
1.130000E-2	0.000000E+0	3.542480E+5
1.132000E-2	0.000000E+0	3.551030E+5
1.134000E-2	0.000000E+0	3.538300E+5
1.136000E-2	0.000000E+0	3.554750E+5
1.138000E-2	0.000000E+0	3.541680E+5
1.140000E-2	0.000000E+0	3.558040E+5
1.142000E-2	0.000000E+0	3.541570E+5
1.144000E-2	0.000000E+0	3.552050E+5
1.146000E-2	0.000000E+0	3.541510E+5
1.148000E-2	0.000000E+0	3.547230E+5
1.150000E-2	0.000000E+0	3.540740E+5
1.152000E-2	0.000000E+0	3.537690E+5
1.154000E-2	0.000000E+0	3.540820E+5
1.156000E-2	0.000000E+0	3.548640E+5
1.158000E-2	0.000000E+0	3.537090E+5
1.160000E-2	0.000000E+0	3.543690E+5
1.162000E-2	0.000000E+0	3.544930E+5
1.164000E-2	0.000000E+0	3.558610E+5
1.166000E-2	0.000000E+0	3.560580E+5
1.168000E-2	0.000000E+0	3.553050E+5
1.170000E-2	0.000000E+0	3.554570E+5
1.172000E-2	0.000000E+0	3.551630E+5
1.174000E-2	0.000000E+0	3.544380E+5
1.176000E-2	0.000000E+0	3.547130E+5
1.178000E-2	0.000000E+0	3.538560E+5
1.180000E-2	0.000000E+0	3.550220E+5
1.182000E-2	0.000000E+0	3.550060E+5
1.184000E-2	0.000000E+0	3.545430E+5
1.186000E-2	0.000000E+0	3.542370E+5
1.188000E-2	0.000000E+0	3.536800E+5
1.190000E-2	0.000000E+0	3.536100E+5
1.192000E-2	0.000000E+0	3.540160E+5
1.194000E-2	0.000000E+0	3.555100E+5
1.196000E-2	0.000000E+0	3.539900E+5
1.198000E-2	0.000000E+0	3.551660E+5
1.200000E-2	0.000000E+0	3.540710E+5
1.202000E-2	0.000000E+0	3.548540E+5
1.204000E-2	0.000000E+0	3.543930E+5
1.206000E-2	0.000000E+0	3.545280E+5
1.208000E-2	0.000000E+0	3.554930E+5
1.210000E-2	0.000000E+0	3.549260E+5
1.212000E-2	0.000000E+0	3.550580E+5
1.214000E-2	0.000000E+0	3.533670E+5
1.216000E-2	0.000000E+0	3.543090E+5
1.218000E-2	0.000000E+0	3.544490E+5
1.220000E-2	0.000000E+0	3.533250E+5
1.222000E-2	0.000000E+0	3.547800E+5
1.224000E-2	0.000000E+0	3.546270E+5
1.226000E-2	0.000000E+0	3.545200E+5
1.228000E-2	0.000000E+0	3.548750E+5
1.230000E-2	0.000000E+0	3.547020E+5
1.232000E-2	0.000000E+0	3.549470E+5
1.234000E-2	0.000000E+0	3.546030E+5
1.236000E-2	0.000000E+0	3.541160E+5
1.238000E-2	0.000000E+0	3.550700E+5
1.240000E-2	0.000000E+0	3.552280E+5
1.242000E-2	0.000000E+0	3.549330E+5
1.244000E-2	0.000000E+0	3.551740E+5
1.246000E-2	0.000000E+0	3.542610E+5
1.248000E-2	0.000000E+0	3.549520E+5
1.250000E-2	0.000000E+0	3.542060E+5
1.252000E-2	0.000000E+0	3.555990E+5
1.254000E-2	0.000000E+0	3.547090E+5
1.256000E-2	0.000000E+0	3.541690E+5
1.258000E-2	0.000000E+0	3.556240E+5
1.260000E-2	0.000000E+0	3.553920E+5
1.262000E-2	0.000000E+0	3.538010E+5
1.264000E-2	0.000000E+0	3.536280E+5
1.266000E-2	0.000000E+0	3.554850E+5
1.268000E-2	0.000000E+0	3.548770E+5
1.270000E-2	0.000000E+0	3.543720E+5
1.272000E-2	0.000000E+0	3.553790E+5
1.274000E-2	0.000000E+0	3.544440E+5
1.276000E-2	0.000000E+0	3.550580E+5
1.278000E-2	0.000000E+0	3.540560E+5
1.280000E-2	0.000000E+0	3.538120E+5
1.282000E-2	0.000000E+0	3.541410E+5
1.284000E-2	0.000000E+0	3.545730E+5
1.286000E-2	0.000000E+0	3.550450E+5
1.288000E-2	0.000000E+0	3.555610E+5
1.290000E-2	0.000000E+0	3.542440E+5
1.292000E-2	0.000000E+0	3.549060E+5
1.294000E-2	0.000000E+0	3.536150E+5
1.296000E-2	0.000000E+0	3.546120E+5
1.298000E-2	0.000000E+0	3.547110E+5
1.300000E-2	0.000000E+0	3.547520E+5
1.302000E-2	0.000000E+0	3.551130E+5
1.304000E-2	0.000000E+0	3.547440E+5
1.306000E-2	0.000000E+0	3.541840E+5
1.308000E-2	0.000000E+0	3.555580E+5
1.310000E-2	0.000000E+0	3.547310E+5
1.312000E-2	0.000000E+0	3.549690E+5
1.314000E-2	0.000000E+0	3.554190E+5
1.316000E-2	0.000000E+0	3.547770E+5
1.318000E-2	0.000000E+0	3.538060E+5
1.320000E-2	0.000000E+0	3.546460E+5
1.322000E-2	0.000000E+0	3.550080E+5
1.324000E-2	0.000000E+0	3.539040E+5
1.326000E-2	0.000000E+0	3.556230E+5
1.328000E-2	0.000000E+0	3.552770E+5
1.330000E-2	0.000000E+0	3.538690E+5
1.332000E-2	0.000000E+0	3.541520E+5
1.334000E-2	0.000000E+0	3.546190E+5
1.336000E-2	0.000000E+0	3.550320E+5
1.338000E-2	0.000000E+0	3.548420E+5
1.340000E-2	0.000000E+0	3.534390E+5
1.342000E-2	0.000000E+0	3.538240E+5
1.344000E-2	0.000000E+0	3.537720E+5
1.346000E-2	0.000000E+0	3.533630E+5
1.348000E-2	0.000000E+0	3.550170E+5
1.350000E-2	0.000000E+0	3.545600E+5
1.352000E-2	0.000000E+0	3.555830E+5
1.354000E-2	0.000000E+0	3.551250E+5
1.356000E-2	0.000000E+0	3.548510E+5
1.358000E-2	0.000000E+0	3.545050E+5
1.360000E-2	0.000000E+0	3.540470E+5
1.362000E-2	0.000000E+0	3.546910E+5
1.364000E-2	0.000000E+0	3.535850E+5
1.366000E-2	0.000000E+0	3.544390E+5
1.368000E-2	0.000000E+0	3.550260E+5
1.370000E-2	0.000000E+0	3.550020E+5
1.372000E-2	0.000000E+0	3.542940E+5
1.374000E-2	0.000000E+0	3.544340E+5
1.376000E-2	0.000000E+0	3.540290E+5
1.378000E-2	0.000000E+0	3.537960E+5
1.380000E-2	0.000000E+0	3.546910E+5
1.382000E-2	0.000000E+0	3.536730E+5
1.384000E-2	0.000000E+0	3.540180E+5
1.386000E-2	0.000000E+0	3.545240E+5
1.388000E-2	0.000000E+0	3.542700E+5
1.390000E-2	0.000000E+0	3.548670E+5
1.392000E-2	0.000000E+0	3.556110E+5
1.394000E-2	0.000000E+0	3.542830E+5
1.396000E-2	0.000000E+0	3.547010E+5
1.398000E-2	0.000000E+0	3.552620E+5
1.400000E-2	0.000000E+0	3.552420E+5
1.402000E-2	0.000000E+0	3.540270E+5
1.404000E-2	0.000000E+0	3.556210E+5
1.406000E-2	0.000000E+0	3.541460E+5
1.408000E-2	0.000000E+0	3.540400E+5
1.410000E-2	0.000000E+0	3.543840E+5
1.412000E-2	0.000000E+0	3.545560E+5
1.414000E-2	0.000000E+0	3.543600E+5
1.416000E-2	0.000000E+0	3.540190E+5
1.418000E-2	0.000000E+0	3.542100E+5
1.420000E-2	0.000000E+0	3.545930E+5
1.422000E-2	0.000000E+0	3.545340E+5
1.424000E-2	0.000000E+0	3.533240E+5
1.426000E-2	0.000000E+0	3.531950E+5
1.428000E-2	0.000000E+0	3.540940E+5
1.430000E-2	0.000000E+0	3.543450E+5
1.432000E-2	0.000000E+0	3.548290E+5
1.434000E-2	0.000000E+0	3.540490E+5
1.436000E-2	0.000000E+0	3.547160E+5
1.438000E-2	0.000000E+0	3.546230E+5
1.440000E-2	0.000000E+0	3.553010E+5
1.442000E-2	0.000000E+0	3.544050E+5
1.444000E-2	0.000000E+0	3.532990E+5
1.446000E-2	0.000000E+0	3.548430E+5
1.448000E-2	0.000000E+0	3.548560E+5
1.450000E-2	0.000000E+0	3.544390E+5
1.452000E-2	0.000000E+0	3.546920E+5
1.454000E-2	0.000000E+0	3.542530E+5
1.456000E-2	0.000000E+0	3.549370E+5
1.458000E-2	0.000000E+0	3.535850E+5
1.460000E-2	0.000000E+0	3.553540E+5
1.462000E-2	0.000000E+0	3.532020E+5
1.464000E-2	0.000000E+0	3.550080E+5
1.466000E-2	0.000000E+0	3.543330E+5
1.468000E-2	0.000000E+0	3.550760E+5
1.470000E-2	0.000000E+0	3.541550E+5
1.472000E-2	0.000000E+0	3.540220E+5
1.474000E-2	0.000000E+0	3.542240E+5
1.476000E-2	0.000000E+0	3.554540E+5
1.478000E-2	0.000000E+0	3.554290E+5
1.480000E-2	0.000000E+0	3.542450E+5
1.482000E-2	0.000000E+0	3.534820E+5
1.484000E-2	0.000000E+0	3.550010E+5
1.486000E-2	0.000000E+0	3.541180E+5
1.488000E-2	0.000000E+0	3.537560E+5
1.490000E-2	0.000000E+0	3.531280E+5
1.492000E-2	0.000000E+0	3.526990E+5
1.494000E-2	0.000000E+0	3.510570E+5
1.496000E-2	0.000000E+0	3.501810E+5
1.498000E-2	0.000000E+0	3.504960E+5
1.500000E-2	0.000000E+0	3.495010E+5
1.502000E-2	0.000000E+0	3.490340E+5
1.504000E-2	0.000000E+0	3.481120E+5
1.506000E-2	0.000000E+0	3.479690E+5
1.508000E-2	0.000000E+0	3.469780E+5
1.510000E-2	0.000000E+0	3.456350E+5
1.512000E-2	0.000000E+0	3.448660E+5
1.514000E-2	0.000000E+0	3.449190E+5
1.516000E-2	0.000000E+0	3.453150E+5
1.518000E-2	0.000000E+0	3.459840E+5
1.520000E-2	0.000000E+0	3.470430E+5
1.522000E-2	0.000000E+0	3.484420E+5
1.524000E-2	0.000000E+0	3.505580E+5
1.526000E-2	0.000000E+0	3.507610E+5
1.528000E-2	0.000000E+0	3.525250E+5
1.530000E-2	0.000000E+0	3.517420E+5
1.532000E-2	0.000000E+0	3.526800E+5
1.534000E-2	0.000000E+0	3.534950E+5
1.536000E-2	0.000000E+0	3.528970E+5
1.538000E-2	0.000000E+0	3.543550E+5
1.540000E-2	0.000000E+0	3.536350E+5
1.542000E-2	0.000000E+0	3.538080E+5
1.544000E-2	0.000000E+0	3.533460E+5
1.546000E-2	0.000000E+0	3.535430E+5
1.548000E-2	0.000000E+0	3.534570E+5
1.550000E-2	0.000000E+0	3.530620E+5
1.552000E-2	0.000000E+0	3.541610E+5
1.554000E-2	0.000000E+0	3.532210E+5
1.556000E-2	0.000000E+0	3.513090E+5
1.558000E-2	0.000000E+0	3.506150E+5
1.560000E-2	0.000000E+0	3.512170E+5
1.562000E-2	0.000000E+0	3.497730E+5
1.564000E-2	0.000000E+0	3.490590E+5
1.566000E-2	0.000000E+0	3.482560E+5
1.568000E-2	0.000000E+0	3.476760E+5
1.570000E-2	0.000000E+0	3.476640E+5
1.572000E-2	0.000000E+0	3.467880E+5
1.574000E-2	0.000000E+0	3.462620E+5
1.576000E-2	0.000000E+0	3.458670E+5
1.578000E-2	0.000000E+0	3.434940E+5
1.580000E-2	0.000000E+0	3.451150E+5
1.582000E-2	0.000000E+0	3.454150E+5
1.584000E-2	0.000000E+0	3.466260E+5
1.586000E-2	0.000000E+0	3.479210E+5
1.588000E-2	0.000000E+0	3.496030E+5
1.590000E-2	0.000000E+0	3.501730E+5
1.592000E-2	0.000000E+0	3.507800E+5
1.594000E-2	0.000000E+0	3.510910E+5
1.596000E-2	0.000000E+0	3.523720E+5
1.598000E-2	0.000000E+0	3.538920E+5
1.600000E-2	0.000000E+0	3.548720E+5
1.602000E-2	0.000000E+0	3.541740E+5
1.604000E-2	0.000000E+0	3.535880E+5
1.606000E-2	0.000000E+0	3.535250E+5
1.608000E-2	0.000000E+0	3.537910E+5
1.610000E-2	0.000000E+0	3.546870E+5
1.612000E-2	0.000000E+0	3.546910E+5
1.614000E-2	0.000000E+0	3.544860E+5
1.616000E-2	0.000000E+0	3.550070E+5
1.618000E-2	0.000000E+0	3.542160E+5
1.620000E-2	0.000000E+0	3.540210E+5
1.622000E-2	0.000000E+0	3.541210E+5
1.624000E-2	0.000000E+0	3.538500E+5
1.626000E-2	0.000000E+0	3.542150E+5
1.628000E-2	0.000000E+0	3.557170E+5
1.630000E-2	0.000000E+0	3.542880E+5
1.632000E-2	0.000000E+0	3.548560E+5
1.634000E-2	0.000000E+0	3.549510E+5
1.636000E-2	0.000000E+0	3.554870E+5
1.638000E-2	0.000000E+0	3.546240E+5
1.640000E-2	0.000000E+0	3.544770E+5
1.642000E-2	0.000000E+0	3.544000E+5
1.644000E-2	0.000000E+0	3.540900E+5
1.646000E-2	0.000000E+0	3.545060E+5
1.648000E-2	0.000000E+0	3.533520E+5
1.650000E-2	0.000000E+0	3.544420E+5
1.652000E-2	0.000000E+0	3.553900E+5
1.654000E-2	0.000000E+0	3.543280E+5
1.656000E-2	0.000000E+0	3.541980E+5
1.658000E-2	0.000000E+0	3.547330E+5
1.660000E-2	0.000000E+0	3.547690E+5
1.662000E-2	0.000000E+0	3.541670E+5
1.664000E-2	0.000000E+0	3.547710E+5
1.666000E-2	0.000000E+0	3.545970E+5
1.668000E-2	0.000000E+0	3.535550E+5
1.670000E-2	0.000000E+0	3.539470E+5
1.672000E-2	0.000000E+0	3.547270E+5
1.674000E-2	0.000000E+0	3.537800E+5
1.676000E-2	0.000000E+0	3.537880E+5
1.678000E-2	0.000000E+0	3.533460E+5
1.680000E-2	0.000000E+0	3.547200E+5
1.682000E-2	0.000000E+0	3.542320E+5
1.684000E-2	0.000000E+0	3.547960E+5
1.686000E-2	0.000000E+0	3.553420E+5
1.688000E-2	0.000000E+0	3.546670E+5
1.690000E-2	0.000000E+0	3.541150E+5
1.692000E-2	0.000000E+0	3.545670E+5
1.694000E-2	0.000000E+0	3.540650E+5
1.696000E-2	0.000000E+0	3.533470E+5
1.698000E-2	0.000000E+0	3.536220E+5
1.700000E-2	0.000000E+0	3.543950E+5
1.702000E-2	0.000000E+0	3.548610E+5
1.704000E-2	0.000000E+0	3.549060E+5
1.706000E-2	0.000000E+0	3.560220E+5
1.708000E-2	0.000000E+0	3.543440E+5
1.710000E-2	0.000000E+0	3.546510E+5
1.712000E-2	0.000000E+0	3.542950E+5
1.714000E-2	0.000000E+0	3.540340E+5
1.716000E-2	0.000000E+0	3.548030E+5
1.718000E-2	0.000000E+0	3.541430E+5
1.720000E-2	0.000000E+0	3.551030E+5
1.722000E-2	0.000000E+0	3.553200E+5
1.724000E-2	0.000000E+0	3.542590E+5
1.726000E-2	0.000000E+0	3.540360E+5
1.728000E-2	0.000000E+0	3.542260E+5
1.730000E-2	0.000000E+0	3.541770E+5
1.732000E-2	0.000000E+0	3.537460E+5
1.734000E-2	0.000000E+0	3.544680E+5
1.736000E-2	0.000000E+0	3.555630E+5
1.738000E-2	0.000000E+0	3.554700E+5
1.740000E-2	0.000000E+0	3.547900E+5
1.742000E-2	0.000000E+0	3.530050E+5
1.744000E-2	0.000000E+0	3.546980E+5
1.746000E-2	0.000000E+0	3.546540E+5
1.748000E-2	0.000000E+0	3.545980E+5
1.750000E-2	0.000000E+0	3.544270E+5
1.752000E-2	0.000000E+0	3.548050E+5
1.754000E-2	0.000000E+0	3.536500E+5
1.756000E-2	0.000000E+0	3.537760E+5
1.758000E-2	0.000000E+0	3.551690E+5
1.760000E-2	0.000000E+0	3.546310E+5
1.762000E-2	0.000000E+0	3.549320E+5
1.764000E-2	0.000000E+0	3.553590E+5
1.766000E-2	0.000000E+0	3.546950E+5
1.768000E-2	0.000000E+0	3.549860E+5
1.770000E-2	0.000000E+0	3.545700E+5
1.772000E-2	0.000000E+0	3.557160E+5
1.774000E-2	0.000000E+0	3.545330E+5
1.776000E-2	0.000000E+0	3.540050E+5
1.778000E-2	0.000000E+0	3.551500E+5
1.780000E-2	0.000000E+0	3.542140E+5
1.782000E-2	0.000000E+0	3.544860E+5
1.784000E-2	0.000000E+0	3.539950E+5
1.786000E-2	0.000000E+0	3.547460E+5
1.788000E-2	0.000000E+0	3.542790E+5
1.790000E-2	0.000000E+0	3.549230E+5
1.792000E-2	0.000000E+0	3.538420E+5
1.794000E-2	0.000000E+0	3.547830E+5
1.796000E-2	0.000000E+0	3.550640E+5
1.798000E-2	0.000000E+0	3.552730E+5
1.800000E-2	0.000000E+0	3.538330E+5
1.802000E-2	0.000000E+0	3.543770E+5
1.804000E-2	0.000000E+0	3.538480E+5
1.806000E-2	0.000000E+0	3.543460E+5
1.808000E-2	0.000000E+0	3.542690E+5
1.810000E-2	0.000000E+0	3.549480E+5
1.812000E-2	0.000000E+0	3.551960E+5
1.814000E-2	0.000000E+0	3.553150E+5
1.816000E-2	0.000000E+0	3.552850E+5
1.818000E-2	0.000000E+0	3.543070E+5
1.820000E-2	0.000000E+0	3.554500E+5
1.822000E-2	0.000000E+0	3.539360E+5
1.824000E-2	0.000000E+0	3.546390E+5
1.826000E-2	0.000000E+0	3.549870E+5
1.828000E-2	0.000000E+0	3.542490E+5
1.830000E-2	0.000000E+0	3.539410E+5
1.832000E-2	0.000000E+0	3.545100E+5
1.834000E-2	0.000000E+0	3.539670E+5
1.836000E-2	0.000000E+0	3.553490E+5
1.838000E-2	0.000000E+0	3.543330E+5
1.840000E-2	0.000000E+0	3.541860E+5
1.842000E-2	0.000000E+0	3.543280E+5
1.844000E-2	0.000000E+0	3.542340E+5
1.846000E-2	0.000000E+0	3.535310E+5
1.848000E-2	0.000000E+0	3.553930E+5
1.850000E-2	0.000000E+0	3.550790E+5
1.852000E-2	0.000000E+0	3.552590E+5
1.854000E-2	0.000000E+0	3.557180E+5
1.856000E-2	0.000000E+0	3.536950E+5
1.858000E-2	0.000000E+0	3.541870E+5
1.860000E-2	0.000000E+0	3.548940E+5
1.862000E-2	0.000000E+0	3.543360E+5
1.864000E-2	0.000000E+0	3.536450E+5
1.866000E-2	0.000000E+0	3.545340E+5
1.868000E-2	0.000000E+0	3.538370E+5
1.870000E-2	0.000000E+0	3.545710E+5
1.872000E-2	0.000000E+0	3.551490E+5
1.874000E-2	0.000000E+0	3.531310E+5
1.876000E-2	0.000000E+0	3.544480E+5
1.878000E-2	0.000000E+0	3.543400E+5
1.880000E-2	0.000000E+0	3.543870E+5
1.882000E-2	0.000000E+0	3.544220E+5
1.884000E-2	0.000000E+0	3.546510E+5
1.886000E-2	0.000000E+0	3.550190E+5
1.888000E-2	0.000000E+0	3.539220E+5
1.890000E-2	0.000000E+0	3.539200E+5
1.892000E-2	0.000000E+0	3.555800E+5
1.894000E-2	0.000000E+0	3.545490E+5
1.896000E-2	0.000000E+0	3.547670E+5
1.898000E-2	0.000000E+0	3.545620E+5
1.900000E-2	0.000000E+0	3.539340E+5
1.902000E-2	0.000000E+0	3.541230E+5
1.904000E-2	0.000000E+0	3.547030E+5
1.906000E-2	0.000000E+0	3.548660E+5
1.908000E-2	0.000000E+0	3.547380E+5
1.910000E-2	0.000000E+0	3.534940E+5
1.912000E-2	0.000000E+0	3.540130E+5
1.914000E-2	0.000000E+0	3.544180E+5
1.916000E-2	0.000000E+0	3.533400E+5
1.918000E-2	0.000000E+0	3.539350E+5
1.920000E-2	0.000000E+0	3.548640E+5
1.922000E-2	0.000000E+0	3.542980E+5
1.924000E-2	0.000000E+0	3.542360E+5
1.926000E-2	0.000000E+0	3.550220E+5
1.928000E-2	0.000000E+0	3.553260E+5
1.930000E-2	0.000000E+0	3.542990E+5
1.932000E-2	0.000000E+0	3.541580E+5
1.934000E-2	0.000000E+0	3.546490E+5
1.936000E-2	0.000000E+0	3.540470E+5
1.938000E-2	0.000000E+0	3.549340E+5
1.940000E-2	0.000000E+0	3.536970E+5
1.942000E-2	0.000000E+0	3.558740E+5
1.944000E-2	0.000000E+0	3.551940E+5
1.946000E-2	0.000000E+0	3.536850E+5
1.948000E-2	0.000000E+0	3.547910E+5
1.950000E-2	0.000000E+0	3.544010E+5
1.952000E-2	0.000000E+0	3.553080E+5
1.954000E-2	0.000000E+0	3.547640E+5
1.956000E-2	0.000000E+0	3.549250E+5
1.958000E-2	0.000000E+0	3.545930E+5
1.960000E-2	0.000000E+0	3.546900E+5
1.962000E-2	0.000000E+0	3.539620E+5
1.964000E-2	0.000000E+0	3.550840E+5
1.966000E-2	0.000000E+0	3.547790E+5
1.968000E-2	0.000000E+0	3.542630E+5
1.970000E-2	0.000000E+0	3.544550E+5
1.972000E-2	0.000000E+0	3.545950E+5
1.974000E-2	0.000000E+0	3.546710E+5
1.976000E-2	0.000000E+0	3.532890E+5
1.978000E-2	0.000000E+0	3.541740E+5
1.980000E-2	0.000000E+0	3.550570E+5
1.982000E-2	0.000000E+0	3.543770E+5
1.984000E-2	0.000000E+0	3.548070E+5
1.986000E-2	0.000000E+0	3.539880E+5
1.988000E-2	0.000000E+0	3.533240E+5
1.990000E-2	0.000000E+0	3.543820E+5
1.992000E-2	0.000000E+0	3.540830E+5
1.994000E-2	0.000000E+0	3.553740E+5
1.996000E-2	0.000000E+0	3.535600E+5
1.998000E-2	0.000000E+0	3.548170E+5
