

live time:  207228.720000
real time:  288005.596000
sweeps:  10361436.000000
0.000000E+0	0.000000E+0	0.000000E+0
2.000000E-5	0.000000E+0	4.540430E+5
4.000000E-5	0.000000E+0	4.546280E+5
6.000000E-5	0.000000E+0	4.539500E+5
8.000000E-5	0.000000E+0	4.545220E+5
1.000000E-4	0.000000E+0	4.532550E+5
1.200000E-4	0.000000E+0	4.546920E+5
1.400000E-4	0.000000E+0	4.544170E+5
1.600000E-4	0.000000E+0	4.543170E+5
1.800000E-4	0.000000E+0	4.545670E+5
2.000000E-4	0.000000E+0	4.541080E+5
2.200000E-4	0.000000E+0	4.547290E+5
2.400000E-4	0.000000E+0	4.531970E+5
2.600000E-4	0.000000E+0	4.530580E+5
2.800000E-4	0.000000E+0	4.534870E+5
3.000000E-4	0.000000E+0	4.553440E+5
3.200000E-4	0.000000E+0	4.542070E+5
3.400000E-4	0.000000E+0	4.536920E+5
3.600000E-4	0.000000E+0	4.549470E+5
3.800000E-4	0.000000E+0	4.536170E+5
4.000000E-4	0.000000E+0	4.534110E+5
4.200000E-4	0.000000E+0	4.538630E+5
4.400000E-4	0.000000E+0	4.536140E+5
4.600000E-4	0.000000E+0	4.551360E+5
4.800000E-4	0.000000E+0	4.535730E+5
5.000000E-4	0.000000E+0	4.542540E+5
5.200000E-4	0.000000E+0	4.541600E+5
5.400000E-4	0.000000E+0	4.536240E+5
5.600000E-4	0.000000E+0	4.532630E+5
5.800000E-4	0.000000E+0	4.538990E+5
6.000000E-4	0.000000E+0	4.547570E+5
6.200000E-4	0.000000E+0	4.536860E+5
6.400000E-4	0.000000E+0	4.551720E+5
6.600000E-4	0.000000E+0	4.532190E+5
6.800000E-4	0.000000E+0	4.537760E+5
7.000000E-4	0.000000E+0	4.543750E+5
7.200000E-4	0.000000E+0	4.552510E+5
7.400000E-4	0.000000E+0	4.531700E+5
7.600000E-4	0.000000E+0	4.534900E+5
7.800000E-4	0.000000E+0	4.528570E+5
8.000000E-4	0.000000E+0	4.545970E+5
8.200000E-4	0.000000E+0	4.536830E+5
8.400000E-4	0.000000E+0	4.536860E+5
8.600000E-4	0.000000E+0	4.546840E+5
8.800000E-4	0.000000E+0	4.536630E+5
9.000000E-4	0.000000E+0	4.553140E+5
9.200000E-4	0.000000E+0	4.533980E+5
9.400000E-4	0.000000E+0	4.542910E+5
9.600000E-4	0.000000E+0	4.531430E+5
9.800000E-4	0.000000E+0	4.553050E+5
1.000000E-3	0.000000E+0	4.544180E+5
1.020000E-3	0.000000E+0	4.536460E+5
1.040000E-3	0.000000E+0	4.539200E+5
1.060000E-3	0.000000E+0	4.539280E+5
1.080000E-3	0.000000E+0	4.538460E+5
1.100000E-3	0.000000E+0	4.536580E+5
1.120000E-3	0.000000E+0	4.548430E+5
1.140000E-3	0.000000E+0	4.530460E+5
1.160000E-3	0.000000E+0	4.536480E+5
1.180000E-3	0.000000E+0	4.535180E+5
1.200000E-3	0.000000E+0	4.546330E+5
1.220000E-3	0.000000E+0	4.548740E+5
1.240000E-3	0.000000E+0	4.543370E+5
1.260000E-3	0.000000E+0	4.541460E+5
1.280000E-3	0.000000E+0	4.541850E+5
1.300000E-3	0.000000E+0	4.527580E+5
1.320000E-3	0.000000E+0	4.548520E+5
1.340000E-3	0.000000E+0	4.542600E+5
1.360000E-3	0.000000E+0	4.534540E+5
1.380000E-3	0.000000E+0	4.551080E+5
1.400000E-3	0.000000E+0	4.540900E+5
1.420000E-3	0.000000E+0	4.542150E+5
1.440000E-3	0.000000E+0	4.538750E+5
1.460000E-3	0.000000E+0	4.529000E+5
1.480000E-3	0.000000E+0	4.550930E+5
1.500000E-3	0.000000E+0	4.537960E+5
1.520000E-3	0.000000E+0	4.537100E+5
1.540000E-3	0.000000E+0	4.543610E+5
1.560000E-3	0.000000E+0	4.540310E+5
1.580000E-3	0.000000E+0	4.548530E+5
1.600000E-3	0.000000E+0	4.540610E+5
1.620000E-3	0.000000E+0	4.536020E+5
1.640000E-3	0.000000E+0	4.533510E+5
1.660000E-3	0.000000E+0	4.541030E+5
1.680000E-3	0.000000E+0	4.540680E+5
1.700000E-3	0.000000E+0	4.531580E+5
1.720000E-3	0.000000E+0	4.543880E+5
1.740000E-3	0.000000E+0	4.551380E+5
1.760000E-3	0.000000E+0	4.545830E+5
1.780000E-3	0.000000E+0	4.546740E+5
1.800000E-3	0.000000E+0	4.547970E+5
1.820000E-3	0.000000E+0	4.536780E+5
1.840000E-3	0.000000E+0	4.526370E+5
1.860000E-3	0.000000E+0	4.539860E+5
1.880000E-3	0.000000E+0	4.539490E+5
1.900000E-3	0.000000E+0	4.531210E+5
1.920000E-3	0.000000E+0	4.538410E+5
1.940000E-3	0.000000E+0	4.534390E+5
1.960000E-3	0.000000E+0	4.543920E+5
1.980000E-3	0.000000E+0	4.545870E+5
2.000000E-3	0.000000E+0	4.538210E+5
2.020000E-3	0.000000E+0	4.537870E+5
2.040000E-3	0.000000E+0	4.533370E+5
2.060000E-3	0.000000E+0	4.548110E+5
2.080000E-3	0.000000E+0	4.550130E+5
2.100000E-3	0.000000E+0	4.549970E+5
2.120000E-3	0.000000E+0	4.544460E+5
2.140000E-3	0.000000E+0	4.528450E+5
2.160000E-3	0.000000E+0	4.528370E+5
2.180000E-3	0.000000E+0	4.542470E+5
2.200000E-3	0.000000E+0	4.550900E+5
2.220000E-3	0.000000E+0	4.547360E+5
2.240000E-3	0.000000E+0	4.536450E+5
2.260000E-3	0.000000E+0	4.542530E+5
2.280000E-3	0.000000E+0	4.541970E+5
2.300000E-3	0.000000E+0	4.542190E+5
2.320000E-3	0.000000E+0	4.540950E+5
2.340000E-3	0.000000E+0	4.538990E+5
2.360000E-3	0.000000E+0	4.542970E+5
2.380000E-3	0.000000E+0	4.554750E+5
2.400000E-3	0.000000E+0	4.525910E+5
2.420000E-3	0.000000E+0	4.537800E+5
2.440000E-3	0.000000E+0	4.535590E+5
2.460000E-3	0.000000E+0	4.542240E+5
2.480000E-3	0.000000E+0	4.555310E+5
2.500000E-3	0.000000E+0	4.537790E+5
2.520000E-3	0.000000E+0	4.543760E+5
2.540000E-3	0.000000E+0	4.529810E+5
2.560000E-3	0.000000E+0	4.541890E+5
2.580000E-3	0.000000E+0	4.533160E+5
2.600000E-3	0.000000E+0	4.547960E+5
2.620000E-3	0.000000E+0	4.539490E+5
2.640000E-3	0.000000E+0	4.530930E+5
2.660000E-3	0.000000E+0	4.547190E+5
2.680000E-3	0.000000E+0	4.537780E+5
2.700000E-3	0.000000E+0	4.538830E+5
2.720000E-3	0.000000E+0	4.522140E+5
2.740000E-3	0.000000E+0	4.539620E+5
2.760000E-3	0.000000E+0	4.536720E+5
2.780000E-3	0.000000E+0	4.538390E+5
2.800000E-3	0.000000E+0	4.537970E+5
2.820000E-3	0.000000E+0	4.537590E+5
2.840000E-3	0.000000E+0	4.531170E+5
2.860000E-3	0.000000E+0	4.547430E+5
2.880000E-3	0.000000E+0	4.542810E+5
2.900000E-3	0.000000E+0	4.539660E+5
2.920000E-3	0.000000E+0	4.526100E+5
2.940000E-3	0.000000E+0	4.541980E+5
2.960000E-3	0.000000E+0	4.539880E+5
2.980000E-3	0.000000E+0	4.531470E+5
3.000000E-3	0.000000E+0	4.539610E+5
3.020000E-3	0.000000E+0	4.539700E+5
3.040000E-3	0.000000E+0	4.545170E+5
3.060000E-3	0.000000E+0	4.554230E+5
3.080000E-3	0.000000E+0	4.540600E+5
3.100000E-3	0.000000E+0	4.530300E+5
3.120000E-3	0.000000E+0	4.541670E+5
3.140000E-3	0.000000E+0	4.545220E+5
3.160000E-3	0.000000E+0	4.530170E+5
3.180000E-3	0.000000E+0	4.542550E+5
3.200000E-3	0.000000E+0	4.535530E+5
3.220000E-3	0.000000E+0	4.544100E+5
3.240000E-3	0.000000E+0	4.549340E+5
3.260000E-3	0.000000E+0	4.546620E+5
3.280000E-3	0.000000E+0	4.545330E+5
3.300000E-3	0.000000E+0	4.537200E+5
3.320000E-3	0.000000E+0	4.542920E+5
3.340000E-3	0.000000E+0	4.531280E+5
3.360000E-3	0.000000E+0	4.532050E+5
3.380000E-3	0.000000E+0	4.527270E+5
3.400000E-3	0.000000E+0	4.537790E+5
3.420000E-3	0.000000E+0	4.551360E+5
3.440000E-3	0.000000E+0	4.535590E+5
3.460000E-3	0.000000E+0	4.545650E+5
3.480000E-3	0.000000E+0	4.536610E+5
3.500000E-3	0.000000E+0	4.538800E+5
3.520000E-3	0.000000E+0	4.530970E+5
3.540000E-3	0.000000E+0	4.537590E+5
3.560000E-3	0.000000E+0	4.535270E+5
3.580000E-3	0.000000E+0	4.529960E+5
3.600000E-3	0.000000E+0	4.535750E+5
3.620000E-3	0.000000E+0	4.516560E+5
3.640000E-3	0.000000E+0	4.546460E+5
3.660000E-3	0.000000E+0	4.539540E+5
3.680000E-3	0.000000E+0	4.537290E+5
3.700000E-3	0.000000E+0	4.531190E+5
3.720000E-3	0.000000E+0	4.536100E+5
3.740000E-3	0.000000E+0	4.533450E+5
3.760000E-3	0.000000E+0	4.536560E+5
3.780000E-3	0.000000E+0	4.532140E+5
3.800000E-3	0.000000E+0	4.532530E+5
3.820000E-3	0.000000E+0	4.533600E+5
3.840000E-3	0.000000E+0	4.539200E+5
3.860000E-3	0.000000E+0	4.536790E+5
3.880000E-3	0.000000E+0	4.528950E+5
3.900000E-3	0.000000E+0	4.544980E+5
3.920000E-3	0.000000E+0	4.553310E+5
3.940000E-3	0.000000E+0	4.543360E+5
3.960000E-3	0.000000E+0	4.547020E+5
3.980000E-3	0.000000E+0	4.542670E+5
4.000000E-3	0.000000E+0	4.539480E+5
4.020000E-3	0.000000E+0	4.544050E+5
4.040000E-3	0.000000E+0	4.534760E+5
4.060000E-3	0.000000E+0	4.540220E+5
4.080000E-3	0.000000E+0	4.538030E+5
4.100000E-3	0.000000E+0	4.541700E+5
4.120000E-3	0.000000E+0	4.534910E+5
4.140000E-3	0.000000E+0	4.528870E+5
4.160000E-3	0.000000E+0	4.543450E+5
4.180000E-3	0.000000E+0	4.529430E+5
4.200000E-3	0.000000E+0	4.540770E+5
4.220000E-3	0.000000E+0	4.535200E+5
4.240000E-3	0.000000E+0	4.536690E+5
4.260000E-3	0.000000E+0	4.529430E+5
4.280000E-3	0.000000E+0	4.544570E+5
4.300000E-3	0.000000E+0	4.541160E+5
4.320000E-3	0.000000E+0	4.533490E+5
4.340000E-3	0.000000E+0	4.531840E+5
4.360000E-3	0.000000E+0	4.536150E+5
4.380000E-3	0.000000E+0	4.535640E+5
4.400000E-3	0.000000E+0	4.541460E+5
4.420000E-3	0.000000E+0	4.536730E+5
4.440000E-3	0.000000E+0	4.533390E+5
4.460000E-3	0.000000E+0	4.535280E+5
4.480000E-3	0.000000E+0	4.529970E+5
4.500000E-3	0.000000E+0	4.537310E+5
4.520000E-3	0.000000E+0	4.530090E+5
4.540000E-3	0.000000E+0	4.524700E+5
4.560000E-3	0.000000E+0	4.531040E+5
4.580000E-3	0.000000E+0	4.540450E+5
4.600000E-3	0.000000E+0	4.538820E+5
4.620000E-3	0.000000E+0	4.532060E+5
4.640000E-3	0.000000E+0	4.539130E+5
4.660000E-3	0.000000E+0	4.542390E+5
4.680000E-3	0.000000E+0	4.532310E+5
4.700000E-3	0.000000E+0	4.538120E+5
4.720000E-3	0.000000E+0	4.540510E+5
4.740000E-3	0.000000E+0	4.529070E+5
4.760000E-3	0.000000E+0	4.543990E+5
4.780000E-3	0.000000E+0	4.527340E+5
4.800000E-3	0.000000E+0	4.532090E+5
4.820000E-3	0.000000E+0	4.531680E+5
4.840000E-3	0.000000E+0	4.528670E+5
4.860000E-3	0.000000E+0	4.511410E+5
4.880000E-3	0.000000E+0	4.507410E+5
4.900000E-3	0.000000E+0	4.509600E+5
4.920000E-3	0.000000E+0	4.476400E+5
4.940000E-3	0.000000E+0	4.470050E+5
4.960000E-3	0.000000E+0	4.467870E+5
4.980000E-3	0.000000E+0	4.473050E+5
5.000000E-3	0.000000E+0	4.452650E+5
5.020000E-3	0.000000E+0	4.441740E+5
5.040000E-3	0.000000E+0	4.420280E+5
5.060000E-3	0.000000E+0	4.412000E+5
5.080000E-3	0.000000E+0	4.413090E+5
5.100000E-3	0.000000E+0	4.415720E+5
5.120000E-3	0.000000E+0	4.413250E+5
5.140000E-3	0.000000E+0	4.427070E+5
5.160000E-3	0.000000E+0	4.447860E+5
5.180000E-3	0.000000E+0	4.454600E+5
5.200000E-3	0.000000E+0	4.470640E+5
5.220000E-3	0.000000E+0	4.481020E+5
5.240000E-3	0.000000E+0	4.476960E+5
5.260000E-3	0.000000E+0	4.509250E+5
5.280000E-3	0.000000E+0	4.489530E+5
5.300000E-3	0.000000E+0	4.510970E+5
5.320000E-3	0.000000E+0	4.526330E+5
5.340000E-3	0.000000E+0	4.524950E+5
5.360000E-3	0.000000E+0	4.531710E+5
5.380000E-3	0.000000E+0	4.520490E+5
5.400000E-3	0.000000E+0	4.541780E+5
5.420000E-3	0.000000E+0	4.528500E+5
5.440000E-3	0.000000E+0	4.524160E+5
5.460000E-3	0.000000E+0	4.522600E+5
5.480000E-3	0.000000E+0	4.516120E+5
5.500000E-3	0.000000E+0	4.519320E+5
5.520000E-3	0.000000E+0	4.509830E+5
5.540000E-3	0.000000E+0	4.503460E+5
5.560000E-3	0.000000E+0	4.482170E+5
5.580000E-3	0.000000E+0	4.478620E+5
5.600000E-3	0.000000E+0	4.457070E+5
5.620000E-3	0.000000E+0	4.467240E+5
5.640000E-3	0.000000E+0	4.472050E+5
5.660000E-3	0.000000E+0	4.451460E+5
5.680000E-3	0.000000E+0	4.448880E+5
5.700000E-3	0.000000E+0	4.426750E+5
5.720000E-3	0.000000E+0	4.421080E+5
5.740000E-3	0.000000E+0	4.422330E+5
5.760000E-3	0.000000E+0	4.430000E+5
5.780000E-3	0.000000E+0	4.430650E+5
5.800000E-3	0.000000E+0	4.444660E+5
5.820000E-3	0.000000E+0	4.459090E+5
5.840000E-3	0.000000E+0	4.474170E+5
5.860000E-3	0.000000E+0	4.477120E+5
5.880000E-3	0.000000E+0	4.491720E+5
5.900000E-3	0.000000E+0	4.506960E+5
5.920000E-3	0.000000E+0	4.523970E+5
5.940000E-3	0.000000E+0	4.513850E+5
5.960000E-3	0.000000E+0	4.522770E+5
5.980000E-3	0.000000E+0	4.530390E+5
6.000000E-3	0.000000E+0	4.531330E+5
6.020000E-3	0.000000E+0	4.530790E+5
6.040000E-3	0.000000E+0	4.533760E+5
6.060000E-3	0.000000E+0	4.532600E+5
6.080000E-3	0.000000E+0	4.534830E+5
6.100000E-3	0.000000E+0	4.525460E+5
6.120000E-3	0.000000E+0	4.535000E+5
6.140000E-3	0.000000E+0	4.533850E+5
6.160000E-3	0.000000E+0	4.527740E+5
6.180000E-3	0.000000E+0	4.541200E+5
6.200000E-3	0.000000E+0	4.533960E+5
6.220000E-3	0.000000E+0	4.538860E+5
6.240000E-3	0.000000E+0	4.527080E+5
6.260000E-3	0.000000E+0	4.531290E+5
6.280000E-3	0.000000E+0	4.551540E+5
6.300000E-3	0.000000E+0	4.543470E+5
6.320000E-3	0.000000E+0	4.539780E+5
6.340000E-3	0.000000E+0	4.536360E+5
6.360000E-3	0.000000E+0	4.533870E+5
6.380000E-3	0.000000E+0	4.546150E+5
6.400000E-3	0.000000E+0	4.534360E+5
6.420000E-3	0.000000E+0	4.528370E+5
6.440000E-3	0.000000E+0	4.552980E+5
6.460000E-3	0.000000E+0	4.532610E+5
6.480000E-3	0.000000E+0	4.532680E+5
6.500000E-3	0.000000E+0	4.532090E+5
6.520000E-3	0.000000E+0	4.538080E+5
6.540000E-3	0.000000E+0	4.533020E+5
6.560000E-3	0.000000E+0	4.544950E+5
6.580000E-3	0.000000E+0	4.535070E+5
6.600000E-3	0.000000E+0	4.544010E+5
6.620000E-3	0.000000E+0	4.538540E+5
6.640000E-3	0.000000E+0	4.536450E+5
6.660000E-3	0.000000E+0	4.528840E+5
6.680000E-3	0.000000E+0	4.537160E+5
6.700000E-3	0.000000E+0	4.538180E+5
6.720000E-3	0.000000E+0	4.540300E+5
6.740000E-3	0.000000E+0	4.541000E+5
6.760000E-3	0.000000E+0	4.546200E+5
6.780000E-3	0.000000E+0	4.529750E+5
6.800000E-3	0.000000E+0	4.543030E+5
6.820000E-3	0.000000E+0	4.539980E+5
6.840000E-3	0.000000E+0	4.537380E+5
6.860000E-3	0.000000E+0	4.542870E+5
6.880000E-3	0.000000E+0	4.547510E+5
6.900000E-3	0.000000E+0	4.530430E+5
6.920000E-3	0.000000E+0	4.528360E+5
6.940000E-3	0.000000E+0	4.541130E+5
6.960000E-3	0.000000E+0	4.523790E+5
6.980000E-3	0.000000E+0	4.539550E+5
7.000000E-3	0.000000E+0	4.536990E+5
7.020000E-3	0.000000E+0	4.545760E+5
7.040000E-3	0.000000E+0	4.543120E+5
7.060000E-3	0.000000E+0	4.544060E+5
7.080000E-3	0.000000E+0	4.540320E+5
7.100000E-3	0.000000E+0	4.535030E+5
7.120000E-3	0.000000E+0	4.538700E+5
7.140000E-3	0.000000E+0	4.537670E+5
7.160000E-3	0.000000E+0	4.538090E+5
7.180000E-3	0.000000E+0	4.530260E+5
7.200000E-3	0.000000E+0	4.538400E+5
7.220000E-3	0.000000E+0	4.544540E+5
7.240000E-3	0.000000E+0	4.538110E+5
7.260000E-3	0.000000E+0	4.537730E+5
7.280000E-3	0.000000E+0	4.537530E+5
7.300000E-3	0.000000E+0	4.537680E+5
7.320000E-3	0.000000E+0	4.544010E+5
7.340000E-3	0.000000E+0	4.549610E+5
7.360000E-3	0.000000E+0	4.534390E+5
7.380000E-3	0.000000E+0	4.547720E+5
7.400000E-3	0.000000E+0	4.540210E+5
7.420000E-3	0.000000E+0	4.536210E+5
7.440000E-3	0.000000E+0	4.540970E+5
7.460000E-3	0.000000E+0	4.543500E+5
7.480000E-3	0.000000E+0	4.537600E+5
7.500000E-3	0.000000E+0	4.544910E+5
7.520000E-3	0.000000E+0	4.542290E+5
7.540000E-3	0.000000E+0	4.541160E+5
7.560000E-3	0.000000E+0	4.539880E+5
7.580000E-3	0.000000E+0	4.541520E+5
7.600000E-3	0.000000E+0	4.537540E+5
7.620000E-3	0.000000E+0	4.541440E+5
7.640000E-3	0.000000E+0	4.546940E+5
7.660000E-3	0.000000E+0	4.532080E+5
7.680000E-3	0.000000E+0	4.538270E+5
7.700000E-3	0.000000E+0	4.531960E+5
7.720000E-3	0.000000E+0	4.542500E+5
7.740000E-3	0.000000E+0	4.534670E+5
7.760000E-3	0.000000E+0	4.536670E+5
7.780000E-3	0.000000E+0	4.550290E+5
7.800000E-3	0.000000E+0	4.538460E+5
7.820000E-3	0.000000E+0	4.533200E+5
7.840000E-3	0.000000E+0	4.553220E+5
7.860000E-3	0.000000E+0	4.540740E+5
7.880000E-3	0.000000E+0	4.539250E+5
7.900000E-3	0.000000E+0	4.537020E+5
7.920000E-3	0.000000E+0	4.535900E+5
7.940000E-3	0.000000E+0	4.550240E+5
7.960000E-3	0.000000E+0	4.553710E+5
7.980000E-3	0.000000E+0	4.547490E+5
8.000000E-3	0.000000E+0	4.542870E+5
8.020000E-3	0.000000E+0	4.541160E+5
8.040000E-3	0.000000E+0	4.528620E+5
8.060000E-3	0.000000E+0	4.535700E+5
8.080000E-3	0.000000E+0	4.543550E+5
8.100000E-3	0.000000E+0	4.552080E+5
8.120000E-3	0.000000E+0	4.542930E+5
8.140000E-3	0.000000E+0	4.534380E+5
8.160000E-3	0.000000E+0	4.541850E+5
8.180000E-3	0.000000E+0	4.534140E+5
8.200000E-3	0.000000E+0	4.541540E+5
8.220000E-3	0.000000E+0	4.535560E+5
8.240000E-3	0.000000E+0	4.543810E+5
8.260000E-3	0.000000E+0	4.556870E+5
8.280000E-3	0.000000E+0	4.533140E+5
8.300000E-3	0.000000E+0	4.540630E+5
8.320000E-3	0.000000E+0	4.530520E+5
8.340000E-3	0.000000E+0	4.535830E+5
8.360000E-3	0.000000E+0	4.536500E+5
8.380000E-3	0.000000E+0	4.521810E+5
8.400000E-3	0.000000E+0	4.532670E+5
8.420000E-3	0.000000E+0	4.541670E+5
8.440000E-3	0.000000E+0	4.544150E+5
8.460000E-3	0.000000E+0	4.544150E+5
8.480000E-3	0.000000E+0	4.551790E+5
8.500000E-3	0.000000E+0	4.529100E+5
8.520000E-3	0.000000E+0	4.549230E+5
8.540000E-3	0.000000E+0	4.545550E+5
8.560000E-3	0.000000E+0	4.538410E+5
8.580000E-3	0.000000E+0	4.558190E+5
8.600000E-3	0.000000E+0	4.539450E+5
8.620000E-3	0.000000E+0	4.550410E+5
8.640000E-3	0.000000E+0	4.541050E+5
8.660000E-3	0.000000E+0	4.534520E+5
8.680000E-3	0.000000E+0	4.543370E+5
8.700000E-3	0.000000E+0	4.525200E+5
8.720000E-3	0.000000E+0	4.548150E+5
8.740000E-3	0.000000E+0	4.529520E+5
8.760000E-3	0.000000E+0	4.540020E+5
8.780000E-3	0.000000E+0	4.539250E+5
8.800000E-3	0.000000E+0	4.546320E+5
8.820000E-3	0.000000E+0	4.543640E+5
8.840000E-3	0.000000E+0	4.532010E+5
8.860000E-3	0.000000E+0	4.557600E+5
8.880000E-3	0.000000E+0	4.533710E+5
8.900000E-3	0.000000E+0	4.539470E+5
8.920000E-3	0.000000E+0	4.529060E+5
8.940000E-3	0.000000E+0	4.527720E+5
8.960000E-3	0.000000E+0	4.551740E+5
8.980000E-3	0.000000E+0	4.535750E+5
9.000000E-3	0.000000E+0	4.537240E+5
9.020000E-3	0.000000E+0	4.525260E+5
9.040000E-3	0.000000E+0	4.542950E+5
9.060000E-3	0.000000E+0	4.559210E+5
9.080000E-3	0.000000E+0	4.539060E+5
9.100000E-3	0.000000E+0	4.552500E+5
9.120000E-3	0.000000E+0	4.531620E+5
9.140000E-3	0.000000E+0	4.539550E+5
9.160000E-3	0.000000E+0	4.544460E+5
9.180000E-3	0.000000E+0	4.531070E+5
9.200000E-3	0.000000E+0	4.536770E+5
9.220000E-3	0.000000E+0	4.538910E+5
9.240000E-3	0.000000E+0	4.547430E+5
9.260000E-3	0.000000E+0	4.550720E+5
9.280000E-3	0.000000E+0	4.551490E+5
9.300000E-3	0.000000E+0	4.546990E+5
9.320000E-3	0.000000E+0	4.538590E+5
9.340000E-3	0.000000E+0	4.535250E+5
9.360000E-3	0.000000E+0	4.537890E+5
9.380000E-3	0.000000E+0	4.552660E+5
9.400000E-3	0.000000E+0	4.542170E+5
9.420000E-3	0.000000E+0	4.550610E+5
9.440000E-3	0.000000E+0	4.537940E+5
9.460000E-3	0.000000E+0	4.550050E+5
9.480000E-3	0.000000E+0	4.540140E+5
9.500000E-3	0.000000E+0	4.528930E+5
9.520000E-3	0.000000E+0	4.547390E+5
9.540000E-3	0.000000E+0	4.529610E+5
9.560000E-3	0.000000E+0	4.540060E+5
9.580000E-3	0.000000E+0	4.536510E+5
9.600000E-3	0.000000E+0	4.542390E+5
9.620000E-3	0.000000E+0	4.534250E+5
9.640000E-3	0.000000E+0	4.535490E+5
9.660000E-3	0.000000E+0	4.547890E+5
9.680000E-3	0.000000E+0	4.527350E+5
9.700000E-3	0.000000E+0	4.534140E+5
9.720000E-3	0.000000E+0	4.545850E+5
9.740000E-3	0.000000E+0	4.537820E+5
9.760000E-3	0.000000E+0	4.538910E+5
9.780000E-3	0.000000E+0	4.544160E+5
9.800000E-3	0.000000E+0	4.543020E+5
9.820000E-3	0.000000E+0	4.547880E+5
9.840000E-3	0.000000E+0	4.541690E+5
9.860000E-3	0.000000E+0	4.532020E+5
9.880000E-3	0.000000E+0	4.553490E+5
9.900000E-3	0.000000E+0	4.558880E+5
9.920000E-3	0.000000E+0	4.538020E+5
9.940000E-3	0.000000E+0	4.531540E+5
9.960000E-3	0.000000E+0	4.529250E+5
9.980000E-3	0.000000E+0	4.548520E+5
1.000000E-2	0.000000E+0	4.534300E+5
1.002000E-2	0.000000E+0	4.539220E+5
1.004000E-2	0.000000E+0	4.545950E+5
1.006000E-2	0.000000E+0	4.537590E+5
1.008000E-2	0.000000E+0	4.541240E+5
1.010000E-2	0.000000E+0	4.537580E+5
1.012000E-2	0.000000E+0	4.551300E+5
1.014000E-2	0.000000E+0	4.557930E+5
1.016000E-2	0.000000E+0	4.545780E+5
1.018000E-2	0.000000E+0	4.542340E+5
1.020000E-2	0.000000E+0	4.546440E+5
1.022000E-2	0.000000E+0	4.539490E+5
1.024000E-2	0.000000E+0	4.534690E+5
1.026000E-2	0.000000E+0	4.555170E+5
1.028000E-2	0.000000E+0	4.536410E+5
1.030000E-2	0.000000E+0	4.551520E+5
1.032000E-2	0.000000E+0	4.534580E+5
1.034000E-2	0.000000E+0	4.555260E+5
1.036000E-2	0.000000E+0	4.541800E+5
1.038000E-2	0.000000E+0	4.547370E+5
1.040000E-2	0.000000E+0	4.536800E+5
1.042000E-2	0.000000E+0	4.543040E+5
1.044000E-2	0.000000E+0	4.540340E+5
1.046000E-2	0.000000E+0	4.551180E+5
1.048000E-2	0.000000E+0	4.548900E+5
1.050000E-2	0.000000E+0	4.537340E+5
1.052000E-2	0.000000E+0	4.547280E+5
1.054000E-2	0.000000E+0	4.555300E+5
1.056000E-2	0.000000E+0	4.537100E+5
1.058000E-2	0.000000E+0	4.549010E+5
1.060000E-2	0.000000E+0	4.535940E+5
1.062000E-2	0.000000E+0	4.537540E+5
1.064000E-2	0.000000E+0	4.541960E+5
1.066000E-2	0.000000E+0	4.540110E+5
1.068000E-2	0.000000E+0	4.542540E+5
1.070000E-2	0.000000E+0	4.535380E+5
1.072000E-2	0.000000E+0	4.541720E+5
1.074000E-2	0.000000E+0	4.548480E+5
1.076000E-2	0.000000E+0	4.548060E+5
1.078000E-2	0.000000E+0	4.552610E+5
1.080000E-2	0.000000E+0	4.550800E+5
1.082000E-2	0.000000E+0	4.555770E+5
1.084000E-2	0.000000E+0	4.540540E+5
1.086000E-2	0.000000E+0	4.547490E+5
1.088000E-2	0.000000E+0	4.541560E+5
1.090000E-2	0.000000E+0	4.542510E+5
1.092000E-2	0.000000E+0	4.544140E+5
1.094000E-2	0.000000E+0	4.539140E+5
1.096000E-2	0.000000E+0	4.540620E+5
1.098000E-2	0.000000E+0	4.549040E+5
1.100000E-2	0.000000E+0	4.548080E+5
1.102000E-2	0.000000E+0	4.536280E+5
1.104000E-2	0.000000E+0	4.548870E+5
1.106000E-2	0.000000E+0	4.544930E+5
1.108000E-2	0.000000E+0	4.546340E+5
1.110000E-2	0.000000E+0	4.541480E+5
1.112000E-2	0.000000E+0	4.539640E+5
1.114000E-2	0.000000E+0	4.549740E+5
1.116000E-2	0.000000E+0	4.523080E+5
1.118000E-2	0.000000E+0	4.543470E+5
1.120000E-2	0.000000E+0	4.536080E+5
1.122000E-2	0.000000E+0	4.557120E+5
1.124000E-2	0.000000E+0	4.557550E+5
1.126000E-2	0.000000E+0	4.529920E+5
1.128000E-2	0.000000E+0	4.536240E+5
1.130000E-2	0.000000E+0	4.543430E+5
1.132000E-2	0.000000E+0	4.554550E+5
1.134000E-2	0.000000E+0	4.533760E+5
1.136000E-2	0.000000E+0	4.553680E+5
1.138000E-2	0.000000E+0	4.541300E+5
1.140000E-2	0.000000E+0	4.553950E+5
1.142000E-2	0.000000E+0	4.538730E+5
1.144000E-2	0.000000E+0	4.554870E+5
1.146000E-2	0.000000E+0	4.538680E+5
1.148000E-2	0.000000E+0	4.538920E+5
1.150000E-2	0.000000E+0	4.536420E+5
1.152000E-2	0.000000E+0	4.536290E+5
1.154000E-2	0.000000E+0	4.538090E+5
1.156000E-2	0.000000E+0	4.545820E+5
1.158000E-2	0.000000E+0	4.535850E+5
1.160000E-2	0.000000E+0	4.541490E+5
1.162000E-2	0.000000E+0	4.540910E+5
1.164000E-2	0.000000E+0	4.552900E+5
1.166000E-2	0.000000E+0	4.562680E+5
1.168000E-2	0.000000E+0	4.551280E+5
1.170000E-2	0.000000E+0	4.557150E+5
1.172000E-2	0.000000E+0	4.553190E+5
1.174000E-2	0.000000E+0	4.540600E+5
1.176000E-2	0.000000E+0	4.544510E+5
1.178000E-2	0.000000E+0	4.535590E+5
1.180000E-2	0.000000E+0	4.544860E+5
1.182000E-2	0.000000E+0	4.548080E+5
1.184000E-2	0.000000E+0	4.548970E+5
1.186000E-2	0.000000E+0	4.536600E+5
1.188000E-2	0.000000E+0	4.539350E+5
1.190000E-2	0.000000E+0	4.531840E+5
1.192000E-2	0.000000E+0	4.537120E+5
1.194000E-2	0.000000E+0	4.557160E+5
1.196000E-2	0.000000E+0	4.542900E+5
1.198000E-2	0.000000E+0	4.547050E+5
1.200000E-2	0.000000E+0	4.540410E+5
1.202000E-2	0.000000E+0	4.543780E+5
1.204000E-2	0.000000E+0	4.539350E+5
1.206000E-2	0.000000E+0	4.541230E+5
1.208000E-2	0.000000E+0	4.549650E+5
1.210000E-2	0.000000E+0	4.549000E+5
1.212000E-2	0.000000E+0	4.543590E+5
1.214000E-2	0.000000E+0	4.530600E+5
1.216000E-2	0.000000E+0	4.535650E+5
1.218000E-2	0.000000E+0	4.542730E+5
1.220000E-2	0.000000E+0	4.533120E+5
1.222000E-2	0.000000E+0	4.546740E+5
1.224000E-2	0.000000E+0	4.542820E+5
1.226000E-2	0.000000E+0	4.538720E+5
1.228000E-2	0.000000E+0	4.544320E+5
1.230000E-2	0.000000E+0	4.545110E+5
1.232000E-2	0.000000E+0	4.547570E+5
1.234000E-2	0.000000E+0	4.548190E+5
1.236000E-2	0.000000E+0	4.543390E+5
1.238000E-2	0.000000E+0	4.554850E+5
1.240000E-2	0.000000E+0	4.550400E+5
1.242000E-2	0.000000E+0	4.548500E+5
1.244000E-2	0.000000E+0	4.550540E+5
1.246000E-2	0.000000E+0	4.536500E+5
1.248000E-2	0.000000E+0	4.546030E+5
1.250000E-2	0.000000E+0	4.539380E+5
1.252000E-2	0.000000E+0	4.562480E+5
1.254000E-2	0.000000E+0	4.547660E+5
1.256000E-2	0.000000E+0	4.541030E+5
1.258000E-2	0.000000E+0	4.554110E+5
1.260000E-2	0.000000E+0	4.550860E+5
1.262000E-2	0.000000E+0	4.532260E+5
1.264000E-2	0.000000E+0	4.536230E+5
1.266000E-2	0.000000E+0	4.561090E+5
1.268000E-2	0.000000E+0	4.546860E+5
1.270000E-2	0.000000E+0	4.537640E+5
1.272000E-2	0.000000E+0	4.552910E+5
1.274000E-2	0.000000E+0	4.536740E+5
1.276000E-2	0.000000E+0	4.545920E+5
1.278000E-2	0.000000E+0	4.537290E+5
1.280000E-2	0.000000E+0	4.536280E+5
1.282000E-2	0.000000E+0	4.537480E+5
1.284000E-2	0.000000E+0	4.542660E+5
1.286000E-2	0.000000E+0	4.550260E+5
1.288000E-2	0.000000E+0	4.553240E+5
1.290000E-2	0.000000E+0	4.539990E+5
1.292000E-2	0.000000E+0	4.545010E+5
1.294000E-2	0.000000E+0	4.533220E+5
1.296000E-2	0.000000E+0	4.540500E+5
1.298000E-2	0.000000E+0	4.543900E+5
1.300000E-2	0.000000E+0	4.541420E+5
1.302000E-2	0.000000E+0	4.549980E+5
1.304000E-2	0.000000E+0	4.547710E+5
1.306000E-2	0.000000E+0	4.535760E+5
1.308000E-2	0.000000E+0	4.556720E+5
1.310000E-2	0.000000E+0	4.547970E+5
1.312000E-2	0.000000E+0	4.544940E+5
1.314000E-2	0.000000E+0	4.554390E+5
1.316000E-2	0.000000E+0	4.545050E+5
1.318000E-2	0.000000E+0	4.542050E+5
1.320000E-2	0.000000E+0	4.546170E+5
1.322000E-2	0.000000E+0	4.550190E+5
1.324000E-2	0.000000E+0	4.534640E+5
1.326000E-2	0.000000E+0	4.550410E+5
1.328000E-2	0.000000E+0	4.549940E+5
1.330000E-2	0.000000E+0	4.533880E+5
1.332000E-2	0.000000E+0	4.537150E+5
1.334000E-2	0.000000E+0	4.538850E+5
1.336000E-2	0.000000E+0	4.543790E+5
1.338000E-2	0.000000E+0	4.548960E+5
1.340000E-2	0.000000E+0	4.535330E+5
1.342000E-2	0.000000E+0	4.531620E+5
1.344000E-2	0.000000E+0	4.539150E+5
1.346000E-2	0.000000E+0	4.536300E+5
1.348000E-2	0.000000E+0	4.548440E+5
1.350000E-2	0.000000E+0	4.546790E+5
1.352000E-2	0.000000E+0	4.550450E+5
1.354000E-2	0.000000E+0	4.547900E+5
1.356000E-2	0.000000E+0	4.550200E+5
1.358000E-2	0.000000E+0	4.544060E+5
1.360000E-2	0.000000E+0	4.540190E+5
1.362000E-2	0.000000E+0	4.546550E+5
1.364000E-2	0.000000E+0	4.531710E+5
1.366000E-2	0.000000E+0	4.539610E+5
1.368000E-2	0.000000E+0	4.548650E+5
1.370000E-2	0.000000E+0	4.551420E+5
1.372000E-2	0.000000E+0	4.540500E+5
1.374000E-2	0.000000E+0	4.544350E+5
1.376000E-2	0.000000E+0	4.538740E+5
1.378000E-2	0.000000E+0	4.536770E+5
1.380000E-2	0.000000E+0	4.544560E+5
1.382000E-2	0.000000E+0	4.532790E+5
1.384000E-2	0.000000E+0	4.536870E+5
1.386000E-2	0.000000E+0	4.544970E+5
1.388000E-2	0.000000E+0	4.544780E+5
1.390000E-2	0.000000E+0	4.551240E+5
1.392000E-2	0.000000E+0	4.550860E+5
1.394000E-2	0.000000E+0	4.547370E+5
1.396000E-2	0.000000E+0	4.542990E+5
1.398000E-2	0.000000E+0	4.556250E+5
1.400000E-2	0.000000E+0	4.553590E+5
1.402000E-2	0.000000E+0	4.536530E+5
1.404000E-2	0.000000E+0	4.556250E+5
1.406000E-2	0.000000E+0	4.538580E+5
1.408000E-2	0.000000E+0	4.538960E+5
1.410000E-2	0.000000E+0	4.545820E+5
1.412000E-2	0.000000E+0	4.542210E+5
1.414000E-2	0.000000E+0	4.537960E+5
1.416000E-2	0.000000E+0	4.536020E+5
1.418000E-2	0.000000E+0	4.539860E+5
1.420000E-2	0.000000E+0	4.544840E+5
1.422000E-2	0.000000E+0	4.548380E+5
1.424000E-2	0.000000E+0	4.529800E+5
1.426000E-2	0.000000E+0	4.528410E+5
1.428000E-2	0.000000E+0	4.537480E+5
1.430000E-2	0.000000E+0	4.539830E+5
1.432000E-2	0.000000E+0	4.541110E+5
1.434000E-2	0.000000E+0	4.538990E+5
1.436000E-2	0.000000E+0	4.546190E+5
1.438000E-2	0.000000E+0	4.543690E+5
1.440000E-2	0.000000E+0	4.560430E+5
1.442000E-2	0.000000E+0	4.544840E+5
1.444000E-2	0.000000E+0	4.532640E+5
1.446000E-2	0.000000E+0	4.547510E+5
1.448000E-2	0.000000E+0	4.546620E+5
1.450000E-2	0.000000E+0	4.540900E+5
1.452000E-2	0.000000E+0	4.547470E+5
1.454000E-2	0.000000E+0	4.541000E+5
1.456000E-2	0.000000E+0	4.549760E+5
1.458000E-2	0.000000E+0	4.531590E+5
1.460000E-2	0.000000E+0	4.548200E+5
1.462000E-2	0.000000E+0	4.526480E+5
1.464000E-2	0.000000E+0	4.546200E+5
1.466000E-2	0.000000E+0	4.542880E+5
1.468000E-2	0.000000E+0	4.551970E+5
1.470000E-2	0.000000E+0	4.540460E+5
1.472000E-2	0.000000E+0	4.538400E+5
1.474000E-2	0.000000E+0	4.545080E+5
1.476000E-2	0.000000E+0	4.552590E+5
1.478000E-2	0.000000E+0	4.551930E+5
1.480000E-2	0.000000E+0	4.535970E+5
1.482000E-2	0.000000E+0	4.530590E+5
1.484000E-2	0.000000E+0	4.553310E+5
1.486000E-2	0.000000E+0	4.536060E+5
1.488000E-2	0.000000E+0	4.534430E+5
1.490000E-2	0.000000E+0	4.528260E+5
1.492000E-2	0.000000E+0	4.518310E+5
1.494000E-2	0.000000E+0	4.494810E+5
1.496000E-2	0.000000E+0	4.483820E+5
1.498000E-2	0.000000E+0	4.486340E+5
1.500000E-2	0.000000E+0	4.477250E+5
1.502000E-2	0.000000E+0	4.473410E+5
1.504000E-2	0.000000E+0	4.458070E+5
1.506000E-2	0.000000E+0	4.453120E+5
1.508000E-2	0.000000E+0	4.441570E+5
1.510000E-2	0.000000E+0	4.425280E+5
1.512000E-2	0.000000E+0	4.419650E+5
1.514000E-2	0.000000E+0	4.428460E+5
1.516000E-2	0.000000E+0	4.426470E+5
1.518000E-2	0.000000E+0	4.440400E+5
1.520000E-2	0.000000E+0	4.460420E+5
1.522000E-2	0.000000E+0	4.468470E+5
1.524000E-2	0.000000E+0	4.496280E+5
1.526000E-2	0.000000E+0	4.497870E+5
1.528000E-2	0.000000E+0	4.516060E+5
1.530000E-2	0.000000E+0	4.510080E+5
1.532000E-2	0.000000E+0	4.524700E+5
1.534000E-2	0.000000E+0	4.529180E+5
1.536000E-2	0.000000E+0	4.530750E+5
1.538000E-2	0.000000E+0	4.539600E+5
1.540000E-2	0.000000E+0	4.535540E+5
1.542000E-2	0.000000E+0	4.538180E+5
1.544000E-2	0.000000E+0	4.530640E+5
1.546000E-2	0.000000E+0	4.533310E+5
1.548000E-2	0.000000E+0	4.530030E+5
1.550000E-2	0.000000E+0	4.524900E+5
1.552000E-2	0.000000E+0	4.536230E+5
1.554000E-2	0.000000E+0	4.523480E+5
1.556000E-2	0.000000E+0	4.510960E+5
1.558000E-2	0.000000E+0	4.492520E+5
1.560000E-2	0.000000E+0	4.492410E+5
1.562000E-2	0.000000E+0	4.478290E+5
1.564000E-2	0.000000E+0	4.471500E+5
1.566000E-2	0.000000E+0	4.471070E+5
1.568000E-2	0.000000E+0	4.463820E+5
1.570000E-2	0.000000E+0	4.454060E+5
1.572000E-2	0.000000E+0	4.432540E+5
1.574000E-2	0.000000E+0	4.426260E+5
1.576000E-2	0.000000E+0	4.430410E+5
1.578000E-2	0.000000E+0	4.407880E+5
1.580000E-2	0.000000E+0	4.425570E+5
1.582000E-2	0.000000E+0	4.436590E+5
1.584000E-2	0.000000E+0	4.445210E+5
1.586000E-2	0.000000E+0	4.462850E+5
1.588000E-2	0.000000E+0	4.482210E+5
1.590000E-2	0.000000E+0	4.492160E+5
1.592000E-2	0.000000E+0	4.503830E+5
1.594000E-2	0.000000E+0	4.504490E+5
1.596000E-2	0.000000E+0	4.522230E+5
1.598000E-2	0.000000E+0	4.532490E+5
1.600000E-2	0.000000E+0	4.544800E+5
1.602000E-2	0.000000E+0	4.535770E+5
1.604000E-2	0.000000E+0	4.535530E+5
1.606000E-2	0.000000E+0	4.539490E+5
1.608000E-2	0.000000E+0	4.538170E+5
1.610000E-2	0.000000E+0	4.549860E+5
1.612000E-2	0.000000E+0	4.545880E+5
1.614000E-2	0.000000E+0	4.539400E+5
1.616000E-2	0.000000E+0	4.551720E+5
1.618000E-2	0.000000E+0	4.540820E+5
1.620000E-2	0.000000E+0	4.541440E+5
1.622000E-2	0.000000E+0	4.540350E+5
1.624000E-2	0.000000E+0	4.539680E+5
1.626000E-2	0.000000E+0	4.541640E+5
1.628000E-2	0.000000E+0	4.554230E+5
1.630000E-2	0.000000E+0	4.540770E+5
1.632000E-2	0.000000E+0	4.551950E+5
1.634000E-2	0.000000E+0	4.547310E+5
1.636000E-2	0.000000E+0	4.548480E+5
1.638000E-2	0.000000E+0	4.544920E+5
1.640000E-2	0.000000E+0	4.546480E+5
1.642000E-2	0.000000E+0	4.542620E+5
1.644000E-2	0.000000E+0	4.535610E+5
1.646000E-2	0.000000E+0	4.544500E+5
1.648000E-2	0.000000E+0	4.534250E+5
1.650000E-2	0.000000E+0	4.539880E+5
1.652000E-2	0.000000E+0	4.549820E+5
1.654000E-2	0.000000E+0	4.541010E+5
1.656000E-2	0.000000E+0	4.537040E+5
1.658000E-2	0.000000E+0	4.542910E+5
1.660000E-2	0.000000E+0	4.544920E+5
1.662000E-2	0.000000E+0	4.539870E+5
1.664000E-2	0.000000E+0	4.541490E+5
1.666000E-2	0.000000E+0	4.540810E+5
1.668000E-2	0.000000E+0	4.536380E+5
1.670000E-2	0.000000E+0	4.541280E+5
1.672000E-2	0.000000E+0	4.544130E+5
1.674000E-2	0.000000E+0	4.538260E+5
1.676000E-2	0.000000E+0	4.528870E+5
1.678000E-2	0.000000E+0	4.530380E+5
1.680000E-2	0.000000E+0	4.540240E+5
1.682000E-2	0.000000E+0	4.538920E+5
1.684000E-2	0.000000E+0	4.544240E+5
1.686000E-2	0.000000E+0	4.558500E+5
1.688000E-2	0.000000E+0	4.545370E+5
1.690000E-2	0.000000E+0	4.544030E+5
1.692000E-2	0.000000E+0	4.545980E+5
1.694000E-2	0.000000E+0	4.541140E+5
1.696000E-2	0.000000E+0	4.533560E+5
1.698000E-2	0.000000E+0	4.539570E+5
1.700000E-2	0.000000E+0	4.549190E+5
1.702000E-2	0.000000E+0	4.547390E+5
1.704000E-2	0.000000E+0	4.550030E+5
1.706000E-2	0.000000E+0	4.555460E+5
1.708000E-2	0.000000E+0	4.544320E+5
1.710000E-2	0.000000E+0	4.549080E+5
1.712000E-2	0.000000E+0	4.542840E+5
1.714000E-2	0.000000E+0	4.537790E+5
1.716000E-2	0.000000E+0	4.549240E+5
1.718000E-2	0.000000E+0	4.544100E+5
1.720000E-2	0.000000E+0	4.553540E+5
1.722000E-2	0.000000E+0	4.550950E+5
1.724000E-2	0.000000E+0	4.538280E+5
1.726000E-2	0.000000E+0	4.540670E+5
1.728000E-2	0.000000E+0	4.537410E+5
1.730000E-2	0.000000E+0	4.541380E+5
1.732000E-2	0.000000E+0	4.538010E+5
1.734000E-2	0.000000E+0	4.542060E+5
1.736000E-2	0.000000E+0	4.557790E+5
1.738000E-2	0.000000E+0	4.553410E+5
1.740000E-2	0.000000E+0	4.551310E+5
1.742000E-2	0.000000E+0	4.535850E+5
1.744000E-2	0.000000E+0	4.544830E+5
1.746000E-2	0.000000E+0	4.546350E+5
1.748000E-2	0.000000E+0	4.539810E+5
1.750000E-2	0.000000E+0	4.544470E+5
1.752000E-2	0.000000E+0	4.552090E+5
1.754000E-2	0.000000E+0	4.537880E+5
1.756000E-2	0.000000E+0	4.537160E+5
1.758000E-2	0.000000E+0	4.544670E+5
1.760000E-2	0.000000E+0	4.544170E+5
1.762000E-2	0.000000E+0	4.547290E+5
1.764000E-2	0.000000E+0	4.549770E+5
1.766000E-2	0.000000E+0	4.543650E+5
1.768000E-2	0.000000E+0	4.543550E+5
1.770000E-2	0.000000E+0	4.542370E+5
1.772000E-2	0.000000E+0	4.554960E+5
1.774000E-2	0.000000E+0	4.542600E+5
1.776000E-2	0.000000E+0	4.538350E+5
1.778000E-2	0.000000E+0	4.549590E+5
1.780000E-2	0.000000E+0	4.532920E+5
1.782000E-2	0.000000E+0	4.543230E+5
1.784000E-2	0.000000E+0	4.537860E+5
1.786000E-2	0.000000E+0	4.541170E+5
1.788000E-2	0.000000E+0	4.544270E+5
1.790000E-2	0.000000E+0	4.550600E+5
1.792000E-2	0.000000E+0	4.534240E+5
1.794000E-2	0.000000E+0	4.547210E+5
1.796000E-2	0.000000E+0	4.546700E+5
1.798000E-2	0.000000E+0	4.552590E+5
1.800000E-2	0.000000E+0	4.533130E+5
1.802000E-2	0.000000E+0	4.538980E+5
1.804000E-2	0.000000E+0	4.529230E+5
1.806000E-2	0.000000E+0	4.540600E+5
1.808000E-2	0.000000E+0	4.542430E+5
1.810000E-2	0.000000E+0	4.546780E+5
1.812000E-2	0.000000E+0	4.553670E+5
1.814000E-2	0.000000E+0	4.552910E+5
1.816000E-2	0.000000E+0	4.549820E+5
1.818000E-2	0.000000E+0	4.540490E+5
1.820000E-2	0.000000E+0	4.553130E+5
1.822000E-2	0.000000E+0	4.540330E+5
1.824000E-2	0.000000E+0	4.542250E+5
1.826000E-2	0.000000E+0	4.550680E+5
1.828000E-2	0.000000E+0	4.541530E+5
1.830000E-2	0.000000E+0	4.533420E+5
1.832000E-2	0.000000E+0	4.547700E+5
1.834000E-2	0.000000E+0	4.540320E+5
1.836000E-2	0.000000E+0	4.552030E+5
1.838000E-2	0.000000E+0	4.540740E+5
1.840000E-2	0.000000E+0	4.541120E+5
1.842000E-2	0.000000E+0	4.537020E+5
1.844000E-2	0.000000E+0	4.534950E+5
1.846000E-2	0.000000E+0	4.528910E+5
1.848000E-2	0.000000E+0	4.551930E+5
1.850000E-2	0.000000E+0	4.547340E+5
1.852000E-2	0.000000E+0	4.549950E+5
1.854000E-2	0.000000E+0	4.556870E+5
1.856000E-2	0.000000E+0	4.535840E+5
1.858000E-2	0.000000E+0	4.539930E+5
1.860000E-2	0.000000E+0	4.544060E+5
1.862000E-2	0.000000E+0	4.539200E+5
1.864000E-2	0.000000E+0	4.532050E+5
1.866000E-2	0.000000E+0	4.549180E+5
1.868000E-2	0.000000E+0	4.537870E+5
1.870000E-2	0.000000E+0	4.541900E+5
1.872000E-2	0.000000E+0	4.548040E+5
1.874000E-2	0.000000E+0	4.530390E+5
1.876000E-2	0.000000E+0	4.541810E+5
1.878000E-2	0.000000E+0	4.539830E+5
1.880000E-2	0.000000E+0	4.542830E+5
1.882000E-2	0.000000E+0	4.541940E+5
1.884000E-2	0.000000E+0	4.550420E+5
1.886000E-2	0.000000E+0	4.547610E+5
1.888000E-2	0.000000E+0	4.535210E+5
1.890000E-2	0.000000E+0	4.541560E+5
1.892000E-2	0.000000E+0	4.555220E+5
1.894000E-2	0.000000E+0	4.546920E+5
1.896000E-2	0.000000E+0	4.545800E+5
1.898000E-2	0.000000E+0	4.545440E+5
1.900000E-2	0.000000E+0	4.535180E+5
1.902000E-2	0.000000E+0	4.536700E+5
1.904000E-2	0.000000E+0	4.546760E+5
1.906000E-2	0.000000E+0	4.548450E+5
1.908000E-2	0.000000E+0	4.545210E+5
1.910000E-2	0.000000E+0	4.531910E+5
1.912000E-2	0.000000E+0	4.534800E+5
1.914000E-2	0.000000E+0	4.541270E+5
1.916000E-2	0.000000E+0	4.534570E+5
1.918000E-2	0.000000E+0	4.535010E+5
1.920000E-2	0.000000E+0	4.547240E+5
1.922000E-2	0.000000E+0	4.542400E+5
1.924000E-2	0.000000E+0	4.541190E+5
1.926000E-2	0.000000E+0	4.552260E+5
1.928000E-2	0.000000E+0	4.552880E+5
1.930000E-2	0.000000E+0	4.546420E+5
1.932000E-2	0.000000E+0	4.541710E+5
1.934000E-2	0.000000E+0	4.544230E+5
1.936000E-2	0.000000E+0	4.536910E+5
1.938000E-2	0.000000E+0	4.547980E+5
1.940000E-2	0.000000E+0	4.532560E+5
1.942000E-2	0.000000E+0	4.556500E+5
1.944000E-2	0.000000E+0	4.549150E+5
1.946000E-2	0.000000E+0	4.535860E+5
1.948000E-2	0.000000E+0	4.547500E+5
1.950000E-2	0.000000E+0	4.545310E+5
1.952000E-2	0.000000E+0	4.550850E+5
1.954000E-2	0.000000E+0	4.542030E+5
1.956000E-2	0.000000E+0	4.551260E+5
1.958000E-2	0.000000E+0	4.541820E+5
1.960000E-2	0.000000E+0	4.542300E+5
1.962000E-2	0.000000E+0	4.537230E+5
1.964000E-2	0.000000E+0	4.547740E+5
1.966000E-2	0.000000E+0	4.549820E+5
1.968000E-2	0.000000E+0	4.543640E+5
1.970000E-2	0.000000E+0	4.540630E+5
1.972000E-2	0.000000E+0	4.547020E+5
1.974000E-2	0.000000E+0	4.548280E+5
1.976000E-2	0.000000E+0	4.529320E+5
1.978000E-2	0.000000E+0	4.537920E+5
1.980000E-2	0.000000E+0	4.550220E+5
1.982000E-2	0.000000E+0	4.538840E+5
1.984000E-2	0.000000E+0	4.547970E+5
1.986000E-2	0.000000E+0	4.535410E+5
1.988000E-2	0.000000E+0	4.532990E+5
1.990000E-2	0.000000E+0	4.546260E+5
1.992000E-2	0.000000E+0	4.536420E+5
1.994000E-2	0.000000E+0	4.553990E+5
1.996000E-2	0.000000E+0	4.535620E+5
1.998000E-2	0.000000E+0	4.544470E+5
