

live time:  187028.220000
real time:  259204.509000
sweeps:  9351411.000000
0.000000E+0	0.000000E+0	0.000000E+0
2.000000E-5	0.000000E+0	4.099260E+5
4.000000E-5	0.000000E+0	4.103920E+5
6.000000E-5	0.000000E+0	4.099670E+5
8.000000E-5	0.000000E+0	4.101960E+5
1.000000E-4	0.000000E+0	4.089410E+5
1.200000E-4	0.000000E+0	4.103540E+5
1.400000E-4	0.000000E+0	4.103960E+5
1.600000E-4	0.000000E+0	4.101980E+5
1.800000E-4	0.000000E+0	4.100090E+5
2.000000E-4	0.000000E+0	4.099980E+5
2.200000E-4	0.000000E+0	4.102310E+5
2.400000E-4	0.000000E+0	4.088650E+5
2.600000E-4	0.000000E+0	4.088110E+5
2.800000E-4	0.000000E+0	4.096920E+5
3.000000E-4	0.000000E+0	4.113490E+5
3.200000E-4	0.000000E+0	4.099520E+5
3.400000E-4	0.000000E+0	4.097860E+5
3.600000E-4	0.000000E+0	4.107750E+5
3.800000E-4	0.000000E+0	4.096360E+5
4.000000E-4	0.000000E+0	4.091250E+5
4.200000E-4	0.000000E+0	4.099180E+5
4.400000E-4	0.000000E+0	4.094440E+5
4.600000E-4	0.000000E+0	4.108150E+5
4.800000E-4	0.000000E+0	4.095640E+5
5.000000E-4	0.000000E+0	4.096490E+5
5.200000E-4	0.000000E+0	4.103640E+5
5.400000E-4	0.000000E+0	4.094940E+5
5.600000E-4	0.000000E+0	4.092080E+5
5.800000E-4	0.000000E+0	4.099160E+5
6.000000E-4	0.000000E+0	4.106940E+5
6.200000E-4	0.000000E+0	4.095850E+5
6.400000E-4	0.000000E+0	4.110740E+5
6.600000E-4	0.000000E+0	4.090810E+5
6.800000E-4	0.000000E+0	4.096670E+5
7.000000E-4	0.000000E+0	4.102980E+5
7.200000E-4	0.000000E+0	4.110920E+5
7.400000E-4	0.000000E+0	4.093120E+5
7.600000E-4	0.000000E+0	4.092610E+5
7.800000E-4	0.000000E+0	4.087150E+5
8.000000E-4	0.000000E+0	4.106870E+5
8.200000E-4	0.000000E+0	4.098410E+5
8.400000E-4	0.000000E+0	4.094750E+5
8.600000E-4	0.000000E+0	4.109140E+5
8.800000E-4	0.000000E+0	4.094710E+5
9.000000E-4	0.000000E+0	4.111120E+5
9.200000E-4	0.000000E+0	4.095170E+5
9.400000E-4	0.000000E+0	4.101570E+5
9.600000E-4	0.000000E+0	4.090220E+5
9.800000E-4	0.000000E+0	4.112910E+5
1.000000E-3	0.000000E+0	4.102540E+5
1.020000E-3	0.000000E+0	4.098040E+5
1.040000E-3	0.000000E+0	4.096210E+5
1.060000E-3	0.000000E+0	4.094540E+5
1.080000E-3	0.000000E+0	4.097250E+5
1.100000E-3	0.000000E+0	4.089450E+5
1.120000E-3	0.000000E+0	4.104330E+5
1.140000E-3	0.000000E+0	4.089830E+5
1.160000E-3	0.000000E+0	4.096780E+5
1.180000E-3	0.000000E+0	4.094790E+5
1.200000E-3	0.000000E+0	4.100590E+5
1.220000E-3	0.000000E+0	4.105260E+5
1.240000E-3	0.000000E+0	4.098010E+5
1.260000E-3	0.000000E+0	4.096320E+5
1.280000E-3	0.000000E+0	4.099220E+5
1.300000E-3	0.000000E+0	4.085030E+5
1.320000E-3	0.000000E+0	4.110460E+5
1.340000E-3	0.000000E+0	4.100310E+5
1.360000E-3	0.000000E+0	4.092600E+5
1.380000E-3	0.000000E+0	4.109260E+5
1.400000E-3	0.000000E+0	4.098430E+5
1.420000E-3	0.000000E+0	4.101430E+5
1.440000E-3	0.000000E+0	4.098650E+5
1.460000E-3	0.000000E+0	4.086440E+5
1.480000E-3	0.000000E+0	4.109570E+5
1.500000E-3	0.000000E+0	4.099990E+5
1.520000E-3	0.000000E+0	4.095950E+5
1.540000E-3	0.000000E+0	4.103280E+5
1.560000E-3	0.000000E+0	4.100980E+5
1.580000E-3	0.000000E+0	4.101770E+5
1.600000E-3	0.000000E+0	4.096590E+5
1.620000E-3	0.000000E+0	4.096680E+5
1.640000E-3	0.000000E+0	4.091330E+5
1.660000E-3	0.000000E+0	4.101030E+5
1.680000E-3	0.000000E+0	4.097280E+5
1.700000E-3	0.000000E+0	4.092010E+5
1.720000E-3	0.000000E+0	4.101290E+5
1.740000E-3	0.000000E+0	4.110470E+5
1.760000E-3	0.000000E+0	4.106250E+5
1.780000E-3	0.000000E+0	4.108950E+5
1.800000E-3	0.000000E+0	4.107830E+5
1.820000E-3	0.000000E+0	4.094760E+5
1.840000E-3	0.000000E+0	4.090860E+5
1.860000E-3	0.000000E+0	4.099780E+5
1.880000E-3	0.000000E+0	4.098260E+5
1.900000E-3	0.000000E+0	4.091340E+5
1.920000E-3	0.000000E+0	4.096150E+5
1.940000E-3	0.000000E+0	4.095640E+5
1.960000E-3	0.000000E+0	4.100800E+5
1.980000E-3	0.000000E+0	4.103710E+5
2.000000E-3	0.000000E+0	4.093090E+5
2.020000E-3	0.000000E+0	4.100570E+5
2.040000E-3	0.000000E+0	4.093710E+5
2.060000E-3	0.000000E+0	4.106580E+5
2.080000E-3	0.000000E+0	4.109760E+5
2.100000E-3	0.000000E+0	4.109280E+5
2.120000E-3	0.000000E+0	4.106580E+5
2.140000E-3	0.000000E+0	4.085860E+5
2.160000E-3	0.000000E+0	4.089160E+5
2.180000E-3	0.000000E+0	4.100440E+5
2.200000E-3	0.000000E+0	4.106310E+5
2.220000E-3	0.000000E+0	4.103400E+5
2.240000E-3	0.000000E+0	4.096520E+5
2.260000E-3	0.000000E+0	4.099790E+5
2.280000E-3	0.000000E+0	4.100510E+5
2.300000E-3	0.000000E+0	4.102690E+5
2.320000E-3	0.000000E+0	4.098790E+5
2.340000E-3	0.000000E+0	4.096830E+5
2.360000E-3	0.000000E+0	4.099950E+5
2.380000E-3	0.000000E+0	4.111320E+5
2.400000E-3	0.000000E+0	4.086020E+5
2.420000E-3	0.000000E+0	4.096280E+5
2.440000E-3	0.000000E+0	4.091540E+5
2.460000E-3	0.000000E+0	4.101030E+5
2.480000E-3	0.000000E+0	4.113530E+5
2.500000E-3	0.000000E+0	4.095810E+5
2.520000E-3	0.000000E+0	4.105020E+5
2.540000E-3	0.000000E+0	4.089330E+5
2.560000E-3	0.000000E+0	4.101020E+5
2.580000E-3	0.000000E+0	4.093170E+5
2.600000E-3	0.000000E+0	4.106390E+5
2.620000E-3	0.000000E+0	4.097000E+5
2.640000E-3	0.000000E+0	4.087290E+5
2.660000E-3	0.000000E+0	4.105500E+5
2.680000E-3	0.000000E+0	4.093820E+5
2.700000E-3	0.000000E+0	4.099460E+5
2.720000E-3	0.000000E+0	4.080870E+5
2.740000E-3	0.000000E+0	4.099990E+5
2.760000E-3	0.000000E+0	4.094610E+5
2.780000E-3	0.000000E+0	4.096450E+5
2.800000E-3	0.000000E+0	4.097790E+5
2.820000E-3	0.000000E+0	4.095780E+5
2.840000E-3	0.000000E+0	4.090120E+5
2.860000E-3	0.000000E+0	4.108090E+5
2.880000E-3	0.000000E+0	4.100560E+5
2.900000E-3	0.000000E+0	4.103600E+5
2.920000E-3	0.000000E+0	4.086940E+5
2.940000E-3	0.000000E+0	4.101560E+5
2.960000E-3	0.000000E+0	4.097080E+5
2.980000E-3	0.000000E+0	4.089020E+5
3.000000E-3	0.000000E+0	4.099910E+5
3.020000E-3	0.000000E+0	4.097940E+5
3.040000E-3	0.000000E+0	4.105100E+5
3.060000E-3	0.000000E+0	4.114240E+5
3.080000E-3	0.000000E+0	4.099090E+5
3.100000E-3	0.000000E+0	4.089360E+5
3.120000E-3	0.000000E+0	4.101210E+5
3.140000E-3	0.000000E+0	4.103800E+5
3.160000E-3	0.000000E+0	4.094890E+5
3.180000E-3	0.000000E+0	4.103310E+5
3.200000E-3	0.000000E+0	4.096220E+5
3.220000E-3	0.000000E+0	4.104980E+5
3.240000E-3	0.000000E+0	4.108640E+5
3.260000E-3	0.000000E+0	4.104440E+5
3.280000E-3	0.000000E+0	4.101260E+5
3.300000E-3	0.000000E+0	4.094550E+5
3.320000E-3	0.000000E+0	4.100690E+5
3.340000E-3	0.000000E+0	4.092850E+5
3.360000E-3	0.000000E+0	4.090000E+5
3.380000E-3	0.000000E+0	4.088830E+5
3.400000E-3	0.000000E+0	4.097450E+5
3.420000E-3	0.000000E+0	4.108280E+5
3.440000E-3	0.000000E+0	4.092170E+5
3.460000E-3	0.000000E+0	4.102560E+5
3.480000E-3	0.000000E+0	4.095210E+5
3.500000E-3	0.000000E+0	4.098960E+5
3.520000E-3	0.000000E+0	4.093430E+5
3.540000E-3	0.000000E+0	4.097660E+5
3.560000E-3	0.000000E+0	4.097110E+5
3.580000E-3	0.000000E+0	4.088560E+5
3.600000E-3	0.000000E+0	4.095230E+5
3.620000E-3	0.000000E+0	4.078920E+5
3.640000E-3	0.000000E+0	4.103980E+5
3.660000E-3	0.000000E+0	4.097670E+5
3.680000E-3	0.000000E+0	4.094310E+5
3.700000E-3	0.000000E+0	4.089930E+5
3.720000E-3	0.000000E+0	4.098510E+5
3.740000E-3	0.000000E+0	4.094530E+5
3.760000E-3	0.000000E+0	4.097220E+5
3.780000E-3	0.000000E+0	4.090550E+5
3.800000E-3	0.000000E+0	4.090230E+5
3.820000E-3	0.000000E+0	4.089690E+5
3.840000E-3	0.000000E+0	4.096900E+5
3.860000E-3	0.000000E+0	4.093430E+5
3.880000E-3	0.000000E+0	4.089410E+5
3.900000E-3	0.000000E+0	4.104460E+5
3.920000E-3	0.000000E+0	4.114400E+5
3.940000E-3	0.000000E+0	4.105100E+5
3.960000E-3	0.000000E+0	4.105740E+5
3.980000E-3	0.000000E+0	4.100110E+5
4.000000E-3	0.000000E+0	4.097060E+5
4.020000E-3	0.000000E+0	4.103240E+5
4.040000E-3	0.000000E+0	4.091960E+5
4.060000E-3	0.000000E+0	4.102310E+5
4.080000E-3	0.000000E+0	4.102150E+5
4.100000E-3	0.000000E+0	4.103170E+5
4.120000E-3	0.000000E+0	4.095060E+5
4.140000E-3	0.000000E+0	4.089450E+5
4.160000E-3	0.000000E+0	4.105380E+5
4.180000E-3	0.000000E+0	4.091200E+5
4.200000E-3	0.000000E+0	4.101630E+5
4.220000E-3	0.000000E+0	4.096430E+5
4.240000E-3	0.000000E+0	4.097170E+5
4.260000E-3	0.000000E+0	4.091080E+5
4.280000E-3	0.000000E+0	4.105540E+5
4.300000E-3	0.000000E+0	4.101310E+5
4.320000E-3	0.000000E+0	4.094010E+5
4.340000E-3	0.000000E+0	4.089150E+5
4.360000E-3	0.000000E+0	4.094750E+5
4.380000E-3	0.000000E+0	4.092720E+5
4.400000E-3	0.000000E+0	4.101350E+5
4.420000E-3	0.000000E+0	4.094460E+5
4.440000E-3	0.000000E+0	4.094070E+5
4.460000E-3	0.000000E+0	4.093060E+5
4.480000E-3	0.000000E+0	4.088270E+5
4.500000E-3	0.000000E+0	4.097720E+5
4.520000E-3	0.000000E+0	4.086570E+5
4.540000E-3	0.000000E+0	4.087140E+5
4.560000E-3	0.000000E+0	4.088320E+5
4.580000E-3	0.000000E+0	4.098530E+5
4.600000E-3	0.000000E+0	4.093920E+5
4.620000E-3	0.000000E+0	4.091440E+5
4.640000E-3	0.000000E+0	4.098550E+5
4.660000E-3	0.000000E+0	4.098300E+5
4.680000E-3	0.000000E+0	4.093610E+5
4.700000E-3	0.000000E+0	4.099620E+5
4.720000E-3	0.000000E+0	4.098690E+5
4.740000E-3	0.000000E+0	4.088210E+5
4.760000E-3	0.000000E+0	4.104610E+5
4.780000E-3	0.000000E+0	4.088220E+5
4.800000E-3	0.000000E+0	4.089970E+5
4.820000E-3	0.000000E+0	4.087510E+5
4.840000E-3	0.000000E+0	4.087610E+5
4.860000E-3	0.000000E+0	4.073920E+5
4.880000E-3	0.000000E+0	4.070280E+5
4.900000E-3	0.000000E+0	4.069060E+5
4.920000E-3	0.000000E+0	4.041630E+5
4.940000E-3	0.000000E+0	4.035030E+5
4.960000E-3	0.000000E+0	4.034130E+5
4.980000E-3	0.000000E+0	4.036670E+5
5.000000E-3	0.000000E+0	4.019540E+5
5.020000E-3	0.000000E+0	4.011840E+5
5.040000E-3	0.000000E+0	3.993500E+5
5.060000E-3	0.000000E+0	3.987180E+5
5.080000E-3	0.000000E+0	3.983150E+5
5.100000E-3	0.000000E+0	3.986370E+5
5.120000E-3	0.000000E+0	3.982790E+5
5.140000E-3	0.000000E+0	3.996510E+5
5.160000E-3	0.000000E+0	4.012680E+5
5.180000E-3	0.000000E+0	4.021300E+5
5.200000E-3	0.000000E+0	4.034400E+5
5.220000E-3	0.000000E+0	4.042470E+5
5.240000E-3	0.000000E+0	4.041490E+5
5.260000E-3	0.000000E+0	4.071220E+5
5.280000E-3	0.000000E+0	4.051270E+5
5.300000E-3	0.000000E+0	4.070990E+5
5.320000E-3	0.000000E+0	4.085120E+5
5.340000E-3	0.000000E+0	4.085180E+5
5.360000E-3	0.000000E+0	4.093020E+5
5.380000E-3	0.000000E+0	4.080200E+5
5.400000E-3	0.000000E+0	4.098690E+5
5.420000E-3	0.000000E+0	4.089480E+5
5.440000E-3	0.000000E+0	4.084060E+5
5.460000E-3	0.000000E+0	4.079940E+5
5.480000E-3	0.000000E+0	4.076350E+5
5.500000E-3	0.000000E+0	4.082520E+5
5.520000E-3	0.000000E+0	4.070830E+5
5.540000E-3	0.000000E+0	4.067850E+5
5.560000E-3	0.000000E+0	4.047620E+5
5.580000E-3	0.000000E+0	4.046340E+5
5.600000E-3	0.000000E+0	4.023620E+5
5.620000E-3	0.000000E+0	4.031130E+5
5.640000E-3	0.000000E+0	4.041810E+5
5.660000E-3	0.000000E+0	4.023060E+5
5.680000E-3	0.000000E+0	4.017990E+5
5.700000E-3	0.000000E+0	4.002930E+5
5.720000E-3	0.000000E+0	3.991380E+5
5.740000E-3	0.000000E+0	3.993350E+5
5.760000E-3	0.000000E+0	3.998830E+5
5.780000E-3	0.000000E+0	4.001090E+5
5.800000E-3	0.000000E+0	4.008300E+5
5.820000E-3	0.000000E+0	4.025140E+5
5.840000E-3	0.000000E+0	4.036090E+5
5.860000E-3	0.000000E+0	4.041670E+5
5.880000E-3	0.000000E+0	4.057400E+5
5.900000E-3	0.000000E+0	4.068530E+5
5.920000E-3	0.000000E+0	4.083370E+5
5.940000E-3	0.000000E+0	4.074250E+5
5.960000E-3	0.000000E+0	4.080900E+5
5.980000E-3	0.000000E+0	4.090460E+5
6.000000E-3	0.000000E+0	4.089620E+5
6.020000E-3	0.000000E+0	4.089090E+5
6.040000E-3	0.000000E+0	4.092980E+5
6.060000E-3	0.000000E+0	4.092860E+5
6.080000E-3	0.000000E+0	4.093860E+5
6.100000E-3	0.000000E+0	4.087540E+5
6.120000E-3	0.000000E+0	4.096890E+5
6.140000E-3	0.000000E+0	4.092410E+5
6.160000E-3	0.000000E+0	4.089690E+5
6.180000E-3	0.000000E+0	4.098080E+5
6.200000E-3	0.000000E+0	4.093750E+5
6.220000E-3	0.000000E+0	4.098430E+5
6.240000E-3	0.000000E+0	4.085680E+5
6.260000E-3	0.000000E+0	4.092350E+5
6.280000E-3	0.000000E+0	4.111630E+5
6.300000E-3	0.000000E+0	4.105120E+5
6.320000E-3	0.000000E+0	4.101340E+5
6.340000E-3	0.000000E+0	4.099090E+5
6.360000E-3	0.000000E+0	4.093200E+5
6.380000E-3	0.000000E+0	4.103310E+5
6.400000E-3	0.000000E+0	4.093190E+5
6.420000E-3	0.000000E+0	4.088070E+5
6.440000E-3	0.000000E+0	4.111340E+5
6.460000E-3	0.000000E+0	4.097100E+5
6.480000E-3	0.000000E+0	4.091550E+5
6.500000E-3	0.000000E+0	4.093840E+5
6.520000E-3	0.000000E+0	4.096740E+5
6.540000E-3	0.000000E+0	4.091970E+5
6.560000E-3	0.000000E+0	4.104360E+5
6.580000E-3	0.000000E+0	4.091900E+5
6.600000E-3	0.000000E+0	4.103480E+5
6.620000E-3	0.000000E+0	4.096110E+5
6.640000E-3	0.000000E+0	4.096450E+5
6.660000E-3	0.000000E+0	4.089630E+5
6.680000E-3	0.000000E+0	4.095920E+5
6.700000E-3	0.000000E+0	4.099920E+5
6.720000E-3	0.000000E+0	4.097030E+5
6.740000E-3	0.000000E+0	4.104340E+5
6.760000E-3	0.000000E+0	4.105460E+5
6.780000E-3	0.000000E+0	4.091780E+5
6.800000E-3	0.000000E+0	4.100180E+5
6.820000E-3	0.000000E+0	4.100740E+5
6.840000E-3	0.000000E+0	4.094070E+5
6.860000E-3	0.000000E+0	4.098880E+5
6.880000E-3	0.000000E+0	4.107880E+5
6.900000E-3	0.000000E+0	4.087500E+5
6.920000E-3	0.000000E+0	4.087180E+5
6.940000E-3	0.000000E+0	4.098900E+5
6.960000E-3	0.000000E+0	4.083070E+5
6.980000E-3	0.000000E+0	4.098420E+5
7.000000E-3	0.000000E+0	4.095250E+5
7.020000E-3	0.000000E+0	4.103370E+5
7.040000E-3	0.000000E+0	4.100140E+5
7.060000E-3	0.000000E+0	4.100870E+5
7.080000E-3	0.000000E+0	4.098120E+5
7.100000E-3	0.000000E+0	4.097030E+5
7.120000E-3	0.000000E+0	4.099170E+5
7.140000E-3	0.000000E+0	4.095660E+5
7.160000E-3	0.000000E+0	4.101290E+5
7.180000E-3	0.000000E+0	4.089620E+5
7.200000E-3	0.000000E+0	4.098850E+5
7.220000E-3	0.000000E+0	4.101240E+5
7.240000E-3	0.000000E+0	4.100150E+5
7.260000E-3	0.000000E+0	4.093860E+5
7.280000E-3	0.000000E+0	4.096030E+5
7.300000E-3	0.000000E+0	4.092730E+5
7.320000E-3	0.000000E+0	4.104850E+5
7.340000E-3	0.000000E+0	4.106910E+5
7.360000E-3	0.000000E+0	4.093550E+5
7.380000E-3	0.000000E+0	4.103830E+5
7.400000E-3	0.000000E+0	4.099340E+5
7.420000E-3	0.000000E+0	4.098460E+5
7.440000E-3	0.000000E+0	4.099470E+5
7.460000E-3	0.000000E+0	4.104740E+5
7.480000E-3	0.000000E+0	4.093710E+5
7.500000E-3	0.000000E+0	4.102060E+5
7.520000E-3	0.000000E+0	4.103260E+5
7.540000E-3	0.000000E+0	4.098060E+5
7.560000E-3	0.000000E+0	4.103240E+5
7.580000E-3	0.000000E+0	4.101500E+5
7.600000E-3	0.000000E+0	4.092050E+5
7.620000E-3	0.000000E+0	4.099330E+5
7.640000E-3	0.000000E+0	4.105800E+5
7.660000E-3	0.000000E+0	4.092250E+5
7.680000E-3	0.000000E+0	4.098580E+5
7.700000E-3	0.000000E+0	4.090690E+5
7.720000E-3	0.000000E+0	4.101550E+5
7.740000E-3	0.000000E+0	4.090540E+5
7.760000E-3	0.000000E+0	4.095010E+5
7.780000E-3	0.000000E+0	4.107960E+5
7.800000E-3	0.000000E+0	4.096160E+5
7.820000E-3	0.000000E+0	4.094760E+5
7.840000E-3	0.000000E+0	4.107210E+5
7.860000E-3	0.000000E+0	4.097570E+5
7.880000E-3	0.000000E+0	4.098200E+5
7.900000E-3	0.000000E+0	4.093920E+5
7.920000E-3	0.000000E+0	4.095370E+5
7.940000E-3	0.000000E+0	4.108470E+5
7.960000E-3	0.000000E+0	4.111570E+5
7.980000E-3	0.000000E+0	4.110010E+5
8.000000E-3	0.000000E+0	4.100900E+5
8.020000E-3	0.000000E+0	4.099460E+5
8.040000E-3	0.000000E+0	4.088530E+5
8.060000E-3	0.000000E+0	4.093540E+5
8.080000E-3	0.000000E+0	4.104090E+5
8.100000E-3	0.000000E+0	4.108950E+5
8.120000E-3	0.000000E+0	4.100920E+5
8.140000E-3	0.000000E+0	4.091800E+5
8.160000E-3	0.000000E+0	4.101720E+5
8.180000E-3	0.000000E+0	4.092910E+5
8.200000E-3	0.000000E+0	4.100040E+5
8.220000E-3	0.000000E+0	4.093340E+5
8.240000E-3	0.000000E+0	4.103280E+5
8.260000E-3	0.000000E+0	4.112210E+5
8.280000E-3	0.000000E+0	4.092180E+5
8.300000E-3	0.000000E+0	4.098700E+5
8.320000E-3	0.000000E+0	4.090190E+5
8.340000E-3	0.000000E+0	4.093750E+5
8.360000E-3	0.000000E+0	4.092120E+5
8.380000E-3	0.000000E+0	4.079990E+5
8.400000E-3	0.000000E+0	4.090540E+5
8.420000E-3	0.000000E+0	4.099150E+5
8.440000E-3	0.000000E+0	4.106270E+5
8.460000E-3	0.000000E+0	4.102550E+5
8.480000E-3	0.000000E+0	4.108210E+5
8.500000E-3	0.000000E+0	4.088370E+5
8.520000E-3	0.000000E+0	4.105220E+5
8.540000E-3	0.000000E+0	4.103570E+5
8.560000E-3	0.000000E+0	4.096440E+5
8.580000E-3	0.000000E+0	4.112360E+5
8.600000E-3	0.000000E+0	4.097900E+5
8.620000E-3	0.000000E+0	4.106770E+5
8.640000E-3	0.000000E+0	4.097090E+5
8.660000E-3	0.000000E+0	4.094970E+5
8.680000E-3	0.000000E+0	4.101070E+5
8.700000E-3	0.000000E+0	4.083290E+5
8.720000E-3	0.000000E+0	4.106150E+5
8.740000E-3	0.000000E+0	4.090680E+5
8.760000E-3	0.000000E+0	4.097220E+5
8.780000E-3	0.000000E+0	4.100830E+5
8.800000E-3	0.000000E+0	4.105520E+5
8.820000E-3	0.000000E+0	4.103510E+5
8.840000E-3	0.000000E+0	4.092680E+5
8.860000E-3	0.000000E+0	4.115400E+5
8.880000E-3	0.000000E+0	4.093000E+5
8.900000E-3	0.000000E+0	4.098470E+5
8.920000E-3	0.000000E+0	4.088130E+5
8.940000E-3	0.000000E+0	4.090120E+5
8.960000E-3	0.000000E+0	4.105740E+5
8.980000E-3	0.000000E+0	4.098460E+5
9.000000E-3	0.000000E+0	4.094770E+5
9.020000E-3	0.000000E+0	4.085270E+5
9.040000E-3	0.000000E+0	4.103440E+5
9.060000E-3	0.000000E+0	4.118370E+5
9.080000E-3	0.000000E+0	4.099810E+5
9.100000E-3	0.000000E+0	4.105340E+5
9.120000E-3	0.000000E+0	4.093890E+5
9.140000E-3	0.000000E+0	4.100200E+5
9.160000E-3	0.000000E+0	4.102530E+5
9.180000E-3	0.000000E+0	4.088820E+5
9.200000E-3	0.000000E+0	4.097360E+5
9.220000E-3	0.000000E+0	4.097870E+5
9.240000E-3	0.000000E+0	4.105820E+5
9.260000E-3	0.000000E+0	4.111340E+5
9.280000E-3	0.000000E+0	4.109920E+5
9.300000E-3	0.000000E+0	4.104900E+5
9.320000E-3	0.000000E+0	4.094720E+5
9.340000E-3	0.000000E+0	4.097920E+5
9.360000E-3	0.000000E+0	4.095560E+5
9.380000E-3	0.000000E+0	4.109640E+5
9.400000E-3	0.000000E+0	4.102510E+5
9.420000E-3	0.000000E+0	4.111230E+5
9.440000E-3	0.000000E+0	4.094900E+5
9.460000E-3	0.000000E+0	4.108650E+5
9.480000E-3	0.000000E+0	4.098920E+5
9.500000E-3	0.000000E+0	4.088910E+5
9.520000E-3	0.000000E+0	4.105040E+5
9.540000E-3	0.000000E+0	4.088190E+5
9.560000E-3	0.000000E+0	4.097260E+5
9.580000E-3	0.000000E+0	4.097980E+5
9.600000E-3	0.000000E+0	4.098980E+5
9.620000E-3	0.000000E+0	4.092690E+5
9.640000E-3	0.000000E+0	4.094740E+5
9.660000E-3	0.000000E+0	4.106380E+5
9.680000E-3	0.000000E+0	4.087620E+5
9.700000E-3	0.000000E+0	4.093460E+5
9.720000E-3	0.000000E+0	4.106110E+5
9.740000E-3	0.000000E+0	4.098880E+5
9.760000E-3	0.000000E+0	4.095080E+5
9.780000E-3	0.000000E+0	4.103010E+5
9.800000E-3	0.000000E+0	4.105490E+5
9.820000E-3	0.000000E+0	4.106550E+5
9.840000E-3	0.000000E+0	4.103470E+5
9.860000E-3	0.000000E+0	4.091470E+5
9.880000E-3	0.000000E+0	4.109740E+5
9.900000E-3	0.000000E+0	4.112650E+5
9.920000E-3	0.000000E+0	4.093970E+5
9.940000E-3	0.000000E+0	4.090830E+5
9.960000E-3	0.000000E+0	4.091000E+5
9.980000E-3	0.000000E+0	4.110790E+5
1.000000E-2	0.000000E+0	4.091920E+5
1.002000E-2	0.000000E+0	4.096630E+5
1.004000E-2	0.000000E+0	4.104850E+5
1.006000E-2	0.000000E+0	4.101890E+5
1.008000E-2	0.000000E+0	4.097380E+5
1.010000E-2	0.000000E+0	4.097050E+5
1.012000E-2	0.000000E+0	4.110410E+5
1.014000E-2	0.000000E+0	4.115460E+5
1.016000E-2	0.000000E+0	4.105350E+5
1.018000E-2	0.000000E+0	4.099980E+5
1.020000E-2	0.000000E+0	4.105990E+5
1.022000E-2	0.000000E+0	4.099210E+5
1.024000E-2	0.000000E+0	4.094030E+5
1.026000E-2	0.000000E+0	4.112610E+5
1.028000E-2	0.000000E+0	4.093830E+5
1.030000E-2	0.000000E+0	4.107600E+5
1.032000E-2	0.000000E+0	4.093770E+5
1.034000E-2	0.000000E+0	4.109000E+5
1.036000E-2	0.000000E+0	4.100940E+5
1.038000E-2	0.000000E+0	4.106870E+5
1.040000E-2	0.000000E+0	4.094420E+5
1.042000E-2	0.000000E+0	4.099400E+5
1.044000E-2	0.000000E+0	4.095910E+5
1.046000E-2	0.000000E+0	4.107640E+5
1.048000E-2	0.000000E+0	4.109920E+5
1.050000E-2	0.000000E+0	4.099730E+5
1.052000E-2	0.000000E+0	4.105250E+5
1.054000E-2	0.000000E+0	4.114840E+5
1.056000E-2	0.000000E+0	4.095020E+5
1.058000E-2	0.000000E+0	4.106710E+5
1.060000E-2	0.000000E+0	4.095890E+5
1.062000E-2	0.000000E+0	4.098320E+5
1.064000E-2	0.000000E+0	4.102120E+5
1.066000E-2	0.000000E+0	4.101600E+5
1.068000E-2	0.000000E+0	4.102580E+5
1.070000E-2	0.000000E+0	4.092100E+5
1.072000E-2	0.000000E+0	4.099610E+5
1.074000E-2	0.000000E+0	4.105010E+5
1.076000E-2	0.000000E+0	4.109630E+5
1.078000E-2	0.000000E+0	4.111930E+5
1.080000E-2	0.000000E+0	4.109040E+5
1.082000E-2	0.000000E+0	4.115340E+5
1.084000E-2	0.000000E+0	4.099850E+5
1.086000E-2	0.000000E+0	4.102960E+5
1.088000E-2	0.000000E+0	4.102700E+5
1.090000E-2	0.000000E+0	4.105770E+5
1.092000E-2	0.000000E+0	4.099630E+5
1.094000E-2	0.000000E+0	4.096410E+5
1.096000E-2	0.000000E+0	4.097480E+5
1.098000E-2	0.000000E+0	4.104560E+5
1.100000E-2	0.000000E+0	4.105350E+5
1.102000E-2	0.000000E+0	4.091800E+5
1.104000E-2	0.000000E+0	4.107910E+5
1.106000E-2	0.000000E+0	4.103430E+5
1.108000E-2	0.000000E+0	4.105110E+5
1.110000E-2	0.000000E+0	4.100580E+5
1.112000E-2	0.000000E+0	4.101030E+5
1.114000E-2	0.000000E+0	4.106750E+5
1.116000E-2	0.000000E+0	4.083320E+5
1.118000E-2	0.000000E+0	4.102360E+5
1.120000E-2	0.000000E+0	4.101300E+5
1.122000E-2	0.000000E+0	4.115520E+5
1.124000E-2	0.000000E+0	4.114490E+5
1.126000E-2	0.000000E+0	4.090190E+5
1.128000E-2	0.000000E+0	4.092950E+5
1.130000E-2	0.000000E+0	4.099920E+5
1.132000E-2	0.000000E+0	4.111830E+5
1.134000E-2	0.000000E+0	4.092570E+5
1.136000E-2	0.000000E+0	4.110380E+5
1.138000E-2	0.000000E+0	4.096650E+5
1.140000E-2	0.000000E+0	4.114060E+5
1.142000E-2	0.000000E+0	4.098220E+5
1.144000E-2	0.000000E+0	4.111890E+5
1.146000E-2	0.000000E+0	4.099210E+5
1.148000E-2	0.000000E+0	4.099400E+5
1.150000E-2	0.000000E+0	4.096600E+5
1.152000E-2	0.000000E+0	4.096260E+5
1.154000E-2	0.000000E+0	4.095880E+5
1.156000E-2	0.000000E+0	4.105690E+5
1.158000E-2	0.000000E+0	4.094590E+5
1.160000E-2	0.000000E+0	4.101530E+5
1.162000E-2	0.000000E+0	4.099080E+5
1.164000E-2	0.000000E+0	4.115300E+5
1.166000E-2	0.000000E+0	4.121960E+5
1.168000E-2	0.000000E+0	4.112120E+5
1.170000E-2	0.000000E+0	4.115030E+5
1.172000E-2	0.000000E+0	4.108550E+5
1.174000E-2	0.000000E+0	4.099410E+5
1.176000E-2	0.000000E+0	4.104740E+5
1.178000E-2	0.000000E+0	4.095760E+5
1.180000E-2	0.000000E+0	4.104560E+5
1.182000E-2	0.000000E+0	4.108440E+5
1.184000E-2	0.000000E+0	4.106570E+5
1.186000E-2	0.000000E+0	4.094420E+5
1.188000E-2	0.000000E+0	4.095970E+5
1.190000E-2	0.000000E+0	4.091450E+5
1.192000E-2	0.000000E+0	4.096220E+5
1.194000E-2	0.000000E+0	4.112680E+5
1.196000E-2	0.000000E+0	4.101940E+5
1.198000E-2	0.000000E+0	4.104770E+5
1.200000E-2	0.000000E+0	4.097800E+5
1.202000E-2	0.000000E+0	4.102820E+5
1.204000E-2	0.000000E+0	4.101070E+5
1.206000E-2	0.000000E+0	4.100040E+5
1.208000E-2	0.000000E+0	4.112370E+5
1.210000E-2	0.000000E+0	4.107540E+5
1.212000E-2	0.000000E+0	4.102880E+5
1.214000E-2	0.000000E+0	4.090870E+5
1.216000E-2	0.000000E+0	4.095540E+5
1.218000E-2	0.000000E+0	4.104610E+5
1.220000E-2	0.000000E+0	4.089510E+5
1.222000E-2	0.000000E+0	4.106470E+5
1.224000E-2	0.000000E+0	4.102840E+5
1.226000E-2	0.000000E+0	4.099040E+5
1.228000E-2	0.000000E+0	4.104550E+5
1.230000E-2	0.000000E+0	4.106580E+5
1.232000E-2	0.000000E+0	4.107350E+5
1.234000E-2	0.000000E+0	4.104030E+5
1.236000E-2	0.000000E+0	4.099710E+5
1.238000E-2	0.000000E+0	4.110550E+5
1.240000E-2	0.000000E+0	4.109110E+5
1.242000E-2	0.000000E+0	4.103970E+5
1.244000E-2	0.000000E+0	4.107570E+5
1.246000E-2	0.000000E+0	4.097610E+5
1.248000E-2	0.000000E+0	4.105310E+5
1.250000E-2	0.000000E+0	4.097880E+5
1.252000E-2	0.000000E+0	4.115680E+5
1.254000E-2	0.000000E+0	4.104660E+5
1.256000E-2	0.000000E+0	4.100100E+5
1.258000E-2	0.000000E+0	4.110340E+5
1.260000E-2	0.000000E+0	4.109870E+5
1.262000E-2	0.000000E+0	4.090730E+5
1.264000E-2	0.000000E+0	4.092890E+5
1.266000E-2	0.000000E+0	4.116340E+5
1.268000E-2	0.000000E+0	4.104800E+5
1.270000E-2	0.000000E+0	4.096440E+5
1.272000E-2	0.000000E+0	4.111760E+5
1.274000E-2	0.000000E+0	4.101930E+5
1.276000E-2	0.000000E+0	4.103820E+5
1.278000E-2	0.000000E+0	4.096770E+5
1.280000E-2	0.000000E+0	4.094630E+5
1.282000E-2	0.000000E+0	4.097120E+5
1.284000E-2	0.000000E+0	4.101050E+5
1.286000E-2	0.000000E+0	4.108040E+5
1.288000E-2	0.000000E+0	4.112290E+5
1.290000E-2	0.000000E+0	4.098530E+5
1.292000E-2	0.000000E+0	4.104460E+5
1.294000E-2	0.000000E+0	4.092470E+5
1.296000E-2	0.000000E+0	4.098370E+5
1.298000E-2	0.000000E+0	4.100950E+5
1.300000E-2	0.000000E+0	4.104050E+5
1.302000E-2	0.000000E+0	4.109110E+5
1.304000E-2	0.000000E+0	4.104430E+5
1.306000E-2	0.000000E+0	4.096350E+5
1.308000E-2	0.000000E+0	4.116220E+5
1.310000E-2	0.000000E+0	4.105940E+5
1.312000E-2	0.000000E+0	4.107620E+5
1.314000E-2	0.000000E+0	4.112750E+5
1.316000E-2	0.000000E+0	4.105900E+5
1.318000E-2	0.000000E+0	4.097370E+5
1.320000E-2	0.000000E+0	4.104890E+5
1.322000E-2	0.000000E+0	4.106480E+5
1.324000E-2	0.000000E+0	4.093600E+5
1.326000E-2	0.000000E+0	4.108100E+5
1.328000E-2	0.000000E+0	4.110680E+5
1.330000E-2	0.000000E+0	4.092870E+5
1.332000E-2	0.000000E+0	4.096890E+5
1.334000E-2	0.000000E+0	4.095850E+5
1.336000E-2	0.000000E+0	4.103810E+5
1.338000E-2	0.000000E+0	4.107320E+5
1.340000E-2	0.000000E+0	4.092940E+5
1.342000E-2	0.000000E+0	4.092360E+5
1.344000E-2	0.000000E+0	4.097090E+5
1.346000E-2	0.000000E+0	4.095640E+5
1.348000E-2	0.000000E+0	4.107320E+5
1.350000E-2	0.000000E+0	4.104540E+5
1.352000E-2	0.000000E+0	4.111530E+5
1.354000E-2	0.000000E+0	4.105350E+5
1.356000E-2	0.000000E+0	4.106100E+5
1.358000E-2	0.000000E+0	4.102020E+5
1.360000E-2	0.000000E+0	4.098860E+5
1.362000E-2	0.000000E+0	4.103870E+5
1.364000E-2	0.000000E+0	4.088430E+5
1.366000E-2	0.000000E+0	4.099640E+5
1.368000E-2	0.000000E+0	4.108240E+5
1.370000E-2	0.000000E+0	4.109430E+5
1.372000E-2	0.000000E+0	4.098390E+5
1.374000E-2	0.000000E+0	4.101850E+5
1.376000E-2	0.000000E+0	4.095200E+5
1.378000E-2	0.000000E+0	4.096050E+5
1.380000E-2	0.000000E+0	4.105260E+5
1.382000E-2	0.000000E+0	4.094940E+5
1.384000E-2	0.000000E+0	4.094360E+5
1.386000E-2	0.000000E+0	4.104970E+5
1.388000E-2	0.000000E+0	4.103460E+5
1.390000E-2	0.000000E+0	4.109460E+5
1.392000E-2	0.000000E+0	4.109620E+5
1.394000E-2	0.000000E+0	4.105070E+5
1.396000E-2	0.000000E+0	4.103820E+5
1.398000E-2	0.000000E+0	4.111720E+5
1.400000E-2	0.000000E+0	4.108570E+5
1.402000E-2	0.000000E+0	4.094180E+5
1.404000E-2	0.000000E+0	4.114580E+5
1.406000E-2	0.000000E+0	4.099760E+5
1.408000E-2	0.000000E+0	4.095550E+5
1.410000E-2	0.000000E+0	4.102340E+5
1.412000E-2	0.000000E+0	4.101740E+5
1.414000E-2	0.000000E+0	4.097600E+5
1.416000E-2	0.000000E+0	4.095890E+5
1.418000E-2	0.000000E+0	4.098740E+5
1.420000E-2	0.000000E+0	4.102820E+5
1.422000E-2	0.000000E+0	4.102190E+5
1.424000E-2	0.000000E+0	4.089870E+5
1.426000E-2	0.000000E+0	4.086340E+5
1.428000E-2	0.000000E+0	4.097850E+5
1.430000E-2	0.000000E+0	4.097820E+5
1.432000E-2	0.000000E+0	4.101590E+5
1.434000E-2	0.000000E+0	4.095830E+5
1.436000E-2	0.000000E+0	4.106120E+5
1.438000E-2	0.000000E+0	4.102000E+5
1.440000E-2	0.000000E+0	4.114730E+5
1.442000E-2	0.000000E+0	4.102130E+5
1.444000E-2	0.000000E+0	4.089310E+5
1.446000E-2	0.000000E+0	4.105080E+5
1.448000E-2	0.000000E+0	4.105370E+5
1.450000E-2	0.000000E+0	4.101300E+5
1.452000E-2	0.000000E+0	4.106780E+5
1.454000E-2	0.000000E+0	4.099570E+5
1.456000E-2	0.000000E+0	4.111060E+5
1.458000E-2	0.000000E+0	4.090170E+5
1.460000E-2	0.000000E+0	4.106310E+5
1.462000E-2	0.000000E+0	4.085930E+5
1.464000E-2	0.000000E+0	4.106440E+5
1.466000E-2	0.000000E+0	4.097980E+5
1.468000E-2	0.000000E+0	4.111570E+5
1.470000E-2	0.000000E+0	4.098380E+5
1.472000E-2	0.000000E+0	4.095220E+5
1.474000E-2	0.000000E+0	4.099790E+5
1.476000E-2	0.000000E+0	4.112880E+5
1.478000E-2	0.000000E+0	4.108600E+5
1.480000E-2	0.000000E+0	4.093110E+5
1.482000E-2	0.000000E+0	4.092020E+5
1.484000E-2	0.000000E+0	4.109360E+5
1.486000E-2	0.000000E+0	4.096650E+5
1.488000E-2	0.000000E+0	4.092050E+5
1.490000E-2	0.000000E+0	4.086680E+5
1.492000E-2	0.000000E+0	4.079940E+5
1.494000E-2	0.000000E+0	4.056500E+5
1.496000E-2	0.000000E+0	4.051090E+5
1.498000E-2	0.000000E+0	4.054330E+5
1.500000E-2	0.000000E+0	4.044200E+5
1.502000E-2	0.000000E+0	4.039610E+5
1.504000E-2	0.000000E+0	4.025930E+5
1.506000E-2	0.000000E+0	4.022010E+5
1.508000E-2	0.000000E+0	4.011280E+5
1.510000E-2	0.000000E+0	3.996090E+5
1.512000E-2	0.000000E+0	3.993440E+5
1.514000E-2	0.000000E+0	3.994300E+5
1.516000E-2	0.000000E+0	3.995630E+5
1.518000E-2	0.000000E+0	4.006520E+5
1.520000E-2	0.000000E+0	4.020870E+5
1.522000E-2	0.000000E+0	4.036280E+5
1.524000E-2	0.000000E+0	4.059200E+5
1.526000E-2	0.000000E+0	4.057610E+5
1.528000E-2	0.000000E+0	4.077330E+5
1.530000E-2	0.000000E+0	4.068640E+5
1.532000E-2	0.000000E+0	4.081940E+5
1.534000E-2	0.000000E+0	4.093240E+5
1.536000E-2	0.000000E+0	4.089920E+5
1.538000E-2	0.000000E+0	4.099980E+5
1.540000E-2	0.000000E+0	4.094840E+5
1.542000E-2	0.000000E+0	4.094150E+5
1.544000E-2	0.000000E+0	4.089720E+5
1.546000E-2	0.000000E+0	4.091780E+5
1.548000E-2	0.000000E+0	4.091610E+5
1.550000E-2	0.000000E+0	4.086370E+5
1.552000E-2	0.000000E+0	4.095870E+5
1.554000E-2	0.000000E+0	4.084550E+5
1.556000E-2	0.000000E+0	4.069540E+5
1.558000E-2	0.000000E+0	4.055100E+5
1.560000E-2	0.000000E+0	4.059940E+5
1.562000E-2	0.000000E+0	4.045280E+5
1.564000E-2	0.000000E+0	4.040940E+5
1.566000E-2	0.000000E+0	4.032940E+5
1.568000E-2	0.000000E+0	4.026420E+5
1.570000E-2	0.000000E+0	4.022870E+5
1.572000E-2	0.000000E+0	4.006660E+5
1.574000E-2	0.000000E+0	4.002170E+5
1.576000E-2	0.000000E+0	4.002810E+5
1.578000E-2	0.000000E+0	3.977840E+5
1.580000E-2	0.000000E+0	3.994940E+5
1.582000E-2	0.000000E+0	4.004040E+5
1.584000E-2	0.000000E+0	4.013610E+5
1.586000E-2	0.000000E+0	4.028890E+5
1.588000E-2	0.000000E+0	4.046190E+5
1.590000E-2	0.000000E+0	4.053060E+5
1.592000E-2	0.000000E+0	4.063180E+5
1.594000E-2	0.000000E+0	4.065380E+5
1.596000E-2	0.000000E+0	4.079470E+5
1.598000E-2	0.000000E+0	4.093080E+5
1.600000E-2	0.000000E+0	4.107510E+5
1.602000E-2	0.000000E+0	4.094070E+5
1.604000E-2	0.000000E+0	4.091980E+5
1.606000E-2	0.000000E+0	4.094400E+5
1.608000E-2	0.000000E+0	4.095450E+5
1.610000E-2	0.000000E+0	4.104860E+5
1.612000E-2	0.000000E+0	4.105480E+5
1.614000E-2	0.000000E+0	4.099700E+5
1.616000E-2	0.000000E+0	4.111230E+5
1.618000E-2	0.000000E+0	4.101480E+5
1.620000E-2	0.000000E+0	4.097980E+5
1.622000E-2	0.000000E+0	4.096410E+5
1.624000E-2	0.000000E+0	4.098100E+5
1.626000E-2	0.000000E+0	4.096770E+5
1.628000E-2	0.000000E+0	4.113240E+5
1.630000E-2	0.000000E+0	4.100340E+5
1.632000E-2	0.000000E+0	4.108830E+5
1.634000E-2	0.000000E+0	4.106290E+5
1.636000E-2	0.000000E+0	4.109360E+5
1.638000E-2	0.000000E+0	4.103950E+5
1.640000E-2	0.000000E+0	4.104220E+5
1.642000E-2	0.000000E+0	4.100780E+5
1.644000E-2	0.000000E+0	4.096170E+5
1.646000E-2	0.000000E+0	4.100800E+5
1.648000E-2	0.000000E+0	4.091440E+5
1.650000E-2	0.000000E+0	4.101100E+5
1.652000E-2	0.000000E+0	4.107770E+5
1.654000E-2	0.000000E+0	4.099170E+5
1.656000E-2	0.000000E+0	4.096730E+5
1.658000E-2	0.000000E+0	4.103170E+5
1.660000E-2	0.000000E+0	4.105250E+5
1.662000E-2	0.000000E+0	4.096680E+5
1.664000E-2	0.000000E+0	4.100430E+5
1.666000E-2	0.000000E+0	4.101300E+5
1.668000E-2	0.000000E+0	4.097220E+5
1.670000E-2	0.000000E+0	4.098500E+5
1.672000E-2	0.000000E+0	4.106460E+5
1.674000E-2	0.000000E+0	4.095130E+5
1.676000E-2	0.000000E+0	4.092000E+5
1.678000E-2	0.000000E+0	4.087350E+5
1.680000E-2	0.000000E+0	4.099670E+5
1.682000E-2	0.000000E+0	4.098900E+5
1.684000E-2	0.000000E+0	4.104960E+5
1.686000E-2	0.000000E+0	4.114530E+5
1.688000E-2	0.000000E+0	4.102560E+5
1.690000E-2	0.000000E+0	4.100400E+5
1.692000E-2	0.000000E+0	4.103220E+5
1.694000E-2	0.000000E+0	4.099400E+5
1.696000E-2	0.000000E+0	4.090900E+5
1.698000E-2	0.000000E+0	4.093980E+5
1.700000E-2	0.000000E+0	4.106500E+5
1.702000E-2	0.000000E+0	4.104550E+5
1.704000E-2	0.000000E+0	4.105830E+5
1.706000E-2	0.000000E+0	4.114940E+5
1.708000E-2	0.000000E+0	4.102410E+5
1.710000E-2	0.000000E+0	4.106280E+5
1.712000E-2	0.000000E+0	4.098530E+5
1.714000E-2	0.000000E+0	4.098640E+5
1.716000E-2	0.000000E+0	4.106330E+5
1.718000E-2	0.000000E+0	4.100160E+5
1.720000E-2	0.000000E+0	4.107350E+5
1.722000E-2	0.000000E+0	4.109780E+5
1.724000E-2	0.000000E+0	4.097260E+5
1.726000E-2	0.000000E+0	4.097700E+5
1.728000E-2	0.000000E+0	4.101430E+5
1.730000E-2	0.000000E+0	4.096990E+5
1.732000E-2	0.000000E+0	4.095810E+5
1.734000E-2	0.000000E+0	4.104310E+5
1.736000E-2	0.000000E+0	4.115660E+5
1.738000E-2	0.000000E+0	4.109810E+5
1.740000E-2	0.000000E+0	4.107100E+5
1.742000E-2	0.000000E+0	4.092670E+5
1.744000E-2	0.000000E+0	4.105600E+5
1.746000E-2	0.000000E+0	4.106230E+5
1.748000E-2	0.000000E+0	4.100930E+5
1.750000E-2	0.000000E+0	4.103410E+5
1.752000E-2	0.000000E+0	4.108440E+5
1.754000E-2	0.000000E+0	4.096190E+5
1.756000E-2	0.000000E+0	4.095500E+5
1.758000E-2	0.000000E+0	4.106630E+5
1.760000E-2	0.000000E+0	4.100320E+5
1.762000E-2	0.000000E+0	4.104240E+5
1.764000E-2	0.000000E+0	4.110620E+5
1.766000E-2	0.000000E+0	4.104480E+5
1.768000E-2	0.000000E+0	4.105720E+5
1.770000E-2	0.000000E+0	4.101550E+5
1.772000E-2	0.000000E+0	4.115070E+5
1.774000E-2	0.000000E+0	4.101740E+5
1.776000E-2	0.000000E+0	4.094440E+5
1.778000E-2	0.000000E+0	4.109330E+5
1.780000E-2	0.000000E+0	4.094870E+5
1.782000E-2	0.000000E+0	4.103650E+5
1.784000E-2	0.000000E+0	4.096100E+5
1.786000E-2	0.000000E+0	4.099630E+5
1.788000E-2	0.000000E+0	4.099340E+5
1.790000E-2	0.000000E+0	4.108790E+5
1.792000E-2	0.000000E+0	4.095800E+5
1.794000E-2	0.000000E+0	4.103690E+5
1.796000E-2	0.000000E+0	4.105920E+5
1.798000E-2	0.000000E+0	4.110950E+5
1.800000E-2	0.000000E+0	4.094080E+5
1.802000E-2	0.000000E+0	4.099050E+5
1.804000E-2	0.000000E+0	4.090150E+5
1.806000E-2	0.000000E+0	4.101200E+5
1.808000E-2	0.000000E+0	4.102110E+5
1.810000E-2	0.000000E+0	4.105280E+5
1.812000E-2	0.000000E+0	4.109380E+5
1.814000E-2	0.000000E+0	4.110870E+5
1.816000E-2	0.000000E+0	4.109570E+5
1.818000E-2	0.000000E+0	4.099940E+5
1.820000E-2	0.000000E+0	4.110590E+5
1.822000E-2	0.000000E+0	4.097660E+5
1.824000E-2	0.000000E+0	4.101430E+5
1.826000E-2	0.000000E+0	4.108000E+5
1.828000E-2	0.000000E+0	4.100660E+5
1.830000E-2	0.000000E+0	4.093330E+5
1.832000E-2	0.000000E+0	4.106580E+5
1.834000E-2	0.000000E+0	4.098500E+5
1.836000E-2	0.000000E+0	4.112800E+5
1.838000E-2	0.000000E+0	4.098890E+5
1.840000E-2	0.000000E+0	4.099110E+5
1.842000E-2	0.000000E+0	4.097950E+5
1.844000E-2	0.000000E+0	4.096180E+5
1.846000E-2	0.000000E+0	4.089610E+5
1.848000E-2	0.000000E+0	4.111350E+5
1.850000E-2	0.000000E+0	4.105630E+5
1.852000E-2	0.000000E+0	4.111150E+5
1.854000E-2	0.000000E+0	4.118830E+5
1.856000E-2	0.000000E+0	4.097360E+5
1.858000E-2	0.000000E+0	4.100640E+5
1.860000E-2	0.000000E+0	4.105290E+5
1.862000E-2	0.000000E+0	4.097640E+5
1.864000E-2	0.000000E+0	4.093350E+5
1.866000E-2	0.000000E+0	4.104610E+5
1.868000E-2	0.000000E+0	4.094260E+5
1.870000E-2	0.000000E+0	4.101620E+5
1.872000E-2	0.000000E+0	4.107120E+5
1.874000E-2	0.000000E+0	4.087340E+5
1.876000E-2	0.000000E+0	4.097270E+5
1.878000E-2	0.000000E+0	4.099610E+5
1.880000E-2	0.000000E+0	4.099130E+5
1.882000E-2	0.000000E+0	4.101440E+5
1.884000E-2	0.000000E+0	4.109130E+5
1.886000E-2	0.000000E+0	4.104030E+5
1.888000E-2	0.000000E+0	4.092010E+5
1.890000E-2	0.000000E+0	4.098670E+5
1.892000E-2	0.000000E+0	4.110800E+5
1.894000E-2	0.000000E+0	4.105080E+5
1.896000E-2	0.000000E+0	4.101170E+5
1.898000E-2	0.000000E+0	4.104290E+5
1.900000E-2	0.000000E+0	4.093980E+5
1.902000E-2	0.000000E+0	4.097330E+5
1.904000E-2	0.000000E+0	4.108060E+5
1.906000E-2	0.000000E+0	4.103260E+5
1.908000E-2	0.000000E+0	4.102430E+5
1.910000E-2	0.000000E+0	4.091470E+5
1.912000E-2	0.000000E+0	4.095880E+5
1.914000E-2	0.000000E+0	4.101060E+5
1.916000E-2	0.000000E+0	4.093810E+5
1.918000E-2	0.000000E+0	4.094020E+5
1.920000E-2	0.000000E+0	4.103940E+5
1.922000E-2	0.000000E+0	4.100870E+5
1.924000E-2	0.000000E+0	4.100230E+5
1.926000E-2	0.000000E+0	4.111880E+5
1.928000E-2	0.000000E+0	4.111000E+5
1.930000E-2	0.000000E+0	4.101320E+5
1.932000E-2	0.000000E+0	4.099210E+5
1.934000E-2	0.000000E+0	4.104600E+5
1.936000E-2	0.000000E+0	4.095220E+5
1.938000E-2	0.000000E+0	4.107700E+5
1.940000E-2	0.000000E+0	4.093390E+5
1.942000E-2	0.000000E+0	4.118410E+5
1.944000E-2	0.000000E+0	4.109290E+5
1.946000E-2	0.000000E+0	4.095460E+5
1.948000E-2	0.000000E+0	4.107010E+5
1.950000E-2	0.000000E+0	4.102770E+5
1.952000E-2	0.000000E+0	4.110860E+5
1.954000E-2	0.000000E+0	4.105150E+5
1.956000E-2	0.000000E+0	4.108020E+5
1.958000E-2	0.000000E+0	4.099510E+5
1.960000E-2	0.000000E+0	4.104360E+5
1.962000E-2	0.000000E+0	4.093090E+5
1.964000E-2	0.000000E+0	4.107580E+5
1.966000E-2	0.000000E+0	4.106650E+5
1.968000E-2	0.000000E+0	4.100730E+5
1.970000E-2	0.000000E+0	4.098580E+5
1.972000E-2	0.000000E+0	4.106470E+5
1.974000E-2	0.000000E+0	4.105900E+5
1.976000E-2	0.000000E+0	4.091770E+5
1.978000E-2	0.000000E+0	4.098790E+5
1.980000E-2	0.000000E+0	4.108780E+5
1.982000E-2	0.000000E+0	4.099370E+5
1.984000E-2	0.000000E+0	4.102810E+5
1.986000E-2	0.000000E+0	4.095230E+5
1.988000E-2	0.000000E+0	4.090980E+5
1.990000E-2	0.000000E+0	4.103730E+5
1.992000E-2	0.000000E+0	4.095470E+5
1.994000E-2	0.000000E+0	4.113870E+5
1.996000E-2	0.000000E+0	4.093250E+5
1.998000E-2	0.000000E+0	4.107240E+5
