

live time:  250167.060000
real time:  349209.103000
sweeps:  12508353.000000
0.000000E+0	0.000000E+0	0.000000E+0
2.000000E-5	0.000000E+0	5.475530E+5
4.000000E-5	0.000000E+0	5.481110E+5
6.000000E-5	0.000000E+0	5.474670E+5
8.000000E-5	0.000000E+0	5.487950E+5
1.000000E-4	0.000000E+0	5.464810E+5
1.200000E-4	0.000000E+0	5.484420E+5
1.400000E-4	0.000000E+0	5.482600E+5
1.600000E-4	0.000000E+0	5.486360E+5
1.800000E-4	0.000000E+0	5.482770E+5
2.000000E-4	0.000000E+0	5.482150E+5
2.200000E-4	0.000000E+0	5.486340E+5
2.400000E-4	0.000000E+0	5.468220E+5
2.600000E-4	0.000000E+0	5.473620E+5
2.800000E-4	0.000000E+0	5.473550E+5
3.000000E-4	0.000000E+0	5.492210E+5
3.200000E-4	0.000000E+0	5.476170E+5
3.400000E-4	0.000000E+0	5.468400E+5
3.600000E-4	0.000000E+0	5.485590E+5
3.800000E-4	0.000000E+0	5.471020E+5
4.000000E-4	0.000000E+0	5.467690E+5
4.200000E-4	0.000000E+0	5.475430E+5
4.400000E-4	0.000000E+0	5.474040E+5
4.600000E-4	0.000000E+0	5.490350E+5
4.800000E-4	0.000000E+0	5.470600E+5
5.000000E-4	0.000000E+0	5.475440E+5
5.200000E-4	0.000000E+0	5.480390E+5
5.400000E-4	0.000000E+0	5.474290E+5
5.600000E-4	0.000000E+0	5.466020E+5
5.800000E-4	0.000000E+0	5.476950E+5
6.000000E-4	0.000000E+0	5.486830E+5
6.200000E-4	0.000000E+0	5.474280E+5
6.400000E-4	0.000000E+0	5.480900E+5
6.600000E-4	0.000000E+0	5.467920E+5
6.800000E-4	0.000000E+0	5.468670E+5
7.000000E-4	0.000000E+0	5.480780E+5
7.200000E-4	0.000000E+0	5.489290E+5
7.400000E-4	0.000000E+0	5.471820E+5
7.600000E-4	0.000000E+0	5.471090E+5
7.800000E-4	0.000000E+0	5.467390E+5
8.000000E-4	0.000000E+0	5.482050E+5
8.200000E-4	0.000000E+0	5.471490E+5
8.400000E-4	0.000000E+0	5.471510E+5
8.600000E-4	0.000000E+0	5.479420E+5
8.800000E-4	0.000000E+0	5.466940E+5
9.000000E-4	0.000000E+0	5.493590E+5
9.200000E-4	0.000000E+0	5.470320E+5
9.400000E-4	0.000000E+0	5.480560E+5
9.600000E-4	0.000000E+0	5.467710E+5
9.800000E-4	0.000000E+0	5.487350E+5
1.000000E-3	0.000000E+0	5.475610E+5
1.020000E-3	0.000000E+0	5.473200E+5
1.040000E-3	0.000000E+0	5.475090E+5
1.060000E-3	0.000000E+0	5.475160E+5
1.080000E-3	0.000000E+0	5.472690E+5
1.100000E-3	0.000000E+0	5.476430E+5
1.120000E-3	0.000000E+0	5.483290E+5
1.140000E-3	0.000000E+0	5.463270E+5
1.160000E-3	0.000000E+0	5.472210E+5
1.180000E-3	0.000000E+0	5.470380E+5
1.200000E-3	0.000000E+0	5.480340E+5
1.220000E-3	0.000000E+0	5.487330E+5
1.240000E-3	0.000000E+0	5.481000E+5
1.260000E-3	0.000000E+0	5.479990E+5
1.280000E-3	0.000000E+0	5.479710E+5
1.300000E-3	0.000000E+0	5.461570E+5
1.320000E-3	0.000000E+0	5.487020E+5
1.340000E-3	0.000000E+0	5.477180E+5
1.360000E-3	0.000000E+0	5.469510E+5
1.380000E-3	0.000000E+0	5.483650E+5
1.400000E-3	0.000000E+0	5.475480E+5
1.420000E-3	0.000000E+0	5.482080E+5
1.440000E-3	0.000000E+0	5.474690E+5
1.460000E-3	0.000000E+0	5.468550E+5
1.480000E-3	0.000000E+0	5.481540E+5
1.500000E-3	0.000000E+0	5.474300E+5
1.520000E-3	0.000000E+0	5.466800E+5
1.540000E-3	0.000000E+0	5.480650E+5
1.560000E-3	0.000000E+0	5.472270E+5
1.580000E-3	0.000000E+0	5.480130E+5
1.600000E-3	0.000000E+0	5.472400E+5
1.620000E-3	0.000000E+0	5.472570E+5
1.640000E-3	0.000000E+0	5.466320E+5
1.660000E-3	0.000000E+0	5.478220E+5
1.680000E-3	0.000000E+0	5.477900E+5
1.700000E-3	0.000000E+0	5.464610E+5
1.720000E-3	0.000000E+0	5.482850E+5
1.740000E-3	0.000000E+0	5.488310E+5
1.760000E-3	0.000000E+0	5.477020E+5
1.780000E-3	0.000000E+0	5.489820E+5
1.800000E-3	0.000000E+0	5.487380E+5
1.820000E-3	0.000000E+0	5.470040E+5
1.840000E-3	0.000000E+0	5.465200E+5
1.860000E-3	0.000000E+0	5.473970E+5
1.880000E-3	0.000000E+0	5.474600E+5
1.900000E-3	0.000000E+0	5.464430E+5
1.920000E-3	0.000000E+0	5.475600E+5
1.940000E-3	0.000000E+0	5.472730E+5
1.960000E-3	0.000000E+0	5.478240E+5
1.980000E-3	0.000000E+0	5.481470E+5
2.000000E-3	0.000000E+0	5.469170E+5
2.020000E-3	0.000000E+0	5.472140E+5
2.040000E-3	0.000000E+0	5.471880E+5
2.060000E-3	0.000000E+0	5.488020E+5
2.080000E-3	0.000000E+0	5.488830E+5
2.100000E-3	0.000000E+0	5.483760E+5
2.120000E-3	0.000000E+0	5.481960E+5
2.140000E-3	0.000000E+0	5.463790E+5
2.160000E-3	0.000000E+0	5.467810E+5
2.180000E-3	0.000000E+0	5.477300E+5
2.200000E-3	0.000000E+0	5.485800E+5
2.220000E-3	0.000000E+0	5.484450E+5
2.240000E-3	0.000000E+0	5.472950E+5
2.260000E-3	0.000000E+0	5.479950E+5
2.280000E-3	0.000000E+0	5.477050E+5
2.300000E-3	0.000000E+0	5.483510E+5
2.320000E-3	0.000000E+0	5.474630E+5
2.340000E-3	0.000000E+0	5.476090E+5
2.360000E-3	0.000000E+0	5.477030E+5
2.380000E-3	0.000000E+0	5.495570E+5
2.400000E-3	0.000000E+0	5.460460E+5
2.420000E-3	0.000000E+0	5.470770E+5
2.440000E-3	0.000000E+0	5.471590E+5
2.460000E-3	0.000000E+0	5.480590E+5
2.480000E-3	0.000000E+0	5.490990E+5
2.500000E-3	0.000000E+0	5.474640E+5
2.520000E-3	0.000000E+0	5.479620E+5
2.540000E-3	0.000000E+0	5.467650E+5
2.560000E-3	0.000000E+0	5.477210E+5
2.580000E-3	0.000000E+0	5.471660E+5
2.600000E-3	0.000000E+0	5.486130E+5
2.620000E-3	0.000000E+0	5.475700E+5
2.640000E-3	0.000000E+0	5.461290E+5
2.660000E-3	0.000000E+0	5.485280E+5
2.680000E-3	0.000000E+0	5.475020E+5
2.700000E-3	0.000000E+0	5.480940E+5
2.720000E-3	0.000000E+0	5.459520E+5
2.740000E-3	0.000000E+0	5.472660E+5
2.760000E-3	0.000000E+0	5.472740E+5
2.780000E-3	0.000000E+0	5.475810E+5
2.800000E-3	0.000000E+0	5.481340E+5
2.820000E-3	0.000000E+0	5.470730E+5
2.840000E-3	0.000000E+0	5.465560E+5
2.860000E-3	0.000000E+0	5.483850E+5
2.880000E-3	0.000000E+0	5.473140E+5
2.900000E-3	0.000000E+0	5.472550E+5
2.920000E-3	0.000000E+0	5.463840E+5
2.940000E-3	0.000000E+0	5.476260E+5
2.960000E-3	0.000000E+0	5.476930E+5
2.980000E-3	0.000000E+0	5.472620E+5
3.000000E-3	0.000000E+0	5.475530E+5
3.020000E-3	0.000000E+0	5.477960E+5
3.040000E-3	0.000000E+0	5.485940E+5
3.060000E-3	0.000000E+0	5.496970E+5
3.080000E-3	0.000000E+0	5.471150E+5
3.100000E-3	0.000000E+0	5.469050E+5
3.120000E-3	0.000000E+0	5.479160E+5
3.140000E-3	0.000000E+0	5.484670E+5
3.160000E-3	0.000000E+0	5.467570E+5
3.180000E-3	0.000000E+0	5.478010E+5
3.200000E-3	0.000000E+0	5.474760E+5
3.220000E-3	0.000000E+0	5.479760E+5
3.240000E-3	0.000000E+0	5.487950E+5
3.260000E-3	0.000000E+0	5.478940E+5
3.280000E-3	0.000000E+0	5.478620E+5
3.300000E-3	0.000000E+0	5.472130E+5
3.320000E-3	0.000000E+0	5.480250E+5
3.340000E-3	0.000000E+0	5.468760E+5
3.360000E-3	0.000000E+0	5.473350E+5
3.380000E-3	0.000000E+0	5.462980E+5
3.400000E-3	0.000000E+0	5.470920E+5
3.420000E-3	0.000000E+0	5.491050E+5
3.440000E-3	0.000000E+0	5.472980E+5
3.460000E-3	0.000000E+0	5.481120E+5
3.480000E-3	0.000000E+0	5.468390E+5
3.500000E-3	0.000000E+0	5.476920E+5
3.520000E-3	0.000000E+0	5.463260E+5
3.540000E-3	0.000000E+0	5.475090E+5
3.560000E-3	0.000000E+0	5.473980E+5
3.580000E-3	0.000000E+0	5.470890E+5
3.600000E-3	0.000000E+0	5.469400E+5
3.620000E-3	0.000000E+0	5.452340E+5
3.640000E-3	0.000000E+0	5.485260E+5
3.660000E-3	0.000000E+0	5.472520E+5
3.680000E-3	0.000000E+0	5.473560E+5
3.700000E-3	0.000000E+0	5.471000E+5
3.720000E-3	0.000000E+0	5.469110E+5
3.740000E-3	0.000000E+0	5.471880E+5
3.760000E-3	0.000000E+0	5.471820E+5
3.780000E-3	0.000000E+0	5.463470E+5
3.800000E-3	0.000000E+0	5.465000E+5
3.820000E-3	0.000000E+0	5.468030E+5
3.840000E-3	0.000000E+0	5.472950E+5
3.860000E-3	0.000000E+0	5.471900E+5
3.880000E-3	0.000000E+0	5.462750E+5
3.900000E-3	0.000000E+0	5.477770E+5
3.920000E-3	0.000000E+0	5.493950E+5
3.940000E-3	0.000000E+0	5.482490E+5
3.960000E-3	0.000000E+0	5.480720E+5
3.980000E-3	0.000000E+0	5.479320E+5
4.000000E-3	0.000000E+0	5.469830E+5
4.020000E-3	0.000000E+0	5.482710E+5
4.040000E-3	0.000000E+0	5.474310E+5
4.060000E-3	0.000000E+0	5.478390E+5
4.080000E-3	0.000000E+0	5.476150E+5
4.100000E-3	0.000000E+0	5.475580E+5
4.120000E-3	0.000000E+0	5.474530E+5
4.140000E-3	0.000000E+0	5.465160E+5
4.160000E-3	0.000000E+0	5.476890E+5
4.180000E-3	0.000000E+0	5.463030E+5
4.200000E-3	0.000000E+0	5.480110E+5
4.220000E-3	0.000000E+0	5.473110E+5
4.240000E-3	0.000000E+0	5.467880E+5
4.260000E-3	0.000000E+0	5.465750E+5
4.280000E-3	0.000000E+0	5.480680E+5
4.300000E-3	0.000000E+0	5.477200E+5
4.320000E-3	0.000000E+0	5.470310E+5
4.340000E-3	0.000000E+0	5.471320E+5
4.360000E-3	0.000000E+0	5.476720E+5
4.380000E-3	0.000000E+0	5.468520E+5
4.400000E-3	0.000000E+0	5.483320E+5
4.420000E-3	0.000000E+0	5.472780E+5
4.440000E-3	0.000000E+0	5.470700E+5
4.460000E-3	0.000000E+0	5.473920E+5
4.480000E-3	0.000000E+0	5.463600E+5
4.500000E-3	0.000000E+0	5.472590E+5
4.520000E-3	0.000000E+0	5.469590E+5
4.540000E-3	0.000000E+0	5.459640E+5
4.560000E-3	0.000000E+0	5.467850E+5
4.580000E-3	0.000000E+0	5.476270E+5
4.600000E-3	0.000000E+0	5.475610E+5
4.620000E-3	0.000000E+0	5.466130E+5
4.640000E-3	0.000000E+0	5.473840E+5
4.660000E-3	0.000000E+0	5.479470E+5
4.680000E-3	0.000000E+0	5.470300E+5
4.700000E-3	0.000000E+0	5.478090E+5
4.720000E-3	0.000000E+0	5.471930E+5
4.740000E-3	0.000000E+0	5.465710E+5
4.760000E-3	0.000000E+0	5.480040E+5
4.780000E-3	0.000000E+0	5.458040E+5
4.800000E-3	0.000000E+0	5.463110E+5
4.820000E-3	0.000000E+0	5.459020E+5
4.840000E-3	0.000000E+0	5.458190E+5
4.860000E-3	0.000000E+0	5.442830E+5
4.880000E-3	0.000000E+0	5.432500E+5
4.900000E-3	0.000000E+0	5.430480E+5
4.920000E-3	0.000000E+0	5.397310E+5
4.940000E-3	0.000000E+0	5.391410E+5
4.960000E-3	0.000000E+0	5.387560E+5
4.980000E-3	0.000000E+0	5.391180E+5
5.000000E-3	0.000000E+0	5.372790E+5
5.020000E-3	0.000000E+0	5.355010E+5
5.040000E-3	0.000000E+0	5.333280E+5
5.060000E-3	0.000000E+0	5.313740E+5
5.080000E-3	0.000000E+0	5.323150E+5
5.100000E-3	0.000000E+0	5.326400E+5
5.120000E-3	0.000000E+0	5.322270E+5
5.140000E-3	0.000000E+0	5.341750E+5
5.160000E-3	0.000000E+0	5.367220E+5
5.180000E-3	0.000000E+0	5.375570E+5
5.200000E-3	0.000000E+0	5.391480E+5
5.220000E-3	0.000000E+0	5.412790E+5
5.240000E-3	0.000000E+0	5.403000E+5
5.260000E-3	0.000000E+0	5.441790E+5
5.280000E-3	0.000000E+0	5.415790E+5
5.300000E-3	0.000000E+0	5.440500E+5
5.320000E-3	0.000000E+0	5.453100E+5
5.340000E-3	0.000000E+0	5.462160E+5
5.360000E-3	0.000000E+0	5.464920E+5
5.380000E-3	0.000000E+0	5.456540E+5
5.400000E-3	0.000000E+0	5.474340E+5
5.420000E-3	0.000000E+0	5.465910E+5
5.440000E-3	0.000000E+0	5.458860E+5
5.460000E-3	0.000000E+0	5.452320E+5
5.480000E-3	0.000000E+0	5.451980E+5
5.500000E-3	0.000000E+0	5.454040E+5
5.520000E-3	0.000000E+0	5.432000E+5
5.540000E-3	0.000000E+0	5.429590E+5
5.560000E-3	0.000000E+0	5.400040E+5
5.580000E-3	0.000000E+0	5.396530E+5
5.600000E-3	0.000000E+0	5.381110E+5
5.620000E-3	0.000000E+0	5.381470E+5
5.640000E-3	0.000000E+0	5.387620E+5
5.660000E-3	0.000000E+0	5.366050E+5
5.680000E-3	0.000000E+0	5.360160E+5
5.700000E-3	0.000000E+0	5.330280E+5
5.720000E-3	0.000000E+0	5.328520E+5
5.740000E-3	0.000000E+0	5.339080E+5
5.760000E-3	0.000000E+0	5.341610E+5
5.780000E-3	0.000000E+0	5.348980E+5
5.800000E-3	0.000000E+0	5.368540E+5
5.820000E-3	0.000000E+0	5.386380E+5
5.840000E-3	0.000000E+0	5.400700E+5
5.860000E-3	0.000000E+0	5.400680E+5
5.880000E-3	0.000000E+0	5.422870E+5
5.900000E-3	0.000000E+0	5.440420E+5
5.920000E-3	0.000000E+0	5.459850E+5
5.940000E-3	0.000000E+0	5.452060E+5
5.960000E-3	0.000000E+0	5.453780E+5
5.980000E-3	0.000000E+0	5.469050E+5
6.000000E-3	0.000000E+0	5.462820E+5
6.020000E-3	0.000000E+0	5.463470E+5
6.040000E-3	0.000000E+0	5.467640E+5
6.060000E-3	0.000000E+0	5.468770E+5
6.080000E-3	0.000000E+0	5.471790E+5
6.100000E-3	0.000000E+0	5.455290E+5
6.120000E-3	0.000000E+0	5.468410E+5
6.140000E-3	0.000000E+0	5.470410E+5
6.160000E-3	0.000000E+0	5.460830E+5
6.180000E-3	0.000000E+0	5.480130E+5
6.200000E-3	0.000000E+0	5.469020E+5
6.220000E-3	0.000000E+0	5.474530E+5
6.240000E-3	0.000000E+0	5.464900E+5
6.260000E-3	0.000000E+0	5.473420E+5
6.280000E-3	0.000000E+0	5.485060E+5
6.300000E-3	0.000000E+0	5.483130E+5
6.320000E-3	0.000000E+0	5.477180E+5
6.340000E-3	0.000000E+0	5.471270E+5
6.360000E-3	0.000000E+0	5.469750E+5
6.380000E-3	0.000000E+0	5.485700E+5
6.400000E-3	0.000000E+0	5.470800E+5
6.420000E-3	0.000000E+0	5.459200E+5
6.440000E-3	0.000000E+0	5.493070E+5
6.460000E-3	0.000000E+0	5.464040E+5
6.480000E-3	0.000000E+0	5.468440E+5
6.500000E-3	0.000000E+0	5.467540E+5
6.520000E-3	0.000000E+0	5.478030E+5
6.540000E-3	0.000000E+0	5.471050E+5
6.560000E-3	0.000000E+0	5.478310E+5
6.580000E-3	0.000000E+0	5.465060E+5
6.600000E-3	0.000000E+0	5.480400E+5
6.620000E-3	0.000000E+0	5.475140E+5
6.640000E-3	0.000000E+0	5.475790E+5
6.660000E-3	0.000000E+0	5.465620E+5
6.680000E-3	0.000000E+0	5.474340E+5
6.700000E-3	0.000000E+0	5.479150E+5
6.720000E-3	0.000000E+0	5.473840E+5
6.740000E-3	0.000000E+0	5.474210E+5
6.760000E-3	0.000000E+0	5.484380E+5
6.780000E-3	0.000000E+0	5.467990E+5
6.800000E-3	0.000000E+0	5.482090E+5
6.820000E-3	0.000000E+0	5.474210E+5
6.840000E-3	0.000000E+0	5.473690E+5
6.860000E-3	0.000000E+0	5.477870E+5
6.880000E-3	0.000000E+0	5.484580E+5
6.900000E-3	0.000000E+0	5.471940E+5
6.920000E-3	0.000000E+0	5.459830E+5
6.940000E-3	0.000000E+0	5.475790E+5
6.960000E-3	0.000000E+0	5.454870E+5
6.980000E-3	0.000000E+0	5.474380E+5
7.000000E-3	0.000000E+0	5.469720E+5
7.020000E-3	0.000000E+0	5.480590E+5
7.040000E-3	0.000000E+0	5.479200E+5
7.060000E-3	0.000000E+0	5.480380E+5
7.080000E-3	0.000000E+0	5.473490E+5
7.100000E-3	0.000000E+0	5.463700E+5
7.120000E-3	0.000000E+0	5.479310E+5
7.140000E-3	0.000000E+0	5.469410E+5
7.160000E-3	0.000000E+0	5.471770E+5
7.180000E-3	0.000000E+0	5.465460E+5
7.200000E-3	0.000000E+0	5.473080E+5
7.220000E-3	0.000000E+0	5.483780E+5
7.240000E-3	0.000000E+0	5.470870E+5
7.260000E-3	0.000000E+0	5.474630E+5
7.280000E-3	0.000000E+0	5.473110E+5
7.300000E-3	0.000000E+0	5.473820E+5
7.320000E-3	0.000000E+0	5.475610E+5
7.340000E-3	0.000000E+0	5.485540E+5
7.360000E-3	0.000000E+0	5.472210E+5
7.380000E-3	0.000000E+0	5.484500E+5
7.400000E-3	0.000000E+0	5.479350E+5
7.420000E-3	0.000000E+0	5.471380E+5
7.440000E-3	0.000000E+0	5.473390E+5
7.460000E-3	0.000000E+0	5.472760E+5
7.480000E-3	0.000000E+0	5.468950E+5
7.500000E-3	0.000000E+0	5.487300E+5
7.520000E-3	0.000000E+0	5.478290E+5
7.540000E-3	0.000000E+0	5.475920E+5
7.560000E-3	0.000000E+0	5.481160E+5
7.580000E-3	0.000000E+0	5.477620E+5
7.600000E-3	0.000000E+0	5.475520E+5
7.620000E-3	0.000000E+0	5.479550E+5
7.640000E-3	0.000000E+0	5.486220E+5
7.660000E-3	0.000000E+0	5.472450E+5
7.680000E-3	0.000000E+0	5.474040E+5
7.700000E-3	0.000000E+0	5.471480E+5
7.720000E-3	0.000000E+0	5.482500E+5
7.740000E-3	0.000000E+0	5.467270E+5
7.760000E-3	0.000000E+0	5.478630E+5
7.780000E-3	0.000000E+0	5.485810E+5
7.800000E-3	0.000000E+0	5.472960E+5
7.820000E-3	0.000000E+0	5.471660E+5
7.840000E-3	0.000000E+0	5.491440E+5
7.860000E-3	0.000000E+0	5.474660E+5
7.880000E-3	0.000000E+0	5.471800E+5
7.900000E-3	0.000000E+0	5.478550E+5
7.920000E-3	0.000000E+0	5.473750E+5
7.940000E-3	0.000000E+0	5.485400E+5
7.960000E-3	0.000000E+0	5.493620E+5
7.980000E-3	0.000000E+0	5.483760E+5
8.000000E-3	0.000000E+0	5.480030E+5
8.020000E-3	0.000000E+0	5.479340E+5
8.040000E-3	0.000000E+0	5.462970E+5
8.060000E-3	0.000000E+0	5.469180E+5
8.080000E-3	0.000000E+0	5.482280E+5
8.100000E-3	0.000000E+0	5.489530E+5
8.120000E-3	0.000000E+0	5.481730E+5
8.140000E-3	0.000000E+0	5.470070E+5
8.160000E-3	0.000000E+0	5.473370E+5
8.180000E-3	0.000000E+0	5.470270E+5
8.200000E-3	0.000000E+0	5.475340E+5
8.220000E-3	0.000000E+0	5.476600E+5
8.240000E-3	0.000000E+0	5.481190E+5
8.260000E-3	0.000000E+0	5.493190E+5
8.280000E-3	0.000000E+0	5.465630E+5
8.300000E-3	0.000000E+0	5.477480E+5
8.320000E-3	0.000000E+0	5.464660E+5
8.340000E-3	0.000000E+0	5.465190E+5
8.360000E-3	0.000000E+0	5.472810E+5
8.380000E-3	0.000000E+0	5.464000E+5
8.400000E-3	0.000000E+0	5.466560E+5
8.420000E-3	0.000000E+0	5.472410E+5
8.440000E-3	0.000000E+0	5.478990E+5
8.460000E-3	0.000000E+0	5.483990E+5
8.480000E-3	0.000000E+0	5.485120E+5
8.500000E-3	0.000000E+0	5.466070E+5
8.520000E-3	0.000000E+0	5.477670E+5
8.540000E-3	0.000000E+0	5.481780E+5
8.560000E-3	0.000000E+0	5.479380E+5
8.580000E-3	0.000000E+0	5.490500E+5
8.600000E-3	0.000000E+0	5.480800E+5
8.620000E-3	0.000000E+0	5.493390E+5
8.640000E-3	0.000000E+0	5.476850E+5
8.660000E-3	0.000000E+0	5.470390E+5
8.680000E-3	0.000000E+0	5.481590E+5
8.700000E-3	0.000000E+0	5.459750E+5
8.720000E-3	0.000000E+0	5.485600E+5
8.740000E-3	0.000000E+0	5.462580E+5
8.760000E-3	0.000000E+0	5.475110E+5
8.780000E-3	0.000000E+0	5.479680E+5
8.800000E-3	0.000000E+0	5.483910E+5
8.820000E-3	0.000000E+0	5.479250E+5
8.840000E-3	0.000000E+0	5.470160E+5
8.860000E-3	0.000000E+0	5.494260E+5
8.880000E-3	0.000000E+0	5.471050E+5
8.900000E-3	0.000000E+0	5.477730E+5
8.920000E-3	0.000000E+0	5.471050E+5
8.940000E-3	0.000000E+0	5.460660E+5
8.960000E-3	0.000000E+0	5.484540E+5
8.980000E-3	0.000000E+0	5.468940E+5
9.000000E-3	0.000000E+0	5.478540E+5
9.020000E-3	0.000000E+0	5.459500E+5
9.040000E-3	0.000000E+0	5.477200E+5
9.060000E-3	0.000000E+0	5.502470E+5
9.080000E-3	0.000000E+0	5.471580E+5
9.100000E-3	0.000000E+0	5.490390E+5
9.120000E-3	0.000000E+0	5.464330E+5
9.140000E-3	0.000000E+0	5.484460E+5
9.160000E-3	0.000000E+0	5.476920E+5
9.180000E-3	0.000000E+0	5.467140E+5
9.200000E-3	0.000000E+0	5.475780E+5
9.220000E-3	0.000000E+0	5.477460E+5
9.240000E-3	0.000000E+0	5.480010E+5
9.260000E-3	0.000000E+0	5.487950E+5
9.280000E-3	0.000000E+0	5.484900E+5
9.300000E-3	0.000000E+0	5.483910E+5
9.320000E-3	0.000000E+0	5.472360E+5
9.340000E-3	0.000000E+0	5.475550E+5
9.360000E-3	0.000000E+0	5.481070E+5
9.380000E-3	0.000000E+0	5.488000E+5
9.400000E-3	0.000000E+0	5.481000E+5
9.420000E-3	0.000000E+0	5.490070E+5
9.440000E-3	0.000000E+0	5.469640E+5
9.460000E-3	0.000000E+0	5.487110E+5
9.480000E-3	0.000000E+0	5.477540E+5
9.500000E-3	0.000000E+0	5.467110E+5
9.520000E-3	0.000000E+0	5.484420E+5
9.540000E-3	0.000000E+0	5.462320E+5
9.560000E-3	0.000000E+0	5.475730E+5
9.580000E-3	0.000000E+0	5.476420E+5
9.600000E-3	0.000000E+0	5.480790E+5
9.620000E-3	0.000000E+0	5.479430E+5
9.640000E-3	0.000000E+0	5.470860E+5
9.660000E-3	0.000000E+0	5.489270E+5
9.680000E-3	0.000000E+0	5.468360E+5
9.700000E-3	0.000000E+0	5.470120E+5
9.720000E-3	0.000000E+0	5.475450E+5
9.740000E-3	0.000000E+0	5.476380E+5
9.760000E-3	0.000000E+0	5.476990E+5
9.780000E-3	0.000000E+0	5.482620E+5
9.800000E-3	0.000000E+0	5.476820E+5
9.820000E-3	0.000000E+0	5.481740E+5
9.840000E-3	0.000000E+0	5.475560E+5
9.860000E-3	0.000000E+0	5.468540E+5
9.880000E-3	0.000000E+0	5.488530E+5
9.900000E-3	0.000000E+0	5.495540E+5
9.920000E-3	0.000000E+0	5.476190E+5
9.940000E-3	0.000000E+0	5.466760E+5
9.960000E-3	0.000000E+0	5.470960E+5
9.980000E-3	0.000000E+0	5.484600E+5
1.000000E-2	0.000000E+0	5.478580E+5
1.002000E-2	0.000000E+0	5.475470E+5
1.004000E-2	0.000000E+0	5.483400E+5
1.006000E-2	0.000000E+0	5.470330E+5
1.008000E-2	0.000000E+0	5.475170E+5
1.010000E-2	0.000000E+0	5.473100E+5
1.012000E-2	0.000000E+0	5.487270E+5
1.014000E-2	0.000000E+0	5.496130E+5
1.016000E-2	0.000000E+0	5.487810E+5
1.018000E-2	0.000000E+0	5.480990E+5
1.020000E-2	0.000000E+0	5.484970E+5
1.022000E-2	0.000000E+0	5.478080E+5
1.024000E-2	0.000000E+0	5.470520E+5
1.026000E-2	0.000000E+0	5.490560E+5
1.028000E-2	0.000000E+0	5.479340E+5
1.030000E-2	0.000000E+0	5.484670E+5
1.032000E-2	0.000000E+0	5.471820E+5
1.034000E-2	0.000000E+0	5.487830E+5
1.036000E-2	0.000000E+0	5.475700E+5
1.038000E-2	0.000000E+0	5.485000E+5
1.040000E-2	0.000000E+0	5.473770E+5
1.042000E-2	0.000000E+0	5.482540E+5
1.044000E-2	0.000000E+0	5.479520E+5
1.046000E-2	0.000000E+0	5.485600E+5
1.048000E-2	0.000000E+0	5.491950E+5
1.050000E-2	0.000000E+0	5.474040E+5
1.052000E-2	0.000000E+0	5.485110E+5
1.054000E-2	0.000000E+0	5.490940E+5
1.056000E-2	0.000000E+0	5.477850E+5
1.058000E-2	0.000000E+0	5.491800E+5
1.060000E-2	0.000000E+0	5.473210E+5
1.062000E-2	0.000000E+0	5.473990E+5
1.064000E-2	0.000000E+0	5.482410E+5
1.066000E-2	0.000000E+0	5.474940E+5
1.068000E-2	0.000000E+0	5.480520E+5
1.070000E-2	0.000000E+0	5.467190E+5
1.072000E-2	0.000000E+0	5.476710E+5
1.074000E-2	0.000000E+0	5.483080E+5
1.076000E-2	0.000000E+0	5.481240E+5
1.078000E-2	0.000000E+0	5.488210E+5
1.080000E-2	0.000000E+0	5.489180E+5
1.082000E-2	0.000000E+0	5.493710E+5
1.084000E-2	0.000000E+0	5.481400E+5
1.086000E-2	0.000000E+0	5.483390E+5
1.088000E-2	0.000000E+0	5.478570E+5
1.090000E-2	0.000000E+0	5.480590E+5
1.092000E-2	0.000000E+0	5.481510E+5
1.094000E-2	0.000000E+0	5.471850E+5
1.096000E-2	0.000000E+0	5.478080E+5
1.098000E-2	0.000000E+0	5.485330E+5
1.100000E-2	0.000000E+0	5.487290E+5
1.102000E-2	0.000000E+0	5.471860E+5
1.104000E-2	0.000000E+0	5.485280E+5
1.106000E-2	0.000000E+0	5.477300E+5
1.108000E-2	0.000000E+0	5.485720E+5
1.110000E-2	0.000000E+0	5.479450E+5
1.112000E-2	0.000000E+0	5.473200E+5
1.114000E-2	0.000000E+0	5.485980E+5
1.116000E-2	0.000000E+0	5.462930E+5
1.118000E-2	0.000000E+0	5.478850E+5
1.120000E-2	0.000000E+0	5.472520E+5
1.122000E-2	0.000000E+0	5.495400E+5
1.124000E-2	0.000000E+0	5.492790E+5
1.126000E-2	0.000000E+0	5.468490E+5
1.128000E-2	0.000000E+0	5.466240E+5
1.130000E-2	0.000000E+0	5.481710E+5
1.132000E-2	0.000000E+0	5.493890E+5
1.134000E-2	0.000000E+0	5.467770E+5
1.136000E-2	0.000000E+0	5.492180E+5
1.138000E-2	0.000000E+0	5.477380E+5
1.140000E-2	0.000000E+0	5.493230E+5
1.142000E-2	0.000000E+0	5.470840E+5
1.144000E-2	0.000000E+0	5.489980E+5
1.146000E-2	0.000000E+0	5.474930E+5
1.148000E-2	0.000000E+0	5.479010E+5
1.150000E-2	0.000000E+0	5.476710E+5
1.152000E-2	0.000000E+0	5.475930E+5
1.154000E-2	0.000000E+0	5.474250E+5
1.156000E-2	0.000000E+0	5.484310E+5
1.158000E-2	0.000000E+0	5.473180E+5
1.160000E-2	0.000000E+0	5.484180E+5
1.162000E-2	0.000000E+0	5.483820E+5
1.164000E-2	0.000000E+0	5.488880E+5
1.166000E-2	0.000000E+0	5.497630E+5
1.168000E-2	0.000000E+0	5.485450E+5
1.170000E-2	0.000000E+0	5.490090E+5
1.172000E-2	0.000000E+0	5.487770E+5
1.174000E-2	0.000000E+0	5.478010E+5
1.176000E-2	0.000000E+0	5.481810E+5
1.178000E-2	0.000000E+0	5.466820E+5
1.180000E-2	0.000000E+0	5.478760E+5
1.182000E-2	0.000000E+0	5.487060E+5
1.184000E-2	0.000000E+0	5.490410E+5
1.186000E-2	0.000000E+0	5.471620E+5
1.188000E-2	0.000000E+0	5.468160E+5
1.190000E-2	0.000000E+0	5.470900E+5
1.192000E-2	0.000000E+0	5.469310E+5
1.194000E-2	0.000000E+0	5.495430E+5
1.196000E-2	0.000000E+0	5.480090E+5
1.198000E-2	0.000000E+0	5.481950E+5
1.200000E-2	0.000000E+0	5.479340E+5
1.202000E-2	0.000000E+0	5.477460E+5
1.204000E-2	0.000000E+0	5.474650E+5
1.206000E-2	0.000000E+0	5.482340E+5
1.208000E-2	0.000000E+0	5.489240E+5
1.210000E-2	0.000000E+0	5.481560E+5
1.212000E-2	0.000000E+0	5.476150E+5
1.214000E-2	0.000000E+0	5.467370E+5
1.216000E-2	0.000000E+0	5.475230E+5
1.218000E-2	0.000000E+0	5.475830E+5
1.220000E-2	0.000000E+0	5.472920E+5
1.222000E-2	0.000000E+0	5.483340E+5
1.224000E-2	0.000000E+0	5.482250E+5
1.226000E-2	0.000000E+0	5.477940E+5
1.228000E-2	0.000000E+0	5.479910E+5
1.230000E-2	0.000000E+0	5.479270E+5
1.232000E-2	0.000000E+0	5.485600E+5
1.234000E-2	0.000000E+0	5.488240E+5
1.236000E-2	0.000000E+0	5.478100E+5
1.238000E-2	0.000000E+0	5.491840E+5
1.240000E-2	0.000000E+0	5.487270E+5
1.242000E-2	0.000000E+0	5.486780E+5
1.244000E-2	0.000000E+0	5.487940E+5
1.246000E-2	0.000000E+0	5.483510E+5
1.248000E-2	0.000000E+0	5.477380E+5
1.250000E-2	0.000000E+0	5.477010E+5
1.252000E-2	0.000000E+0	5.497460E+5
1.254000E-2	0.000000E+0	5.484760E+5
1.256000E-2	0.000000E+0	5.473280E+5
1.258000E-2	0.000000E+0	5.490130E+5
1.260000E-2	0.000000E+0	5.490510E+5
1.262000E-2	0.000000E+0	5.471700E+5
1.264000E-2	0.000000E+0	5.471620E+5
1.266000E-2	0.000000E+0	5.498420E+5
1.268000E-2	0.000000E+0	5.482980E+5
1.270000E-2	0.000000E+0	5.476320E+5
1.272000E-2	0.000000E+0	5.487300E+5
1.274000E-2	0.000000E+0	5.476690E+5
1.276000E-2	0.000000E+0	5.481620E+5
1.278000E-2	0.000000E+0	5.477920E+5
1.280000E-2	0.000000E+0	5.474360E+5
1.282000E-2	0.000000E+0	5.475050E+5
1.284000E-2	0.000000E+0	5.479980E+5
1.286000E-2	0.000000E+0	5.486300E+5
1.288000E-2	0.000000E+0	5.485630E+5
1.290000E-2	0.000000E+0	5.479430E+5
1.292000E-2	0.000000E+0	5.483030E+5
1.294000E-2	0.000000E+0	5.471540E+5
1.296000E-2	0.000000E+0	5.483680E+5
1.298000E-2	0.000000E+0	5.483570E+5
1.300000E-2	0.000000E+0	5.483330E+5
1.302000E-2	0.000000E+0	5.488480E+5
1.304000E-2	0.000000E+0	5.485690E+5
1.306000E-2	0.000000E+0	5.473990E+5
1.308000E-2	0.000000E+0	5.494940E+5
1.310000E-2	0.000000E+0	5.487480E+5
1.312000E-2	0.000000E+0	5.482680E+5
1.314000E-2	0.000000E+0	5.491480E+5
1.316000E-2	0.000000E+0	5.480810E+5
1.318000E-2	0.000000E+0	5.479380E+5
1.320000E-2	0.000000E+0	5.486690E+5
1.322000E-2	0.000000E+0	5.484990E+5
1.324000E-2	0.000000E+0	5.471660E+5
1.326000E-2	0.000000E+0	5.490860E+5
1.328000E-2	0.000000E+0	5.489760E+5
1.330000E-2	0.000000E+0	5.463640E+5
1.332000E-2	0.000000E+0	5.476380E+5
1.334000E-2	0.000000E+0	5.475240E+5
1.336000E-2	0.000000E+0	5.483090E+5
1.338000E-2	0.000000E+0	5.486560E+5
1.340000E-2	0.000000E+0	5.478000E+5
1.342000E-2	0.000000E+0	5.467500E+5
1.344000E-2	0.000000E+0	5.478380E+5
1.346000E-2	0.000000E+0	5.471180E+5
1.348000E-2	0.000000E+0	5.486740E+5
1.350000E-2	0.000000E+0	5.484650E+5
1.352000E-2	0.000000E+0	5.487460E+5
1.354000E-2	0.000000E+0	5.480740E+5
1.356000E-2	0.000000E+0	5.490280E+5
1.358000E-2	0.000000E+0	5.477510E+5
1.360000E-2	0.000000E+0	5.478800E+5
1.362000E-2	0.000000E+0	5.485060E+5
1.364000E-2	0.000000E+0	5.464000E+5
1.366000E-2	0.000000E+0	5.477470E+5
1.368000E-2	0.000000E+0	5.487560E+5
1.370000E-2	0.000000E+0	5.490060E+5
1.372000E-2	0.000000E+0	5.474570E+5
1.374000E-2	0.000000E+0	5.485410E+5
1.376000E-2	0.000000E+0	5.476140E+5
1.378000E-2	0.000000E+0	5.474850E+5
1.380000E-2	0.000000E+0	5.485470E+5
1.382000E-2	0.000000E+0	5.468290E+5
1.384000E-2	0.000000E+0	5.477560E+5
1.386000E-2	0.000000E+0	5.483320E+5
1.388000E-2	0.000000E+0	5.477440E+5
1.390000E-2	0.000000E+0	5.488420E+5
1.392000E-2	0.000000E+0	5.491730E+5
1.394000E-2	0.000000E+0	5.486100E+5
1.396000E-2	0.000000E+0	5.479850E+5
1.398000E-2	0.000000E+0	5.491190E+5
1.400000E-2	0.000000E+0	5.491390E+5
1.402000E-2	0.000000E+0	5.473620E+5
1.404000E-2	0.000000E+0	5.494040E+5
1.406000E-2	0.000000E+0	5.476220E+5
1.408000E-2	0.000000E+0	5.478270E+5
1.410000E-2	0.000000E+0	5.485440E+5
1.412000E-2	0.000000E+0	5.476250E+5
1.414000E-2	0.000000E+0	5.471010E+5
1.416000E-2	0.000000E+0	5.472660E+5
1.418000E-2	0.000000E+0	5.472750E+5
1.420000E-2	0.000000E+0	5.486860E+5
1.422000E-2	0.000000E+0	5.483340E+5
1.424000E-2	0.000000E+0	5.466170E+5
1.426000E-2	0.000000E+0	5.469960E+5
1.428000E-2	0.000000E+0	5.477150E+5
1.430000E-2	0.000000E+0	5.480780E+5
1.432000E-2	0.000000E+0	5.476420E+5
1.434000E-2	0.000000E+0	5.478880E+5
1.436000E-2	0.000000E+0	5.485260E+5
1.438000E-2	0.000000E+0	5.482500E+5
1.440000E-2	0.000000E+0	5.496370E+5
1.442000E-2	0.000000E+0	5.480910E+5
1.444000E-2	0.000000E+0	5.467050E+5
1.446000E-2	0.000000E+0	5.485610E+5
1.448000E-2	0.000000E+0	5.487680E+5
1.450000E-2	0.000000E+0	5.478920E+5
1.452000E-2	0.000000E+0	5.483150E+5
1.454000E-2	0.000000E+0	5.479630E+5
1.456000E-2	0.000000E+0	5.486810E+5
1.458000E-2	0.000000E+0	5.469550E+5
1.460000E-2	0.000000E+0	5.482670E+5
1.462000E-2	0.000000E+0	5.461090E+5
1.464000E-2	0.000000E+0	5.484380E+5
1.466000E-2	0.000000E+0	5.475060E+5
1.468000E-2	0.000000E+0	5.496150E+5
1.470000E-2	0.000000E+0	5.475990E+5
1.472000E-2	0.000000E+0	5.471380E+5
1.474000E-2	0.000000E+0	5.481850E+5
1.476000E-2	0.000000E+0	5.490000E+5
1.478000E-2	0.000000E+0	5.489330E+5
1.480000E-2	0.000000E+0	5.468200E+5
1.482000E-2	0.000000E+0	5.468810E+5
1.484000E-2	0.000000E+0	5.490250E+5
1.486000E-2	0.000000E+0	5.469950E+5
1.488000E-2	0.000000E+0	5.466150E+5
1.490000E-2	0.000000E+0	5.458690E+5
1.492000E-2	0.000000E+0	5.450270E+5
1.494000E-2	0.000000E+0	5.422480E+5
1.496000E-2	0.000000E+0	5.407870E+5
1.498000E-2	0.000000E+0	5.406690E+5
1.500000E-2	0.000000E+0	5.397860E+5
1.502000E-2	0.000000E+0	5.395460E+5
1.504000E-2	0.000000E+0	5.379880E+5
1.506000E-2	0.000000E+0	5.371400E+5
1.508000E-2	0.000000E+0	5.352300E+5
1.510000E-2	0.000000E+0	5.337040E+5
1.512000E-2	0.000000E+0	5.329200E+5
1.514000E-2	0.000000E+0	5.341630E+5
1.516000E-2	0.000000E+0	5.345640E+5
1.518000E-2	0.000000E+0	5.356980E+5
1.520000E-2	0.000000E+0	5.385680E+5
1.522000E-2	0.000000E+0	5.394450E+5
1.524000E-2	0.000000E+0	5.430120E+5
1.526000E-2	0.000000E+0	5.426680E+5
1.528000E-2	0.000000E+0	5.442570E+5
1.530000E-2	0.000000E+0	5.439690E+5
1.532000E-2	0.000000E+0	5.459620E+5
1.534000E-2	0.000000E+0	5.458200E+5
1.536000E-2	0.000000E+0	5.461320E+5
1.538000E-2	0.000000E+0	5.477020E+5
1.540000E-2	0.000000E+0	5.470420E+5
1.542000E-2	0.000000E+0	5.472340E+5
1.544000E-2	0.000000E+0	5.465560E+5
1.546000E-2	0.000000E+0	5.464850E+5
1.548000E-2	0.000000E+0	5.464970E+5
1.550000E-2	0.000000E+0	5.458440E+5
1.552000E-2	0.000000E+0	5.472100E+5
1.554000E-2	0.000000E+0	5.456560E+5
1.556000E-2	0.000000E+0	5.435260E+5
1.558000E-2	0.000000E+0	5.417400E+5
1.560000E-2	0.000000E+0	5.412190E+5
1.562000E-2	0.000000E+0	5.402510E+5
1.564000E-2	0.000000E+0	5.388810E+5
1.566000E-2	0.000000E+0	5.396620E+5
1.568000E-2	0.000000E+0	5.382630E+5
1.570000E-2	0.000000E+0	5.371990E+5
1.572000E-2	0.000000E+0	5.346830E+5
1.574000E-2	0.000000E+0	5.329960E+5
1.576000E-2	0.000000E+0	5.342450E+5
1.578000E-2	0.000000E+0	5.318520E+5
1.580000E-2	0.000000E+0	5.340320E+5
1.582000E-2	0.000000E+0	5.358700E+5
1.584000E-2	0.000000E+0	5.368610E+5
1.586000E-2	0.000000E+0	5.390770E+5
1.588000E-2	0.000000E+0	5.411230E+5
1.590000E-2	0.000000E+0	5.421560E+5
1.592000E-2	0.000000E+0	5.436810E+5
1.594000E-2	0.000000E+0	5.431060E+5
1.596000E-2	0.000000E+0	5.453270E+5
1.598000E-2	0.000000E+0	5.471310E+5
1.600000E-2	0.000000E+0	5.474860E+5
1.602000E-2	0.000000E+0	5.469100E+5
1.604000E-2	0.000000E+0	5.467280E+5
1.606000E-2	0.000000E+0	5.472630E+5
1.608000E-2	0.000000E+0	5.475740E+5
1.610000E-2	0.000000E+0	5.483960E+5
1.612000E-2	0.000000E+0	5.481670E+5
1.614000E-2	0.000000E+0	5.475480E+5
1.616000E-2	0.000000E+0	5.496730E+5
1.618000E-2	0.000000E+0	5.477880E+5
1.620000E-2	0.000000E+0	5.479840E+5
1.622000E-2	0.000000E+0	5.482940E+5
1.624000E-2	0.000000E+0	5.477210E+5
1.626000E-2	0.000000E+0	5.479810E+5
1.628000E-2	0.000000E+0	5.491230E+5
1.630000E-2	0.000000E+0	5.477850E+5
1.632000E-2	0.000000E+0	5.483600E+5
1.634000E-2	0.000000E+0	5.483110E+5
1.636000E-2	0.000000E+0	5.487430E+5
1.638000E-2	0.000000E+0	5.478520E+5
1.640000E-2	0.000000E+0	5.488010E+5
1.642000E-2	0.000000E+0	5.481010E+5
1.644000E-2	0.000000E+0	5.476000E+5
1.646000E-2	0.000000E+0	5.480330E+5
1.648000E-2	0.000000E+0	5.474670E+5
1.650000E-2	0.000000E+0	5.474690E+5
1.652000E-2	0.000000E+0	5.488610E+5
1.654000E-2	0.000000E+0	5.475630E+5
1.656000E-2	0.000000E+0	5.473980E+5
1.658000E-2	0.000000E+0	5.477440E+5
1.660000E-2	0.000000E+0	5.477570E+5
1.662000E-2	0.000000E+0	5.480360E+5
1.664000E-2	0.000000E+0	5.479440E+5
1.666000E-2	0.000000E+0	5.477510E+5
1.668000E-2	0.000000E+0	5.474090E+5
1.670000E-2	0.000000E+0	5.477780E+5
1.672000E-2	0.000000E+0	5.488150E+5
1.674000E-2	0.000000E+0	5.478180E+5
1.676000E-2	0.000000E+0	5.467690E+5
1.678000E-2	0.000000E+0	5.468820E+5
1.680000E-2	0.000000E+0	5.481730E+5
1.682000E-2	0.000000E+0	5.483770E+5
1.684000E-2	0.000000E+0	5.486370E+5
1.686000E-2	0.000000E+0	5.499960E+5
1.688000E-2	0.000000E+0	5.480650E+5
1.690000E-2	0.000000E+0	5.481340E+5
1.692000E-2	0.000000E+0	5.484280E+5
1.694000E-2	0.000000E+0	5.479030E+5
1.696000E-2	0.000000E+0	5.472810E+5
1.698000E-2	0.000000E+0	5.477050E+5
1.700000E-2	0.000000E+0	5.488390E+5
1.702000E-2	0.000000E+0	5.482390E+5
1.704000E-2	0.000000E+0	5.488750E+5
1.706000E-2	0.000000E+0	5.485680E+5
1.708000E-2	0.000000E+0	5.479050E+5
1.710000E-2	0.000000E+0	5.491070E+5
1.712000E-2	0.000000E+0	5.480090E+5
1.714000E-2	0.000000E+0	5.471090E+5
1.716000E-2	0.000000E+0	5.488630E+5
1.718000E-2	0.000000E+0	5.480270E+5
1.720000E-2	0.000000E+0	5.486630E+5
1.722000E-2	0.000000E+0	5.490280E+5
1.724000E-2	0.000000E+0	5.480430E+5
1.726000E-2	0.000000E+0	5.475240E+5
1.728000E-2	0.000000E+0	5.473600E+5
1.730000E-2	0.000000E+0	5.479100E+5
1.732000E-2	0.000000E+0	5.476880E+5
1.734000E-2	0.000000E+0	5.483930E+5
1.736000E-2	0.000000E+0	5.493120E+5
1.738000E-2	0.000000E+0	5.489330E+5
1.740000E-2	0.000000E+0	5.491020E+5
1.742000E-2	0.000000E+0	5.473460E+5
1.744000E-2	0.000000E+0	5.478540E+5
1.746000E-2	0.000000E+0	5.477700E+5
1.748000E-2	0.000000E+0	5.479600E+5
1.750000E-2	0.000000E+0	5.484140E+5
1.752000E-2	0.000000E+0	5.487740E+5
1.754000E-2	0.000000E+0	5.478320E+5
1.756000E-2	0.000000E+0	5.471380E+5
1.758000E-2	0.000000E+0	5.480140E+5
1.760000E-2	0.000000E+0	5.483220E+5
1.762000E-2	0.000000E+0	5.486370E+5
1.764000E-2	0.000000E+0	5.488190E+5
1.766000E-2	0.000000E+0	5.476750E+5
1.768000E-2	0.000000E+0	5.484640E+5
1.770000E-2	0.000000E+0	5.480010E+5
1.772000E-2	0.000000E+0	5.493990E+5
1.774000E-2	0.000000E+0	5.479850E+5
1.776000E-2	0.000000E+0	5.477080E+5
1.778000E-2	0.000000E+0	5.489480E+5
1.780000E-2	0.000000E+0	5.466100E+5
1.782000E-2	0.000000E+0	5.480690E+5
1.784000E-2	0.000000E+0	5.478510E+5
1.786000E-2	0.000000E+0	5.477400E+5
1.788000E-2	0.000000E+0	5.484340E+5
1.790000E-2	0.000000E+0	5.485480E+5
1.792000E-2	0.000000E+0	5.472380E+5
1.794000E-2	0.000000E+0	5.478970E+5
1.796000E-2	0.000000E+0	5.483640E+5
1.798000E-2	0.000000E+0	5.485550E+5
1.800000E-2	0.000000E+0	5.464820E+5
1.802000E-2	0.000000E+0	5.476790E+5
1.804000E-2	0.000000E+0	5.468180E+5
1.806000E-2	0.000000E+0	5.476080E+5
1.808000E-2	0.000000E+0	5.477210E+5
1.810000E-2	0.000000E+0	5.486110E+5
1.812000E-2	0.000000E+0	5.492550E+5
1.814000E-2	0.000000E+0	5.496080E+5
1.816000E-2	0.000000E+0	5.488150E+5
1.818000E-2	0.000000E+0	5.469180E+5
1.820000E-2	0.000000E+0	5.490700E+5
1.822000E-2	0.000000E+0	5.478250E+5
1.824000E-2	0.000000E+0	5.482060E+5
1.826000E-2	0.000000E+0	5.487300E+5
1.828000E-2	0.000000E+0	5.474610E+5
1.830000E-2	0.000000E+0	5.469920E+5
1.832000E-2	0.000000E+0	5.487380E+5
1.834000E-2	0.000000E+0	5.473350E+5
1.836000E-2	0.000000E+0	5.493100E+5
1.838000E-2	0.000000E+0	5.473240E+5
1.840000E-2	0.000000E+0	5.477620E+5
1.842000E-2	0.000000E+0	5.473590E+5
1.844000E-2	0.000000E+0	5.473220E+5
1.846000E-2	0.000000E+0	5.465140E+5
1.848000E-2	0.000000E+0	5.489830E+5
1.850000E-2	0.000000E+0	5.483910E+5
1.852000E-2	0.000000E+0	5.482160E+5
1.854000E-2	0.000000E+0	5.496670E+5
1.856000E-2	0.000000E+0	5.465010E+5
1.858000E-2	0.000000E+0	5.471040E+5
1.860000E-2	0.000000E+0	5.482480E+5
1.862000E-2	0.000000E+0	5.473680E+5
1.864000E-2	0.000000E+0	5.469000E+5
1.866000E-2	0.000000E+0	5.485140E+5
1.868000E-2	0.000000E+0	5.480080E+5
1.870000E-2	0.000000E+0	5.482120E+5
1.872000E-2	0.000000E+0	5.484300E+5
1.874000E-2	0.000000E+0	5.459960E+5
1.876000E-2	0.000000E+0	5.479010E+5
1.878000E-2	0.000000E+0	5.477310E+5
1.880000E-2	0.000000E+0	5.478300E+5
1.882000E-2	0.000000E+0	5.479330E+5
1.884000E-2	0.000000E+0	5.486250E+5
1.886000E-2	0.000000E+0	5.477270E+5
1.888000E-2	0.000000E+0	5.472390E+5
1.890000E-2	0.000000E+0	5.476010E+5
1.892000E-2	0.000000E+0	5.492280E+5
1.894000E-2	0.000000E+0	5.480310E+5
1.896000E-2	0.000000E+0	5.484450E+5
1.898000E-2	0.000000E+0	5.488500E+5
1.900000E-2	0.000000E+0	5.473720E+5
1.902000E-2	0.000000E+0	5.470480E+5
1.904000E-2	0.000000E+0	5.481020E+5
1.906000E-2	0.000000E+0	5.489260E+5
1.908000E-2	0.000000E+0	5.483220E+5
1.910000E-2	0.000000E+0	5.465830E+5
1.912000E-2	0.000000E+0	5.468390E+5
1.914000E-2	0.000000E+0	5.480380E+5
1.916000E-2	0.000000E+0	5.476370E+5
1.918000E-2	0.000000E+0	5.473070E+5
1.920000E-2	0.000000E+0	5.487850E+5
1.922000E-2	0.000000E+0	5.480880E+5
1.924000E-2	0.000000E+0	5.483330E+5
1.926000E-2	0.000000E+0	5.486410E+5
1.928000E-2	0.000000E+0	5.487560E+5
1.930000E-2	0.000000E+0	5.479130E+5
1.932000E-2	0.000000E+0	5.477280E+5
1.934000E-2	0.000000E+0	5.478860E+5
1.936000E-2	0.000000E+0	5.476740E+5
1.938000E-2	0.000000E+0	5.486560E+5
1.940000E-2	0.000000E+0	5.462560E+5
1.942000E-2	0.000000E+0	5.491810E+5
1.944000E-2	0.000000E+0	5.487310E+5
1.946000E-2	0.000000E+0	5.467290E+5
1.948000E-2	0.000000E+0	5.483360E+5
1.950000E-2	0.000000E+0	5.481720E+5
1.952000E-2	0.000000E+0	5.489760E+5
1.954000E-2	0.000000E+0	5.478840E+5
1.956000E-2	0.000000E+0	5.491990E+5
1.958000E-2	0.000000E+0	5.475130E+5
1.960000E-2	0.000000E+0	5.484800E+5
1.962000E-2	0.000000E+0	5.473660E+5
1.964000E-2	0.000000E+0	5.486890E+5
1.966000E-2	0.000000E+0	5.489150E+5
1.968000E-2	0.000000E+0	5.481200E+5
1.970000E-2	0.000000E+0	5.480280E+5
1.972000E-2	0.000000E+0	5.481540E+5
1.974000E-2	0.000000E+0	5.483620E+5
1.976000E-2	0.000000E+0	5.464580E+5
1.978000E-2	0.000000E+0	5.475020E+5
1.980000E-2	0.000000E+0	5.483940E+5
1.982000E-2	0.000000E+0	5.472690E+5
1.984000E-2	0.000000E+0	5.480190E+5
1.986000E-2	0.000000E+0	5.469240E+5
1.988000E-2	0.000000E+0	5.467020E+5
1.990000E-2	0.000000E+0	5.478100E+5
1.992000E-2	0.000000E+0	5.477010E+5
1.994000E-2	0.000000E+0	5.496020E+5
1.996000E-2	0.000000E+0	5.475020E+5
1.998000E-2	0.000000E+0	5.480720E+5
