

live time:  242519.700000
real time:  338406.372000
sweeps:  12125985.000000
0.000000E+0	0.000000E+0	0.000000E+0
2.000000E-5	0.000000E+0	5.309710E+5
4.000000E-5	0.000000E+0	5.312950E+5
6.000000E-5	0.000000E+0	5.308400E+5
8.000000E-5	0.000000E+0	5.320240E+5
1.000000E-4	0.000000E+0	5.297580E+5
1.200000E-4	0.000000E+0	5.317460E+5
1.400000E-4	0.000000E+0	5.316070E+5
1.600000E-4	0.000000E+0	5.317120E+5
1.800000E-4	0.000000E+0	5.315680E+5
2.000000E-4	0.000000E+0	5.314450E+5
2.200000E-4	0.000000E+0	5.319330E+5
2.400000E-4	0.000000E+0	5.301700E+5
2.600000E-4	0.000000E+0	5.305460E+5
2.800000E-4	0.000000E+0	5.306110E+5
3.000000E-4	0.000000E+0	5.324860E+5
3.200000E-4	0.000000E+0	5.309120E+5
3.400000E-4	0.000000E+0	5.302890E+5
3.600000E-4	0.000000E+0	5.317760E+5
3.800000E-4	0.000000E+0	5.305060E+5
4.000000E-4	0.000000E+0	5.300590E+5
4.200000E-4	0.000000E+0	5.309660E+5
4.400000E-4	0.000000E+0	5.306680E+5
4.600000E-4	0.000000E+0	5.322000E+5
4.800000E-4	0.000000E+0	5.301360E+5
5.000000E-4	0.000000E+0	5.310740E+5
5.200000E-4	0.000000E+0	5.312260E+5
5.400000E-4	0.000000E+0	5.308640E+5
5.600000E-4	0.000000E+0	5.299540E+5
5.800000E-4	0.000000E+0	5.309000E+5
6.000000E-4	0.000000E+0	5.318750E+5
6.200000E-4	0.000000E+0	5.308450E+5
6.400000E-4	0.000000E+0	5.314590E+5
6.600000E-4	0.000000E+0	5.300940E+5
6.800000E-4	0.000000E+0	5.303630E+5
7.000000E-4	0.000000E+0	5.313550E+5
7.200000E-4	0.000000E+0	5.323030E+5
7.400000E-4	0.000000E+0	5.303390E+5
7.600000E-4	0.000000E+0	5.303900E+5
7.800000E-4	0.000000E+0	5.299410E+5
8.000000E-4	0.000000E+0	5.315320E+5
8.200000E-4	0.000000E+0	5.304010E+5
8.400000E-4	0.000000E+0	5.304760E+5
8.600000E-4	0.000000E+0	5.312990E+5
8.800000E-4	0.000000E+0	5.300220E+5
9.000000E-4	0.000000E+0	5.325300E+5
9.200000E-4	0.000000E+0	5.304570E+5
9.400000E-4	0.000000E+0	5.312860E+5
9.600000E-4	0.000000E+0	5.302270E+5
9.800000E-4	0.000000E+0	5.320950E+5
1.000000E-3	0.000000E+0	5.308010E+5
1.020000E-3	0.000000E+0	5.308260E+5
1.040000E-3	0.000000E+0	5.309380E+5
1.060000E-3	0.000000E+0	5.308020E+5
1.080000E-3	0.000000E+0	5.306660E+5
1.100000E-3	0.000000E+0	5.311120E+5
1.120000E-3	0.000000E+0	5.316140E+5
1.140000E-3	0.000000E+0	5.295500E+5
1.160000E-3	0.000000E+0	5.305810E+5
1.180000E-3	0.000000E+0	5.304450E+5
1.200000E-3	0.000000E+0	5.315240E+5
1.220000E-3	0.000000E+0	5.321440E+5
1.240000E-3	0.000000E+0	5.314050E+5
1.260000E-3	0.000000E+0	5.311870E+5
1.280000E-3	0.000000E+0	5.311670E+5
1.300000E-3	0.000000E+0	5.295920E+5
1.320000E-3	0.000000E+0	5.322090E+5
1.340000E-3	0.000000E+0	5.309860E+5
1.360000E-3	0.000000E+0	5.303580E+5
1.380000E-3	0.000000E+0	5.319370E+5
1.400000E-3	0.000000E+0	5.307590E+5
1.420000E-3	0.000000E+0	5.313740E+5
1.440000E-3	0.000000E+0	5.309280E+5
1.460000E-3	0.000000E+0	5.300460E+5
1.480000E-3	0.000000E+0	5.315420E+5
1.500000E-3	0.000000E+0	5.307460E+5
1.520000E-3	0.000000E+0	5.302530E+5
1.540000E-3	0.000000E+0	5.316180E+5
1.560000E-3	0.000000E+0	5.305850E+5
1.580000E-3	0.000000E+0	5.313540E+5
1.600000E-3	0.000000E+0	5.307870E+5
1.620000E-3	0.000000E+0	5.305880E+5
1.640000E-3	0.000000E+0	5.299890E+5
1.660000E-3	0.000000E+0	5.311580E+5
1.680000E-3	0.000000E+0	5.309530E+5
1.700000E-3	0.000000E+0	5.297490E+5
1.720000E-3	0.000000E+0	5.315840E+5
1.740000E-3	0.000000E+0	5.321040E+5
1.760000E-3	0.000000E+0	5.312400E+5
1.780000E-3	0.000000E+0	5.323950E+5
1.800000E-3	0.000000E+0	5.321610E+5
1.820000E-3	0.000000E+0	5.302590E+5
1.840000E-3	0.000000E+0	5.298280E+5
1.860000E-3	0.000000E+0	5.309140E+5
1.880000E-3	0.000000E+0	5.308200E+5
1.900000E-3	0.000000E+0	5.298450E+5
1.920000E-3	0.000000E+0	5.308230E+5
1.940000E-3	0.000000E+0	5.306810E+5
1.960000E-3	0.000000E+0	5.312920E+5
1.980000E-3	0.000000E+0	5.313450E+5
2.000000E-3	0.000000E+0	5.304470E+5
2.020000E-3	0.000000E+0	5.307440E+5
2.040000E-3	0.000000E+0	5.305000E+5
2.060000E-3	0.000000E+0	5.319720E+5
2.080000E-3	0.000000E+0	5.321970E+5
2.100000E-3	0.000000E+0	5.318530E+5
2.120000E-3	0.000000E+0	5.317490E+5
2.140000E-3	0.000000E+0	5.296400E+5
2.160000E-3	0.000000E+0	5.298450E+5
2.180000E-3	0.000000E+0	5.310890E+5
2.200000E-3	0.000000E+0	5.319900E+5
2.220000E-3	0.000000E+0	5.316910E+5
2.240000E-3	0.000000E+0	5.307220E+5
2.260000E-3	0.000000E+0	5.313660E+5
2.280000E-3	0.000000E+0	5.310400E+5
2.300000E-3	0.000000E+0	5.315640E+5
2.320000E-3	0.000000E+0	5.308180E+5
2.340000E-3	0.000000E+0	5.310260E+5
2.360000E-3	0.000000E+0	5.312580E+5
2.380000E-3	0.000000E+0	5.327870E+5
2.400000E-3	0.000000E+0	5.293460E+5
2.420000E-3	0.000000E+0	5.303750E+5
2.440000E-3	0.000000E+0	5.304890E+5
2.460000E-3	0.000000E+0	5.310970E+5
2.480000E-3	0.000000E+0	5.323140E+5
2.500000E-3	0.000000E+0	5.309290E+5
2.520000E-3	0.000000E+0	5.314580E+5
2.540000E-3	0.000000E+0	5.301000E+5
2.560000E-3	0.000000E+0	5.308760E+5
2.580000E-3	0.000000E+0	5.304140E+5
2.600000E-3	0.000000E+0	5.320090E+5
2.620000E-3	0.000000E+0	5.309310E+5
2.640000E-3	0.000000E+0	5.295730E+5
2.660000E-3	0.000000E+0	5.317220E+5
2.680000E-3	0.000000E+0	5.306750E+5
2.700000E-3	0.000000E+0	5.312140E+5
2.720000E-3	0.000000E+0	5.291800E+5
2.740000E-3	0.000000E+0	5.307470E+5
2.760000E-3	0.000000E+0	5.306410E+5
2.780000E-3	0.000000E+0	5.309370E+5
2.800000E-3	0.000000E+0	5.314520E+5
2.820000E-3	0.000000E+0	5.302810E+5
2.840000E-3	0.000000E+0	5.300570E+5
2.860000E-3	0.000000E+0	5.314010E+5
2.880000E-3	0.000000E+0	5.306860E+5
2.900000E-3	0.000000E+0	5.305680E+5
2.920000E-3	0.000000E+0	5.297100E+5
2.940000E-3	0.000000E+0	5.310650E+5
2.960000E-3	0.000000E+0	5.309030E+5
2.980000E-3	0.000000E+0	5.305020E+5
3.000000E-3	0.000000E+0	5.310650E+5
3.020000E-3	0.000000E+0	5.310970E+5
3.040000E-3	0.000000E+0	5.318710E+5
3.060000E-3	0.000000E+0	5.328910E+5
3.080000E-3	0.000000E+0	5.306720E+5
3.100000E-3	0.000000E+0	5.300820E+5
3.120000E-3	0.000000E+0	5.312400E+5
3.140000E-3	0.000000E+0	5.317750E+5
3.160000E-3	0.000000E+0	5.301350E+5
3.180000E-3	0.000000E+0	5.311930E+5
3.200000E-3	0.000000E+0	5.310050E+5
3.220000E-3	0.000000E+0	5.313090E+5
3.240000E-3	0.000000E+0	5.319690E+5
3.260000E-3	0.000000E+0	5.312060E+5
3.280000E-3	0.000000E+0	5.312560E+5
3.300000E-3	0.000000E+0	5.306400E+5
3.320000E-3	0.000000E+0	5.314570E+5
3.340000E-3	0.000000E+0	5.302480E+5
3.360000E-3	0.000000E+0	5.306200E+5
3.380000E-3	0.000000E+0	5.294900E+5
3.400000E-3	0.000000E+0	5.305390E+5
3.420000E-3	0.000000E+0	5.324140E+5
3.440000E-3	0.000000E+0	5.306800E+5
3.460000E-3	0.000000E+0	5.314310E+5
3.480000E-3	0.000000E+0	5.302090E+5
3.500000E-3	0.000000E+0	5.312380E+5
3.520000E-3	0.000000E+0	5.296940E+5
3.540000E-3	0.000000E+0	5.308580E+5
3.560000E-3	0.000000E+0	5.305410E+5
3.580000E-3	0.000000E+0	5.303460E+5
3.600000E-3	0.000000E+0	5.302960E+5
3.620000E-3	0.000000E+0	5.284740E+5
3.640000E-3	0.000000E+0	5.318270E+5
3.660000E-3	0.000000E+0	5.305720E+5
3.680000E-3	0.000000E+0	5.307640E+5
3.700000E-3	0.000000E+0	5.305260E+5
3.720000E-3	0.000000E+0	5.303460E+5
3.740000E-3	0.000000E+0	5.306230E+5
3.760000E-3	0.000000E+0	5.304930E+5
3.780000E-3	0.000000E+0	5.296660E+5
3.800000E-3	0.000000E+0	5.301430E+5
3.820000E-3	0.000000E+0	5.302680E+5
3.840000E-3	0.000000E+0	5.306710E+5
3.860000E-3	0.000000E+0	5.305510E+5
3.880000E-3	0.000000E+0	5.297000E+5
3.900000E-3	0.000000E+0	5.311560E+5
3.920000E-3	0.000000E+0	5.326660E+5
3.940000E-3	0.000000E+0	5.315800E+5
3.960000E-3	0.000000E+0	5.313890E+5
3.980000E-3	0.000000E+0	5.312420E+5
4.000000E-3	0.000000E+0	5.304590E+5
4.020000E-3	0.000000E+0	5.316870E+5
4.040000E-3	0.000000E+0	5.309360E+5
4.060000E-3	0.000000E+0	5.312420E+5
4.080000E-3	0.000000E+0	5.310480E+5
4.100000E-3	0.000000E+0	5.308210E+5
4.120000E-3	0.000000E+0	5.308590E+5
4.140000E-3	0.000000E+0	5.298420E+5
4.160000E-3	0.000000E+0	5.311540E+5
4.180000E-3	0.000000E+0	5.297220E+5
4.200000E-3	0.000000E+0	5.311640E+5
4.220000E-3	0.000000E+0	5.305750E+5
4.240000E-3	0.000000E+0	5.299510E+5
4.260000E-3	0.000000E+0	5.298050E+5
4.280000E-3	0.000000E+0	5.312960E+5
4.300000E-3	0.000000E+0	5.312100E+5
4.320000E-3	0.000000E+0	5.302510E+5
4.340000E-3	0.000000E+0	5.303130E+5
4.360000E-3	0.000000E+0	5.310070E+5
4.380000E-3	0.000000E+0	5.303020E+5
4.400000E-3	0.000000E+0	5.315140E+5
4.420000E-3	0.000000E+0	5.306790E+5
4.440000E-3	0.000000E+0	5.304210E+5
4.460000E-3	0.000000E+0	5.307120E+5
4.480000E-3	0.000000E+0	5.298020E+5
4.500000E-3	0.000000E+0	5.305710E+5
4.520000E-3	0.000000E+0	5.301930E+5
4.540000E-3	0.000000E+0	5.294200E+5
4.560000E-3	0.000000E+0	5.300240E+5
4.580000E-3	0.000000E+0	5.309980E+5
4.600000E-3	0.000000E+0	5.308080E+5
4.620000E-3	0.000000E+0	5.299670E+5
4.640000E-3	0.000000E+0	5.307560E+5
4.660000E-3	0.000000E+0	5.312500E+5
4.680000E-3	0.000000E+0	5.302510E+5
4.700000E-3	0.000000E+0	5.311420E+5
4.720000E-3	0.000000E+0	5.305600E+5
4.740000E-3	0.000000E+0	5.298130E+5
4.760000E-3	0.000000E+0	5.313860E+5
4.780000E-3	0.000000E+0	5.290210E+5
4.800000E-3	0.000000E+0	5.297860E+5
4.820000E-3	0.000000E+0	5.292260E+5
4.840000E-3	0.000000E+0	5.293740E+5
4.860000E-3	0.000000E+0	5.276630E+5
4.880000E-3	0.000000E+0	5.268330E+5
4.900000E-3	0.000000E+0	5.266480E+5
4.920000E-3	0.000000E+0	5.233710E+5
4.940000E-3	0.000000E+0	5.229190E+5
4.960000E-3	0.000000E+0	5.224580E+5
4.980000E-3	0.000000E+0	5.228600E+5
5.000000E-3	0.000000E+0	5.207090E+5
5.020000E-3	0.000000E+0	5.192640E+5
5.040000E-3	0.000000E+0	5.168540E+5
5.060000E-3	0.000000E+0	5.153010E+5
5.080000E-3	0.000000E+0	5.163220E+5
5.100000E-3	0.000000E+0	5.163240E+5
5.120000E-3	0.000000E+0	5.159390E+5
5.140000E-3	0.000000E+0	5.177360E+5
5.160000E-3	0.000000E+0	5.204850E+5
5.180000E-3	0.000000E+0	5.211630E+5
5.200000E-3	0.000000E+0	5.227970E+5
5.220000E-3	0.000000E+0	5.245830E+5
5.240000E-3	0.000000E+0	5.238580E+5
5.260000E-3	0.000000E+0	5.276670E+5
5.280000E-3	0.000000E+0	5.250590E+5
5.300000E-3	0.000000E+0	5.272850E+5
5.320000E-3	0.000000E+0	5.286980E+5
5.340000E-3	0.000000E+0	5.296360E+5
5.360000E-3	0.000000E+0	5.299900E+5
5.380000E-3	0.000000E+0	5.288880E+5
5.400000E-3	0.000000E+0	5.309520E+5
5.420000E-3	0.000000E+0	5.300050E+5
5.440000E-3	0.000000E+0	5.291550E+5
5.460000E-3	0.000000E+0	5.285600E+5
5.480000E-3	0.000000E+0	5.285410E+5
5.500000E-3	0.000000E+0	5.289780E+5
5.520000E-3	0.000000E+0	5.267760E+5
5.540000E-3	0.000000E+0	5.264890E+5
5.560000E-3	0.000000E+0	5.234690E+5
5.580000E-3	0.000000E+0	5.233270E+5
5.600000E-3	0.000000E+0	5.217840E+5
5.620000E-3	0.000000E+0	5.221260E+5
5.640000E-3	0.000000E+0	5.225470E+5
5.660000E-3	0.000000E+0	5.203960E+5
5.680000E-3	0.000000E+0	5.198960E+5
5.700000E-3	0.000000E+0	5.169170E+5
5.720000E-3	0.000000E+0	5.165170E+5
5.740000E-3	0.000000E+0	5.175430E+5
5.760000E-3	0.000000E+0	5.180810E+5
5.780000E-3	0.000000E+0	5.186110E+5
5.800000E-3	0.000000E+0	5.204410E+5
5.820000E-3	0.000000E+0	5.220230E+5
5.840000E-3	0.000000E+0	5.235370E+5
5.860000E-3	0.000000E+0	5.238270E+5
5.880000E-3	0.000000E+0	5.255260E+5
5.900000E-3	0.000000E+0	5.275120E+5
5.920000E-3	0.000000E+0	5.292830E+5
5.940000E-3	0.000000E+0	5.284480E+5
5.960000E-3	0.000000E+0	5.289140E+5
5.980000E-3	0.000000E+0	5.301220E+5
6.000000E-3	0.000000E+0	5.297350E+5
6.020000E-3	0.000000E+0	5.294220E+5
6.040000E-3	0.000000E+0	5.300570E+5
6.060000E-3	0.000000E+0	5.302500E+5
6.080000E-3	0.000000E+0	5.303200E+5
6.100000E-3	0.000000E+0	5.288970E+5
6.120000E-3	0.000000E+0	5.301730E+5
6.140000E-3	0.000000E+0	5.302200E+5
6.160000E-3	0.000000E+0	5.295120E+5
6.180000E-3	0.000000E+0	5.312520E+5
6.200000E-3	0.000000E+0	5.302730E+5
6.220000E-3	0.000000E+0	5.308420E+5
6.240000E-3	0.000000E+0	5.297990E+5
6.260000E-3	0.000000E+0	5.305570E+5
6.280000E-3	0.000000E+0	5.318150E+5
6.300000E-3	0.000000E+0	5.314890E+5
6.320000E-3	0.000000E+0	5.310110E+5
6.340000E-3	0.000000E+0	5.306280E+5
6.360000E-3	0.000000E+0	5.303460E+5
6.380000E-3	0.000000E+0	5.317720E+5
6.400000E-3	0.000000E+0	5.302980E+5
6.420000E-3	0.000000E+0	5.293860E+5
6.440000E-3	0.000000E+0	5.325170E+5
6.460000E-3	0.000000E+0	5.299350E+5
6.480000E-3	0.000000E+0	5.300600E+5
6.500000E-3	0.000000E+0	5.301490E+5
6.520000E-3	0.000000E+0	5.311600E+5
6.540000E-3	0.000000E+0	5.304080E+5
6.560000E-3	0.000000E+0	5.312050E+5
6.580000E-3	0.000000E+0	5.300830E+5
6.600000E-3	0.000000E+0	5.313300E+5
6.620000E-3	0.000000E+0	5.309940E+5
6.640000E-3	0.000000E+0	5.308950E+5
6.660000E-3	0.000000E+0	5.301720E+5
6.680000E-3	0.000000E+0	5.306890E+5
6.700000E-3	0.000000E+0	5.311970E+5
6.720000E-3	0.000000E+0	5.307120E+5
6.740000E-3	0.000000E+0	5.307980E+5
6.760000E-3	0.000000E+0	5.317610E+5
6.780000E-3	0.000000E+0	5.301010E+5
6.800000E-3	0.000000E+0	5.312690E+5
6.820000E-3	0.000000E+0	5.308690E+5
6.840000E-3	0.000000E+0	5.307410E+5
6.860000E-3	0.000000E+0	5.309880E+5
6.880000E-3	0.000000E+0	5.317530E+5
6.900000E-3	0.000000E+0	5.303820E+5
6.920000E-3	0.000000E+0	5.293180E+5
6.940000E-3	0.000000E+0	5.310590E+5
6.960000E-3	0.000000E+0	5.288310E+5
6.980000E-3	0.000000E+0	5.310260E+5
7.000000E-3	0.000000E+0	5.304680E+5
7.020000E-3	0.000000E+0	5.314700E+5
7.040000E-3	0.000000E+0	5.312590E+5
7.060000E-3	0.000000E+0	5.312430E+5
7.080000E-3	0.000000E+0	5.306250E+5
7.100000E-3	0.000000E+0	5.298000E+5
7.120000E-3	0.000000E+0	5.313150E+5
7.140000E-3	0.000000E+0	5.304590E+5
7.160000E-3	0.000000E+0	5.306540E+5
7.180000E-3	0.000000E+0	5.298960E+5
7.200000E-3	0.000000E+0	5.306400E+5
7.220000E-3	0.000000E+0	5.316260E+5
7.240000E-3	0.000000E+0	5.305140E+5
7.260000E-3	0.000000E+0	5.308080E+5
7.280000E-3	0.000000E+0	5.306290E+5
7.300000E-3	0.000000E+0	5.307500E+5
7.320000E-3	0.000000E+0	5.309640E+5
7.340000E-3	0.000000E+0	5.317930E+5
7.360000E-3	0.000000E+0	5.305340E+5
7.380000E-3	0.000000E+0	5.316930E+5
7.400000E-3	0.000000E+0	5.311780E+5
7.420000E-3	0.000000E+0	5.305450E+5
7.440000E-3	0.000000E+0	5.308980E+5
7.460000E-3	0.000000E+0	5.307860E+5
7.480000E-3	0.000000E+0	5.301550E+5
7.500000E-3	0.000000E+0	5.318230E+5
7.520000E-3	0.000000E+0	5.311290E+5
7.540000E-3	0.000000E+0	5.310230E+5
7.560000E-3	0.000000E+0	5.314570E+5
7.580000E-3	0.000000E+0	5.312060E+5
7.600000E-3	0.000000E+0	5.309580E+5
7.620000E-3	0.000000E+0	5.313190E+5
7.640000E-3	0.000000E+0	5.319540E+5
7.660000E-3	0.000000E+0	5.305980E+5
7.680000E-3	0.000000E+0	5.306770E+5
7.700000E-3	0.000000E+0	5.303260E+5
7.720000E-3	0.000000E+0	5.316680E+5
7.740000E-3	0.000000E+0	5.302820E+5
7.760000E-3	0.000000E+0	5.309970E+5
7.780000E-3	0.000000E+0	5.318440E+5
7.800000E-3	0.000000E+0	5.306020E+5
7.820000E-3	0.000000E+0	5.304450E+5
7.840000E-3	0.000000E+0	5.323260E+5
7.860000E-3	0.000000E+0	5.308720E+5
7.880000E-3	0.000000E+0	5.306220E+5
7.900000E-3	0.000000E+0	5.312940E+5
7.920000E-3	0.000000E+0	5.308980E+5
7.940000E-3	0.000000E+0	5.319760E+5
7.960000E-3	0.000000E+0	5.326180E+5
7.980000E-3	0.000000E+0	5.316150E+5
8.000000E-3	0.000000E+0	5.314310E+5
8.020000E-3	0.000000E+0	5.311870E+5
8.040000E-3	0.000000E+0	5.299480E+5
8.060000E-3	0.000000E+0	5.302150E+5
8.080000E-3	0.000000E+0	5.315670E+5
8.100000E-3	0.000000E+0	5.322030E+5
8.120000E-3	0.000000E+0	5.315600E+5
8.140000E-3	0.000000E+0	5.304330E+5
8.160000E-3	0.000000E+0	5.305960E+5
8.180000E-3	0.000000E+0	5.301750E+5
8.200000E-3	0.000000E+0	5.309610E+5
8.220000E-3	0.000000E+0	5.308590E+5
8.240000E-3	0.000000E+0	5.314870E+5
8.260000E-3	0.000000E+0	5.328370E+5
8.280000E-3	0.000000E+0	5.300650E+5
8.300000E-3	0.000000E+0	5.311730E+5
8.320000E-3	0.000000E+0	5.299120E+5
8.340000E-3	0.000000E+0	5.298790E+5
8.360000E-3	0.000000E+0	5.307640E+5
8.380000E-3	0.000000E+0	5.294370E+5
8.400000E-3	0.000000E+0	5.300460E+5
8.420000E-3	0.000000E+0	5.306420E+5
8.440000E-3	0.000000E+0	5.310900E+5
8.460000E-3	0.000000E+0	5.315770E+5
8.480000E-3	0.000000E+0	5.318120E+5
8.500000E-3	0.000000E+0	5.299080E+5
8.520000E-3	0.000000E+0	5.313170E+5
8.540000E-3	0.000000E+0	5.314160E+5
8.560000E-3	0.000000E+0	5.310420E+5
8.580000E-3	0.000000E+0	5.323230E+5
8.600000E-3	0.000000E+0	5.311440E+5
8.620000E-3	0.000000E+0	5.326330E+5
8.640000E-3	0.000000E+0	5.311030E+5
8.660000E-3	0.000000E+0	5.302920E+5
8.680000E-3	0.000000E+0	5.313600E+5
8.700000E-3	0.000000E+0	5.292940E+5
8.720000E-3	0.000000E+0	5.318800E+5
8.740000E-3	0.000000E+0	5.295450E+5
8.760000E-3	0.000000E+0	5.310520E+5
8.780000E-3	0.000000E+0	5.311330E+5
8.800000E-3	0.000000E+0	5.318470E+5
8.820000E-3	0.000000E+0	5.313910E+5
8.840000E-3	0.000000E+0	5.304870E+5
8.860000E-3	0.000000E+0	5.327600E+5
8.880000E-3	0.000000E+0	5.306530E+5
8.900000E-3	0.000000E+0	5.312210E+5
8.920000E-3	0.000000E+0	5.305390E+5
8.940000E-3	0.000000E+0	5.294130E+5
8.960000E-3	0.000000E+0	5.316890E+5
8.980000E-3	0.000000E+0	5.302430E+5
9.000000E-3	0.000000E+0	5.312060E+5
9.020000E-3	0.000000E+0	5.291580E+5
9.040000E-3	0.000000E+0	5.312030E+5
9.060000E-3	0.000000E+0	5.335020E+5
9.080000E-3	0.000000E+0	5.307530E+5
9.100000E-3	0.000000E+0	5.324100E+5
9.120000E-3	0.000000E+0	5.297390E+5
9.140000E-3	0.000000E+0	5.317740E+5
9.160000E-3	0.000000E+0	5.309890E+5
9.180000E-3	0.000000E+0	5.301740E+5
9.200000E-3	0.000000E+0	5.308530E+5
9.220000E-3	0.000000E+0	5.310670E+5
9.240000E-3	0.000000E+0	5.314180E+5
9.260000E-3	0.000000E+0	5.321390E+5
9.280000E-3	0.000000E+0	5.318310E+5
9.300000E-3	0.000000E+0	5.318180E+5
9.320000E-3	0.000000E+0	5.306180E+5
9.340000E-3	0.000000E+0	5.309530E+5
9.360000E-3	0.000000E+0	5.312790E+5
9.380000E-3	0.000000E+0	5.322470E+5
9.400000E-3	0.000000E+0	5.314780E+5
9.420000E-3	0.000000E+0	5.323700E+5
9.440000E-3	0.000000E+0	5.306090E+5
9.460000E-3	0.000000E+0	5.319750E+5
9.480000E-3	0.000000E+0	5.312050E+5
9.500000E-3	0.000000E+0	5.302030E+5
9.520000E-3	0.000000E+0	5.319340E+5
9.540000E-3	0.000000E+0	5.295330E+5
9.560000E-3	0.000000E+0	5.310410E+5
9.580000E-3	0.000000E+0	5.308970E+5
9.600000E-3	0.000000E+0	5.313780E+5
9.620000E-3	0.000000E+0	5.311130E+5
9.640000E-3	0.000000E+0	5.304890E+5
9.660000E-3	0.000000E+0	5.321870E+5
9.680000E-3	0.000000E+0	5.301110E+5
9.700000E-3	0.000000E+0	5.303870E+5
9.720000E-3	0.000000E+0	5.309110E+5
9.740000E-3	0.000000E+0	5.308270E+5
9.760000E-3	0.000000E+0	5.308280E+5
9.780000E-3	0.000000E+0	5.317280E+5
9.800000E-3	0.000000E+0	5.308930E+5
9.820000E-3	0.000000E+0	5.314660E+5
9.840000E-3	0.000000E+0	5.310820E+5
9.860000E-3	0.000000E+0	5.302200E+5
9.880000E-3	0.000000E+0	5.324120E+5
9.900000E-3	0.000000E+0	5.328690E+5
9.920000E-3	0.000000E+0	5.311470E+5
9.940000E-3	0.000000E+0	5.299450E+5
9.960000E-3	0.000000E+0	5.304170E+5
9.980000E-3	0.000000E+0	5.318250E+5
1.000000E-2	0.000000E+0	5.310330E+5
1.002000E-2	0.000000E+0	5.309110E+5
1.004000E-2	0.000000E+0	5.319000E+5
1.006000E-2	0.000000E+0	5.303410E+5
1.008000E-2	0.000000E+0	5.307730E+5
1.010000E-2	0.000000E+0	5.304530E+5
1.012000E-2	0.000000E+0	5.319590E+5
1.014000E-2	0.000000E+0	5.327020E+5
1.016000E-2	0.000000E+0	5.322280E+5
1.018000E-2	0.000000E+0	5.313360E+5
1.020000E-2	0.000000E+0	5.317560E+5
1.022000E-2	0.000000E+0	5.313310E+5
1.024000E-2	0.000000E+0	5.305480E+5
1.026000E-2	0.000000E+0	5.323600E+5
1.028000E-2	0.000000E+0	5.312400E+5
1.030000E-2	0.000000E+0	5.317230E+5
1.032000E-2	0.000000E+0	5.303910E+5
1.034000E-2	0.000000E+0	5.320860E+5
1.036000E-2	0.000000E+0	5.312090E+5
1.038000E-2	0.000000E+0	5.318150E+5
1.040000E-2	0.000000E+0	5.306230E+5
1.042000E-2	0.000000E+0	5.316180E+5
1.044000E-2	0.000000E+0	5.312500E+5
1.046000E-2	0.000000E+0	5.318620E+5
1.048000E-2	0.000000E+0	5.321650E+5
1.050000E-2	0.000000E+0	5.306680E+5
1.052000E-2	0.000000E+0	5.318610E+5
1.054000E-2	0.000000E+0	5.324330E+5
1.056000E-2	0.000000E+0	5.309110E+5
1.058000E-2	0.000000E+0	5.323710E+5
1.060000E-2	0.000000E+0	5.308060E+5
1.062000E-2	0.000000E+0	5.306550E+5
1.064000E-2	0.000000E+0	5.315750E+5
1.066000E-2	0.000000E+0	5.308220E+5
1.068000E-2	0.000000E+0	5.313640E+5
1.070000E-2	0.000000E+0	5.301140E+5
1.072000E-2	0.000000E+0	5.310670E+5
1.074000E-2	0.000000E+0	5.316370E+5
1.076000E-2	0.000000E+0	5.315730E+5
1.078000E-2	0.000000E+0	5.320570E+5
1.080000E-2	0.000000E+0	5.321030E+5
1.082000E-2	0.000000E+0	5.327270E+5
1.084000E-2	0.000000E+0	5.315010E+5
1.086000E-2	0.000000E+0	5.316660E+5
1.088000E-2	0.000000E+0	5.310210E+5
1.090000E-2	0.000000E+0	5.314370E+5
1.092000E-2	0.000000E+0	5.314300E+5
1.094000E-2	0.000000E+0	5.303850E+5
1.096000E-2	0.000000E+0	5.310140E+5
1.098000E-2	0.000000E+0	5.318600E+5
1.100000E-2	0.000000E+0	5.319300E+5
1.102000E-2	0.000000E+0	5.305630E+5
1.104000E-2	0.000000E+0	5.317040E+5
1.106000E-2	0.000000E+0	5.310250E+5
1.108000E-2	0.000000E+0	5.320320E+5
1.110000E-2	0.000000E+0	5.310500E+5
1.112000E-2	0.000000E+0	5.304590E+5
1.114000E-2	0.000000E+0	5.318520E+5
1.116000E-2	0.000000E+0	5.297360E+5
1.118000E-2	0.000000E+0	5.312250E+5
1.120000E-2	0.000000E+0	5.307240E+5
1.122000E-2	0.000000E+0	5.328820E+5
1.124000E-2	0.000000E+0	5.328060E+5
1.126000E-2	0.000000E+0	5.301370E+5
1.128000E-2	0.000000E+0	5.301140E+5
1.130000E-2	0.000000E+0	5.315420E+5
1.132000E-2	0.000000E+0	5.326110E+5
1.134000E-2	0.000000E+0	5.302990E+5
1.136000E-2	0.000000E+0	5.324740E+5
1.138000E-2	0.000000E+0	5.310360E+5
1.140000E-2	0.000000E+0	5.328600E+5
1.142000E-2	0.000000E+0	5.305440E+5
1.144000E-2	0.000000E+0	5.322270E+5
1.146000E-2	0.000000E+0	5.308500E+5
1.148000E-2	0.000000E+0	5.311080E+5
1.150000E-2	0.000000E+0	5.309580E+5
1.152000E-2	0.000000E+0	5.308070E+5
1.154000E-2	0.000000E+0	5.307420E+5
1.156000E-2	0.000000E+0	5.317900E+5
1.158000E-2	0.000000E+0	5.307090E+5
1.160000E-2	0.000000E+0	5.316370E+5
1.162000E-2	0.000000E+0	5.315260E+5
1.164000E-2	0.000000E+0	5.321910E+5
1.166000E-2	0.000000E+0	5.329880E+5
1.168000E-2	0.000000E+0	5.317710E+5
1.170000E-2	0.000000E+0	5.324500E+5
1.172000E-2	0.000000E+0	5.322380E+5
1.174000E-2	0.000000E+0	5.309470E+5
1.176000E-2	0.000000E+0	5.314480E+5
1.178000E-2	0.000000E+0	5.302500E+5
1.180000E-2	0.000000E+0	5.312730E+5
1.182000E-2	0.000000E+0	5.317540E+5
1.184000E-2	0.000000E+0	5.322800E+5
1.186000E-2	0.000000E+0	5.304250E+5
1.188000E-2	0.000000E+0	5.303570E+5
1.190000E-2	0.000000E+0	5.303710E+5
1.192000E-2	0.000000E+0	5.303280E+5
1.194000E-2	0.000000E+0	5.328120E+5
1.196000E-2	0.000000E+0	5.311950E+5
1.198000E-2	0.000000E+0	5.313960E+5
1.200000E-2	0.000000E+0	5.312060E+5
1.202000E-2	0.000000E+0	5.310470E+5
1.204000E-2	0.000000E+0	5.307030E+5
1.206000E-2	0.000000E+0	5.316050E+5
1.208000E-2	0.000000E+0	5.320330E+5
1.210000E-2	0.000000E+0	5.317490E+5
1.212000E-2	0.000000E+0	5.310340E+5
1.214000E-2	0.000000E+0	5.300300E+5
1.216000E-2	0.000000E+0	5.306830E+5
1.218000E-2	0.000000E+0	5.308500E+5
1.220000E-2	0.000000E+0	5.305770E+5
1.222000E-2	0.000000E+0	5.317060E+5
1.224000E-2	0.000000E+0	5.315680E+5
1.226000E-2	0.000000E+0	5.310670E+5
1.228000E-2	0.000000E+0	5.312660E+5
1.230000E-2	0.000000E+0	5.312080E+5
1.232000E-2	0.000000E+0	5.318980E+5
1.234000E-2	0.000000E+0	5.319620E+5
1.236000E-2	0.000000E+0	5.312210E+5
1.238000E-2	0.000000E+0	5.323490E+5
1.240000E-2	0.000000E+0	5.321120E+5
1.242000E-2	0.000000E+0	5.320920E+5
1.244000E-2	0.000000E+0	5.320630E+5
1.246000E-2	0.000000E+0	5.315770E+5
1.248000E-2	0.000000E+0	5.312030E+5
1.250000E-2	0.000000E+0	5.311680E+5
1.252000E-2	0.000000E+0	5.330510E+5
1.254000E-2	0.000000E+0	5.317850E+5
1.256000E-2	0.000000E+0	5.308110E+5
1.258000E-2	0.000000E+0	5.322770E+5
1.260000E-2	0.000000E+0	5.322710E+5
1.262000E-2	0.000000E+0	5.304900E+5
1.264000E-2	0.000000E+0	5.304760E+5
1.266000E-2	0.000000E+0	5.332930E+5
1.268000E-2	0.000000E+0	5.315790E+5
1.270000E-2	0.000000E+0	5.307960E+5
1.272000E-2	0.000000E+0	5.320060E+5
1.274000E-2	0.000000E+0	5.309500E+5
1.276000E-2	0.000000E+0	5.314220E+5
1.278000E-2	0.000000E+0	5.308700E+5
1.280000E-2	0.000000E+0	5.309410E+5
1.282000E-2	0.000000E+0	5.306800E+5
1.284000E-2	0.000000E+0	5.312320E+5
1.286000E-2	0.000000E+0	5.317810E+5
1.288000E-2	0.000000E+0	5.321580E+5
1.290000E-2	0.000000E+0	5.312740E+5
1.292000E-2	0.000000E+0	5.314730E+5
1.294000E-2	0.000000E+0	5.304310E+5
1.296000E-2	0.000000E+0	5.315820E+5
1.298000E-2	0.000000E+0	5.314680E+5
1.300000E-2	0.000000E+0	5.317650E+5
1.302000E-2	0.000000E+0	5.321620E+5
1.304000E-2	0.000000E+0	5.320860E+5
1.306000E-2	0.000000E+0	5.305360E+5
1.308000E-2	0.000000E+0	5.329120E+5
1.310000E-2	0.000000E+0	5.320310E+5
1.312000E-2	0.000000E+0	5.314440E+5
1.314000E-2	0.000000E+0	5.324310E+5
1.316000E-2	0.000000E+0	5.315840E+5
1.318000E-2	0.000000E+0	5.313950E+5
1.320000E-2	0.000000E+0	5.318030E+5
1.322000E-2	0.000000E+0	5.318510E+5
1.324000E-2	0.000000E+0	5.306920E+5
1.326000E-2	0.000000E+0	5.322910E+5
1.328000E-2	0.000000E+0	5.319720E+5
1.330000E-2	0.000000E+0	5.298560E+5
1.332000E-2	0.000000E+0	5.307740E+5
1.334000E-2	0.000000E+0	5.308320E+5
1.336000E-2	0.000000E+0	5.316170E+5
1.338000E-2	0.000000E+0	5.319370E+5
1.340000E-2	0.000000E+0	5.310920E+5
1.342000E-2	0.000000E+0	5.300970E+5
1.344000E-2	0.000000E+0	5.311080E+5
1.346000E-2	0.000000E+0	5.306660E+5
1.348000E-2	0.000000E+0	5.322350E+5
1.350000E-2	0.000000E+0	5.319480E+5
1.352000E-2	0.000000E+0	5.321100E+5
1.354000E-2	0.000000E+0	5.315100E+5
1.356000E-2	0.000000E+0	5.322980E+5
1.358000E-2	0.000000E+0	5.312600E+5
1.360000E-2	0.000000E+0	5.312000E+5
1.362000E-2	0.000000E+0	5.318440E+5
1.364000E-2	0.000000E+0	5.298060E+5
1.366000E-2	0.000000E+0	5.310250E+5
1.368000E-2	0.000000E+0	5.322960E+5
1.370000E-2	0.000000E+0	5.321160E+5
1.372000E-2	0.000000E+0	5.310110E+5
1.374000E-2	0.000000E+0	5.318070E+5
1.376000E-2	0.000000E+0	5.307760E+5
1.378000E-2	0.000000E+0	5.305990E+5
1.380000E-2	0.000000E+0	5.317790E+5
1.382000E-2	0.000000E+0	5.302340E+5
1.384000E-2	0.000000E+0	5.310450E+5
1.386000E-2	0.000000E+0	5.314810E+5
1.388000E-2	0.000000E+0	5.310020E+5
1.390000E-2	0.000000E+0	5.322040E+5
1.392000E-2	0.000000E+0	5.325140E+5
1.394000E-2	0.000000E+0	5.321590E+5
1.396000E-2	0.000000E+0	5.316410E+5
1.398000E-2	0.000000E+0	5.325090E+5
1.400000E-2	0.000000E+0	5.325130E+5
1.402000E-2	0.000000E+0	5.306210E+5
1.404000E-2	0.000000E+0	5.327860E+5
1.406000E-2	0.000000E+0	5.308260E+5
1.408000E-2	0.000000E+0	5.311890E+5
1.410000E-2	0.000000E+0	5.320300E+5
1.412000E-2	0.000000E+0	5.309200E+5
1.414000E-2	0.000000E+0	5.304920E+5
1.416000E-2	0.000000E+0	5.306270E+5
1.418000E-2	0.000000E+0	5.307430E+5
1.420000E-2	0.000000E+0	5.317570E+5
1.422000E-2	0.000000E+0	5.319410E+5
1.424000E-2	0.000000E+0	5.298230E+5
1.426000E-2	0.000000E+0	5.302550E+5
1.428000E-2	0.000000E+0	5.310440E+5
1.430000E-2	0.000000E+0	5.312660E+5
1.432000E-2	0.000000E+0	5.307530E+5
1.434000E-2	0.000000E+0	5.311110E+5
1.436000E-2	0.000000E+0	5.317240E+5
1.438000E-2	0.000000E+0	5.316410E+5
1.440000E-2	0.000000E+0	5.330060E+5
1.442000E-2	0.000000E+0	5.315010E+5
1.444000E-2	0.000000E+0	5.301570E+5
1.446000E-2	0.000000E+0	5.318550E+5
1.448000E-2	0.000000E+0	5.319700E+5
1.450000E-2	0.000000E+0	5.311440E+5
1.452000E-2	0.000000E+0	5.315330E+5
1.454000E-2	0.000000E+0	5.314450E+5
1.456000E-2	0.000000E+0	5.320040E+5
1.458000E-2	0.000000E+0	5.301450E+5
1.460000E-2	0.000000E+0	5.315400E+5
1.462000E-2	0.000000E+0	5.293700E+5
1.464000E-2	0.000000E+0	5.314320E+5
1.466000E-2	0.000000E+0	5.309250E+5
1.468000E-2	0.000000E+0	5.330600E+5
1.470000E-2	0.000000E+0	5.309590E+5
1.472000E-2	0.000000E+0	5.305600E+5
1.474000E-2	0.000000E+0	5.317690E+5
1.476000E-2	0.000000E+0	5.320660E+5
1.478000E-2	0.000000E+0	5.323990E+5
1.480000E-2	0.000000E+0	5.302150E+5
1.482000E-2	0.000000E+0	5.303650E+5
1.484000E-2	0.000000E+0	5.325060E+5
1.486000E-2	0.000000E+0	5.304070E+5
1.488000E-2	0.000000E+0	5.299780E+5
1.490000E-2	0.000000E+0	5.292460E+5
1.492000E-2	0.000000E+0	5.285590E+5
1.494000E-2	0.000000E+0	5.259590E+5
1.496000E-2	0.000000E+0	5.246160E+5
1.498000E-2	0.000000E+0	5.242430E+5
1.500000E-2	0.000000E+0	5.234410E+5
1.502000E-2	0.000000E+0	5.230380E+5
1.504000E-2	0.000000E+0	5.216540E+5
1.506000E-2	0.000000E+0	5.208730E+5
1.508000E-2	0.000000E+0	5.189280E+5
1.510000E-2	0.000000E+0	5.173000E+5
1.512000E-2	0.000000E+0	5.166130E+5
1.514000E-2	0.000000E+0	5.178580E+5
1.516000E-2	0.000000E+0	5.184130E+5
1.518000E-2	0.000000E+0	5.193970E+5
1.520000E-2	0.000000E+0	5.221770E+5
1.522000E-2	0.000000E+0	5.229980E+5
1.524000E-2	0.000000E+0	5.263970E+5
1.526000E-2	0.000000E+0	5.261630E+5
1.528000E-2	0.000000E+0	5.278940E+5
1.530000E-2	0.000000E+0	5.272670E+5
1.532000E-2	0.000000E+0	5.293090E+5
1.534000E-2	0.000000E+0	5.292790E+5
1.536000E-2	0.000000E+0	5.294210E+5
1.538000E-2	0.000000E+0	5.311090E+5
1.540000E-2	0.000000E+0	5.305000E+5
1.542000E-2	0.000000E+0	5.306420E+5
1.544000E-2	0.000000E+0	5.299780E+5
1.546000E-2	0.000000E+0	5.297960E+5
1.548000E-2	0.000000E+0	5.298300E+5
1.550000E-2	0.000000E+0	5.289920E+5
1.552000E-2	0.000000E+0	5.302570E+5
1.554000E-2	0.000000E+0	5.290470E+5
1.556000E-2	0.000000E+0	5.270810E+5
1.558000E-2	0.000000E+0	5.254960E+5
1.560000E-2	0.000000E+0	5.246570E+5
1.562000E-2	0.000000E+0	5.238200E+5
1.564000E-2	0.000000E+0	5.227290E+5
1.566000E-2	0.000000E+0	5.232150E+5
1.568000E-2	0.000000E+0	5.218530E+5
1.570000E-2	0.000000E+0	5.207410E+5
1.572000E-2	0.000000E+0	5.184670E+5
1.574000E-2	0.000000E+0	5.168420E+5
1.576000E-2	0.000000E+0	5.180760E+5
1.578000E-2	0.000000E+0	5.155890E+5
1.580000E-2	0.000000E+0	5.177150E+5
1.582000E-2	0.000000E+0	5.193030E+5
1.584000E-2	0.000000E+0	5.205430E+5
1.586000E-2	0.000000E+0	5.228040E+5
1.588000E-2	0.000000E+0	5.247060E+5
1.590000E-2	0.000000E+0	5.255480E+5
1.592000E-2	0.000000E+0	5.273310E+5
1.594000E-2	0.000000E+0	5.268100E+5
1.596000E-2	0.000000E+0	5.286520E+5
1.598000E-2	0.000000E+0	5.303230E+5
1.600000E-2	0.000000E+0	5.309100E+5
1.602000E-2	0.000000E+0	5.303760E+5
1.604000E-2	0.000000E+0	5.300790E+5
1.606000E-2	0.000000E+0	5.303860E+5
1.608000E-2	0.000000E+0	5.308860E+5
1.610000E-2	0.000000E+0	5.318790E+5
1.612000E-2	0.000000E+0	5.314900E+5
1.614000E-2	0.000000E+0	5.309460E+5
1.616000E-2	0.000000E+0	5.330490E+5
1.618000E-2	0.000000E+0	5.310910E+5
1.620000E-2	0.000000E+0	5.311980E+5
1.622000E-2	0.000000E+0	5.313420E+5
1.624000E-2	0.000000E+0	5.311300E+5
1.626000E-2	0.000000E+0	5.312980E+5
1.628000E-2	0.000000E+0	5.324820E+5
1.630000E-2	0.000000E+0	5.311140E+5
1.632000E-2	0.000000E+0	5.317160E+5
1.634000E-2	0.000000E+0	5.313550E+5
1.636000E-2	0.000000E+0	5.320400E+5
1.638000E-2	0.000000E+0	5.312140E+5
1.640000E-2	0.000000E+0	5.320700E+5
1.642000E-2	0.000000E+0	5.312490E+5
1.644000E-2	0.000000E+0	5.308100E+5
1.646000E-2	0.000000E+0	5.313830E+5
1.648000E-2	0.000000E+0	5.306680E+5
1.650000E-2	0.000000E+0	5.307070E+5
1.652000E-2	0.000000E+0	5.322830E+5
1.654000E-2	0.000000E+0	5.309080E+5
1.656000E-2	0.000000E+0	5.307470E+5
1.658000E-2	0.000000E+0	5.311600E+5
1.660000E-2	0.000000E+0	5.310770E+5
1.662000E-2	0.000000E+0	5.313690E+5
1.664000E-2	0.000000E+0	5.311940E+5
1.666000E-2	0.000000E+0	5.310520E+5
1.668000E-2	0.000000E+0	5.306540E+5
1.670000E-2	0.000000E+0	5.309950E+5
1.672000E-2	0.000000E+0	5.319510E+5
1.674000E-2	0.000000E+0	5.310570E+5
1.676000E-2	0.000000E+0	5.300750E+5
1.678000E-2	0.000000E+0	5.300840E+5
1.680000E-2	0.000000E+0	5.314120E+5
1.682000E-2	0.000000E+0	5.315470E+5
1.684000E-2	0.000000E+0	5.318850E+5
1.686000E-2	0.000000E+0	5.329160E+5
1.688000E-2	0.000000E+0	5.314210E+5
1.690000E-2	0.000000E+0	5.313700E+5
1.692000E-2	0.000000E+0	5.316200E+5
1.694000E-2	0.000000E+0	5.312860E+5
1.696000E-2	0.000000E+0	5.303910E+5
1.698000E-2	0.000000E+0	5.309140E+5
1.700000E-2	0.000000E+0	5.320270E+5
1.702000E-2	0.000000E+0	5.314240E+5
1.704000E-2	0.000000E+0	5.319360E+5
1.706000E-2	0.000000E+0	5.320550E+5
1.708000E-2	0.000000E+0	5.310720E+5
1.710000E-2	0.000000E+0	5.321690E+5
1.712000E-2	0.000000E+0	5.313570E+5
1.714000E-2	0.000000E+0	5.304230E+5
1.716000E-2	0.000000E+0	5.321490E+5
1.718000E-2	0.000000E+0	5.315250E+5
1.720000E-2	0.000000E+0	5.322010E+5
1.722000E-2	0.000000E+0	5.324370E+5
1.724000E-2	0.000000E+0	5.311380E+5
1.726000E-2	0.000000E+0	5.306940E+5
1.728000E-2	0.000000E+0	5.307120E+5
1.730000E-2	0.000000E+0	5.311400E+5
1.732000E-2	0.000000E+0	5.310480E+5
1.734000E-2	0.000000E+0	5.314720E+5
1.736000E-2	0.000000E+0	5.326720E+5
1.738000E-2	0.000000E+0	5.324710E+5
1.740000E-2	0.000000E+0	5.324600E+5
1.742000E-2	0.000000E+0	5.306960E+5
1.744000E-2	0.000000E+0	5.311730E+5
1.746000E-2	0.000000E+0	5.311450E+5
1.748000E-2	0.000000E+0	5.312620E+5
1.750000E-2	0.000000E+0	5.319320E+5
1.752000E-2	0.000000E+0	5.321630E+5
1.754000E-2	0.000000E+0	5.309640E+5
1.756000E-2	0.000000E+0	5.305050E+5
1.758000E-2	0.000000E+0	5.312680E+5
1.760000E-2	0.000000E+0	5.320510E+5
1.762000E-2	0.000000E+0	5.320470E+5
1.764000E-2	0.000000E+0	5.320970E+5
1.766000E-2	0.000000E+0	5.311520E+5
1.768000E-2	0.000000E+0	5.316890E+5
1.770000E-2	0.000000E+0	5.312410E+5
1.772000E-2	0.000000E+0	5.328290E+5
1.774000E-2	0.000000E+0	5.313840E+5
1.776000E-2	0.000000E+0	5.309700E+5
1.778000E-2	0.000000E+0	5.321040E+5
1.780000E-2	0.000000E+0	5.300860E+5
1.782000E-2	0.000000E+0	5.312710E+5
1.784000E-2	0.000000E+0	5.312450E+5
1.786000E-2	0.000000E+0	5.311010E+5
1.788000E-2	0.000000E+0	5.317200E+5
1.790000E-2	0.000000E+0	5.317930E+5
1.792000E-2	0.000000E+0	5.306610E+5
1.794000E-2	0.000000E+0	5.312310E+5
1.796000E-2	0.000000E+0	5.316430E+5
1.798000E-2	0.000000E+0	5.317410E+5
1.800000E-2	0.000000E+0	5.300800E+5
1.802000E-2	0.000000E+0	5.308690E+5
1.804000E-2	0.000000E+0	5.301510E+5
1.806000E-2	0.000000E+0	5.309020E+5
1.808000E-2	0.000000E+0	5.309540E+5
1.810000E-2	0.000000E+0	5.317980E+5
1.812000E-2	0.000000E+0	5.325350E+5
1.814000E-2	0.000000E+0	5.329150E+5
1.816000E-2	0.000000E+0	5.322450E+5
1.818000E-2	0.000000E+0	5.304880E+5
1.820000E-2	0.000000E+0	5.322630E+5
1.822000E-2	0.000000E+0	5.309080E+5
1.824000E-2	0.000000E+0	5.315500E+5
1.826000E-2	0.000000E+0	5.320280E+5
1.828000E-2	0.000000E+0	5.308110E+5
1.830000E-2	0.000000E+0	5.305190E+5
1.832000E-2	0.000000E+0	5.322460E+5
1.834000E-2	0.000000E+0	5.307400E+5
1.836000E-2	0.000000E+0	5.326650E+5
1.838000E-2	0.000000E+0	5.307730E+5
1.840000E-2	0.000000E+0	5.309930E+5
1.842000E-2	0.000000E+0	5.306530E+5
1.844000E-2	0.000000E+0	5.306410E+5
1.846000E-2	0.000000E+0	5.299600E+5
1.848000E-2	0.000000E+0	5.324650E+5
1.850000E-2	0.000000E+0	5.317690E+5
1.852000E-2	0.000000E+0	5.315400E+5
1.854000E-2	0.000000E+0	5.329530E+5
1.856000E-2	0.000000E+0	5.300170E+5
1.858000E-2	0.000000E+0	5.305080E+5
1.860000E-2	0.000000E+0	5.316450E+5
1.862000E-2	0.000000E+0	5.308730E+5
1.864000E-2	0.000000E+0	5.301220E+5
1.866000E-2	0.000000E+0	5.318890E+5
1.868000E-2	0.000000E+0	5.312390E+5
1.870000E-2	0.000000E+0	5.314040E+5
1.872000E-2	0.000000E+0	5.318210E+5
1.874000E-2	0.000000E+0	5.295750E+5
1.876000E-2	0.000000E+0	5.313150E+5
1.878000E-2	0.000000E+0	5.311730E+5
1.880000E-2	0.000000E+0	5.311820E+5
1.882000E-2	0.000000E+0	5.310920E+5
1.884000E-2	0.000000E+0	5.317930E+5
1.886000E-2	0.000000E+0	5.310780E+5
1.888000E-2	0.000000E+0	5.305650E+5
1.890000E-2	0.000000E+0	5.310380E+5
1.892000E-2	0.000000E+0	5.326170E+5
1.894000E-2	0.000000E+0	5.314280E+5
1.896000E-2	0.000000E+0	5.317420E+5
1.898000E-2	0.000000E+0	5.319180E+5
1.900000E-2	0.000000E+0	5.307190E+5
1.902000E-2	0.000000E+0	5.305350E+5
1.904000E-2	0.000000E+0	5.314740E+5
1.906000E-2	0.000000E+0	5.324140E+5
1.908000E-2	0.000000E+0	5.315850E+5
1.910000E-2	0.000000E+0	5.300660E+5
1.912000E-2	0.000000E+0	5.302250E+5
1.914000E-2	0.000000E+0	5.315380E+5
1.916000E-2	0.000000E+0	5.309830E+5
1.918000E-2	0.000000E+0	5.307330E+5
1.920000E-2	0.000000E+0	5.320420E+5
1.922000E-2	0.000000E+0	5.313840E+5
1.924000E-2	0.000000E+0	5.316140E+5
1.926000E-2	0.000000E+0	5.320170E+5
1.928000E-2	0.000000E+0	5.322800E+5
1.930000E-2	0.000000E+0	5.313480E+5
1.932000E-2	0.000000E+0	5.312820E+5
1.934000E-2	0.000000E+0	5.314100E+5
1.936000E-2	0.000000E+0	5.310240E+5
1.938000E-2	0.000000E+0	5.318800E+5
1.940000E-2	0.000000E+0	5.298160E+5
1.942000E-2	0.000000E+0	5.325510E+5
1.944000E-2	0.000000E+0	5.322290E+5
1.946000E-2	0.000000E+0	5.301680E+5
1.948000E-2	0.000000E+0	5.316510E+5
1.950000E-2	0.000000E+0	5.317410E+5
1.952000E-2	0.000000E+0	5.322600E+5
1.954000E-2	0.000000E+0	5.310760E+5
1.956000E-2	0.000000E+0	5.322330E+5
1.958000E-2	0.000000E+0	5.308440E+5
1.960000E-2	0.000000E+0	5.315240E+5
1.962000E-2	0.000000E+0	5.309020E+5
1.964000E-2	0.000000E+0	5.320560E+5
1.966000E-2	0.000000E+0	5.320390E+5
1.968000E-2	0.000000E+0	5.312490E+5
1.970000E-2	0.000000E+0	5.312390E+5
1.972000E-2	0.000000E+0	5.312940E+5
1.974000E-2	0.000000E+0	5.318540E+5
1.976000E-2	0.000000E+0	5.298800E+5
1.978000E-2	0.000000E+0	5.306400E+5
1.980000E-2	0.000000E+0	5.317270E+5
1.982000E-2	0.000000E+0	5.306190E+5
1.984000E-2	0.000000E+0	5.314320E+5
1.986000E-2	0.000000E+0	5.301650E+5
1.988000E-2	0.000000E+0	5.302500E+5
1.990000E-2	0.000000E+0	5.312260E+5
1.992000E-2	0.000000E+0	5.309970E+5
1.994000E-2	0.000000E+0	5.329360E+5
1.996000E-2	0.000000E+0	5.308000E+5
1.998000E-2	0.000000E+0	5.315510E+5
