

live time:  46375.240000
real time:  64806.824000
sweeps:  2318762.000000
0.000000E+0	0.000000E+0	0.000000E+0
2.000000E-5	0.000000E+0	1.019870E+5
4.000000E-5	0.000000E+0	1.020830E+5
6.000000E-5	0.000000E+0	1.016590E+5
8.000000E-5	0.000000E+0	1.022390E+5
1.000000E-4	0.000000E+0	1.016070E+5
1.200000E-4	0.000000E+0	1.019100E+5
1.400000E-4	0.000000E+0	1.018280E+5
1.600000E-4	0.000000E+0	1.021300E+5
1.800000E-4	0.000000E+0	1.019130E+5
2.000000E-4	0.000000E+0	1.016860E+5
2.200000E-4	0.000000E+0	1.015500E+5
2.400000E-4	0.000000E+0	1.015380E+5
2.600000E-4	0.000000E+0	1.014800E+5
2.800000E-4	0.000000E+0	1.017430E+5
3.000000E-4	0.000000E+0	1.022130E+5
3.200000E-4	0.000000E+0	1.022620E+5
3.400000E-4	0.000000E+0	1.016670E+5
3.600000E-4	0.000000E+0	1.017470E+5
3.800000E-4	0.000000E+0	1.009790E+5
4.000000E-4	0.000000E+0	1.019860E+5
4.200000E-4	0.000000E+0	1.018180E+5
4.400000E-4	0.000000E+0	1.015250E+5
4.600000E-4	0.000000E+0	1.021440E+5
4.800000E-4	0.000000E+0	1.015320E+5
5.000000E-4	0.000000E+0	1.019470E+5
5.200000E-4	0.000000E+0	1.018230E+5
5.400000E-4	0.000000E+0	1.017910E+5
5.600000E-4	0.000000E+0	1.011990E+5
5.800000E-4	0.000000E+0	1.016020E+5
6.000000E-4	0.000000E+0	1.020220E+5
6.200000E-4	0.000000E+0	1.013360E+5
6.400000E-4	0.000000E+0	1.021320E+5
6.600000E-4	0.000000E+0	1.016360E+5
6.800000E-4	0.000000E+0	1.018650E+5
7.000000E-4	0.000000E+0	1.019280E+5
7.200000E-4	0.000000E+0	1.022360E+5
7.400000E-4	0.000000E+0	1.017360E+5
7.600000E-4	0.000000E+0	1.017210E+5
7.800000E-4	0.000000E+0	1.013010E+5
8.000000E-4	0.000000E+0	1.016600E+5
8.200000E-4	0.000000E+0	1.019410E+5
8.400000E-4	0.000000E+0	1.017210E+5
8.600000E-4	0.000000E+0	1.013750E+5
8.800000E-4	0.000000E+0	1.013020E+5
9.000000E-4	0.000000E+0	1.018660E+5
9.200000E-4	0.000000E+0	1.012100E+5
9.400000E-4	0.000000E+0	1.019050E+5
9.600000E-4	0.000000E+0	1.014520E+5
9.800000E-4	0.000000E+0	1.025510E+5
1.000000E-3	0.000000E+0	1.019660E+5
1.020000E-3	0.000000E+0	1.016640E+5
1.040000E-3	0.000000E+0	1.017760E+5
1.060000E-3	0.000000E+0	1.013350E+5
1.080000E-3	0.000000E+0	1.015790E+5
1.100000E-3	0.000000E+0	1.014040E+5
1.120000E-3	0.000000E+0	1.017010E+5
1.140000E-3	0.000000E+0	1.015420E+5
1.160000E-3	0.000000E+0	1.014010E+5
1.180000E-3	0.000000E+0	1.012780E+5
1.200000E-3	0.000000E+0	1.018750E+5
1.220000E-3	0.000000E+0	1.020660E+5
1.240000E-3	0.000000E+0	1.016550E+5
1.260000E-3	0.000000E+0	1.013630E+5
1.280000E-3	0.000000E+0	1.024500E+5
1.300000E-3	0.000000E+0	1.008400E+5
1.320000E-3	0.000000E+0	1.023990E+5
1.340000E-3	0.000000E+0	1.016300E+5
1.360000E-3	0.000000E+0	1.013670E+5
1.380000E-3	0.000000E+0	1.021370E+5
1.400000E-3	0.000000E+0	1.018690E+5
1.420000E-3	0.000000E+0	1.019330E+5
1.440000E-3	0.000000E+0	1.011760E+5
1.460000E-3	0.000000E+0	1.010040E+5
1.480000E-3	0.000000E+0	1.017240E+5
1.500000E-3	0.000000E+0	1.019890E+5
1.520000E-3	0.000000E+0	1.022330E+5
1.540000E-3	0.000000E+0	1.022390E+5
1.560000E-3	0.000000E+0	1.013400E+5
1.580000E-3	0.000000E+0	1.018550E+5
1.600000E-3	0.000000E+0	1.019610E+5
1.620000E-3	0.000000E+0	1.016140E+5
1.640000E-3	0.000000E+0	1.012680E+5
1.660000E-3	0.000000E+0	1.020910E+5
1.680000E-3	0.000000E+0	1.019600E+5
1.700000E-3	0.000000E+0	1.017180E+5
1.720000E-3	0.000000E+0	1.020840E+5
1.740000E-3	0.000000E+0	1.023330E+5
1.760000E-3	0.000000E+0	1.023490E+5
1.780000E-3	0.000000E+0	1.024510E+5
1.800000E-3	0.000000E+0	1.022230E+5
1.820000E-3	0.000000E+0	1.015110E+5
1.840000E-3	0.000000E+0	1.019380E+5
1.860000E-3	0.000000E+0	1.020670E+5
1.880000E-3	0.000000E+0	1.021030E+5
1.900000E-3	0.000000E+0	1.019380E+5
1.920000E-3	0.000000E+0	1.017380E+5
1.940000E-3	0.000000E+0	1.017130E+5
1.960000E-3	0.000000E+0	1.019750E+5
1.980000E-3	0.000000E+0	1.023660E+5
2.000000E-3	0.000000E+0	1.017210E+5
2.020000E-3	0.000000E+0	1.020430E+5
2.040000E-3	0.000000E+0	1.016590E+5
2.060000E-3	0.000000E+0	1.020080E+5
2.080000E-3	0.000000E+0	1.020720E+5
2.100000E-3	0.000000E+0	1.021950E+5
2.120000E-3	0.000000E+0	1.019090E+5
2.140000E-3	0.000000E+0	1.023110E+5
2.160000E-3	0.000000E+0	1.016220E+5
2.180000E-3	0.000000E+0	1.021480E+5
2.200000E-3	0.000000E+0	1.024830E+5
2.220000E-3	0.000000E+0	1.021030E+5
2.240000E-3	0.000000E+0	1.021770E+5
2.260000E-3	0.000000E+0	1.021080E+5
2.280000E-3	0.000000E+0	1.020500E+5
2.300000E-3	0.000000E+0	1.020100E+5
2.320000E-3	0.000000E+0	1.019120E+5
2.340000E-3	0.000000E+0	1.020050E+5
2.360000E-3	0.000000E+0	1.019600E+5
2.380000E-3	0.000000E+0	1.023070E+5
2.400000E-3	0.000000E+0	1.017030E+5
2.420000E-3	0.000000E+0	1.015530E+5
2.440000E-3	0.000000E+0	1.006890E+5
2.460000E-3	0.000000E+0	1.014710E+5
2.480000E-3	0.000000E+0	1.021550E+5
2.500000E-3	0.000000E+0	1.019730E+5
2.520000E-3	0.000000E+0	1.017930E+5
2.540000E-3	0.000000E+0	1.018190E+5
2.560000E-3	0.000000E+0	1.021500E+5
2.580000E-3	0.000000E+0	1.014840E+5
2.600000E-3	0.000000E+0	1.019580E+5
2.620000E-3	0.000000E+0	1.017170E+5
2.640000E-3	0.000000E+0	1.017400E+5
2.660000E-3	0.000000E+0	1.018460E+5
2.680000E-3	0.000000E+0	1.020390E+5
2.700000E-3	0.000000E+0	1.018620E+5
2.720000E-3	0.000000E+0	1.022300E+5
2.740000E-3	0.000000E+0	1.020340E+5
2.760000E-3	0.000000E+0	1.021010E+5
2.780000E-3	0.000000E+0	1.020690E+5
2.800000E-3	0.000000E+0	1.015230E+5
2.820000E-3	0.000000E+0	1.016720E+5
2.840000E-3	0.000000E+0	1.016470E+5
2.860000E-3	0.000000E+0	1.019030E+5
2.880000E-3	0.000000E+0	1.021200E+5
2.900000E-3	0.000000E+0	1.017800E+5
2.920000E-3	0.000000E+0	1.022090E+5
2.940000E-3	0.000000E+0	1.016720E+5
2.960000E-3	0.000000E+0	1.018220E+5
2.980000E-3	0.000000E+0	1.017580E+5
3.000000E-3	0.000000E+0	1.019710E+5
3.020000E-3	0.000000E+0	1.017900E+5
3.040000E-3	0.000000E+0	1.022270E+5
3.060000E-3	0.000000E+0	1.023040E+5
3.080000E-3	0.000000E+0	1.017890E+5
3.100000E-3	0.000000E+0	1.013820E+5
3.120000E-3	0.000000E+0	1.016580E+5
3.140000E-3	0.000000E+0	1.019640E+5
3.160000E-3	0.000000E+0	1.019770E+5
3.180000E-3	0.000000E+0	1.023580E+5
3.200000E-3	0.000000E+0	1.021340E+5
3.220000E-3	0.000000E+0	1.018690E+5
3.240000E-3	0.000000E+0	1.012290E+5
3.260000E-3	0.000000E+0	1.022060E+5
3.280000E-3	0.000000E+0	1.017680E+5
3.300000E-3	0.000000E+0	1.014080E+5
3.320000E-3	0.000000E+0	1.017940E+5
3.340000E-3	0.000000E+0	1.017790E+5
3.360000E-3	0.000000E+0	1.018350E+5
3.380000E-3	0.000000E+0	1.013750E+5
3.400000E-3	0.000000E+0	1.022480E+5
3.420000E-3	0.000000E+0	1.019040E+5
3.440000E-3	0.000000E+0	1.017850E+5
3.460000E-3	0.000000E+0	1.020160E+5
3.480000E-3	0.000000E+0	1.018590E+5
3.500000E-3	0.000000E+0	1.023250E+5
3.520000E-3	0.000000E+0	1.018130E+5
3.540000E-3	0.000000E+0	1.015930E+5
3.560000E-3	0.000000E+0	1.014870E+5
3.580000E-3	0.000000E+0	1.016410E+5
3.600000E-3	0.000000E+0	1.017890E+5
3.620000E-3	0.000000E+0	1.010840E+5
3.640000E-3	0.000000E+0	1.019500E+5
3.660000E-3	0.000000E+0	1.019190E+5
3.680000E-3	0.000000E+0	1.014550E+5
3.700000E-3	0.000000E+0	1.018040E+5
3.720000E-3	0.000000E+0	1.021240E+5
3.740000E-3	0.000000E+0	1.020230E+5
3.760000E-3	0.000000E+0	1.022880E+5
3.780000E-3	0.000000E+0	1.019100E+5
3.800000E-3	0.000000E+0	1.018650E+5
3.820000E-3	0.000000E+0	1.015740E+5
3.840000E-3	0.000000E+0	1.019190E+5
3.860000E-3	0.000000E+0	1.015230E+5
3.880000E-3	0.000000E+0	1.018170E+5
3.900000E-3	0.000000E+0	1.017790E+5
3.920000E-3	0.000000E+0	1.024630E+5
3.940000E-3	0.000000E+0	1.023970E+5
3.960000E-3	0.000000E+0	1.019580E+5
3.980000E-3	0.000000E+0	1.017770E+5
4.000000E-3	0.000000E+0	1.023810E+5
4.020000E-3	0.000000E+0	1.016460E+5
4.040000E-3	0.000000E+0	1.015060E+5
4.060000E-3	0.000000E+0	1.017530E+5
4.080000E-3	0.000000E+0	1.017780E+5
4.100000E-3	0.000000E+0	1.018920E+5
4.120000E-3	0.000000E+0	1.017470E+5
4.140000E-3	0.000000E+0	1.019680E+5
4.160000E-3	0.000000E+0	1.020110E+5
4.180000E-3	0.000000E+0	1.011290E+5
4.200000E-3	0.000000E+0	1.011100E+5
4.220000E-3	0.000000E+0	1.011790E+5
4.240000E-3	0.000000E+0	1.021470E+5
4.260000E-3	0.000000E+0	1.012160E+5
4.280000E-3	0.000000E+0	1.016480E+5
4.300000E-3	0.000000E+0	1.021970E+5
4.320000E-3	0.000000E+0	1.015360E+5
4.340000E-3	0.000000E+0	1.018660E+5
4.360000E-3	0.000000E+0	1.020650E+5
4.380000E-3	0.000000E+0	1.010690E+5
4.400000E-3	0.000000E+0	1.023860E+5
4.420000E-3	0.000000E+0	1.020050E+5
4.440000E-3	0.000000E+0	1.015920E+5
4.460000E-3	0.000000E+0	1.018650E+5
4.480000E-3	0.000000E+0	1.010200E+5
4.500000E-3	0.000000E+0	1.014240E+5
4.520000E-3	0.000000E+0	1.018340E+5
4.540000E-3	0.000000E+0	1.018480E+5
4.560000E-3	0.000000E+0	1.016030E+5
4.580000E-3	0.000000E+0	1.016680E+5
4.600000E-3	0.000000E+0	1.014730E+5
4.620000E-3	0.000000E+0	1.016210E+5
4.640000E-3	0.000000E+0	1.015850E+5
4.660000E-3	0.000000E+0	1.017820E+5
4.680000E-3	0.000000E+0	1.020120E+5
4.700000E-3	0.000000E+0	1.019150E+5
4.720000E-3	0.000000E+0	1.019480E+5
4.740000E-3	0.000000E+0	1.006630E+5
4.760000E-3	0.000000E+0	1.019280E+5
4.780000E-3	0.000000E+0	1.018110E+5
4.800000E-3	0.000000E+0	1.019160E+5
4.820000E-3	0.000000E+0	1.014560E+5
4.840000E-3	0.000000E+0	1.021380E+5
4.860000E-3	0.000000E+0	1.020240E+5
4.880000E-3	0.000000E+0	1.014850E+5
4.900000E-3	0.000000E+0	1.010900E+5
4.920000E-3	0.000000E+0	1.007830E+5
4.940000E-3	0.000000E+0	1.006320E+5
4.960000E-3	0.000000E+0	1.003730E+5
4.980000E-3	0.000000E+0	1.005350E+5
5.000000E-3	0.000000E+0	1.002410E+5
5.020000E-3	0.000000E+0	1.001110E+5
5.040000E-3	0.000000E+0	9.937100E+4
5.060000E-3	0.000000E+0	9.894900E+4
5.080000E-3	0.000000E+0	9.863800E+4
5.100000E-3	0.000000E+0	9.848500E+4
5.120000E-3	0.000000E+0	9.884800E+4
5.140000E-3	0.000000E+0	9.913800E+4
5.160000E-3	0.000000E+0	9.922100E+4
5.180000E-3	0.000000E+0	9.936600E+4
5.200000E-3	0.000000E+0	9.996700E+4
5.220000E-3	0.000000E+0	1.002010E+5
5.240000E-3	0.000000E+0	1.003870E+5
5.260000E-3	0.000000E+0	1.009590E+5
5.280000E-3	0.000000E+0	1.005230E+5
5.300000E-3	0.000000E+0	1.009180E+5
5.320000E-3	0.000000E+0	1.013200E+5
5.340000E-3	0.000000E+0	1.016480E+5
5.360000E-3	0.000000E+0	1.014450E+5
5.380000E-3	0.000000E+0	1.014540E+5
5.400000E-3	0.000000E+0	1.017830E+5
5.420000E-3	0.000000E+0	1.017810E+5
5.440000E-3	0.000000E+0	1.010530E+5
5.460000E-3	0.000000E+0	1.015000E+5
5.480000E-3	0.000000E+0	1.013460E+5
5.500000E-3	0.000000E+0	1.013650E+5
5.520000E-3	0.000000E+0	1.010480E+5
5.540000E-3	0.000000E+0	1.015490E+5
5.560000E-3	0.000000E+0	1.008360E+5
5.580000E-3	0.000000E+0	1.008590E+5
5.600000E-3	0.000000E+0	9.984500E+4
5.620000E-3	0.000000E+0	9.997200E+4
5.640000E-3	0.000000E+0	1.000370E+5
5.660000E-3	0.000000E+0	1.004530E+5
5.680000E-3	0.000000E+0	1.003760E+5
5.700000E-3	0.000000E+0	9.975100E+4
5.720000E-3	0.000000E+0	9.919400E+4
5.740000E-3	0.000000E+0	9.853100E+4
5.760000E-3	0.000000E+0	9.857500E+4
5.780000E-3	0.000000E+0	9.952900E+4
5.800000E-3	0.000000E+0	9.940400E+4
5.820000E-3	0.000000E+0	9.981300E+4
5.840000E-3	0.000000E+0	9.997800E+4
5.860000E-3	0.000000E+0	1.003350E+5
5.880000E-3	0.000000E+0	1.003420E+5
5.900000E-3	0.000000E+0	1.010160E+5
5.920000E-3	0.000000E+0	1.012190E+5
5.940000E-3	0.000000E+0	1.007480E+5
5.960000E-3	0.000000E+0	1.012340E+5
5.980000E-3	0.000000E+0	1.018360E+5
6.000000E-3	0.000000E+0	1.017450E+5
6.020000E-3	0.000000E+0	1.023080E+5
6.040000E-3	0.000000E+0	1.020000E+5
6.060000E-3	0.000000E+0	1.015660E+5
6.080000E-3	0.000000E+0	1.017590E+5
6.100000E-3	0.000000E+0	1.014690E+5
6.120000E-3	0.000000E+0	1.013370E+5
6.140000E-3	0.000000E+0	1.013430E+5
6.160000E-3	0.000000E+0	1.015330E+5
6.180000E-3	0.000000E+0	1.015340E+5
6.200000E-3	0.000000E+0	1.016440E+5
6.220000E-3	0.000000E+0	1.016500E+5
6.240000E-3	0.000000E+0	1.011430E+5
6.260000E-3	0.000000E+0	1.016900E+5
6.280000E-3	0.000000E+0	1.019110E+5
6.300000E-3	0.000000E+0	1.016400E+5
6.320000E-3	0.000000E+0	1.017110E+5
6.340000E-3	0.000000E+0	1.019820E+5
6.360000E-3	0.000000E+0	1.010890E+5
6.380000E-3	0.000000E+0	1.016240E+5
6.400000E-3	0.000000E+0	1.015900E+5
6.420000E-3	0.000000E+0	1.018600E+5
6.440000E-3	0.000000E+0	1.019990E+5
6.460000E-3	0.000000E+0	1.016850E+5
6.480000E-3	0.000000E+0	1.016690E+5
6.500000E-3	0.000000E+0	1.014900E+5
6.520000E-3	0.000000E+0	1.019400E+5
6.540000E-3	0.000000E+0	1.016160E+5
6.560000E-3	0.000000E+0	1.024350E+5
6.580000E-3	0.000000E+0	1.019310E+5
6.600000E-3	0.000000E+0	1.026440E+5
6.620000E-3	0.000000E+0	1.018840E+5
6.640000E-3	0.000000E+0	1.015530E+5
6.660000E-3	0.000000E+0	1.008270E+5
6.680000E-3	0.000000E+0	1.014970E+5
6.700000E-3	0.000000E+0	1.015530E+5
6.720000E-3	0.000000E+0	1.016640E+5
6.740000E-3	0.000000E+0	1.019270E+5
6.760000E-3	0.000000E+0	1.026310E+5
6.780000E-3	0.000000E+0	1.013840E+5
6.800000E-3	0.000000E+0	1.020110E+5
6.820000E-3	0.000000E+0	1.013580E+5
6.840000E-3	0.000000E+0	1.013910E+5
6.860000E-3	0.000000E+0	1.017570E+5
6.880000E-3	0.000000E+0	1.022160E+5
6.900000E-3	0.000000E+0	1.015770E+5
6.920000E-3	0.000000E+0	1.020740E+5
6.940000E-3	0.000000E+0	1.015350E+5
6.960000E-3	0.000000E+0	1.016810E+5
6.980000E-3	0.000000E+0	1.018350E+5
7.000000E-3	0.000000E+0	1.019750E+5
7.020000E-3	0.000000E+0	1.010800E+5
7.040000E-3	0.000000E+0	1.014930E+5
7.060000E-3	0.000000E+0	1.016260E+5
7.080000E-3	0.000000E+0	1.018200E+5
7.100000E-3	0.000000E+0	1.021690E+5
7.120000E-3	0.000000E+0	1.019530E+5
7.140000E-3	0.000000E+0	1.022560E+5
7.160000E-3	0.000000E+0	1.019190E+5
7.180000E-3	0.000000E+0	1.017740E+5
7.200000E-3	0.000000E+0	1.016620E+5
7.220000E-3	0.000000E+0	1.016310E+5
7.240000E-3	0.000000E+0	1.018560E+5
7.260000E-3	0.000000E+0	1.015420E+5
7.280000E-3	0.000000E+0	1.015020E+5
7.300000E-3	0.000000E+0	1.019510E+5
7.320000E-3	0.000000E+0	1.022910E+5
7.340000E-3	0.000000E+0	1.022520E+5
7.360000E-3	0.000000E+0	1.017410E+5
7.380000E-3	0.000000E+0	1.019610E+5
7.400000E-3	0.000000E+0	1.016180E+5
7.420000E-3	0.000000E+0	1.016300E+5
7.440000E-3	0.000000E+0	1.018820E+5
7.460000E-3	0.000000E+0	1.019820E+5
7.480000E-3	0.000000E+0	1.015610E+5
7.500000E-3	0.000000E+0	1.021520E+5
7.520000E-3	0.000000E+0	1.022820E+5
7.540000E-3	0.000000E+0	1.019360E+5
7.560000E-3	0.000000E+0	1.021280E+5
7.580000E-3	0.000000E+0	1.017230E+5
7.600000E-3	0.000000E+0	1.015940E+5
7.620000E-3	0.000000E+0	1.018120E+5
7.640000E-3	0.000000E+0	1.025490E+5
7.660000E-3	0.000000E+0	1.014620E+5
7.680000E-3	0.000000E+0	1.014890E+5
7.700000E-3	0.000000E+0	1.013560E+5
7.720000E-3	0.000000E+0	1.017140E+5
7.740000E-3	0.000000E+0	1.016570E+5
7.760000E-3	0.000000E+0	1.014790E+5
7.780000E-3	0.000000E+0	1.022760E+5
7.800000E-3	0.000000E+0	1.017320E+5
7.820000E-3	0.000000E+0	1.017010E+5
7.840000E-3	0.000000E+0	1.022410E+5
7.860000E-3	0.000000E+0	1.018130E+5
7.880000E-3	0.000000E+0	1.020520E+5
7.900000E-3	0.000000E+0	1.017530E+5
7.920000E-3	0.000000E+0	1.014870E+5
7.940000E-3	0.000000E+0	1.017560E+5
7.960000E-3	0.000000E+0	1.018970E+5
7.980000E-3	0.000000E+0	1.018410E+5
8.000000E-3	0.000000E+0	1.021530E+5
8.020000E-3	0.000000E+0	1.020200E+5
8.040000E-3	0.000000E+0	1.013020E+5
8.060000E-3	0.000000E+0	1.018660E+5
8.080000E-3	0.000000E+0	1.015470E+5
8.100000E-3	0.000000E+0	1.013250E+5
8.120000E-3	0.000000E+0	1.018540E+5
8.140000E-3	0.000000E+0	1.014870E+5
8.160000E-3	0.000000E+0	1.021870E+5
8.180000E-3	0.000000E+0	1.016960E+5
8.200000E-3	0.000000E+0	1.015230E+5
8.220000E-3	0.000000E+0	1.016970E+5
8.240000E-3	0.000000E+0	1.016330E+5
8.260000E-3	0.000000E+0	1.023280E+5
8.280000E-3	0.000000E+0	1.017580E+5
8.300000E-3	0.000000E+0	1.018790E+5
8.320000E-3	0.000000E+0	1.016740E+5
8.340000E-3	0.000000E+0	1.018990E+5
8.360000E-3	0.000000E+0	1.014230E+5
8.380000E-3	0.000000E+0	1.015150E+5
8.400000E-3	0.000000E+0	1.016570E+5
8.420000E-3	0.000000E+0	1.023390E+5
8.440000E-3	0.000000E+0	1.018400E+5
8.460000E-3	0.000000E+0	1.019040E+5
8.480000E-3	0.000000E+0	1.023380E+5
8.500000E-3	0.000000E+0	1.012760E+5
8.520000E-3	0.000000E+0	1.017860E+5
8.540000E-3	0.000000E+0	1.016810E+5
8.560000E-3	0.000000E+0	1.017840E+5
8.580000E-3	0.000000E+0	1.021830E+5
8.600000E-3	0.000000E+0	1.014810E+5
8.620000E-3	0.000000E+0	1.024500E+5
8.640000E-3	0.000000E+0	1.020240E+5
8.660000E-3	0.000000E+0	1.014240E+5
8.680000E-3	0.000000E+0	1.021660E+5
8.700000E-3	0.000000E+0	1.016090E+5
8.720000E-3	0.000000E+0	1.020950E+5
8.740000E-3	0.000000E+0	1.014630E+5
8.760000E-3	0.000000E+0	1.020430E+5
8.780000E-3	0.000000E+0	1.021700E+5
8.800000E-3	0.000000E+0	1.020680E+5
8.820000E-3	0.000000E+0	1.017770E+5
8.840000E-3	0.000000E+0	1.018050E+5
8.860000E-3	0.000000E+0	1.020270E+5
8.880000E-3	0.000000E+0	1.016670E+5
8.900000E-3	0.000000E+0	1.020730E+5
8.920000E-3	0.000000E+0	1.012750E+5
8.940000E-3	0.000000E+0	1.014220E+5
8.960000E-3	0.000000E+0	1.024030E+5
8.980000E-3	0.000000E+0	1.011720E+5
9.000000E-3	0.000000E+0	1.015430E+5
9.020000E-3	0.000000E+0	1.018430E+5
9.040000E-3	0.000000E+0	1.018460E+5
9.060000E-3	0.000000E+0	1.026060E+5
9.080000E-3	0.000000E+0	1.018930E+5
9.100000E-3	0.000000E+0	1.020910E+5
9.120000E-3	0.000000E+0	1.020040E+5
9.140000E-3	0.000000E+0	1.015810E+5
9.160000E-3	0.000000E+0	1.020750E+5
9.180000E-3	0.000000E+0	1.019230E+5
9.200000E-3	0.000000E+0	1.022550E+5
9.220000E-3	0.000000E+0	1.018950E+5
9.240000E-3	0.000000E+0	1.017090E+5
9.260000E-3	0.000000E+0	1.024170E+5
9.280000E-3	0.000000E+0	1.018580E+5
9.300000E-3	0.000000E+0	1.020550E+5
9.320000E-3	0.000000E+0	1.013220E+5
9.340000E-3	0.000000E+0	1.018600E+5
9.360000E-3	0.000000E+0	1.014030E+5
9.380000E-3	0.000000E+0	1.020250E+5
9.400000E-3	0.000000E+0	1.022550E+5
9.420000E-3	0.000000E+0	1.020410E+5
9.440000E-3	0.000000E+0	1.018530E+5
9.460000E-3	0.000000E+0	1.023670E+5
9.480000E-3	0.000000E+0	1.014270E+5
9.500000E-3	0.000000E+0	1.018070E+5
9.520000E-3	0.000000E+0	1.021450E+5
9.540000E-3	0.000000E+0	1.011500E+5
9.560000E-3	0.000000E+0	1.020210E+5
9.580000E-3	0.000000E+0	1.020250E+5
9.600000E-3	0.000000E+0	1.018980E+5
9.620000E-3	0.000000E+0	1.010260E+5
9.640000E-3	0.000000E+0	1.019940E+5
9.660000E-3	0.000000E+0	1.021540E+5
9.680000E-3	0.000000E+0	1.013780E+5
9.700000E-3	0.000000E+0	1.021710E+5
9.720000E-3	0.000000E+0	1.018410E+5
9.740000E-3	0.000000E+0	1.015400E+5
9.760000E-3	0.000000E+0	1.012120E+5
9.780000E-3	0.000000E+0	1.019190E+5
9.800000E-3	0.000000E+0	1.016670E+5
9.820000E-3	0.000000E+0	1.019950E+5
9.840000E-3	0.000000E+0	1.017370E+5
9.860000E-3	0.000000E+0	1.019380E+5
9.880000E-3	0.000000E+0	1.022840E+5
9.900000E-3	0.000000E+0	1.018810E+5
9.920000E-3	0.000000E+0	1.017910E+5
9.940000E-3	0.000000E+0	1.010410E+5
9.960000E-3	0.000000E+0	1.017100E+5
9.980000E-3	0.000000E+0	1.021610E+5
1.000000E-2	0.000000E+0	1.016420E+5
1.002000E-2	0.000000E+0	1.015120E+5
1.004000E-2	0.000000E+0	1.016770E+5
1.006000E-2	0.000000E+0	1.022300E+5
1.008000E-2	0.000000E+0	1.016270E+5
1.010000E-2	0.000000E+0	1.016540E+5
1.012000E-2	0.000000E+0	1.020100E+5
1.014000E-2	0.000000E+0	1.023070E+5
1.016000E-2	0.000000E+0	1.019290E+5
1.018000E-2	0.000000E+0	1.022430E+5
1.020000E-2	0.000000E+0	1.018280E+5
1.022000E-2	0.000000E+0	1.019890E+5
1.024000E-2	0.000000E+0	1.017190E+5
1.026000E-2	0.000000E+0	1.027250E+5
1.028000E-2	0.000000E+0	1.018400E+5
1.030000E-2	0.000000E+0	1.019490E+5
1.032000E-2	0.000000E+0	1.020030E+5
1.034000E-2	0.000000E+0	1.017350E+5
1.036000E-2	0.000000E+0	1.017490E+5
1.038000E-2	0.000000E+0	1.019650E+5
1.040000E-2	0.000000E+0	1.019220E+5
1.042000E-2	0.000000E+0	1.019720E+5
1.044000E-2	0.000000E+0	1.017590E+5
1.046000E-2	0.000000E+0	1.016760E+5
1.048000E-2	0.000000E+0	1.019410E+5
1.050000E-2	0.000000E+0	1.018340E+5
1.052000E-2	0.000000E+0	1.019930E+5
1.054000E-2	0.000000E+0	1.021640E+5
1.056000E-2	0.000000E+0	1.022110E+5
1.058000E-2	0.000000E+0	1.019290E+5
1.060000E-2	0.000000E+0	1.018320E+5
1.062000E-2	0.000000E+0	1.015300E+5
1.064000E-2	0.000000E+0	1.020140E+5
1.066000E-2	0.000000E+0	1.020890E+5
1.068000E-2	0.000000E+0	1.022210E+5
1.070000E-2	0.000000E+0	1.012630E+5
1.072000E-2	0.000000E+0	1.018110E+5
1.074000E-2	0.000000E+0	1.022000E+5
1.076000E-2	0.000000E+0	1.022140E+5
1.078000E-2	0.000000E+0	1.021130E+5
1.080000E-2	0.000000E+0	1.017230E+5
1.082000E-2	0.000000E+0	1.027240E+5
1.084000E-2	0.000000E+0	1.014860E+5
1.086000E-2	0.000000E+0	1.016850E+5
1.088000E-2	0.000000E+0	1.019480E+5
1.090000E-2	0.000000E+0	1.018550E+5
1.092000E-2	0.000000E+0	1.020280E+5
1.094000E-2	0.000000E+0	1.015960E+5
1.096000E-2	0.000000E+0	1.021510E+5
1.098000E-2	0.000000E+0	1.016850E+5
1.100000E-2	0.000000E+0	1.020060E+5
1.102000E-2	0.000000E+0	1.016070E+5
1.104000E-2	0.000000E+0	1.020960E+5
1.106000E-2	0.000000E+0	1.022430E+5
1.108000E-2	0.000000E+0	1.019010E+5
1.110000E-2	0.000000E+0	1.020620E+5
1.112000E-2	0.000000E+0	1.020530E+5
1.114000E-2	0.000000E+0	1.023350E+5
1.116000E-2	0.000000E+0	1.015020E+5
1.118000E-2	0.000000E+0	1.020850E+5
1.120000E-2	0.000000E+0	1.018660E+5
1.122000E-2	0.000000E+0	1.025480E+5
1.124000E-2	0.000000E+0	1.021360E+5
1.126000E-2	0.000000E+0	1.013490E+5
1.128000E-2	0.000000E+0	1.012850E+5
1.130000E-2	0.000000E+0	1.016400E+5
1.132000E-2	0.000000E+0	1.021840E+5
1.134000E-2	0.000000E+0	1.016540E+5
1.136000E-2	0.000000E+0	1.024780E+5
1.138000E-2	0.000000E+0	1.018470E+5
1.140000E-2	0.000000E+0	1.022530E+5
1.142000E-2	0.000000E+0	1.020930E+5
1.144000E-2	0.000000E+0	1.015970E+5
1.146000E-2	0.000000E+0	1.018080E+5
1.148000E-2	0.000000E+0	1.021460E+5
1.150000E-2	0.000000E+0	1.021350E+5
1.152000E-2	0.000000E+0	1.015370E+5
1.154000E-2	0.000000E+0	1.012110E+5
1.156000E-2	0.000000E+0	1.016880E+5
1.158000E-2	0.000000E+0	1.015990E+5
1.160000E-2	0.000000E+0	1.017840E+5
1.162000E-2	0.000000E+0	1.017770E+5
1.164000E-2	0.000000E+0	1.022930E+5
1.166000E-2	0.000000E+0	1.021410E+5
1.168000E-2	0.000000E+0	1.020630E+5
1.170000E-2	0.000000E+0	1.024210E+5
1.172000E-2	0.000000E+0	1.013310E+5
1.174000E-2	0.000000E+0	1.018870E+5
1.176000E-2	0.000000E+0	1.018420E+5
1.178000E-2	0.000000E+0	1.013050E+5
1.180000E-2	0.000000E+0	1.023840E+5
1.182000E-2	0.000000E+0	1.012970E+5
1.184000E-2	0.000000E+0	1.015820E+5
1.186000E-2	0.000000E+0	1.019880E+5
1.188000E-2	0.000000E+0	1.018800E+5
1.190000E-2	0.000000E+0	1.013650E+5
1.192000E-2	0.000000E+0	1.015280E+5
1.194000E-2	0.000000E+0	1.022740E+5
1.196000E-2	0.000000E+0	1.019740E+5
1.198000E-2	0.000000E+0	1.014640E+5
1.200000E-2	0.000000E+0	1.017450E+5
1.202000E-2	0.000000E+0	1.023930E+5
1.204000E-2	0.000000E+0	1.022660E+5
1.206000E-2	0.000000E+0	1.017940E+5
1.208000E-2	0.000000E+0	1.023080E+5
1.210000E-2	0.000000E+0	1.015100E+5
1.212000E-2	0.000000E+0	1.016400E+5
1.214000E-2	0.000000E+0	1.011360E+5
1.216000E-2	0.000000E+0	1.013880E+5
1.218000E-2	0.000000E+0	1.023360E+5
1.220000E-2	0.000000E+0	1.013710E+5
1.222000E-2	0.000000E+0	1.014860E+5
1.224000E-2	0.000000E+0	1.019350E+5
1.226000E-2	0.000000E+0	1.020030E+5
1.228000E-2	0.000000E+0	1.020810E+5
1.230000E-2	0.000000E+0	1.021850E+5
1.232000E-2	0.000000E+0	1.018130E+5
1.234000E-2	0.000000E+0	1.020130E+5
1.236000E-2	0.000000E+0	1.018180E+5
1.238000E-2	0.000000E+0	1.019780E+5
1.240000E-2	0.000000E+0	1.024940E+5
1.242000E-2	0.000000E+0	1.022070E+5
1.244000E-2	0.000000E+0	1.015520E+5
1.246000E-2	0.000000E+0	1.015900E+5
1.248000E-2	0.000000E+0	1.021150E+5
1.250000E-2	0.000000E+0	1.014120E+5
1.252000E-2	0.000000E+0	1.023880E+5
1.254000E-2	0.000000E+0	1.022180E+5
1.256000E-2	0.000000E+0	1.016620E+5
1.258000E-2	0.000000E+0	1.016370E+5
1.260000E-2	0.000000E+0	1.020410E+5
1.262000E-2	0.000000E+0	1.016640E+5
1.264000E-2	0.000000E+0	1.015480E+5
1.266000E-2	0.000000E+0	1.026060E+5
1.268000E-2	0.000000E+0	1.019650E+5
1.270000E-2	0.000000E+0	1.018400E+5
1.272000E-2	0.000000E+0	1.022470E+5
1.274000E-2	0.000000E+0	1.014710E+5
1.276000E-2	0.000000E+0	1.022530E+5
1.278000E-2	0.000000E+0	1.017620E+5
1.280000E-2	0.000000E+0	1.014470E+5
1.282000E-2	0.000000E+0	1.021430E+5
1.284000E-2	0.000000E+0	1.018380E+5
1.286000E-2	0.000000E+0	1.024550E+5
1.288000E-2	0.000000E+0	1.020650E+5
1.290000E-2	0.000000E+0	1.021840E+5
1.292000E-2	0.000000E+0	1.019620E+5
1.294000E-2	0.000000E+0	1.017150E+5
1.296000E-2	0.000000E+0	1.020890E+5
1.298000E-2	0.000000E+0	1.019040E+5
1.300000E-2	0.000000E+0	1.021060E+5
1.302000E-2	0.000000E+0	1.020530E+5
1.304000E-2	0.000000E+0	1.022430E+5
1.306000E-2	0.000000E+0	1.014600E+5
1.308000E-2	0.000000E+0	1.022340E+5
1.310000E-2	0.000000E+0	1.021290E+5
1.312000E-2	0.000000E+0	1.019180E+5
1.314000E-2	0.000000E+0	1.024620E+5
1.316000E-2	0.000000E+0	1.014890E+5
1.318000E-2	0.000000E+0	1.020040E+5
1.320000E-2	0.000000E+0	1.021970E+5
1.322000E-2	0.000000E+0	1.022190E+5
1.324000E-2	0.000000E+0	1.018950E+5
1.326000E-2	0.000000E+0	1.022250E+5
1.328000E-2	0.000000E+0	1.023200E+5
1.330000E-2	0.000000E+0	1.018910E+5
1.332000E-2	0.000000E+0	1.022610E+5
1.334000E-2	0.000000E+0	1.019650E+5
1.336000E-2	0.000000E+0	1.022090E+5
1.338000E-2	0.000000E+0	1.020670E+5
1.340000E-2	0.000000E+0	1.019120E+5
1.342000E-2	0.000000E+0	1.015500E+5
1.344000E-2	0.000000E+0	1.020240E+5
1.346000E-2	0.000000E+0	1.015410E+5
1.348000E-2	0.000000E+0	1.020420E+5
1.350000E-2	0.000000E+0	1.021090E+5
1.352000E-2	0.000000E+0	1.018760E+5
1.354000E-2	0.000000E+0	1.020580E+5
1.356000E-2	0.000000E+0	1.022390E+5
1.358000E-2	0.000000E+0	1.023860E+5
1.360000E-2	0.000000E+0	1.013530E+5
1.362000E-2	0.000000E+0	1.023660E+5
1.364000E-2	0.000000E+0	1.016100E+5
1.366000E-2	0.000000E+0	1.021210E+5
1.368000E-2	0.000000E+0	1.024590E+5
1.370000E-2	0.000000E+0	1.019660E+5
1.372000E-2	0.000000E+0	1.019230E+5
1.374000E-2	0.000000E+0	1.015580E+5
1.376000E-2	0.000000E+0	1.016930E+5
1.378000E-2	0.000000E+0	1.013160E+5
1.380000E-2	0.000000E+0	1.019770E+5
1.382000E-2	0.000000E+0	1.016930E+5
1.384000E-2	0.000000E+0	1.022510E+5
1.386000E-2	0.000000E+0	1.019390E+5
1.388000E-2	0.000000E+0	1.018460E+5
1.390000E-2	0.000000E+0	1.018110E+5
1.392000E-2	0.000000E+0	1.023830E+5
1.394000E-2	0.000000E+0	1.022080E+5
1.396000E-2	0.000000E+0	1.020640E+5
1.398000E-2	0.000000E+0	1.022520E+5
1.400000E-2	0.000000E+0	1.025880E+5
1.402000E-2	0.000000E+0	1.016510E+5
1.404000E-2	0.000000E+0	1.021280E+5
1.406000E-2	0.000000E+0	1.016320E+5
1.408000E-2	0.000000E+0	1.018250E+5
1.410000E-2	0.000000E+0	1.015470E+5
1.412000E-2	0.000000E+0	1.021970E+5
1.414000E-2	0.000000E+0	1.017340E+5
1.416000E-2	0.000000E+0	1.019110E+5
1.418000E-2	0.000000E+0	1.016430E+5
1.420000E-2	0.000000E+0	1.020280E+5
1.422000E-2	0.000000E+0	1.020670E+5
1.424000E-2	0.000000E+0	1.014480E+5
1.426000E-2	0.000000E+0	1.017350E+5
1.428000E-2	0.000000E+0	1.022820E+5
1.430000E-2	0.000000E+0	1.019120E+5
1.432000E-2	0.000000E+0	1.022430E+5
1.434000E-2	0.000000E+0	1.014220E+5
1.436000E-2	0.000000E+0	1.020910E+5
1.438000E-2	0.000000E+0	1.022150E+5
1.440000E-2	0.000000E+0	1.022890E+5
1.442000E-2	0.000000E+0	1.023220E+5
1.444000E-2	0.000000E+0	1.013300E+5
1.446000E-2	0.000000E+0	1.020920E+5
1.448000E-2	0.000000E+0	1.018940E+5
1.450000E-2	0.000000E+0	1.015860E+5
1.452000E-2	0.000000E+0	1.018270E+5
1.454000E-2	0.000000E+0	1.015330E+5
1.456000E-2	0.000000E+0	1.019660E+5
1.458000E-2	0.000000E+0	1.012290E+5
1.460000E-2	0.000000E+0	1.018970E+5
1.462000E-2	0.000000E+0	1.016020E+5
1.464000E-2	0.000000E+0	1.015550E+5
1.466000E-2	0.000000E+0	1.019090E+5
1.468000E-2	0.000000E+0	1.020410E+5
1.470000E-2	0.000000E+0	1.018050E+5
1.472000E-2	0.000000E+0	1.017190E+5
1.474000E-2	0.000000E+0	1.016840E+5
1.476000E-2	0.000000E+0	1.026830E+5
1.478000E-2	0.000000E+0	1.026790E+5
1.480000E-2	0.000000E+0	1.013480E+5
1.482000E-2	0.000000E+0	1.017770E+5
1.484000E-2	0.000000E+0	1.019460E+5
1.486000E-2	0.000000E+0	1.014110E+5
1.488000E-2	0.000000E+0	1.020830E+5
1.490000E-2	0.000000E+0	1.017110E+5
1.492000E-2	0.000000E+0	1.016130E+5
1.494000E-2	0.000000E+0	1.015570E+5
1.496000E-2	0.000000E+0	1.007450E+5
1.498000E-2	0.000000E+0	1.011880E+5
1.500000E-2	0.000000E+0	1.002390E+5
1.502000E-2	0.000000E+0	1.003760E+5
1.504000E-2	0.000000E+0	1.002170E+5
1.506000E-2	0.000000E+0	1.006390E+5
1.508000E-2	0.000000E+0	1.001960E+5
1.510000E-2	0.000000E+0	9.941600E+4
1.512000E-2	0.000000E+0	9.876400E+4
1.514000E-2	0.000000E+0	9.890400E+4
1.516000E-2	0.000000E+0	9.898100E+4
1.518000E-2	0.000000E+0	9.924500E+4
1.520000E-2	0.000000E+0	9.952200E+4
1.522000E-2	0.000000E+0	9.995400E+4
1.524000E-2	0.000000E+0	1.002490E+5
1.526000E-2	0.000000E+0	1.008650E+5
1.528000E-2	0.000000E+0	1.012880E+5
1.530000E-2	0.000000E+0	1.009740E+5
1.532000E-2	0.000000E+0	1.016270E+5
1.534000E-2	0.000000E+0	1.021090E+5
1.536000E-2	0.000000E+0	1.014370E+5
1.538000E-2	0.000000E+0	1.019480E+5
1.540000E-2	0.000000E+0	1.020040E+5
1.542000E-2	0.000000E+0	1.016640E+5
1.544000E-2	0.000000E+0	1.012940E+5
1.546000E-2	0.000000E+0	1.020160E+5
1.548000E-2	0.000000E+0	1.017370E+5
1.550000E-2	0.000000E+0	1.013070E+5
1.552000E-2	0.000000E+0	1.021460E+5
1.554000E-2	0.000000E+0	1.018180E+5
1.556000E-2	0.000000E+0	1.014990E+5
1.558000E-2	0.000000E+0	1.012180E+5
1.560000E-2	0.000000E+0	1.011790E+5
1.562000E-2	0.000000E+0	1.005260E+5
1.564000E-2	0.000000E+0	1.006830E+5
1.566000E-2	0.000000E+0	1.000890E+5
1.568000E-2	0.000000E+0	9.958400E+4
1.570000E-2	0.000000E+0	9.989600E+4
1.572000E-2	0.000000E+0	9.970900E+4
1.574000E-2	0.000000E+0	9.979900E+4
1.576000E-2	0.000000E+0	9.927300E+4
1.578000E-2	0.000000E+0	9.842600E+4
1.580000E-2	0.000000E+0	9.862000E+4
1.582000E-2	0.000000E+0	9.915600E+4
1.584000E-2	0.000000E+0	9.990700E+4
1.586000E-2	0.000000E+0	9.938900E+4
1.588000E-2	0.000000E+0	1.002060E+5
1.590000E-2	0.000000E+0	1.003240E+5
1.592000E-2	0.000000E+0	1.012030E+5
1.594000E-2	0.000000E+0	1.010840E+5
1.596000E-2	0.000000E+0	1.011340E+5
1.598000E-2	0.000000E+0	1.016810E+5
1.600000E-2	0.000000E+0	1.020960E+5
1.602000E-2	0.000000E+0	1.018550E+5
1.604000E-2	0.000000E+0	1.017550E+5
1.606000E-2	0.000000E+0	1.015140E+5
1.608000E-2	0.000000E+0	1.021310E+5
1.610000E-2	0.000000E+0	1.018370E+5
1.612000E-2	0.000000E+0	1.018410E+5
1.614000E-2	0.000000E+0	1.021610E+5
1.616000E-2	0.000000E+0	1.018910E+5
1.618000E-2	0.000000E+0	1.014230E+5
1.620000E-2	0.000000E+0	1.020480E+5
1.622000E-2	0.000000E+0	1.018770E+5
1.624000E-2	0.000000E+0	1.015160E+5
1.626000E-2	0.000000E+0	1.020510E+5
1.628000E-2	0.000000E+0	1.022760E+5
1.630000E-2	0.000000E+0	1.022220E+5
1.632000E-2	0.000000E+0	1.019970E+5
1.634000E-2	0.000000E+0	1.017230E+5
1.636000E-2	0.000000E+0	1.023180E+5
1.638000E-2	0.000000E+0	1.016170E+5
1.640000E-2	0.000000E+0	1.017170E+5
1.642000E-2	0.000000E+0	1.020950E+5
1.644000E-2	0.000000E+0	1.017550E+5
1.646000E-2	0.000000E+0	1.021690E+5
1.648000E-2	0.000000E+0	1.018290E+5
1.650000E-2	0.000000E+0	1.019250E+5
1.652000E-2	0.000000E+0	1.021490E+5
1.654000E-2	0.000000E+0	1.019920E+5
1.656000E-2	0.000000E+0	1.016250E+5
1.658000E-2	0.000000E+0	1.019690E+5
1.660000E-2	0.000000E+0	1.022380E+5
1.662000E-2	0.000000E+0	1.017580E+5
1.664000E-2	0.000000E+0	1.018950E+5
1.666000E-2	0.000000E+0	1.021830E+5
1.668000E-2	0.000000E+0	1.018420E+5
1.670000E-2	0.000000E+0	1.020390E+5
1.672000E-2	0.000000E+0	1.024310E+5
1.674000E-2	0.000000E+0	1.019860E+5
1.676000E-2	0.000000E+0	1.015950E+5
1.678000E-2	0.000000E+0	1.017260E+5
1.680000E-2	0.000000E+0	1.018840E+5
1.682000E-2	0.000000E+0	1.017000E+5
1.684000E-2	0.000000E+0	1.017120E+5
1.686000E-2	0.000000E+0	1.019580E+5
1.688000E-2	0.000000E+0	1.020270E+5
1.690000E-2	0.000000E+0	1.018080E+5
1.692000E-2	0.000000E+0	1.017460E+5
1.694000E-2	0.000000E+0	1.019670E+5
1.696000E-2	0.000000E+0	1.019630E+5
1.698000E-2	0.000000E+0	1.018340E+5
1.700000E-2	0.000000E+0	1.022030E+5
1.702000E-2	0.000000E+0	1.022930E+5
1.704000E-2	0.000000E+0	1.018770E+5
1.706000E-2	0.000000E+0	1.020320E+5
1.708000E-2	0.000000E+0	1.015420E+5
1.710000E-2	0.000000E+0	1.020360E+5
1.712000E-2	0.000000E+0	1.021180E+5
1.714000E-2	0.000000E+0	1.019100E+5
1.716000E-2	0.000000E+0	1.019380E+5
1.718000E-2	0.000000E+0	1.011750E+5
1.720000E-2	0.000000E+0	1.022500E+5
1.722000E-2	0.000000E+0	1.025350E+5
1.724000E-2	0.000000E+0	1.017180E+5
1.726000E-2	0.000000E+0	1.019800E+5
1.728000E-2	0.000000E+0	1.019380E+5
1.730000E-2	0.000000E+0	1.019410E+5
1.732000E-2	0.000000E+0	1.018110E+5
1.734000E-2	0.000000E+0	1.018030E+5
1.736000E-2	0.000000E+0	1.023780E+5
1.738000E-2	0.000000E+0	1.024560E+5
1.740000E-2	0.000000E+0	1.020290E+5
1.742000E-2	0.000000E+0	1.014190E+5
1.744000E-2	0.000000E+0	1.018640E+5
1.746000E-2	0.000000E+0	1.016040E+5
1.748000E-2	0.000000E+0	1.018800E+5
1.750000E-2	0.000000E+0	1.020720E+5
1.752000E-2	0.000000E+0	1.018580E+5
1.754000E-2	0.000000E+0	1.011910E+5
1.756000E-2	0.000000E+0	1.013700E+5
1.758000E-2	0.000000E+0	1.021440E+5
1.760000E-2	0.000000E+0	1.015640E+5
1.762000E-2	0.000000E+0	1.016950E+5
1.764000E-2	0.000000E+0	1.019910E+5
1.766000E-2	0.000000E+0	1.018010E+5
1.768000E-2	0.000000E+0	1.016620E+5
1.770000E-2	0.000000E+0	1.022070E+5
1.772000E-2	0.000000E+0	1.024650E+5
1.774000E-2	0.000000E+0	1.018940E+5
1.776000E-2	0.000000E+0	1.013970E+5
1.778000E-2	0.000000E+0	1.023620E+5
1.780000E-2	0.000000E+0	1.020650E+5
1.782000E-2	0.000000E+0	1.019400E+5
1.784000E-2	0.000000E+0	1.012830E+5
1.786000E-2	0.000000E+0	1.023080E+5
1.788000E-2	0.000000E+0	1.018660E+5
1.790000E-2	0.000000E+0	1.017560E+5
1.792000E-2	0.000000E+0	1.019230E+5
1.794000E-2	0.000000E+0	1.020630E+5
1.796000E-2	0.000000E+0	1.016040E+5
1.798000E-2	0.000000E+0	1.020750E+5
1.800000E-2	0.000000E+0	1.014810E+5
1.802000E-2	0.000000E+0	1.016190E+5
1.804000E-2	0.000000E+0	1.013060E+5
1.806000E-2	0.000000E+0	1.014460E+5
1.808000E-2	0.000000E+0	1.016740E+5
1.810000E-2	0.000000E+0	1.019550E+5
1.812000E-2	0.000000E+0	1.024300E+5
1.814000E-2	0.000000E+0	1.021500E+5
1.816000E-2	0.000000E+0	1.017420E+5
1.818000E-2	0.000000E+0	1.017800E+5
1.820000E-2	0.000000E+0	1.021990E+5
1.822000E-2	0.000000E+0	1.017550E+5
1.824000E-2	0.000000E+0	1.017210E+5
1.826000E-2	0.000000E+0	1.021450E+5
1.828000E-2	0.000000E+0	1.014180E+5
1.830000E-2	0.000000E+0	1.017210E+5
1.832000E-2	0.000000E+0	1.024840E+5
1.834000E-2	0.000000E+0	1.016350E+5
1.836000E-2	0.000000E+0	1.020270E+5
1.838000E-2	0.000000E+0	1.019860E+5
1.840000E-2	0.000000E+0	1.017710E+5
1.842000E-2	0.000000E+0	1.016080E+5
1.844000E-2	0.000000E+0	1.018560E+5
1.846000E-2	0.000000E+0	1.013820E+5
1.848000E-2	0.000000E+0	1.018580E+5
1.850000E-2	0.000000E+0	1.025050E+5
1.852000E-2	0.000000E+0	1.018960E+5
1.854000E-2	0.000000E+0	1.020590E+5
1.856000E-2	0.000000E+0	1.016530E+5
1.858000E-2	0.000000E+0	1.019350E+5
1.860000E-2	0.000000E+0	1.019750E+5
1.862000E-2	0.000000E+0	1.018200E+5
1.864000E-2	0.000000E+0	1.013740E+5
1.866000E-2	0.000000E+0	1.018160E+5
1.868000E-2	0.000000E+0	1.020610E+5
1.870000E-2	0.000000E+0	1.019260E+5
1.872000E-2	0.000000E+0	1.024050E+5
1.874000E-2	0.000000E+0	1.014310E+5
1.876000E-2	0.000000E+0	1.018510E+5
1.878000E-2	0.000000E+0	1.024230E+5
1.880000E-2	0.000000E+0	1.018290E+5
1.882000E-2	0.000000E+0	1.016150E+5
1.884000E-2	0.000000E+0	1.023640E+5
1.886000E-2	0.000000E+0	1.018430E+5
1.888000E-2	0.000000E+0	1.017060E+5
1.890000E-2	0.000000E+0	1.021190E+5
1.892000E-2	0.000000E+0	1.021430E+5
1.894000E-2	0.000000E+0	1.022590E+5
1.896000E-2	0.000000E+0	1.017050E+5
1.898000E-2	0.000000E+0	1.013690E+5
1.900000E-2	0.000000E+0	1.020640E+5
1.902000E-2	0.000000E+0	1.018670E+5
1.904000E-2	0.000000E+0	1.020750E+5
1.906000E-2	0.000000E+0	1.017480E+5
1.908000E-2	0.000000E+0	1.023850E+5
1.910000E-2	0.000000E+0	1.016090E+5
1.912000E-2	0.000000E+0	1.019980E+5
1.914000E-2	0.000000E+0	1.021010E+5
1.916000E-2	0.000000E+0	1.015000E+5
1.918000E-2	0.000000E+0	1.020000E+5
1.920000E-2	0.000000E+0	1.023980E+5
1.922000E-2	0.000000E+0	1.014700E+5
1.924000E-2	0.000000E+0	1.015660E+5
1.926000E-2	0.000000E+0	1.017210E+5
1.928000E-2	0.000000E+0	1.022000E+5
1.930000E-2	0.000000E+0	1.019030E+5
1.932000E-2	0.000000E+0	1.015860E+5
1.934000E-2	0.000000E+0	1.015000E+5
1.936000E-2	0.000000E+0	1.016770E+5
1.938000E-2	0.000000E+0	1.022030E+5
1.940000E-2	0.000000E+0	1.016980E+5
1.942000E-2	0.000000E+0	1.020370E+5
1.944000E-2	0.000000E+0	1.022960E+5
1.946000E-2	0.000000E+0	1.018080E+5
1.948000E-2	0.000000E+0	1.017050E+5
1.950000E-2	0.000000E+0	1.020030E+5
1.952000E-2	0.000000E+0	1.023600E+5
1.954000E-2	0.000000E+0	1.017730E+5
1.956000E-2	0.000000E+0	1.024060E+5
1.958000E-2	0.000000E+0	1.023770E+5
1.960000E-2	0.000000E+0	1.016640E+5
1.962000E-2	0.000000E+0	1.017440E+5
1.964000E-2	0.000000E+0	1.019930E+5
1.966000E-2	0.000000E+0	1.019740E+5
1.968000E-2	0.000000E+0	1.019440E+5
1.970000E-2	0.000000E+0	1.016390E+5
1.972000E-2	0.000000E+0	1.020080E+5
1.974000E-2	0.000000E+0	1.016760E+5
1.976000E-2	0.000000E+0	1.018880E+5
1.978000E-2	0.000000E+0	1.017520E+5
1.980000E-2	0.000000E+0	1.018460E+5
1.982000E-2	0.000000E+0	1.020940E+5
1.984000E-2	0.000000E+0	1.024590E+5
1.986000E-2	0.000000E+0	1.017780E+5
1.988000E-2	0.000000E+0	1.015940E+5
1.990000E-2	0.000000E+0	1.024240E+5
1.992000E-2	0.000000E+0	1.016880E+5
1.994000E-2	0.000000E+0	1.023540E+5
1.996000E-2	0.000000E+0	1.020290E+5
1.998000E-2	0.000000E+0	1.016690E+5
