

live time:  74849.560000
real time:  104402.644000
sweeps:  3742478.000000
0.000000E+0	0.000000E+0	0.000000E+0
2.000000E-5	0.000000E+0	1.641890E+5
4.000000E-5	0.000000E+0	1.650530E+5
6.000000E-5	0.000000E+0	1.642590E+5
8.000000E-5	0.000000E+0	1.648620E+5
1.000000E-4	0.000000E+0	1.642720E+5
1.200000E-4	0.000000E+0	1.641430E+5
1.400000E-4	0.000000E+0	1.642840E+5
1.600000E-4	0.000000E+0	1.646130E+5
1.800000E-4	0.000000E+0	1.646240E+5
2.000000E-4	0.000000E+0	1.647310E+5
2.200000E-4	0.000000E+0	1.640940E+5
2.400000E-4	0.000000E+0	1.639660E+5
2.600000E-4	0.000000E+0	1.637450E+5
2.800000E-4	0.000000E+0	1.643870E+5
3.000000E-4	0.000000E+0	1.648730E+5
3.200000E-4	0.000000E+0	1.647980E+5
3.400000E-4	0.000000E+0	1.643520E+5
3.600000E-4	0.000000E+0	1.641230E+5
3.800000E-4	0.000000E+0	1.636290E+5
4.000000E-4	0.000000E+0	1.641360E+5
4.200000E-4	0.000000E+0	1.648980E+5
4.400000E-4	0.000000E+0	1.638850E+5
4.600000E-4	0.000000E+0	1.649740E+5
4.800000E-4	0.000000E+0	1.639330E+5
5.000000E-4	0.000000E+0	1.644890E+5
5.200000E-4	0.000000E+0	1.646220E+5
5.400000E-4	0.000000E+0	1.643560E+5
5.600000E-4	0.000000E+0	1.637440E+5
5.800000E-4	0.000000E+0	1.643270E+5
6.000000E-4	0.000000E+0	1.646500E+5
6.200000E-4	0.000000E+0	1.637490E+5
6.400000E-4	0.000000E+0	1.649510E+5
6.600000E-4	0.000000E+0	1.640710E+5
6.800000E-4	0.000000E+0	1.642590E+5
7.000000E-4	0.000000E+0	1.641670E+5
7.200000E-4	0.000000E+0	1.649110E+5
7.400000E-4	0.000000E+0	1.639790E+5
7.600000E-4	0.000000E+0	1.642220E+5
7.800000E-4	0.000000E+0	1.640250E+5
8.000000E-4	0.000000E+0	1.642570E+5
8.200000E-4	0.000000E+0	1.647180E+5
8.400000E-4	0.000000E+0	1.643500E+5
8.600000E-4	0.000000E+0	1.643260E+5
8.800000E-4	0.000000E+0	1.637920E+5
9.000000E-4	0.000000E+0	1.646260E+5
9.200000E-4	0.000000E+0	1.641080E+5
9.400000E-4	0.000000E+0	1.643590E+5
9.600000E-4	0.000000E+0	1.638250E+5
9.800000E-4	0.000000E+0	1.648170E+5
1.000000E-3	0.000000E+0	1.645490E+5
1.020000E-3	0.000000E+0	1.639630E+5
1.040000E-3	0.000000E+0	1.642690E+5
1.060000E-3	0.000000E+0	1.639980E+5
1.080000E-3	0.000000E+0	1.643520E+5
1.100000E-3	0.000000E+0	1.643460E+5
1.120000E-3	0.000000E+0	1.644180E+5
1.140000E-3	0.000000E+0	1.642420E+5
1.160000E-3	0.000000E+0	1.634590E+5
1.180000E-3	0.000000E+0	1.641580E+5
1.200000E-3	0.000000E+0	1.646200E+5
1.220000E-3	0.000000E+0	1.648150E+5
1.240000E-3	0.000000E+0	1.643430E+5
1.260000E-3	0.000000E+0	1.638600E+5
1.280000E-3	0.000000E+0	1.650970E+5
1.300000E-3	0.000000E+0	1.635960E+5
1.320000E-3	0.000000E+0	1.646530E+5
1.340000E-3	0.000000E+0	1.639480E+5
1.360000E-3	0.000000E+0	1.637670E+5
1.380000E-3	0.000000E+0	1.646710E+5
1.400000E-3	0.000000E+0	1.642220E+5
1.420000E-3	0.000000E+0	1.647810E+5
1.440000E-3	0.000000E+0	1.638120E+5
1.460000E-3	0.000000E+0	1.634940E+5
1.480000E-3	0.000000E+0	1.643990E+5
1.500000E-3	0.000000E+0	1.647720E+5
1.520000E-3	0.000000E+0	1.643650E+5
1.540000E-3	0.000000E+0	1.649910E+5
1.560000E-3	0.000000E+0	1.639540E+5
1.580000E-3	0.000000E+0	1.642730E+5
1.600000E-3	0.000000E+0	1.640230E+5
1.620000E-3	0.000000E+0	1.638990E+5
1.640000E-3	0.000000E+0	1.635850E+5
1.660000E-3	0.000000E+0	1.652460E+5
1.680000E-3	0.000000E+0	1.640460E+5
1.700000E-3	0.000000E+0	1.640850E+5
1.720000E-3	0.000000E+0	1.647750E+5
1.740000E-3	0.000000E+0	1.650440E+5
1.760000E-3	0.000000E+0	1.650720E+5
1.780000E-3	0.000000E+0	1.649320E+5
1.800000E-3	0.000000E+0	1.649740E+5
1.820000E-3	0.000000E+0	1.637910E+5
1.840000E-3	0.000000E+0	1.642920E+5
1.860000E-3	0.000000E+0	1.644040E+5
1.880000E-3	0.000000E+0	1.644840E+5
1.900000E-3	0.000000E+0	1.641170E+5
1.920000E-3	0.000000E+0	1.645190E+5
1.940000E-3	0.000000E+0	1.642300E+5
1.960000E-3	0.000000E+0	1.646560E+5
1.980000E-3	0.000000E+0	1.649490E+5
2.000000E-3	0.000000E+0	1.643140E+5
2.020000E-3	0.000000E+0	1.643650E+5
2.040000E-3	0.000000E+0	1.642100E+5
2.060000E-3	0.000000E+0	1.647180E+5
2.080000E-3	0.000000E+0	1.644970E+5
2.100000E-3	0.000000E+0	1.652860E+5
2.120000E-3	0.000000E+0	1.642290E+5
2.140000E-3	0.000000E+0	1.641200E+5
2.160000E-3	0.000000E+0	1.640240E+5
2.180000E-3	0.000000E+0	1.649720E+5
2.200000E-3	0.000000E+0	1.649370E+5
2.220000E-3	0.000000E+0	1.644300E+5
2.240000E-3	0.000000E+0	1.646870E+5
2.260000E-3	0.000000E+0	1.646950E+5
2.280000E-3	0.000000E+0	1.641710E+5
2.300000E-3	0.000000E+0	1.647140E+5
2.320000E-3	0.000000E+0	1.640950E+5
2.340000E-3	0.000000E+0	1.645460E+5
2.360000E-3	0.000000E+0	1.642450E+5
2.380000E-3	0.000000E+0	1.646830E+5
2.400000E-3	0.000000E+0	1.638080E+5
2.420000E-3	0.000000E+0	1.640530E+5
2.440000E-3	0.000000E+0	1.633230E+5
2.460000E-3	0.000000E+0	1.639700E+5
2.480000E-3	0.000000E+0	1.648820E+5
2.500000E-3	0.000000E+0	1.646730E+5
2.520000E-3	0.000000E+0	1.644840E+5
2.540000E-3	0.000000E+0	1.641490E+5
2.560000E-3	0.000000E+0	1.641760E+5
2.580000E-3	0.000000E+0	1.638990E+5
2.600000E-3	0.000000E+0	1.649320E+5
2.620000E-3	0.000000E+0	1.643980E+5
2.640000E-3	0.000000E+0	1.640800E+5
2.660000E-3	0.000000E+0	1.647300E+5
2.680000E-3	0.000000E+0	1.642170E+5
2.700000E-3	0.000000E+0	1.648130E+5
2.720000E-3	0.000000E+0	1.645480E+5
2.740000E-3	0.000000E+0	1.651580E+5
2.760000E-3	0.000000E+0	1.647730E+5
2.780000E-3	0.000000E+0	1.644570E+5
2.800000E-3	0.000000E+0	1.637320E+5
2.820000E-3	0.000000E+0	1.645550E+5
2.840000E-3	0.000000E+0	1.642300E+5
2.860000E-3	0.000000E+0	1.648880E+5
2.880000E-3	0.000000E+0	1.648920E+5
2.900000E-3	0.000000E+0	1.648970E+5
2.920000E-3	0.000000E+0	1.642860E+5
2.940000E-3	0.000000E+0	1.644640E+5
2.960000E-3	0.000000E+0	1.648760E+5
2.980000E-3	0.000000E+0	1.640070E+5
3.000000E-3	0.000000E+0	1.643740E+5
3.020000E-3	0.000000E+0	1.644360E+5
3.040000E-3	0.000000E+0	1.645290E+5
3.060000E-3	0.000000E+0	1.655010E+5
3.080000E-3	0.000000E+0	1.648940E+5
3.100000E-3	0.000000E+0	1.637210E+5
3.120000E-3	0.000000E+0	1.644560E+5
3.140000E-3	0.000000E+0	1.646290E+5
3.160000E-3	0.000000E+0	1.645620E+5
3.180000E-3	0.000000E+0	1.648990E+5
3.200000E-3	0.000000E+0	1.645250E+5
3.220000E-3	0.000000E+0	1.645300E+5
3.240000E-3	0.000000E+0	1.640900E+5
3.260000E-3	0.000000E+0	1.646130E+5
3.280000E-3	0.000000E+0	1.640910E+5
3.300000E-3	0.000000E+0	1.639260E+5
3.320000E-3	0.000000E+0	1.644200E+5
3.340000E-3	0.000000E+0	1.643510E+5
3.360000E-3	0.000000E+0	1.644640E+5
3.380000E-3	0.000000E+0	1.639090E+5
3.400000E-3	0.000000E+0	1.642830E+5
3.420000E-3	0.000000E+0	1.644740E+5
3.440000E-3	0.000000E+0	1.638110E+5
3.460000E-3	0.000000E+0	1.647610E+5
3.480000E-3	0.000000E+0	1.640660E+5
3.500000E-3	0.000000E+0	1.650250E+5
3.520000E-3	0.000000E+0	1.642270E+5
3.540000E-3	0.000000E+0	1.639300E+5
3.560000E-3	0.000000E+0	1.638400E+5
3.580000E-3	0.000000E+0	1.643770E+5
3.600000E-3	0.000000E+0	1.642990E+5
3.620000E-3	0.000000E+0	1.630720E+5
3.640000E-3	0.000000E+0	1.645630E+5
3.660000E-3	0.000000E+0	1.643020E+5
3.680000E-3	0.000000E+0	1.642410E+5
3.700000E-3	0.000000E+0	1.640370E+5
3.720000E-3	0.000000E+0	1.644970E+5
3.740000E-3	0.000000E+0	1.643860E+5
3.760000E-3	0.000000E+0	1.643390E+5
3.780000E-3	0.000000E+0	1.642610E+5
3.800000E-3	0.000000E+0	1.641380E+5
3.820000E-3	0.000000E+0	1.636950E+5
3.840000E-3	0.000000E+0	1.642970E+5
3.860000E-3	0.000000E+0	1.640900E+5
3.880000E-3	0.000000E+0	1.642220E+5
3.900000E-3	0.000000E+0	1.643790E+5
3.920000E-3	0.000000E+0	1.653010E+5
3.940000E-3	0.000000E+0	1.650460E+5
3.960000E-3	0.000000E+0	1.644280E+5
3.980000E-3	0.000000E+0	1.640630E+5
4.000000E-3	0.000000E+0	1.647870E+5
4.020000E-3	0.000000E+0	1.643330E+5
4.040000E-3	0.000000E+0	1.640330E+5
4.060000E-3	0.000000E+0	1.645220E+5
4.080000E-3	0.000000E+0	1.645160E+5
4.100000E-3	0.000000E+0	1.642720E+5
4.120000E-3	0.000000E+0	1.641790E+5
4.140000E-3	0.000000E+0	1.644700E+5
4.160000E-3	0.000000E+0	1.647100E+5
4.180000E-3	0.000000E+0	1.638380E+5
4.200000E-3	0.000000E+0	1.636580E+5
4.220000E-3	0.000000E+0	1.635560E+5
4.240000E-3	0.000000E+0	1.643750E+5
4.260000E-3	0.000000E+0	1.637280E+5
4.280000E-3	0.000000E+0	1.643360E+5
4.300000E-3	0.000000E+0	1.644050E+5
4.320000E-3	0.000000E+0	1.640320E+5
4.340000E-3	0.000000E+0	1.642210E+5
4.360000E-3	0.000000E+0	1.644420E+5
4.380000E-3	0.000000E+0	1.637730E+5
4.400000E-3	0.000000E+0	1.648570E+5
4.420000E-3	0.000000E+0	1.646410E+5
4.440000E-3	0.000000E+0	1.637240E+5
4.460000E-3	0.000000E+0	1.641180E+5
4.480000E-3	0.000000E+0	1.633960E+5
4.500000E-3	0.000000E+0	1.639180E+5
4.520000E-3	0.000000E+0	1.641110E+5
4.540000E-3	0.000000E+0	1.643430E+5
4.560000E-3	0.000000E+0	1.635810E+5
4.580000E-3	0.000000E+0	1.643380E+5
4.600000E-3	0.000000E+0	1.636470E+5
4.620000E-3	0.000000E+0	1.639480E+5
4.640000E-3	0.000000E+0	1.641780E+5
4.660000E-3	0.000000E+0	1.641020E+5
4.680000E-3	0.000000E+0	1.644000E+5
4.700000E-3	0.000000E+0	1.643610E+5
4.720000E-3	0.000000E+0	1.644620E+5
4.740000E-3	0.000000E+0	1.631160E+5
4.760000E-3	0.000000E+0	1.646900E+5
4.780000E-3	0.000000E+0	1.639050E+5
4.800000E-3	0.000000E+0	1.643210E+5
4.820000E-3	0.000000E+0	1.638120E+5
4.840000E-3	0.000000E+0	1.645810E+5
4.860000E-3	0.000000E+0	1.640820E+5
4.880000E-3	0.000000E+0	1.634100E+5
4.900000E-3	0.000000E+0	1.635140E+5
4.920000E-3	0.000000E+0	1.624510E+5
4.940000E-3	0.000000E+0	1.624330E+5
4.960000E-3	0.000000E+0	1.619300E+5
4.980000E-3	0.000000E+0	1.620130E+5
5.000000E-3	0.000000E+0	1.615610E+5
5.020000E-3	0.000000E+0	1.621480E+5
5.040000E-3	0.000000E+0	1.608660E+5
5.060000E-3	0.000000E+0	1.598920E+5
5.080000E-3	0.000000E+0	1.594440E+5
5.100000E-3	0.000000E+0	1.592230E+5
5.120000E-3	0.000000E+0	1.593260E+5
5.140000E-3	0.000000E+0	1.598870E+5
5.160000E-3	0.000000E+0	1.600430E+5
5.180000E-3	0.000000E+0	1.605480E+5
5.200000E-3	0.000000E+0	1.611220E+5
5.220000E-3	0.000000E+0	1.622550E+5
5.240000E-3	0.000000E+0	1.623340E+5
5.260000E-3	0.000000E+0	1.631500E+5
5.280000E-3	0.000000E+0	1.623870E+5
5.300000E-3	0.000000E+0	1.630130E+5
5.320000E-3	0.000000E+0	1.633790E+5
5.340000E-3	0.000000E+0	1.638770E+5
5.360000E-3	0.000000E+0	1.641110E+5
5.380000E-3	0.000000E+0	1.641030E+5
5.400000E-3	0.000000E+0	1.646780E+5
5.420000E-3	0.000000E+0	1.642300E+5
5.440000E-3	0.000000E+0	1.630310E+5
5.460000E-3	0.000000E+0	1.634930E+5
5.480000E-3	0.000000E+0	1.638240E+5
5.500000E-3	0.000000E+0	1.636300E+5
5.520000E-3	0.000000E+0	1.633500E+5
5.540000E-3	0.000000E+0	1.639030E+5
5.560000E-3	0.000000E+0	1.632020E+5
5.580000E-3	0.000000E+0	1.630680E+5
5.600000E-3	0.000000E+0	1.617710E+5
5.620000E-3	0.000000E+0	1.611990E+5
5.640000E-3	0.000000E+0	1.616150E+5
5.660000E-3	0.000000E+0	1.617490E+5
5.680000E-3	0.000000E+0	1.620030E+5
5.700000E-3	0.000000E+0	1.609320E+5
5.720000E-3	0.000000E+0	1.602850E+5
5.740000E-3	0.000000E+0	1.596500E+5
5.760000E-3	0.000000E+0	1.594980E+5
5.780000E-3	0.000000E+0	1.605200E+5
5.800000E-3	0.000000E+0	1.601970E+5
5.820000E-3	0.000000E+0	1.611610E+5
5.840000E-3	0.000000E+0	1.612710E+5
5.860000E-3	0.000000E+0	1.616360E+5
5.880000E-3	0.000000E+0	1.624470E+5
5.900000E-3	0.000000E+0	1.630230E+5
5.920000E-3	0.000000E+0	1.633390E+5
5.940000E-3	0.000000E+0	1.626080E+5
5.960000E-3	0.000000E+0	1.635470E+5
5.980000E-3	0.000000E+0	1.639790E+5
6.000000E-3	0.000000E+0	1.638200E+5
6.020000E-3	0.000000E+0	1.644350E+5
6.040000E-3	0.000000E+0	1.644090E+5
6.060000E-3	0.000000E+0	1.641670E+5
6.080000E-3	0.000000E+0	1.641610E+5
6.100000E-3	0.000000E+0	1.640020E+5
6.120000E-3	0.000000E+0	1.641110E+5
6.140000E-3	0.000000E+0	1.637060E+5
6.160000E-3	0.000000E+0	1.640440E+5
6.180000E-3	0.000000E+0	1.643010E+5
6.200000E-3	0.000000E+0	1.639530E+5
6.220000E-3	0.000000E+0	1.642880E+5
6.240000E-3	0.000000E+0	1.635340E+5
6.260000E-3	0.000000E+0	1.644260E+5
6.280000E-3	0.000000E+0	1.648620E+5
6.300000E-3	0.000000E+0	1.641390E+5
6.320000E-3	0.000000E+0	1.642990E+5
6.340000E-3	0.000000E+0	1.646260E+5
6.360000E-3	0.000000E+0	1.634570E+5
6.380000E-3	0.000000E+0	1.642520E+5
6.400000E-3	0.000000E+0	1.638390E+5
6.420000E-3	0.000000E+0	1.644190E+5
6.440000E-3	0.000000E+0	1.648740E+5
6.460000E-3	0.000000E+0	1.645060E+5
6.480000E-3	0.000000E+0	1.641580E+5
6.500000E-3	0.000000E+0	1.637050E+5
6.520000E-3	0.000000E+0	1.646090E+5
6.540000E-3	0.000000E+0	1.638640E+5
6.560000E-3	0.000000E+0	1.646020E+5
6.580000E-3	0.000000E+0	1.645390E+5
6.600000E-3	0.000000E+0	1.650000E+5
6.620000E-3	0.000000E+0	1.640930E+5
6.640000E-3	0.000000E+0	1.638440E+5
6.660000E-3	0.000000E+0	1.637780E+5
6.680000E-3	0.000000E+0	1.647940E+5
6.700000E-3	0.000000E+0	1.641860E+5
6.720000E-3	0.000000E+0	1.641680E+5
6.740000E-3	0.000000E+0	1.646200E+5
6.760000E-3	0.000000E+0	1.647150E+5
6.780000E-3	0.000000E+0	1.636900E+5
6.800000E-3	0.000000E+0	1.648400E+5
6.820000E-3	0.000000E+0	1.641710E+5
6.840000E-3	0.000000E+0	1.643190E+5
6.860000E-3	0.000000E+0	1.644210E+5
6.880000E-3	0.000000E+0	1.645910E+5
6.900000E-3	0.000000E+0	1.636960E+5
6.920000E-3	0.000000E+0	1.644660E+5
6.940000E-3	0.000000E+0	1.642860E+5
6.960000E-3	0.000000E+0	1.640870E+5
6.980000E-3	0.000000E+0	1.643040E+5
7.000000E-3	0.000000E+0	1.640840E+5
7.020000E-3	0.000000E+0	1.636740E+5
7.040000E-3	0.000000E+0	1.639460E+5
7.060000E-3	0.000000E+0	1.641210E+5
7.080000E-3	0.000000E+0	1.644960E+5
7.100000E-3	0.000000E+0	1.645720E+5
7.120000E-3	0.000000E+0	1.642990E+5
7.140000E-3	0.000000E+0	1.645240E+5
7.160000E-3	0.000000E+0	1.647120E+5
7.180000E-3	0.000000E+0	1.637650E+5
7.200000E-3	0.000000E+0	1.642570E+5
7.220000E-3	0.000000E+0	1.648040E+5
7.240000E-3	0.000000E+0	1.641610E+5
7.260000E-3	0.000000E+0	1.637600E+5
7.280000E-3	0.000000E+0	1.637540E+5
7.300000E-3	0.000000E+0	1.642620E+5
7.320000E-3	0.000000E+0	1.651300E+5
7.340000E-3	0.000000E+0	1.644670E+5
7.360000E-3	0.000000E+0	1.642720E+5
7.380000E-3	0.000000E+0	1.644820E+5
7.400000E-3	0.000000E+0	1.642220E+5
7.420000E-3	0.000000E+0	1.639260E+5
7.440000E-3	0.000000E+0	1.644070E+5
7.460000E-3	0.000000E+0	1.647390E+5
7.480000E-3	0.000000E+0	1.641040E+5
7.500000E-3	0.000000E+0	1.650090E+5
7.520000E-3	0.000000E+0	1.646720E+5
7.540000E-3	0.000000E+0	1.647280E+5
7.560000E-3	0.000000E+0	1.647740E+5
7.580000E-3	0.000000E+0	1.643280E+5
7.600000E-3	0.000000E+0	1.641270E+5
7.620000E-3	0.000000E+0	1.644380E+5
7.640000E-3	0.000000E+0	1.653520E+5
7.660000E-3	0.000000E+0	1.641270E+5
7.680000E-3	0.000000E+0	1.644810E+5
7.700000E-3	0.000000E+0	1.637040E+5
7.720000E-3	0.000000E+0	1.644150E+5
7.740000E-3	0.000000E+0	1.642600E+5
7.760000E-3	0.000000E+0	1.634630E+5
7.780000E-3	0.000000E+0	1.649990E+5
7.800000E-3	0.000000E+0	1.644490E+5
7.820000E-3	0.000000E+0	1.641420E+5
7.840000E-3	0.000000E+0	1.650570E+5
7.860000E-3	0.000000E+0	1.642640E+5
7.880000E-3	0.000000E+0	1.645000E+5
7.900000E-3	0.000000E+0	1.645890E+5
7.920000E-3	0.000000E+0	1.636420E+5
7.940000E-3	0.000000E+0	1.646060E+5
7.960000E-3	0.000000E+0	1.648080E+5
7.980000E-3	0.000000E+0	1.646780E+5
8.000000E-3	0.000000E+0	1.646200E+5
8.020000E-3	0.000000E+0	1.649770E+5
8.040000E-3	0.000000E+0	1.636990E+5
8.060000E-3	0.000000E+0	1.644600E+5
8.080000E-3	0.000000E+0	1.642570E+5
8.100000E-3	0.000000E+0	1.641880E+5
8.120000E-3	0.000000E+0	1.650220E+5
8.140000E-3	0.000000E+0	1.640960E+5
8.160000E-3	0.000000E+0	1.648980E+5
8.180000E-3	0.000000E+0	1.641820E+5
8.200000E-3	0.000000E+0	1.642550E+5
8.220000E-3	0.000000E+0	1.637990E+5
8.240000E-3	0.000000E+0	1.642050E+5
8.260000E-3	0.000000E+0	1.652500E+5
8.280000E-3	0.000000E+0	1.640870E+5
8.300000E-3	0.000000E+0	1.648220E+5
8.320000E-3	0.000000E+0	1.640360E+5
8.340000E-3	0.000000E+0	1.643060E+5
8.360000E-3	0.000000E+0	1.641740E+5
8.380000E-3	0.000000E+0	1.637330E+5
8.400000E-3	0.000000E+0	1.641810E+5
8.420000E-3	0.000000E+0	1.645870E+5
8.440000E-3	0.000000E+0	1.649210E+5
8.460000E-3	0.000000E+0	1.643710E+5
8.480000E-3	0.000000E+0	1.651150E+5
8.500000E-3	0.000000E+0	1.633110E+5
8.520000E-3	0.000000E+0	1.644020E+5
8.540000E-3	0.000000E+0	1.644450E+5
8.560000E-3	0.000000E+0	1.640850E+5
8.580000E-3	0.000000E+0	1.654120E+5
8.600000E-3	0.000000E+0	1.637920E+5
8.620000E-3	0.000000E+0	1.646990E+5
8.640000E-3	0.000000E+0	1.644060E+5
8.660000E-3	0.000000E+0	1.642380E+5
8.680000E-3	0.000000E+0	1.649940E+5
8.700000E-3	0.000000E+0	1.639740E+5
8.720000E-3	0.000000E+0	1.645330E+5
8.740000E-3	0.000000E+0	1.639320E+5
8.760000E-3	0.000000E+0	1.648050E+5
8.780000E-3	0.000000E+0	1.647310E+5
8.800000E-3	0.000000E+0	1.647930E+5
8.820000E-3	0.000000E+0	1.646950E+5
8.840000E-3	0.000000E+0	1.641730E+5
8.860000E-3	0.000000E+0	1.649350E+5
8.880000E-3	0.000000E+0	1.641640E+5
8.900000E-3	0.000000E+0	1.646990E+5
8.920000E-3	0.000000E+0	1.637170E+5
8.940000E-3	0.000000E+0	1.637350E+5
8.960000E-3	0.000000E+0	1.652840E+5
8.980000E-3	0.000000E+0	1.639980E+5
9.000000E-3	0.000000E+0	1.639020E+5
9.020000E-3	0.000000E+0	1.643390E+5
9.040000E-3	0.000000E+0	1.645520E+5
9.060000E-3	0.000000E+0	1.654500E+5
9.080000E-3	0.000000E+0	1.646140E+5
9.100000E-3	0.000000E+0	1.648030E+5
9.120000E-3	0.000000E+0	1.643310E+5
9.140000E-3	0.000000E+0	1.644840E+5
9.160000E-3	0.000000E+0	1.647800E+5
9.180000E-3	0.000000E+0	1.641780E+5
9.200000E-3	0.000000E+0	1.647290E+5
9.220000E-3	0.000000E+0	1.644030E+5
9.240000E-3	0.000000E+0	1.648190E+5
9.260000E-3	0.000000E+0	1.647650E+5
9.280000E-3	0.000000E+0	1.649720E+5
9.300000E-3	0.000000E+0	1.648470E+5
9.320000E-3	0.000000E+0	1.641440E+5
9.340000E-3	0.000000E+0	1.645180E+5
9.360000E-3	0.000000E+0	1.639390E+5
9.380000E-3	0.000000E+0	1.646830E+5
9.400000E-3	0.000000E+0	1.647630E+5
9.420000E-3	0.000000E+0	1.649160E+5
9.440000E-3	0.000000E+0	1.644530E+5
9.460000E-3	0.000000E+0	1.650060E+5
9.480000E-3	0.000000E+0	1.639490E+5
9.500000E-3	0.000000E+0	1.640660E+5
9.520000E-3	0.000000E+0	1.649710E+5
9.540000E-3	0.000000E+0	1.637430E+5
9.560000E-3	0.000000E+0	1.643410E+5
9.580000E-3	0.000000E+0	1.645660E+5
9.600000E-3	0.000000E+0	1.646720E+5
9.620000E-3	0.000000E+0	1.635190E+5
9.640000E-3	0.000000E+0	1.644880E+5
9.660000E-3	0.000000E+0	1.647450E+5
9.680000E-3	0.000000E+0	1.637750E+5
9.700000E-3	0.000000E+0	1.651530E+5
9.720000E-3	0.000000E+0	1.641040E+5
9.740000E-3	0.000000E+0	1.644200E+5
9.760000E-3	0.000000E+0	1.635290E+5
9.780000E-3	0.000000E+0	1.643550E+5
9.800000E-3	0.000000E+0	1.644000E+5
9.820000E-3	0.000000E+0	1.644850E+5
9.840000E-3	0.000000E+0	1.641930E+5
9.860000E-3	0.000000E+0	1.644560E+5
9.880000E-3	0.000000E+0	1.652010E+5
9.900000E-3	0.000000E+0	1.645030E+5
9.920000E-3	0.000000E+0	1.637230E+5
9.940000E-3	0.000000E+0	1.636840E+5
9.960000E-3	0.000000E+0	1.641930E+5
9.980000E-3	0.000000E+0	1.650240E+5
1.000000E-2	0.000000E+0	1.636140E+5
1.002000E-2	0.000000E+0	1.642850E+5
1.004000E-2	0.000000E+0	1.644630E+5
1.006000E-2	0.000000E+0	1.648230E+5
1.008000E-2	0.000000E+0	1.642100E+5
1.010000E-2	0.000000E+0	1.642760E+5
1.012000E-2	0.000000E+0	1.644520E+5
1.014000E-2	0.000000E+0	1.649960E+5
1.016000E-2	0.000000E+0	1.644350E+5
1.018000E-2	0.000000E+0	1.650440E+5
1.020000E-2	0.000000E+0	1.643070E+5
1.022000E-2	0.000000E+0	1.647200E+5
1.024000E-2	0.000000E+0	1.642480E+5
1.026000E-2	0.000000E+0	1.656060E+5
1.028000E-2	0.000000E+0	1.642600E+5
1.030000E-2	0.000000E+0	1.646350E+5
1.032000E-2	0.000000E+0	1.645900E+5
1.034000E-2	0.000000E+0	1.645980E+5
1.036000E-2	0.000000E+0	1.643380E+5
1.038000E-2	0.000000E+0	1.647540E+5
1.040000E-2	0.000000E+0	1.647380E+5
1.042000E-2	0.000000E+0	1.646640E+5
1.044000E-2	0.000000E+0	1.643100E+5
1.046000E-2	0.000000E+0	1.645900E+5
1.048000E-2	0.000000E+0	1.648040E+5
1.050000E-2	0.000000E+0	1.639390E+5
1.052000E-2	0.000000E+0	1.648480E+5
1.054000E-2	0.000000E+0	1.651890E+5
1.056000E-2	0.000000E+0	1.645670E+5
1.058000E-2	0.000000E+0	1.644880E+5
1.060000E-2	0.000000E+0	1.640010E+5
1.062000E-2	0.000000E+0	1.639620E+5
1.064000E-2	0.000000E+0	1.648190E+5
1.066000E-2	0.000000E+0	1.644790E+5
1.068000E-2	0.000000E+0	1.649740E+5
1.070000E-2	0.000000E+0	1.642820E+5
1.072000E-2	0.000000E+0	1.644070E+5
1.074000E-2	0.000000E+0	1.648180E+5
1.076000E-2	0.000000E+0	1.651500E+5
1.078000E-2	0.000000E+0	1.649820E+5
1.080000E-2	0.000000E+0	1.642700E+5
1.082000E-2	0.000000E+0	1.653020E+5
1.084000E-2	0.000000E+0	1.640930E+5
1.086000E-2	0.000000E+0	1.644890E+5
1.088000E-2	0.000000E+0	1.643480E+5
1.090000E-2	0.000000E+0	1.644950E+5
1.092000E-2	0.000000E+0	1.645990E+5
1.094000E-2	0.000000E+0	1.644200E+5
1.096000E-2	0.000000E+0	1.645270E+5
1.098000E-2	0.000000E+0	1.644850E+5
1.100000E-2	0.000000E+0	1.648820E+5
1.102000E-2	0.000000E+0	1.645030E+5
1.104000E-2	0.000000E+0	1.648410E+5
1.106000E-2	0.000000E+0	1.645640E+5
1.108000E-2	0.000000E+0	1.640910E+5
1.110000E-2	0.000000E+0	1.645230E+5
1.112000E-2	0.000000E+0	1.648530E+5
1.114000E-2	0.000000E+0	1.647530E+5
1.116000E-2	0.000000E+0	1.634930E+5
1.118000E-2	0.000000E+0	1.648310E+5
1.120000E-2	0.000000E+0	1.645920E+5
1.122000E-2	0.000000E+0	1.654680E+5
1.124000E-2	0.000000E+0	1.646070E+5
1.126000E-2	0.000000E+0	1.638130E+5
1.128000E-2	0.000000E+0	1.642050E+5
1.130000E-2	0.000000E+0	1.638480E+5
1.132000E-2	0.000000E+0	1.647780E+5
1.134000E-2	0.000000E+0	1.644470E+5
1.136000E-2	0.000000E+0	1.654030E+5
1.138000E-2	0.000000E+0	1.641970E+5
1.140000E-2	0.000000E+0	1.652070E+5
1.142000E-2	0.000000E+0	1.640740E+5
1.144000E-2	0.000000E+0	1.641810E+5
1.146000E-2	0.000000E+0	1.645250E+5
1.148000E-2	0.000000E+0	1.649270E+5
1.150000E-2	0.000000E+0	1.649960E+5
1.152000E-2	0.000000E+0	1.644400E+5
1.154000E-2	0.000000E+0	1.643210E+5
1.156000E-2	0.000000E+0	1.649850E+5
1.158000E-2	0.000000E+0	1.641150E+5
1.160000E-2	0.000000E+0	1.646780E+5
1.162000E-2	0.000000E+0	1.644630E+5
1.164000E-2	0.000000E+0	1.653210E+5
1.166000E-2	0.000000E+0	1.652600E+5
1.168000E-2	0.000000E+0	1.650830E+5
1.170000E-2	0.000000E+0	1.649390E+5
1.172000E-2	0.000000E+0	1.642960E+5
1.174000E-2	0.000000E+0	1.645580E+5
1.176000E-2	0.000000E+0	1.645360E+5
1.178000E-2	0.000000E+0	1.637690E+5
1.180000E-2	0.000000E+0	1.646950E+5
1.182000E-2	0.000000E+0	1.642470E+5
1.184000E-2	0.000000E+0	1.639590E+5
1.186000E-2	0.000000E+0	1.644720E+5
1.188000E-2	0.000000E+0	1.639610E+5
1.190000E-2	0.000000E+0	1.638640E+5
1.192000E-2	0.000000E+0	1.641580E+5
1.194000E-2	0.000000E+0	1.651300E+5
1.196000E-2	0.000000E+0	1.643750E+5
1.198000E-2	0.000000E+0	1.639060E+5
1.200000E-2	0.000000E+0	1.645510E+5
1.202000E-2	0.000000E+0	1.648540E+5
1.204000E-2	0.000000E+0	1.648170E+5
1.206000E-2	0.000000E+0	1.644400E+5
1.208000E-2	0.000000E+0	1.649590E+5
1.210000E-2	0.000000E+0	1.640800E+5
1.212000E-2	0.000000E+0	1.642190E+5
1.214000E-2	0.000000E+0	1.638200E+5
1.216000E-2	0.000000E+0	1.635970E+5
1.218000E-2	0.000000E+0	1.649060E+5
1.220000E-2	0.000000E+0	1.637300E+5
1.222000E-2	0.000000E+0	1.640650E+5
1.224000E-2	0.000000E+0	1.646730E+5
1.226000E-2	0.000000E+0	1.645500E+5
1.228000E-2	0.000000E+0	1.644940E+5
1.230000E-2	0.000000E+0	1.646540E+5
1.232000E-2	0.000000E+0	1.643300E+5
1.234000E-2	0.000000E+0	1.647360E+5
1.236000E-2	0.000000E+0	1.642870E+5
1.238000E-2	0.000000E+0	1.644060E+5
1.240000E-2	0.000000E+0	1.651250E+5
1.242000E-2	0.000000E+0	1.648550E+5
1.244000E-2	0.000000E+0	1.646070E+5
1.246000E-2	0.000000E+0	1.642790E+5
1.248000E-2	0.000000E+0	1.648710E+5
1.250000E-2	0.000000E+0	1.642260E+5
1.252000E-2	0.000000E+0	1.647980E+5
1.254000E-2	0.000000E+0	1.644710E+5
1.256000E-2	0.000000E+0	1.640420E+5
1.258000E-2	0.000000E+0	1.648220E+5
1.260000E-2	0.000000E+0	1.649910E+5
1.262000E-2	0.000000E+0	1.637920E+5
1.264000E-2	0.000000E+0	1.638520E+5
1.266000E-2	0.000000E+0	1.648470E+5
1.268000E-2	0.000000E+0	1.646730E+5
1.270000E-2	0.000000E+0	1.646180E+5
1.272000E-2	0.000000E+0	1.644580E+5
1.274000E-2	0.000000E+0	1.638830E+5
1.276000E-2	0.000000E+0	1.652660E+5
1.278000E-2	0.000000E+0	1.642400E+5
1.280000E-2	0.000000E+0	1.639140E+5
1.282000E-2	0.000000E+0	1.647310E+5
1.284000E-2	0.000000E+0	1.644210E+5
1.286000E-2	0.000000E+0	1.650770E+5
1.288000E-2	0.000000E+0	1.647620E+5
1.290000E-2	0.000000E+0	1.643510E+5
1.292000E-2	0.000000E+0	1.647000E+5
1.294000E-2	0.000000E+0	1.638700E+5
1.296000E-2	0.000000E+0	1.648740E+5
1.298000E-2	0.000000E+0	1.644430E+5
1.300000E-2	0.000000E+0	1.648930E+5
1.302000E-2	0.000000E+0	1.648340E+5
1.304000E-2	0.000000E+0	1.648330E+5
1.306000E-2	0.000000E+0	1.642620E+5
1.308000E-2	0.000000E+0	1.644350E+5
1.310000E-2	0.000000E+0	1.648220E+5
1.312000E-2	0.000000E+0	1.646360E+5
1.314000E-2	0.000000E+0	1.651830E+5
1.316000E-2	0.000000E+0	1.640410E+5
1.318000E-2	0.000000E+0	1.644780E+5
1.320000E-2	0.000000E+0	1.652670E+5
1.322000E-2	0.000000E+0	1.647410E+5
1.324000E-2	0.000000E+0	1.642020E+5
1.326000E-2	0.000000E+0	1.647910E+5
1.328000E-2	0.000000E+0	1.651000E+5
1.330000E-2	0.000000E+0	1.643860E+5
1.332000E-2	0.000000E+0	1.647860E+5
1.334000E-2	0.000000E+0	1.646240E+5
1.336000E-2	0.000000E+0	1.649090E+5
1.338000E-2	0.000000E+0	1.648700E+5
1.340000E-2	0.000000E+0	1.641670E+5
1.342000E-2	0.000000E+0	1.640150E+5
1.344000E-2	0.000000E+0	1.641410E+5
1.346000E-2	0.000000E+0	1.637040E+5
1.348000E-2	0.000000E+0	1.648820E+5
1.350000E-2	0.000000E+0	1.642620E+5
1.352000E-2	0.000000E+0	1.646750E+5
1.354000E-2	0.000000E+0	1.649950E+5
1.356000E-2	0.000000E+0	1.651300E+5
1.358000E-2	0.000000E+0	1.646470E+5
1.360000E-2	0.000000E+0	1.639920E+5
1.362000E-2	0.000000E+0	1.649360E+5
1.364000E-2	0.000000E+0	1.641360E+5
1.366000E-2	0.000000E+0	1.645320E+5
1.368000E-2	0.000000E+0	1.652860E+5
1.370000E-2	0.000000E+0	1.645320E+5
1.372000E-2	0.000000E+0	1.641700E+5
1.374000E-2	0.000000E+0	1.638250E+5
1.376000E-2	0.000000E+0	1.639020E+5
1.378000E-2	0.000000E+0	1.636410E+5
1.380000E-2	0.000000E+0	1.648440E+5
1.382000E-2	0.000000E+0	1.643690E+5
1.384000E-2	0.000000E+0	1.646610E+5
1.386000E-2	0.000000E+0	1.640700E+5
1.388000E-2	0.000000E+0	1.643690E+5
1.390000E-2	0.000000E+0	1.646310E+5
1.392000E-2	0.000000E+0	1.653170E+5
1.394000E-2	0.000000E+0	1.648120E+5
1.396000E-2	0.000000E+0	1.646260E+5
1.398000E-2	0.000000E+0	1.647000E+5
1.400000E-2	0.000000E+0	1.657350E+5
1.402000E-2	0.000000E+0	1.641160E+5
1.404000E-2	0.000000E+0	1.651070E+5
1.406000E-2	0.000000E+0	1.643600E+5
1.408000E-2	0.000000E+0	1.641980E+5
1.410000E-2	0.000000E+0	1.640770E+5
1.412000E-2	0.000000E+0	1.643650E+5
1.414000E-2	0.000000E+0	1.642270E+5
1.416000E-2	0.000000E+0	1.645510E+5
1.418000E-2	0.000000E+0	1.640800E+5
1.420000E-2	0.000000E+0	1.646410E+5
1.422000E-2	0.000000E+0	1.650610E+5
1.424000E-2	0.000000E+0	1.637010E+5
1.426000E-2	0.000000E+0	1.638570E+5
1.428000E-2	0.000000E+0	1.647480E+5
1.430000E-2	0.000000E+0	1.644500E+5
1.432000E-2	0.000000E+0	1.647470E+5
1.434000E-2	0.000000E+0	1.641910E+5
1.436000E-2	0.000000E+0	1.647020E+5
1.438000E-2	0.000000E+0	1.648010E+5
1.440000E-2	0.000000E+0	1.652460E+5
1.442000E-2	0.000000E+0	1.645190E+5
1.444000E-2	0.000000E+0	1.638880E+5
1.446000E-2	0.000000E+0	1.646250E+5
1.448000E-2	0.000000E+0	1.644700E+5
1.450000E-2	0.000000E+0	1.639150E+5
1.452000E-2	0.000000E+0	1.649390E+5
1.454000E-2	0.000000E+0	1.642190E+5
1.456000E-2	0.000000E+0	1.649800E+5
1.458000E-2	0.000000E+0	1.639500E+5
1.460000E-2	0.000000E+0	1.645640E+5
1.462000E-2	0.000000E+0	1.638640E+5
1.464000E-2	0.000000E+0	1.644330E+5
1.466000E-2	0.000000E+0	1.643860E+5
1.468000E-2	0.000000E+0	1.649240E+5
1.470000E-2	0.000000E+0	1.644690E+5
1.472000E-2	0.000000E+0	1.643960E+5
1.474000E-2	0.000000E+0	1.643200E+5
1.476000E-2	0.000000E+0	1.653750E+5
1.478000E-2	0.000000E+0	1.651630E+5
1.480000E-2	0.000000E+0	1.642010E+5
1.482000E-2	0.000000E+0	1.642640E+5
1.484000E-2	0.000000E+0	1.644430E+5
1.486000E-2	0.000000E+0	1.638600E+5
1.488000E-2	0.000000E+0	1.644150E+5
1.490000E-2	0.000000E+0	1.642980E+5
1.492000E-2	0.000000E+0	1.644750E+5
1.494000E-2	0.000000E+0	1.634840E+5
1.496000E-2	0.000000E+0	1.627010E+5
1.498000E-2	0.000000E+0	1.627380E+5
1.500000E-2	0.000000E+0	1.621940E+5
1.502000E-2	0.000000E+0	1.620850E+5
1.504000E-2	0.000000E+0	1.616500E+5
1.506000E-2	0.000000E+0	1.621170E+5
1.508000E-2	0.000000E+0	1.618420E+5
1.510000E-2	0.000000E+0	1.607440E+5
1.512000E-2	0.000000E+0	1.597220E+5
1.514000E-2	0.000000E+0	1.596020E+5
1.516000E-2	0.000000E+0	1.603330E+5
1.518000E-2	0.000000E+0	1.601720E+5
1.520000E-2	0.000000E+0	1.609160E+5
1.522000E-2	0.000000E+0	1.611630E+5
1.524000E-2	0.000000E+0	1.620370E+5
1.526000E-2	0.000000E+0	1.627840E+5
1.528000E-2	0.000000E+0	1.634170E+5
1.530000E-2	0.000000E+0	1.628810E+5
1.532000E-2	0.000000E+0	1.635430E+5
1.534000E-2	0.000000E+0	1.637680E+5
1.536000E-2	0.000000E+0	1.635080E+5
1.538000E-2	0.000000E+0	1.644420E+5
1.540000E-2	0.000000E+0	1.640400E+5
1.542000E-2	0.000000E+0	1.643950E+5
1.544000E-2	0.000000E+0	1.635290E+5
1.546000E-2	0.000000E+0	1.643370E+5
1.548000E-2	0.000000E+0	1.641490E+5
1.550000E-2	0.000000E+0	1.637920E+5
1.552000E-2	0.000000E+0	1.645590E+5
1.554000E-2	0.000000E+0	1.641190E+5
1.556000E-2	0.000000E+0	1.639130E+5
1.558000E-2	0.000000E+0	1.633860E+5
1.560000E-2	0.000000E+0	1.635430E+5
1.562000E-2	0.000000E+0	1.623800E+5
1.564000E-2	0.000000E+0	1.623970E+5
1.566000E-2	0.000000E+0	1.613700E+5
1.568000E-2	0.000000E+0	1.610990E+5
1.570000E-2	0.000000E+0	1.612380E+5
1.572000E-2	0.000000E+0	1.613030E+5
1.574000E-2	0.000000E+0	1.610610E+5
1.576000E-2	0.000000E+0	1.604890E+5
1.578000E-2	0.000000E+0	1.592960E+5
1.580000E-2	0.000000E+0	1.601330E+5
1.582000E-2	0.000000E+0	1.599700E+5
1.584000E-2	0.000000E+0	1.609360E+5
1.586000E-2	0.000000E+0	1.610200E+5
1.588000E-2	0.000000E+0	1.617470E+5
1.590000E-2	0.000000E+0	1.618300E+5
1.592000E-2	0.000000E+0	1.630710E+5
1.594000E-2	0.000000E+0	1.629870E+5
1.596000E-2	0.000000E+0	1.631430E+5
1.598000E-2	0.000000E+0	1.641690E+5
1.600000E-2	0.000000E+0	1.644120E+5
1.602000E-2	0.000000E+0	1.645470E+5
1.604000E-2	0.000000E+0	1.641390E+5
1.606000E-2	0.000000E+0	1.638360E+5
1.608000E-2	0.000000E+0	1.646310E+5
1.610000E-2	0.000000E+0	1.643220E+5
1.612000E-2	0.000000E+0	1.644030E+5
1.614000E-2	0.000000E+0	1.652160E+5
1.616000E-2	0.000000E+0	1.646440E+5
1.618000E-2	0.000000E+0	1.641890E+5
1.620000E-2	0.000000E+0	1.642820E+5
1.622000E-2	0.000000E+0	1.644760E+5
1.624000E-2	0.000000E+0	1.640820E+5
1.626000E-2	0.000000E+0	1.645120E+5
1.628000E-2	0.000000E+0	1.649190E+5
1.630000E-2	0.000000E+0	1.647210E+5
1.632000E-2	0.000000E+0	1.645090E+5
1.634000E-2	0.000000E+0	1.643350E+5
1.636000E-2	0.000000E+0	1.653290E+5
1.638000E-2	0.000000E+0	1.643820E+5
1.640000E-2	0.000000E+0	1.647120E+5
1.642000E-2	0.000000E+0	1.643380E+5
1.644000E-2	0.000000E+0	1.643980E+5
1.646000E-2	0.000000E+0	1.645700E+5
1.648000E-2	0.000000E+0	1.641320E+5
1.650000E-2	0.000000E+0	1.646900E+5
1.652000E-2	0.000000E+0	1.649910E+5
1.654000E-2	0.000000E+0	1.644630E+5
1.656000E-2	0.000000E+0	1.642870E+5
1.658000E-2	0.000000E+0	1.644940E+5
1.660000E-2	0.000000E+0	1.649550E+5
1.662000E-2	0.000000E+0	1.644980E+5
1.664000E-2	0.000000E+0	1.646830E+5
1.666000E-2	0.000000E+0	1.650660E+5
1.668000E-2	0.000000E+0	1.639460E+5
1.670000E-2	0.000000E+0	1.644230E+5
1.672000E-2	0.000000E+0	1.654460E+5
1.674000E-2	0.000000E+0	1.643150E+5
1.676000E-2	0.000000E+0	1.642060E+5
1.678000E-2	0.000000E+0	1.641210E+5
1.680000E-2	0.000000E+0	1.643760E+5
1.682000E-2	0.000000E+0	1.642660E+5
1.684000E-2	0.000000E+0	1.642690E+5
1.686000E-2	0.000000E+0	1.645460E+5
1.688000E-2	0.000000E+0	1.641240E+5
1.690000E-2	0.000000E+0	1.644340E+5
1.692000E-2	0.000000E+0	1.643700E+5
1.694000E-2	0.000000E+0	1.648090E+5
1.696000E-2	0.000000E+0	1.645360E+5
1.698000E-2	0.000000E+0	1.644030E+5
1.700000E-2	0.000000E+0	1.644960E+5
1.702000E-2	0.000000E+0	1.648640E+5
1.704000E-2	0.000000E+0	1.643960E+5
1.706000E-2	0.000000E+0	1.650880E+5
1.708000E-2	0.000000E+0	1.638430E+5
1.710000E-2	0.000000E+0	1.644820E+5
1.712000E-2	0.000000E+0	1.650320E+5
1.714000E-2	0.000000E+0	1.643810E+5
1.716000E-2	0.000000E+0	1.643290E+5
1.718000E-2	0.000000E+0	1.640950E+5
1.720000E-2	0.000000E+0	1.652450E+5
1.722000E-2	0.000000E+0	1.652780E+5
1.724000E-2	0.000000E+0	1.637180E+5
1.726000E-2	0.000000E+0	1.642970E+5
1.728000E-2	0.000000E+0	1.646880E+5
1.730000E-2	0.000000E+0	1.643140E+5
1.732000E-2	0.000000E+0	1.643480E+5
1.734000E-2	0.000000E+0	1.642050E+5
1.736000E-2	0.000000E+0	1.650030E+5
1.738000E-2	0.000000E+0	1.648670E+5
1.740000E-2	0.000000E+0	1.645550E+5
1.742000E-2	0.000000E+0	1.639350E+5
1.744000E-2	0.000000E+0	1.640340E+5
1.746000E-2	0.000000E+0	1.638630E+5
1.748000E-2	0.000000E+0	1.642680E+5
1.750000E-2	0.000000E+0	1.645800E+5
1.752000E-2	0.000000E+0	1.648570E+5
1.754000E-2	0.000000E+0	1.636980E+5
1.756000E-2	0.000000E+0	1.637600E+5
1.758000E-2	0.000000E+0	1.650410E+5
1.760000E-2	0.000000E+0	1.643590E+5
1.762000E-2	0.000000E+0	1.644690E+5
1.764000E-2	0.000000E+0	1.646370E+5
1.766000E-2	0.000000E+0	1.646270E+5
1.768000E-2	0.000000E+0	1.644050E+5
1.770000E-2	0.000000E+0	1.646580E+5
1.772000E-2	0.000000E+0	1.654560E+5
1.774000E-2	0.000000E+0	1.643520E+5
1.776000E-2	0.000000E+0	1.638910E+5
1.778000E-2	0.000000E+0	1.652300E+5
1.780000E-2	0.000000E+0	1.644380E+5
1.782000E-2	0.000000E+0	1.645760E+5
1.784000E-2	0.000000E+0	1.640820E+5
1.786000E-2	0.000000E+0	1.643710E+5
1.788000E-2	0.000000E+0	1.645030E+5
1.790000E-2	0.000000E+0	1.647220E+5
1.792000E-2	0.000000E+0	1.641990E+5
1.794000E-2	0.000000E+0	1.645440E+5
1.796000E-2	0.000000E+0	1.643390E+5
1.798000E-2	0.000000E+0	1.648820E+5
1.800000E-2	0.000000E+0	1.637410E+5
1.802000E-2	0.000000E+0	1.644440E+5
1.804000E-2	0.000000E+0	1.637440E+5
1.806000E-2	0.000000E+0	1.640170E+5
1.808000E-2	0.000000E+0	1.643080E+5
1.810000E-2	0.000000E+0	1.652120E+5
1.812000E-2	0.000000E+0	1.652870E+5
1.814000E-2	0.000000E+0	1.648340E+5
1.816000E-2	0.000000E+0	1.646300E+5
1.818000E-2	0.000000E+0	1.642150E+5
1.820000E-2	0.000000E+0	1.651360E+5
1.822000E-2	0.000000E+0	1.640300E+5
1.824000E-2	0.000000E+0	1.644610E+5
1.826000E-2	0.000000E+0	1.647990E+5
1.828000E-2	0.000000E+0	1.640150E+5
1.830000E-2	0.000000E+0	1.642900E+5
1.832000E-2	0.000000E+0	1.650720E+5
1.834000E-2	0.000000E+0	1.637180E+5
1.836000E-2	0.000000E+0	1.648930E+5
1.838000E-2	0.000000E+0	1.644200E+5
1.840000E-2	0.000000E+0	1.645190E+5
1.842000E-2	0.000000E+0	1.646790E+5
1.844000E-2	0.000000E+0	1.646190E+5
1.846000E-2	0.000000E+0	1.639070E+5
1.848000E-2	0.000000E+0	1.646610E+5
1.850000E-2	0.000000E+0	1.649560E+5
1.852000E-2	0.000000E+0	1.646540E+5
1.854000E-2	0.000000E+0	1.647810E+5
1.856000E-2	0.000000E+0	1.636200E+5
1.858000E-2	0.000000E+0	1.648750E+5
1.860000E-2	0.000000E+0	1.645890E+5
1.862000E-2	0.000000E+0	1.643850E+5
1.864000E-2	0.000000E+0	1.639260E+5
1.866000E-2	0.000000E+0	1.644150E+5
1.868000E-2	0.000000E+0	1.644320E+5
1.870000E-2	0.000000E+0	1.645720E+5
1.872000E-2	0.000000E+0	1.650110E+5
1.874000E-2	0.000000E+0	1.636260E+5
1.876000E-2	0.000000E+0	1.643450E+5
1.878000E-2	0.000000E+0	1.649500E+5
1.880000E-2	0.000000E+0	1.643570E+5
1.882000E-2	0.000000E+0	1.641360E+5
1.884000E-2	0.000000E+0	1.648860E+5
1.886000E-2	0.000000E+0	1.647210E+5
1.888000E-2	0.000000E+0	1.638460E+5
1.890000E-2	0.000000E+0	1.648210E+5
1.892000E-2	0.000000E+0	1.650360E+5
1.894000E-2	0.000000E+0	1.647650E+5
1.896000E-2	0.000000E+0	1.646730E+5
1.898000E-2	0.000000E+0	1.640560E+5
1.900000E-2	0.000000E+0	1.648450E+5
1.902000E-2	0.000000E+0	1.641150E+5
1.904000E-2	0.000000E+0	1.642940E+5
1.906000E-2	0.000000E+0	1.645530E+5
1.908000E-2	0.000000E+0	1.647570E+5
1.910000E-2	0.000000E+0	1.643000E+5
1.912000E-2	0.000000E+0	1.647590E+5
1.914000E-2	0.000000E+0	1.646810E+5
1.916000E-2	0.000000E+0	1.639140E+5
1.918000E-2	0.000000E+0	1.644990E+5
1.920000E-2	0.000000E+0	1.648700E+5
1.922000E-2	0.000000E+0	1.640740E+5
1.924000E-2	0.000000E+0	1.642900E+5
1.926000E-2	0.000000E+0	1.643270E+5
1.928000E-2	0.000000E+0	1.649410E+5
1.930000E-2	0.000000E+0	1.645910E+5
1.932000E-2	0.000000E+0	1.641740E+5
1.934000E-2	0.000000E+0	1.639150E+5
1.936000E-2	0.000000E+0	1.640620E+5
1.938000E-2	0.000000E+0	1.649770E+5
1.940000E-2	0.000000E+0	1.643590E+5
1.942000E-2	0.000000E+0	1.651820E+5
1.944000E-2	0.000000E+0	1.649830E+5
1.946000E-2	0.000000E+0	1.645080E+5
1.948000E-2	0.000000E+0	1.644120E+5
1.950000E-2	0.000000E+0	1.643300E+5
1.952000E-2	0.000000E+0	1.650130E+5
1.954000E-2	0.000000E+0	1.644230E+5
1.956000E-2	0.000000E+0	1.647760E+5
1.958000E-2	0.000000E+0	1.648720E+5
1.960000E-2	0.000000E+0	1.645970E+5
1.962000E-2	0.000000E+0	1.641670E+5
1.964000E-2	0.000000E+0	1.646210E+5
1.966000E-2	0.000000E+0	1.648340E+5
1.968000E-2	0.000000E+0	1.648040E+5
1.970000E-2	0.000000E+0	1.643430E+5
1.972000E-2	0.000000E+0	1.645150E+5
1.974000E-2	0.000000E+0	1.641590E+5
1.976000E-2	0.000000E+0	1.639880E+5
1.978000E-2	0.000000E+0	1.643350E+5
1.980000E-2	0.000000E+0	1.645270E+5
1.982000E-2	0.000000E+0	1.647230E+5
1.984000E-2	0.000000E+0	1.649490E+5
1.986000E-2	0.000000E+0	1.645360E+5
1.988000E-2	0.000000E+0	1.640150E+5
1.990000E-2	0.000000E+0	1.645410E+5
1.992000E-2	0.000000E+0	1.639740E+5
1.994000E-2	0.000000E+0	1.649560E+5
1.996000E-2	0.000000E+0	1.644590E+5
1.998000E-2	0.000000E+0	1.642630E+5
