

live time:  229877.560000
real time:  320409.422000
sweeps:  11493878.000000
0.000000E+0	0.000000E+0	0.000000E+0
2.000000E-5	0.000000E+0	5.034880E+5
4.000000E-5	0.000000E+0	5.038660E+5
6.000000E-5	0.000000E+0	5.031830E+5
8.000000E-5	0.000000E+0	5.044280E+5
1.000000E-4	0.000000E+0	5.022590E+5
1.200000E-4	0.000000E+0	5.042090E+5
1.400000E-4	0.000000E+0	5.041700E+5
1.600000E-4	0.000000E+0	5.040150E+5
1.800000E-4	0.000000E+0	5.041470E+5
2.000000E-4	0.000000E+0	5.038920E+5
2.200000E-4	0.000000E+0	5.043340E+5
2.400000E-4	0.000000E+0	5.024730E+5
2.600000E-4	0.000000E+0	5.027430E+5
2.800000E-4	0.000000E+0	5.029470E+5
3.000000E-4	0.000000E+0	5.048870E+5
3.200000E-4	0.000000E+0	5.032710E+5
3.400000E-4	0.000000E+0	5.028460E+5
3.600000E-4	0.000000E+0	5.043440E+5
3.800000E-4	0.000000E+0	5.032050E+5
4.000000E-4	0.000000E+0	5.026260E+5
4.200000E-4	0.000000E+0	5.033910E+5
4.400000E-4	0.000000E+0	5.030970E+5
4.600000E-4	0.000000E+0	5.044260E+5
4.800000E-4	0.000000E+0	5.026620E+5
5.000000E-4	0.000000E+0	5.035190E+5
5.200000E-4	0.000000E+0	5.034580E+5
5.400000E-4	0.000000E+0	5.029980E+5
5.600000E-4	0.000000E+0	5.024620E+5
5.800000E-4	0.000000E+0	5.032930E+5
6.000000E-4	0.000000E+0	5.042630E+5
6.200000E-4	0.000000E+0	5.030280E+5
6.400000E-4	0.000000E+0	5.041310E+5
6.600000E-4	0.000000E+0	5.026500E+5
6.800000E-4	0.000000E+0	5.028680E+5
7.000000E-4	0.000000E+0	5.038920E+5
7.200000E-4	0.000000E+0	5.045300E+5
7.400000E-4	0.000000E+0	5.024870E+5
7.600000E-4	0.000000E+0	5.029190E+5
7.800000E-4	0.000000E+0	5.024160E+5
8.000000E-4	0.000000E+0	5.041170E+5
8.200000E-4	0.000000E+0	5.027260E+5
8.400000E-4	0.000000E+0	5.030340E+5
8.600000E-4	0.000000E+0	5.039060E+5
8.800000E-4	0.000000E+0	5.026390E+5
9.000000E-4	0.000000E+0	5.049010E+5
9.200000E-4	0.000000E+0	5.029600E+5
9.400000E-4	0.000000E+0	5.036490E+5
9.600000E-4	0.000000E+0	5.026080E+5
9.800000E-4	0.000000E+0	5.046970E+5
1.000000E-3	0.000000E+0	5.032880E+5
1.020000E-3	0.000000E+0	5.030800E+5
1.040000E-3	0.000000E+0	5.033100E+5
1.060000E-3	0.000000E+0	5.034660E+5
1.080000E-3	0.000000E+0	5.033440E+5
1.100000E-3	0.000000E+0	5.032530E+5
1.120000E-3	0.000000E+0	5.038230E+5
1.140000E-3	0.000000E+0	5.022110E+5
1.160000E-3	0.000000E+0	5.029880E+5
1.180000E-3	0.000000E+0	5.028800E+5
1.200000E-3	0.000000E+0	5.040010E+5
1.220000E-3	0.000000E+0	5.045180E+5
1.240000E-3	0.000000E+0	5.038170E+5
1.260000E-3	0.000000E+0	5.034820E+5
1.280000E-3	0.000000E+0	5.034530E+5
1.300000E-3	0.000000E+0	5.021490E+5
1.320000E-3	0.000000E+0	5.044230E+5
1.340000E-3	0.000000E+0	5.037250E+5
1.360000E-3	0.000000E+0	5.028000E+5
1.380000E-3	0.000000E+0	5.043690E+5
1.400000E-3	0.000000E+0	5.033190E+5
1.420000E-3	0.000000E+0	5.037550E+5
1.440000E-3	0.000000E+0	5.033120E+5
1.460000E-3	0.000000E+0	5.026270E+5
1.480000E-3	0.000000E+0	5.037830E+5
1.500000E-3	0.000000E+0	5.032040E+5
1.520000E-3	0.000000E+0	5.027340E+5
1.540000E-3	0.000000E+0	5.039450E+5
1.560000E-3	0.000000E+0	5.030620E+5
1.580000E-3	0.000000E+0	5.039440E+5
1.600000E-3	0.000000E+0	5.033440E+5
1.620000E-3	0.000000E+0	5.030140E+5
1.640000E-3	0.000000E+0	5.024440E+5
1.660000E-3	0.000000E+0	5.037420E+5
1.680000E-3	0.000000E+0	5.032250E+5
1.700000E-3	0.000000E+0	5.023390E+5
1.720000E-3	0.000000E+0	5.040450E+5
1.740000E-3	0.000000E+0	5.043350E+5
1.760000E-3	0.000000E+0	5.035410E+5
1.780000E-3	0.000000E+0	5.046310E+5
1.800000E-3	0.000000E+0	5.043200E+5
1.820000E-3	0.000000E+0	5.029300E+5
1.840000E-3	0.000000E+0	5.022690E+5
1.860000E-3	0.000000E+0	5.033380E+5
1.880000E-3	0.000000E+0	5.032350E+5
1.900000E-3	0.000000E+0	5.023600E+5
1.920000E-3	0.000000E+0	5.033020E+5
1.940000E-3	0.000000E+0	5.028310E+5
1.960000E-3	0.000000E+0	5.036820E+5
1.980000E-3	0.000000E+0	5.040360E+5
2.000000E-3	0.000000E+0	5.031830E+5
2.020000E-3	0.000000E+0	5.031440E+5
2.040000E-3	0.000000E+0	5.027200E+5
2.060000E-3	0.000000E+0	5.043710E+5
2.080000E-3	0.000000E+0	5.044690E+5
2.100000E-3	0.000000E+0	5.042480E+5
2.120000E-3	0.000000E+0	5.039660E+5
2.140000E-3	0.000000E+0	5.023110E+5
2.160000E-3	0.000000E+0	5.022500E+5
2.180000E-3	0.000000E+0	5.038360E+5
2.200000E-3	0.000000E+0	5.044320E+5
2.220000E-3	0.000000E+0	5.040540E+5
2.240000E-3	0.000000E+0	5.033440E+5
2.260000E-3	0.000000E+0	5.036790E+5
2.280000E-3	0.000000E+0	5.035430E+5
2.300000E-3	0.000000E+0	5.038350E+5
2.320000E-3	0.000000E+0	5.031460E+5
2.340000E-3	0.000000E+0	5.033340E+5
2.360000E-3	0.000000E+0	5.035260E+5
2.380000E-3	0.000000E+0	5.049700E+5
2.400000E-3	0.000000E+0	5.019150E+5
2.420000E-3	0.000000E+0	5.030390E+5
2.440000E-3	0.000000E+0	5.032330E+5
2.460000E-3	0.000000E+0	5.034010E+5
2.480000E-3	0.000000E+0	5.045950E+5
2.500000E-3	0.000000E+0	5.032590E+5
2.520000E-3	0.000000E+0	5.038210E+5
2.540000E-3	0.000000E+0	5.024730E+5
2.560000E-3	0.000000E+0	5.033120E+5
2.580000E-3	0.000000E+0	5.028820E+5
2.600000E-3	0.000000E+0	5.044230E+5
2.620000E-3	0.000000E+0	5.034260E+5
2.640000E-3	0.000000E+0	5.022960E+5
2.660000E-3	0.000000E+0	5.043380E+5
2.680000E-3	0.000000E+0	5.031160E+5
2.700000E-3	0.000000E+0	5.035230E+5
2.720000E-3	0.000000E+0	5.013820E+5
2.740000E-3	0.000000E+0	5.034080E+5
2.760000E-3	0.000000E+0	5.030290E+5
2.780000E-3	0.000000E+0	5.032180E+5
2.800000E-3	0.000000E+0	5.036050E+5
2.820000E-3	0.000000E+0	5.028830E+5
2.840000E-3	0.000000E+0	5.024170E+5
2.860000E-3	0.000000E+0	5.040290E+5
2.880000E-3	0.000000E+0	5.031200E+5
2.900000E-3	0.000000E+0	5.032020E+5
2.920000E-3	0.000000E+0	5.023280E+5
2.940000E-3	0.000000E+0	5.035580E+5
2.960000E-3	0.000000E+0	5.033860E+5
2.980000E-3	0.000000E+0	5.028150E+5
3.000000E-3	0.000000E+0	5.034120E+5
3.020000E-3	0.000000E+0	5.037400E+5
3.040000E-3	0.000000E+0	5.042110E+5
3.060000E-3	0.000000E+0	5.051000E+5
3.080000E-3	0.000000E+0	5.033590E+5
3.100000E-3	0.000000E+0	5.023120E+5
3.120000E-3	0.000000E+0	5.035460E+5
3.140000E-3	0.000000E+0	5.040010E+5
3.160000E-3	0.000000E+0	5.025040E+5
3.180000E-3	0.000000E+0	5.035890E+5
3.200000E-3	0.000000E+0	5.034640E+5
3.220000E-3	0.000000E+0	5.036660E+5
3.240000E-3	0.000000E+0	5.045190E+5
3.260000E-3	0.000000E+0	5.041040E+5
3.280000E-3	0.000000E+0	5.038640E+5
3.300000E-3	0.000000E+0	5.033800E+5
3.320000E-3	0.000000E+0	5.038280E+5
3.340000E-3	0.000000E+0	5.028190E+5
3.360000E-3	0.000000E+0	5.028040E+5
3.380000E-3	0.000000E+0	5.021350E+5
3.400000E-3	0.000000E+0	5.031480E+5
3.420000E-3	0.000000E+0	5.048000E+5
3.440000E-3	0.000000E+0	5.030380E+5
3.460000E-3	0.000000E+0	5.040690E+5
3.480000E-3	0.000000E+0	5.029210E+5
3.500000E-3	0.000000E+0	5.034530E+5
3.520000E-3	0.000000E+0	5.023850E+5
3.540000E-3	0.000000E+0	5.033210E+5
3.560000E-3	0.000000E+0	5.029870E+5
3.580000E-3	0.000000E+0	5.027000E+5
3.600000E-3	0.000000E+0	5.028310E+5
3.620000E-3	0.000000E+0	5.009240E+5
3.640000E-3	0.000000E+0	5.042680E+5
3.660000E-3	0.000000E+0	5.032120E+5
3.680000E-3	0.000000E+0	5.032390E+5
3.700000E-3	0.000000E+0	5.028550E+5
3.720000E-3	0.000000E+0	5.028340E+5
3.740000E-3	0.000000E+0	5.031140E+5
3.760000E-3	0.000000E+0	5.027760E+5
3.780000E-3	0.000000E+0	5.021680E+5
3.800000E-3	0.000000E+0	5.025510E+5
3.820000E-3	0.000000E+0	5.027970E+5
3.840000E-3	0.000000E+0	5.032200E+5
3.860000E-3	0.000000E+0	5.030820E+5
3.880000E-3	0.000000E+0	5.023050E+5
3.900000E-3	0.000000E+0	5.036190E+5
3.920000E-3	0.000000E+0	5.048430E+5
3.940000E-3	0.000000E+0	5.041300E+5
3.960000E-3	0.000000E+0	5.039780E+5
3.980000E-3	0.000000E+0	5.038170E+5
4.000000E-3	0.000000E+0	5.029030E+5
4.020000E-3	0.000000E+0	5.039170E+5
4.040000E-3	0.000000E+0	5.031910E+5
4.060000E-3	0.000000E+0	5.035400E+5
4.080000E-3	0.000000E+0	5.032700E+5
4.100000E-3	0.000000E+0	5.033280E+5
4.120000E-3	0.000000E+0	5.033310E+5
4.140000E-3	0.000000E+0	5.021670E+5
4.160000E-3	0.000000E+0	5.035040E+5
4.180000E-3	0.000000E+0	5.022320E+5
4.200000E-3	0.000000E+0	5.036410E+5
4.220000E-3	0.000000E+0	5.028300E+5
4.240000E-3	0.000000E+0	5.026530E+5
4.260000E-3	0.000000E+0	5.023560E+5
4.280000E-3	0.000000E+0	5.037200E+5
4.300000E-3	0.000000E+0	5.036020E+5
4.320000E-3	0.000000E+0	5.027360E+5
4.340000E-3	0.000000E+0	5.026500E+5
4.360000E-3	0.000000E+0	5.031970E+5
4.380000E-3	0.000000E+0	5.027210E+5
4.400000E-3	0.000000E+0	5.038880E+5
4.420000E-3	0.000000E+0	5.030400E+5
4.440000E-3	0.000000E+0	5.028560E+5
4.460000E-3	0.000000E+0	5.033200E+5
4.480000E-3	0.000000E+0	5.021210E+5
4.500000E-3	0.000000E+0	5.030050E+5
4.520000E-3	0.000000E+0	5.024890E+5
4.540000E-3	0.000000E+0	5.019640E+5
4.560000E-3	0.000000E+0	5.023370E+5
4.580000E-3	0.000000E+0	5.033970E+5
4.600000E-3	0.000000E+0	5.034530E+5
4.620000E-3	0.000000E+0	5.024650E+5
4.640000E-3	0.000000E+0	5.034100E+5
4.660000E-3	0.000000E+0	5.039320E+5
4.680000E-3	0.000000E+0	5.028170E+5
4.700000E-3	0.000000E+0	5.034850E+5
4.720000E-3	0.000000E+0	5.032070E+5
4.740000E-3	0.000000E+0	5.022730E+5
4.760000E-3	0.000000E+0	5.038930E+5
4.780000E-3	0.000000E+0	5.016110E+5
4.800000E-3	0.000000E+0	5.024670E+5
4.820000E-3	0.000000E+0	5.020360E+5
4.840000E-3	0.000000E+0	5.018680E+5
4.860000E-3	0.000000E+0	5.003720E+5
4.880000E-3	0.000000E+0	4.997250E+5
4.900000E-3	0.000000E+0	4.994830E+5
4.920000E-3	0.000000E+0	4.960810E+5
4.940000E-3	0.000000E+0	4.955530E+5
4.960000E-3	0.000000E+0	4.954480E+5
4.980000E-3	0.000000E+0	4.956560E+5
5.000000E-3	0.000000E+0	4.936670E+5
5.020000E-3	0.000000E+0	4.925190E+5
5.040000E-3	0.000000E+0	4.900360E+5
5.060000E-3	0.000000E+0	4.887240E+5
5.080000E-3	0.000000E+0	4.893660E+5
5.100000E-3	0.000000E+0	4.895260E+5
5.120000E-3	0.000000E+0	4.892530E+5
5.140000E-3	0.000000E+0	4.908830E+5
5.160000E-3	0.000000E+0	4.934020E+5
5.180000E-3	0.000000E+0	4.940780E+5
5.200000E-3	0.000000E+0	4.957240E+5
5.220000E-3	0.000000E+0	4.974000E+5
5.240000E-3	0.000000E+0	4.964930E+5
5.260000E-3	0.000000E+0	5.000500E+5
5.280000E-3	0.000000E+0	4.976370E+5
5.300000E-3	0.000000E+0	5.000200E+5
5.320000E-3	0.000000E+0	5.012500E+5
5.340000E-3	0.000000E+0	5.020690E+5
5.360000E-3	0.000000E+0	5.025080E+5
5.380000E-3	0.000000E+0	5.013610E+5
5.400000E-3	0.000000E+0	5.035220E+5
5.420000E-3	0.000000E+0	5.023730E+5
5.440000E-3	0.000000E+0	5.016670E+5
5.460000E-3	0.000000E+0	5.011790E+5
5.480000E-3	0.000000E+0	5.012930E+5
5.500000E-3	0.000000E+0	5.013750E+5
5.520000E-3	0.000000E+0	4.994230E+5
5.540000E-3	0.000000E+0	4.991950E+5
5.560000E-3	0.000000E+0	4.964520E+5
5.580000E-3	0.000000E+0	4.964900E+5
5.600000E-3	0.000000E+0	4.946310E+5
5.620000E-3	0.000000E+0	4.950720E+5
5.640000E-3	0.000000E+0	4.956220E+5
5.660000E-3	0.000000E+0	4.934300E+5
5.680000E-3	0.000000E+0	4.929920E+5
5.700000E-3	0.000000E+0	4.904120E+5
5.720000E-3	0.000000E+0	4.898030E+5
5.740000E-3	0.000000E+0	4.904400E+5
5.760000E-3	0.000000E+0	4.910430E+5
5.780000E-3	0.000000E+0	4.916580E+5
5.800000E-3	0.000000E+0	4.930680E+5
5.820000E-3	0.000000E+0	4.947860E+5
5.840000E-3	0.000000E+0	4.960800E+5
5.860000E-3	0.000000E+0	4.967800E+5
5.880000E-3	0.000000E+0	4.984820E+5
5.900000E-3	0.000000E+0	5.001430E+5
5.920000E-3	0.000000E+0	5.018000E+5
5.940000E-3	0.000000E+0	5.009710E+5
5.960000E-3	0.000000E+0	5.013170E+5
5.980000E-3	0.000000E+0	5.024080E+5
6.000000E-3	0.000000E+0	5.025160E+5
6.020000E-3	0.000000E+0	5.021010E+5
6.040000E-3	0.000000E+0	5.024870E+5
6.060000E-3	0.000000E+0	5.026290E+5
6.080000E-3	0.000000E+0	5.028520E+5
6.100000E-3	0.000000E+0	5.016460E+5
6.120000E-3	0.000000E+0	5.027970E+5
6.140000E-3	0.000000E+0	5.026350E+5
6.160000E-3	0.000000E+0	5.018870E+5
6.180000E-3	0.000000E+0	5.034940E+5
6.200000E-3	0.000000E+0	5.026600E+5
6.220000E-3	0.000000E+0	5.033930E+5
6.240000E-3	0.000000E+0	5.021290E+5
6.260000E-3	0.000000E+0	5.026270E+5
6.280000E-3	0.000000E+0	5.044440E+5
6.300000E-3	0.000000E+0	5.040810E+5
6.320000E-3	0.000000E+0	5.031960E+5
6.340000E-3	0.000000E+0	5.030820E+5
6.360000E-3	0.000000E+0	5.027190E+5
6.380000E-3	0.000000E+0	5.041530E+5
6.400000E-3	0.000000E+0	5.030760E+5
6.420000E-3	0.000000E+0	5.019010E+5
6.440000E-3	0.000000E+0	5.049300E+5
6.460000E-3	0.000000E+0	5.026390E+5
6.480000E-3	0.000000E+0	5.026740E+5
6.500000E-3	0.000000E+0	5.025690E+5
6.520000E-3	0.000000E+0	5.033410E+5
6.540000E-3	0.000000E+0	5.027360E+5
6.560000E-3	0.000000E+0	5.037240E+5
6.580000E-3	0.000000E+0	5.026440E+5
6.600000E-3	0.000000E+0	5.038560E+5
6.620000E-3	0.000000E+0	5.033840E+5
6.640000E-3	0.000000E+0	5.032300E+5
6.660000E-3	0.000000E+0	5.023720E+5
6.680000E-3	0.000000E+0	5.033130E+5
6.700000E-3	0.000000E+0	5.031990E+5
6.720000E-3	0.000000E+0	5.033150E+5
6.740000E-3	0.000000E+0	5.033930E+5
6.760000E-3	0.000000E+0	5.040010E+5
6.780000E-3	0.000000E+0	5.021990E+5
6.800000E-3	0.000000E+0	5.035990E+5
6.820000E-3	0.000000E+0	5.032360E+5
6.840000E-3	0.000000E+0	5.031800E+5
6.860000E-3	0.000000E+0	5.035550E+5
6.880000E-3	0.000000E+0	5.041330E+5
6.900000E-3	0.000000E+0	5.027160E+5
6.920000E-3	0.000000E+0	5.021190E+5
6.940000E-3	0.000000E+0	5.036140E+5
6.960000E-3	0.000000E+0	5.016190E+5
6.980000E-3	0.000000E+0	5.033580E+5
7.000000E-3	0.000000E+0	5.028640E+5
7.020000E-3	0.000000E+0	5.037900E+5
7.040000E-3	0.000000E+0	5.038340E+5
7.060000E-3	0.000000E+0	5.039810E+5
7.080000E-3	0.000000E+0	5.034270E+5
7.100000E-3	0.000000E+0	5.024250E+5
7.120000E-3	0.000000E+0	5.034150E+5
7.140000E-3	0.000000E+0	5.030240E+5
7.160000E-3	0.000000E+0	5.031110E+5
7.180000E-3	0.000000E+0	5.022490E+5
7.200000E-3	0.000000E+0	5.029380E+5
7.220000E-3	0.000000E+0	5.039050E+5
7.240000E-3	0.000000E+0	5.027610E+5
7.260000E-3	0.000000E+0	5.033550E+5
7.280000E-3	0.000000E+0	5.031160E+5
7.300000E-3	0.000000E+0	5.032200E+5
7.320000E-3	0.000000E+0	5.035860E+5
7.340000E-3	0.000000E+0	5.044320E+5
7.360000E-3	0.000000E+0	5.027830E+5
7.380000E-3	0.000000E+0	5.041760E+5
7.400000E-3	0.000000E+0	5.034860E+5
7.420000E-3	0.000000E+0	5.030090E+5
7.440000E-3	0.000000E+0	5.032430E+5
7.460000E-3	0.000000E+0	5.032670E+5
7.480000E-3	0.000000E+0	5.026390E+5
7.500000E-3	0.000000E+0	5.041610E+5
7.520000E-3	0.000000E+0	5.036440E+5
7.540000E-3	0.000000E+0	5.035720E+5
7.560000E-3	0.000000E+0	5.037620E+5
7.580000E-3	0.000000E+0	5.036100E+5
7.600000E-3	0.000000E+0	5.033610E+5
7.620000E-3	0.000000E+0	5.038680E+5
7.640000E-3	0.000000E+0	5.044530E+5
7.660000E-3	0.000000E+0	5.028430E+5
7.680000E-3	0.000000E+0	5.031270E+5
7.700000E-3	0.000000E+0	5.030030E+5
7.720000E-3	0.000000E+0	5.038320E+5
7.740000E-3	0.000000E+0	5.028680E+5
7.760000E-3	0.000000E+0	5.033660E+5
7.780000E-3	0.000000E+0	5.042840E+5
7.800000E-3	0.000000E+0	5.031030E+5
7.820000E-3	0.000000E+0	5.028940E+5
7.840000E-3	0.000000E+0	5.049310E+5
7.860000E-3	0.000000E+0	5.034420E+5
7.880000E-3	0.000000E+0	5.030110E+5
7.900000E-3	0.000000E+0	5.035890E+5
7.920000E-3	0.000000E+0	5.032840E+5
7.940000E-3	0.000000E+0	5.042530E+5
7.960000E-3	0.000000E+0	5.048570E+5
7.980000E-3	0.000000E+0	5.040540E+5
8.000000E-3	0.000000E+0	5.038400E+5
8.020000E-3	0.000000E+0	5.036620E+5
8.040000E-3	0.000000E+0	5.024850E+5
8.060000E-3	0.000000E+0	5.025060E+5
8.080000E-3	0.000000E+0	5.037990E+5
8.100000E-3	0.000000E+0	5.046330E+5
8.120000E-3	0.000000E+0	5.039390E+5
8.140000E-3	0.000000E+0	5.028110E+5
8.160000E-3	0.000000E+0	5.033160E+5
8.180000E-3	0.000000E+0	5.028630E+5
8.200000E-3	0.000000E+0	5.034910E+5
8.220000E-3	0.000000E+0	5.031460E+5
8.240000E-3	0.000000E+0	5.037100E+5
8.260000E-3	0.000000E+0	5.050210E+5
8.280000E-3	0.000000E+0	5.027770E+5
8.300000E-3	0.000000E+0	5.036720E+5
8.320000E-3	0.000000E+0	5.021530E+5
8.340000E-3	0.000000E+0	5.025070E+5
8.360000E-3	0.000000E+0	5.029640E+5
8.380000E-3	0.000000E+0	5.017030E+5
8.400000E-3	0.000000E+0	5.024120E+5
8.420000E-3	0.000000E+0	5.032460E+5
8.440000E-3	0.000000E+0	5.037390E+5
8.460000E-3	0.000000E+0	5.037660E+5
8.480000E-3	0.000000E+0	5.045740E+5
8.500000E-3	0.000000E+0	5.020720E+5
8.520000E-3	0.000000E+0	5.039280E+5
8.540000E-3	0.000000E+0	5.040360E+5
8.560000E-3	0.000000E+0	5.034210E+5
8.580000E-3	0.000000E+0	5.048250E+5
8.600000E-3	0.000000E+0	5.035600E+5
8.620000E-3	0.000000E+0	5.047990E+5
8.640000E-3	0.000000E+0	5.034350E+5
8.660000E-3	0.000000E+0	5.029730E+5
8.680000E-3	0.000000E+0	5.038860E+5
8.700000E-3	0.000000E+0	5.019020E+5
8.720000E-3	0.000000E+0	5.042060E+5
8.740000E-3	0.000000E+0	5.020390E+5
8.760000E-3	0.000000E+0	5.032390E+5
8.780000E-3	0.000000E+0	5.035070E+5
8.800000E-3	0.000000E+0	5.040510E+5
8.820000E-3	0.000000E+0	5.036100E+5
8.840000E-3	0.000000E+0	5.025810E+5
8.860000E-3	0.000000E+0	5.052470E+5
8.880000E-3	0.000000E+0	5.028980E+5
8.900000E-3	0.000000E+0	5.033420E+5
8.920000E-3	0.000000E+0	5.026850E+5
8.940000E-3	0.000000E+0	5.019530E+5
8.960000E-3	0.000000E+0	5.043510E+5
8.980000E-3	0.000000E+0	5.028160E+5
9.000000E-3	0.000000E+0	5.036480E+5
9.020000E-3	0.000000E+0	5.016040E+5
9.040000E-3	0.000000E+0	5.038980E+5
9.060000E-3	0.000000E+0	5.058480E+5
9.080000E-3	0.000000E+0	5.031410E+5
9.100000E-3	0.000000E+0	5.048750E+5
9.120000E-3	0.000000E+0	5.024310E+5
9.140000E-3	0.000000E+0	5.039930E+5
9.160000E-3	0.000000E+0	5.036830E+5
9.180000E-3	0.000000E+0	5.024810E+5
9.200000E-3	0.000000E+0	5.033850E+5
9.220000E-3	0.000000E+0	5.034570E+5
9.240000E-3	0.000000E+0	5.041050E+5
9.260000E-3	0.000000E+0	5.043750E+5
9.280000E-3	0.000000E+0	5.044690E+5
9.300000E-3	0.000000E+0	5.045160E+5
9.320000E-3	0.000000E+0	5.034530E+5
9.340000E-3	0.000000E+0	5.032900E+5
9.360000E-3	0.000000E+0	5.035860E+5
9.380000E-3	0.000000E+0	5.045690E+5
9.400000E-3	0.000000E+0	5.038240E+5
9.420000E-3	0.000000E+0	5.048240E+5
9.440000E-3	0.000000E+0	5.031830E+5
9.460000E-3	0.000000E+0	5.042020E+5
9.480000E-3	0.000000E+0	5.036530E+5
9.500000E-3	0.000000E+0	5.026230E+5
9.520000E-3	0.000000E+0	5.040940E+5
9.540000E-3	0.000000E+0	5.022270E+5
9.560000E-3	0.000000E+0	5.035760E+5
9.580000E-3	0.000000E+0	5.032780E+5
9.600000E-3	0.000000E+0	5.035810E+5
9.620000E-3	0.000000E+0	5.031420E+5
9.640000E-3	0.000000E+0	5.029180E+5
9.660000E-3	0.000000E+0	5.044960E+5
9.680000E-3	0.000000E+0	5.022960E+5
9.700000E-3	0.000000E+0	5.030380E+5
9.720000E-3	0.000000E+0	5.035690E+5
9.740000E-3	0.000000E+0	5.033620E+5
9.760000E-3	0.000000E+0	5.032320E+5
9.780000E-3	0.000000E+0	5.041820E+5
9.800000E-3	0.000000E+0	5.038390E+5
9.820000E-3	0.000000E+0	5.038430E+5
9.840000E-3	0.000000E+0	5.038700E+5
9.860000E-3	0.000000E+0	5.026040E+5
9.880000E-3	0.000000E+0	5.046740E+5
9.900000E-3	0.000000E+0	5.053530E+5
9.920000E-3	0.000000E+0	5.035620E+5
9.940000E-3	0.000000E+0	5.023840E+5
9.960000E-3	0.000000E+0	5.026910E+5
9.980000E-3	0.000000E+0	5.042720E+5
1.000000E-2	0.000000E+0	5.033060E+5
1.002000E-2	0.000000E+0	5.030830E+5
1.004000E-2	0.000000E+0	5.044010E+5
1.006000E-2	0.000000E+0	5.029080E+5
1.008000E-2	0.000000E+0	5.033160E+5
1.010000E-2	0.000000E+0	5.030160E+5
1.012000E-2	0.000000E+0	5.043390E+5
1.014000E-2	0.000000E+0	5.052400E+5
1.016000E-2	0.000000E+0	5.044570E+5
1.018000E-2	0.000000E+0	5.038750E+5
1.020000E-2	0.000000E+0	5.040210E+5
1.022000E-2	0.000000E+0	5.036310E+5
1.024000E-2	0.000000E+0	5.028100E+5
1.026000E-2	0.000000E+0	5.049250E+5
1.028000E-2	0.000000E+0	5.034720E+5
1.030000E-2	0.000000E+0	5.043500E+5
1.032000E-2	0.000000E+0	5.026760E+5
1.034000E-2	0.000000E+0	5.048540E+5
1.036000E-2	0.000000E+0	5.038420E+5
1.038000E-2	0.000000E+0	5.042400E+5
1.040000E-2	0.000000E+0	5.031040E+5
1.042000E-2	0.000000E+0	5.041120E+5
1.044000E-2	0.000000E+0	5.035450E+5
1.046000E-2	0.000000E+0	5.044360E+5
1.048000E-2	0.000000E+0	5.044570E+5
1.050000E-2	0.000000E+0	5.034150E+5
1.052000E-2	0.000000E+0	5.044750E+5
1.054000E-2	0.000000E+0	5.050660E+5
1.056000E-2	0.000000E+0	5.033500E+5
1.058000E-2	0.000000E+0	5.045640E+5
1.060000E-2	0.000000E+0	5.032090E+5
1.062000E-2	0.000000E+0	5.028960E+5
1.064000E-2	0.000000E+0	5.036420E+5
1.066000E-2	0.000000E+0	5.033160E+5
1.068000E-2	0.000000E+0	5.037250E+5
1.070000E-2	0.000000E+0	5.024530E+5
1.072000E-2	0.000000E+0	5.034220E+5
1.074000E-2	0.000000E+0	5.043710E+5
1.076000E-2	0.000000E+0	5.037770E+5
1.078000E-2	0.000000E+0	5.046320E+5
1.080000E-2	0.000000E+0	5.045190E+5
1.082000E-2	0.000000E+0	5.050450E+5
1.084000E-2	0.000000E+0	5.038200E+5
1.086000E-2	0.000000E+0	5.041410E+5
1.088000E-2	0.000000E+0	5.035450E+5
1.090000E-2	0.000000E+0	5.039230E+5
1.092000E-2	0.000000E+0	5.037930E+5
1.094000E-2	0.000000E+0	5.028830E+5
1.096000E-2	0.000000E+0	5.034450E+5
1.098000E-2	0.000000E+0	5.044540E+5
1.100000E-2	0.000000E+0	5.041360E+5
1.102000E-2	0.000000E+0	5.029480E+5
1.104000E-2	0.000000E+0	5.040880E+5
1.106000E-2	0.000000E+0	5.037160E+5
1.108000E-2	0.000000E+0	5.044150E+5
1.110000E-2	0.000000E+0	5.034980E+5
1.112000E-2	0.000000E+0	5.034460E+5
1.114000E-2	0.000000E+0	5.041620E+5
1.116000E-2	0.000000E+0	5.020160E+5
1.118000E-2	0.000000E+0	5.036640E+5
1.120000E-2	0.000000E+0	5.030380E+5
1.122000E-2	0.000000E+0	5.053460E+5
1.124000E-2	0.000000E+0	5.050660E+5
1.126000E-2	0.000000E+0	5.026110E+5
1.128000E-2	0.000000E+0	5.024970E+5
1.130000E-2	0.000000E+0	5.040660E+5
1.132000E-2	0.000000E+0	5.050680E+5
1.134000E-2	0.000000E+0	5.026600E+5
1.136000E-2	0.000000E+0	5.050560E+5
1.138000E-2	0.000000E+0	5.035370E+5
1.140000E-2	0.000000E+0	5.054140E+5
1.142000E-2	0.000000E+0	5.033660E+5
1.144000E-2	0.000000E+0	5.048060E+5
1.146000E-2	0.000000E+0	5.031620E+5
1.148000E-2	0.000000E+0	5.036590E+5
1.150000E-2	0.000000E+0	5.035260E+5
1.152000E-2	0.000000E+0	5.031190E+5
1.154000E-2	0.000000E+0	5.033400E+5
1.156000E-2	0.000000E+0	5.040660E+5
1.158000E-2	0.000000E+0	5.030610E+5
1.160000E-2	0.000000E+0	5.038320E+5
1.162000E-2	0.000000E+0	5.037850E+5
1.164000E-2	0.000000E+0	5.047950E+5
1.166000E-2	0.000000E+0	5.055310E+5
1.168000E-2	0.000000E+0	5.042990E+5
1.170000E-2	0.000000E+0	5.050780E+5
1.172000E-2	0.000000E+0	5.045260E+5
1.174000E-2	0.000000E+0	5.032910E+5
1.176000E-2	0.000000E+0	5.035830E+5
1.178000E-2	0.000000E+0	5.028230E+5
1.180000E-2	0.000000E+0	5.036180E+5
1.182000E-2	0.000000E+0	5.041510E+5
1.184000E-2	0.000000E+0	5.045030E+5
1.186000E-2	0.000000E+0	5.028740E+5
1.188000E-2	0.000000E+0	5.029060E+5
1.190000E-2	0.000000E+0	5.026470E+5
1.192000E-2	0.000000E+0	5.031460E+5
1.194000E-2	0.000000E+0	5.050590E+5
1.196000E-2	0.000000E+0	5.034730E+5
1.198000E-2	0.000000E+0	5.038650E+5
1.200000E-2	0.000000E+0	5.034040E+5
1.202000E-2	0.000000E+0	5.036150E+5
1.204000E-2	0.000000E+0	5.031890E+5
1.206000E-2	0.000000E+0	5.040430E+5
1.208000E-2	0.000000E+0	5.045030E+5
1.210000E-2	0.000000E+0	5.040740E+5
1.212000E-2	0.000000E+0	5.035330E+5
1.214000E-2	0.000000E+0	5.025340E+5
1.216000E-2	0.000000E+0	5.029880E+5
1.218000E-2	0.000000E+0	5.034010E+5
1.220000E-2	0.000000E+0	5.029350E+5
1.222000E-2	0.000000E+0	5.038490E+5
1.224000E-2	0.000000E+0	5.041350E+5
1.226000E-2	0.000000E+0	5.032320E+5
1.228000E-2	0.000000E+0	5.038460E+5
1.230000E-2	0.000000E+0	5.036220E+5
1.232000E-2	0.000000E+0	5.041520E+5
1.234000E-2	0.000000E+0	5.043370E+5
1.236000E-2	0.000000E+0	5.037970E+5
1.238000E-2	0.000000E+0	5.050620E+5
1.240000E-2	0.000000E+0	5.044500E+5
1.242000E-2	0.000000E+0	5.044560E+5
1.244000E-2	0.000000E+0	5.043430E+5
1.246000E-2	0.000000E+0	5.036860E+5
1.248000E-2	0.000000E+0	5.038080E+5
1.250000E-2	0.000000E+0	5.033220E+5
1.252000E-2	0.000000E+0	5.056620E+5
1.254000E-2	0.000000E+0	5.040500E+5
1.256000E-2	0.000000E+0	5.031520E+5
1.258000E-2	0.000000E+0	5.046160E+5
1.260000E-2	0.000000E+0	5.048570E+5
1.262000E-2	0.000000E+0	5.028010E+5
1.264000E-2	0.000000E+0	5.031840E+5
1.266000E-2	0.000000E+0	5.058140E+5
1.268000E-2	0.000000E+0	5.038980E+5
1.270000E-2	0.000000E+0	5.034040E+5
1.272000E-2	0.000000E+0	5.047600E+5
1.274000E-2	0.000000E+0	5.035470E+5
1.276000E-2	0.000000E+0	5.038700E+5
1.278000E-2	0.000000E+0	5.031730E+5
1.280000E-2	0.000000E+0	5.033520E+5
1.282000E-2	0.000000E+0	5.031180E+5
1.284000E-2	0.000000E+0	5.034870E+5
1.286000E-2	0.000000E+0	5.042480E+5
1.288000E-2	0.000000E+0	5.045910E+5
1.290000E-2	0.000000E+0	5.036220E+5
1.292000E-2	0.000000E+0	5.039010E+5
1.294000E-2	0.000000E+0	5.029390E+5
1.296000E-2	0.000000E+0	5.037760E+5
1.298000E-2	0.000000E+0	5.039350E+5
1.300000E-2	0.000000E+0	5.040960E+5
1.302000E-2	0.000000E+0	5.045210E+5
1.304000E-2	0.000000E+0	5.042650E+5
1.306000E-2	0.000000E+0	5.028470E+5
1.308000E-2	0.000000E+0	5.050190E+5
1.310000E-2	0.000000E+0	5.046490E+5
1.312000E-2	0.000000E+0	5.039400E+5
1.314000E-2	0.000000E+0	5.050070E+5
1.316000E-2	0.000000E+0	5.041210E+5
1.318000E-2	0.000000E+0	5.039130E+5
1.320000E-2	0.000000E+0	5.038450E+5
1.322000E-2	0.000000E+0	5.045350E+5
1.324000E-2	0.000000E+0	5.030710E+5
1.326000E-2	0.000000E+0	5.047820E+5
1.328000E-2	0.000000E+0	5.043810E+5
1.330000E-2	0.000000E+0	5.024280E+5
1.332000E-2	0.000000E+0	5.033830E+5
1.334000E-2	0.000000E+0	5.031570E+5
1.336000E-2	0.000000E+0	5.038210E+5
1.338000E-2	0.000000E+0	5.045580E+5
1.340000E-2	0.000000E+0	5.033240E+5
1.342000E-2	0.000000E+0	5.024690E+5
1.344000E-2	0.000000E+0	5.035190E+5
1.346000E-2	0.000000E+0	5.029660E+5
1.348000E-2	0.000000E+0	5.046150E+5
1.350000E-2	0.000000E+0	5.043510E+5
1.352000E-2	0.000000E+0	5.045290E+5
1.354000E-2	0.000000E+0	5.040930E+5
1.356000E-2	0.000000E+0	5.046390E+5
1.358000E-2	0.000000E+0	5.038480E+5
1.360000E-2	0.000000E+0	5.037160E+5
1.362000E-2	0.000000E+0	5.041510E+5
1.364000E-2	0.000000E+0	5.024150E+5
1.366000E-2	0.000000E+0	5.036000E+5
1.368000E-2	0.000000E+0	5.043560E+5
1.370000E-2	0.000000E+0	5.044470E+5
1.372000E-2	0.000000E+0	5.032450E+5
1.374000E-2	0.000000E+0	5.040500E+5
1.376000E-2	0.000000E+0	5.034320E+5
1.378000E-2	0.000000E+0	5.030790E+5
1.380000E-2	0.000000E+0	5.042700E+5
1.382000E-2	0.000000E+0	5.026430E+5
1.384000E-2	0.000000E+0	5.033620E+5
1.386000E-2	0.000000E+0	5.036640E+5
1.388000E-2	0.000000E+0	5.036630E+5
1.390000E-2	0.000000E+0	5.044020E+5
1.392000E-2	0.000000E+0	5.047740E+5
1.394000E-2	0.000000E+0	5.044750E+5
1.396000E-2	0.000000E+0	5.038430E+5
1.398000E-2	0.000000E+0	5.050960E+5
1.400000E-2	0.000000E+0	5.045700E+5
1.402000E-2	0.000000E+0	5.029770E+5
1.404000E-2	0.000000E+0	5.051920E+5
1.406000E-2	0.000000E+0	5.033800E+5
1.408000E-2	0.000000E+0	5.035990E+5
1.410000E-2	0.000000E+0	5.042260E+5
1.412000E-2	0.000000E+0	5.034220E+5
1.414000E-2	0.000000E+0	5.030880E+5
1.416000E-2	0.000000E+0	5.032490E+5
1.418000E-2	0.000000E+0	5.032250E+5
1.420000E-2	0.000000E+0	5.040990E+5
1.422000E-2	0.000000E+0	5.044250E+5
1.424000E-2	0.000000E+0	5.022450E+5
1.426000E-2	0.000000E+0	5.024980E+5
1.428000E-2	0.000000E+0	5.031250E+5
1.430000E-2	0.000000E+0	5.036870E+5
1.432000E-2	0.000000E+0	5.031880E+5
1.434000E-2	0.000000E+0	5.036830E+5
1.436000E-2	0.000000E+0	5.039860E+5
1.438000E-2	0.000000E+0	5.040010E+5
1.440000E-2	0.000000E+0	5.053120E+5
1.442000E-2	0.000000E+0	5.037780E+5
1.444000E-2	0.000000E+0	5.026850E+5
1.446000E-2	0.000000E+0	5.042670E+5
1.448000E-2	0.000000E+0	5.043320E+5
1.450000E-2	0.000000E+0	5.037870E+5
1.452000E-2	0.000000E+0	5.037170E+5
1.454000E-2	0.000000E+0	5.037540E+5
1.456000E-2	0.000000E+0	5.044450E+5
1.458000E-2	0.000000E+0	5.024610E+5
1.460000E-2	0.000000E+0	5.040520E+5
1.462000E-2	0.000000E+0	5.017540E+5
1.464000E-2	0.000000E+0	5.038550E+5
1.466000E-2	0.000000E+0	5.034500E+5
1.468000E-2	0.000000E+0	5.052140E+5
1.470000E-2	0.000000E+0	5.033670E+5
1.472000E-2	0.000000E+0	5.032520E+5
1.474000E-2	0.000000E+0	5.042370E+5
1.476000E-2	0.000000E+0	5.046740E+5
1.478000E-2	0.000000E+0	5.046860E+5
1.480000E-2	0.000000E+0	5.028480E+5
1.482000E-2	0.000000E+0	5.026370E+5
1.484000E-2	0.000000E+0	5.049660E+5
1.486000E-2	0.000000E+0	5.027310E+5
1.488000E-2	0.000000E+0	5.026380E+5
1.490000E-2	0.000000E+0	5.019380E+5
1.492000E-2	0.000000E+0	5.009670E+5
1.494000E-2	0.000000E+0	4.985240E+5
1.496000E-2	0.000000E+0	4.973430E+5
1.498000E-2	0.000000E+0	4.969530E+5
1.500000E-2	0.000000E+0	4.963700E+5
1.502000E-2	0.000000E+0	4.957360E+5
1.504000E-2	0.000000E+0	4.941950E+5
1.506000E-2	0.000000E+0	4.938190E+5
1.508000E-2	0.000000E+0	4.920330E+5
1.510000E-2	0.000000E+0	4.902300E+5
1.512000E-2	0.000000E+0	4.896970E+5
1.514000E-2	0.000000E+0	4.911420E+5
1.516000E-2	0.000000E+0	4.911490E+5
1.518000E-2	0.000000E+0	4.922780E+5
1.520000E-2	0.000000E+0	4.947080E+5
1.522000E-2	0.000000E+0	4.956090E+5
1.524000E-2	0.000000E+0	4.989350E+5
1.526000E-2	0.000000E+0	4.992050E+5
1.528000E-2	0.000000E+0	5.007260E+5
1.530000E-2	0.000000E+0	4.998780E+5
1.532000E-2	0.000000E+0	5.016820E+5
1.534000E-2	0.000000E+0	5.016490E+5
1.536000E-2	0.000000E+0	5.019430E+5
1.538000E-2	0.000000E+0	5.035420E+5
1.540000E-2	0.000000E+0	5.031490E+5
1.542000E-2	0.000000E+0	5.028910E+5
1.544000E-2	0.000000E+0	5.025550E+5
1.546000E-2	0.000000E+0	5.025360E+5
1.548000E-2	0.000000E+0	5.025280E+5
1.550000E-2	0.000000E+0	5.016800E+5
1.552000E-2	0.000000E+0	5.029310E+5
1.554000E-2	0.000000E+0	5.014950E+5
1.556000E-2	0.000000E+0	4.997420E+5
1.558000E-2	0.000000E+0	4.981750E+5
1.560000E-2	0.000000E+0	4.974450E+5
1.562000E-2	0.000000E+0	4.964460E+5
1.564000E-2	0.000000E+0	4.956450E+5
1.566000E-2	0.000000E+0	4.962400E+5
1.568000E-2	0.000000E+0	4.946620E+5
1.570000E-2	0.000000E+0	4.937110E+5
1.572000E-2	0.000000E+0	4.915830E+5
1.574000E-2	0.000000E+0	4.900580E+5
1.576000E-2	0.000000E+0	4.911400E+5
1.578000E-2	0.000000E+0	4.887720E+5
1.580000E-2	0.000000E+0	4.905350E+5
1.582000E-2	0.000000E+0	4.921540E+5
1.584000E-2	0.000000E+0	4.933990E+5
1.586000E-2	0.000000E+0	4.954720E+5
1.588000E-2	0.000000E+0	4.973450E+5
1.590000E-2	0.000000E+0	4.986160E+5
1.592000E-2	0.000000E+0	5.000140E+5
1.594000E-2	0.000000E+0	4.995200E+5
1.596000E-2	0.000000E+0	5.012660E+5
1.598000E-2	0.000000E+0	5.026230E+5
1.600000E-2	0.000000E+0	5.034100E+5
1.602000E-2	0.000000E+0	5.029500E+5
1.604000E-2	0.000000E+0	5.028050E+5
1.606000E-2	0.000000E+0	5.028970E+5
1.608000E-2	0.000000E+0	5.032540E+5
1.610000E-2	0.000000E+0	5.043980E+5
1.612000E-2	0.000000E+0	5.036550E+5
1.614000E-2	0.000000E+0	5.032790E+5
1.616000E-2	0.000000E+0	5.049210E+5
1.618000E-2	0.000000E+0	5.035880E+5
1.620000E-2	0.000000E+0	5.036350E+5
1.622000E-2	0.000000E+0	5.035370E+5
1.624000E-2	0.000000E+0	5.034570E+5
1.626000E-2	0.000000E+0	5.038100E+5
1.628000E-2	0.000000E+0	5.048310E+5
1.630000E-2	0.000000E+0	5.036490E+5
1.632000E-2	0.000000E+0	5.042110E+5
1.634000E-2	0.000000E+0	5.040110E+5
1.636000E-2	0.000000E+0	5.043380E+5
1.638000E-2	0.000000E+0	5.037900E+5
1.640000E-2	0.000000E+0	5.044790E+5
1.642000E-2	0.000000E+0	5.036510E+5
1.644000E-2	0.000000E+0	5.029700E+5
1.646000E-2	0.000000E+0	5.037760E+5
1.648000E-2	0.000000E+0	5.031350E+5
1.650000E-2	0.000000E+0	5.033900E+5
1.652000E-2	0.000000E+0	5.046660E+5
1.654000E-2	0.000000E+0	5.036010E+5
1.656000E-2	0.000000E+0	5.032120E+5
1.658000E-2	0.000000E+0	5.040530E+5
1.660000E-2	0.000000E+0	5.038450E+5
1.662000E-2	0.000000E+0	5.035780E+5
1.664000E-2	0.000000E+0	5.032730E+5
1.666000E-2	0.000000E+0	5.034660E+5
1.668000E-2	0.000000E+0	5.032350E+5
1.670000E-2	0.000000E+0	5.035040E+5
1.672000E-2	0.000000E+0	5.040660E+5
1.674000E-2	0.000000E+0	5.035500E+5
1.676000E-2	0.000000E+0	5.026370E+5
1.678000E-2	0.000000E+0	5.027260E+5
1.680000E-2	0.000000E+0	5.037200E+5
1.682000E-2	0.000000E+0	5.038560E+5
1.684000E-2	0.000000E+0	5.041370E+5
1.686000E-2	0.000000E+0	5.055990E+5
1.688000E-2	0.000000E+0	5.040230E+5
1.690000E-2	0.000000E+0	5.038080E+5
1.692000E-2	0.000000E+0	5.042540E+5
1.694000E-2	0.000000E+0	5.036650E+5
1.696000E-2	0.000000E+0	5.027200E+5
1.698000E-2	0.000000E+0	5.032190E+5
1.700000E-2	0.000000E+0	5.043680E+5
1.702000E-2	0.000000E+0	5.041080E+5
1.704000E-2	0.000000E+0	5.044830E+5
1.706000E-2	0.000000E+0	5.046390E+5
1.708000E-2	0.000000E+0	5.034960E+5
1.710000E-2	0.000000E+0	5.045180E+5
1.712000E-2	0.000000E+0	5.039340E+5
1.714000E-2	0.000000E+0	5.030580E+5
1.716000E-2	0.000000E+0	5.043450E+5
1.718000E-2	0.000000E+0	5.038370E+5
1.720000E-2	0.000000E+0	5.045620E+5
1.722000E-2	0.000000E+0	5.049520E+5
1.724000E-2	0.000000E+0	5.034090E+5
1.726000E-2	0.000000E+0	5.033610E+5
1.728000E-2	0.000000E+0	5.032170E+5
1.730000E-2	0.000000E+0	5.034810E+5
1.732000E-2	0.000000E+0	5.035490E+5
1.734000E-2	0.000000E+0	5.040690E+5
1.736000E-2	0.000000E+0	5.049190E+5
1.738000E-2	0.000000E+0	5.049390E+5
1.740000E-2	0.000000E+0	5.046450E+5
1.742000E-2	0.000000E+0	5.031330E+5
1.744000E-2	0.000000E+0	5.038960E+5
1.746000E-2	0.000000E+0	5.037590E+5
1.748000E-2	0.000000E+0	5.034610E+5
1.750000E-2	0.000000E+0	5.040950E+5
1.752000E-2	0.000000E+0	5.045760E+5
1.754000E-2	0.000000E+0	5.033940E+5
1.756000E-2	0.000000E+0	5.030280E+5
1.758000E-2	0.000000E+0	5.038320E+5
1.760000E-2	0.000000E+0	5.041980E+5
1.762000E-2	0.000000E+0	5.042970E+5
1.764000E-2	0.000000E+0	5.043550E+5
1.766000E-2	0.000000E+0	5.036360E+5
1.768000E-2	0.000000E+0	5.041220E+5
1.770000E-2	0.000000E+0	5.038910E+5
1.772000E-2	0.000000E+0	5.052000E+5
1.774000E-2	0.000000E+0	5.038060E+5
1.776000E-2	0.000000E+0	5.034020E+5
1.778000E-2	0.000000E+0	5.044440E+5
1.780000E-2	0.000000E+0	5.023780E+5
1.782000E-2	0.000000E+0	5.037650E+5
1.784000E-2	0.000000E+0	5.035740E+5
1.786000E-2	0.000000E+0	5.034840E+5
1.788000E-2	0.000000E+0	5.038750E+5
1.790000E-2	0.000000E+0	5.044280E+5
1.792000E-2	0.000000E+0	5.029920E+5
1.794000E-2	0.000000E+0	5.040580E+5
1.796000E-2	0.000000E+0	5.039870E+5
1.798000E-2	0.000000E+0	5.042820E+5
1.800000E-2	0.000000E+0	5.026410E+5
1.802000E-2	0.000000E+0	5.032480E+5
1.804000E-2	0.000000E+0	5.024780E+5
1.806000E-2	0.000000E+0	5.033170E+5
1.808000E-2	0.000000E+0	5.035350E+5
1.810000E-2	0.000000E+0	5.043420E+5
1.812000E-2	0.000000E+0	5.051430E+5
1.814000E-2	0.000000E+0	5.048920E+5
1.816000E-2	0.000000E+0	5.046090E+5
1.818000E-2	0.000000E+0	5.031580E+5
1.820000E-2	0.000000E+0	5.047210E+5
1.822000E-2	0.000000E+0	5.034770E+5
1.824000E-2	0.000000E+0	5.037300E+5
1.826000E-2	0.000000E+0	5.044930E+5
1.828000E-2	0.000000E+0	5.031640E+5
1.830000E-2	0.000000E+0	5.029170E+5
1.832000E-2	0.000000E+0	5.046440E+5
1.834000E-2	0.000000E+0	5.032940E+5
1.836000E-2	0.000000E+0	5.048420E+5
1.838000E-2	0.000000E+0	5.034690E+5
1.840000E-2	0.000000E+0	5.032040E+5
1.842000E-2	0.000000E+0	5.031420E+5
1.844000E-2	0.000000E+0	5.030700E+5
1.846000E-2	0.000000E+0	5.022140E+5
1.848000E-2	0.000000E+0	5.050240E+5
1.850000E-2	0.000000E+0	5.041980E+5
1.852000E-2	0.000000E+0	5.041580E+5
1.854000E-2	0.000000E+0	5.054340E+5
1.856000E-2	0.000000E+0	5.026100E+5
1.858000E-2	0.000000E+0	5.030720E+5
1.860000E-2	0.000000E+0	5.038540E+5
1.862000E-2	0.000000E+0	5.034800E+5
1.864000E-2	0.000000E+0	5.026700E+5
1.866000E-2	0.000000E+0	5.043630E+5
1.868000E-2	0.000000E+0	5.033090E+5
1.870000E-2	0.000000E+0	5.037950E+5
1.872000E-2	0.000000E+0	5.043390E+5
1.874000E-2	0.000000E+0	5.020640E+5
1.876000E-2	0.000000E+0	5.037850E+5
1.878000E-2	0.000000E+0	5.037660E+5
1.880000E-2	0.000000E+0	5.037780E+5
1.882000E-2	0.000000E+0	5.034120E+5
1.884000E-2	0.000000E+0	5.043690E+5
1.886000E-2	0.000000E+0	5.038510E+5
1.888000E-2	0.000000E+0	5.030050E+5
1.890000E-2	0.000000E+0	5.036300E+5
1.892000E-2	0.000000E+0	5.050190E+5
1.894000E-2	0.000000E+0	5.040180E+5
1.896000E-2	0.000000E+0	5.039800E+5
1.898000E-2	0.000000E+0	5.042610E+5
1.900000E-2	0.000000E+0	5.031540E+5
1.902000E-2	0.000000E+0	5.029590E+5
1.904000E-2	0.000000E+0	5.041760E+5
1.906000E-2	0.000000E+0	5.045560E+5
1.908000E-2	0.000000E+0	5.040260E+5
1.910000E-2	0.000000E+0	5.023420E+5
1.912000E-2	0.000000E+0	5.026750E+5
1.914000E-2	0.000000E+0	5.037190E+5
1.916000E-2	0.000000E+0	5.033140E+5
1.918000E-2	0.000000E+0	5.027950E+5
1.920000E-2	0.000000E+0	5.041420E+5
1.922000E-2	0.000000E+0	5.038240E+5
1.924000E-2	0.000000E+0	5.035910E+5
1.926000E-2	0.000000E+0	5.045330E+5
1.928000E-2	0.000000E+0	5.047390E+5
1.930000E-2	0.000000E+0	5.036820E+5
1.932000E-2	0.000000E+0	5.035640E+5
1.934000E-2	0.000000E+0	5.039350E+5
1.936000E-2	0.000000E+0	5.036070E+5
1.938000E-2	0.000000E+0	5.043340E+5
1.940000E-2	0.000000E+0	5.025130E+5
1.942000E-2	0.000000E+0	5.049590E+5
1.944000E-2	0.000000E+0	5.048420E+5
1.946000E-2	0.000000E+0	5.026220E+5
1.948000E-2	0.000000E+0	5.039160E+5
1.950000E-2	0.000000E+0	5.040050E+5
1.952000E-2	0.000000E+0	5.048510E+5
1.954000E-2	0.000000E+0	5.034440E+5
1.956000E-2	0.000000E+0	5.044430E+5
1.958000E-2	0.000000E+0	5.032940E+5
1.960000E-2	0.000000E+0	5.038750E+5
1.962000E-2	0.000000E+0	5.035620E+5
1.964000E-2	0.000000E+0	5.046210E+5
1.966000E-2	0.000000E+0	5.046420E+5
1.968000E-2	0.000000E+0	5.038930E+5
1.970000E-2	0.000000E+0	5.035070E+5
1.972000E-2	0.000000E+0	5.038230E+5
1.974000E-2	0.000000E+0	5.041460E+5
1.976000E-2	0.000000E+0	5.022610E+5
1.978000E-2	0.000000E+0	5.031810E+5
1.980000E-2	0.000000E+0	5.040290E+5
1.982000E-2	0.000000E+0	5.031480E+5
1.984000E-2	0.000000E+0	5.039350E+5
1.986000E-2	0.000000E+0	5.027600E+5
1.988000E-2	0.000000E+0	5.026680E+5
1.990000E-2	0.000000E+0	5.036710E+5
1.992000E-2	0.000000E+0	5.032720E+5
1.994000E-2	0.000000E+0	5.052630E+5
1.996000E-2	0.000000E+0	5.032900E+5
1.998000E-2	0.000000E+0	5.041410E+5
