

live time:  287867.740000
real time:  403201.572000
sweeps:  14393387.000000
0.000000E+0	0.000000E+0	0.000000E+0
2.000000E-5	0.000000E+0	6.294710E+5
4.000000E-5	0.000000E+0	6.303070E+5
6.000000E-5	0.000000E+0	6.293980E+5
8.000000E-5	0.000000E+0	6.314770E+5
1.000000E-4	0.000000E+0	6.289980E+5
1.200000E-4	0.000000E+0	6.305030E+5
1.400000E-4	0.000000E+0	6.298650E+5
1.600000E-4	0.000000E+0	6.313820E+5
1.800000E-4	0.000000E+0	6.303660E+5
2.000000E-4	0.000000E+0	6.299910E+5
2.200000E-4	0.000000E+0	6.305130E+5
2.400000E-4	0.000000E+0	6.289800E+5
2.600000E-4	0.000000E+0	6.293730E+5
2.800000E-4	0.000000E+0	6.294300E+5
3.000000E-4	0.000000E+0	6.314830E+5
3.200000E-4	0.000000E+0	6.299200E+5
3.400000E-4	0.000000E+0	6.291490E+5
3.600000E-4	0.000000E+0	6.303470E+5
3.800000E-4	0.000000E+0	6.287950E+5
4.000000E-4	0.000000E+0	6.289690E+5
4.200000E-4	0.000000E+0	6.299280E+5
4.400000E-4	0.000000E+0	6.299160E+5
4.600000E-4	0.000000E+0	6.311650E+5
4.800000E-4	0.000000E+0	6.290900E+5
5.000000E-4	0.000000E+0	6.298010E+5
5.200000E-4	0.000000E+0	6.305860E+5
5.400000E-4	0.000000E+0	6.290720E+5
5.600000E-4	0.000000E+0	6.289470E+5
5.800000E-4	0.000000E+0	6.303140E+5
6.000000E-4	0.000000E+0	6.307910E+5
6.200000E-4	0.000000E+0	6.293110E+5
6.400000E-4	0.000000E+0	6.301860E+5
6.600000E-4	0.000000E+0	6.287540E+5
6.800000E-4	0.000000E+0	6.286990E+5
7.000000E-4	0.000000E+0	6.301720E+5
7.200000E-4	0.000000E+0	6.306210E+5
7.400000E-4	0.000000E+0	6.293890E+5
7.600000E-4	0.000000E+0	6.295270E+5
7.800000E-4	0.000000E+0	6.288080E+5
8.000000E-4	0.000000E+0	6.301170E+5
8.200000E-4	0.000000E+0	6.288070E+5
8.400000E-4	0.000000E+0	6.291700E+5
8.600000E-4	0.000000E+0	6.302790E+5
8.800000E-4	0.000000E+0	6.278490E+5
9.000000E-4	0.000000E+0	6.310070E+5
9.200000E-4	0.000000E+0	6.292010E+5
9.400000E-4	0.000000E+0	6.301460E+5
9.600000E-4	0.000000E+0	6.285930E+5
9.800000E-4	0.000000E+0	6.306060E+5
1.000000E-3	0.000000E+0	6.299870E+5
1.020000E-3	0.000000E+0	6.298940E+5
1.040000E-3	0.000000E+0	6.291790E+5
1.060000E-3	0.000000E+0	6.296010E+5
1.080000E-3	0.000000E+0	6.294100E+5
1.100000E-3	0.000000E+0	6.298650E+5
1.120000E-3	0.000000E+0	6.303420E+5
1.140000E-3	0.000000E+0	6.283690E+5
1.160000E-3	0.000000E+0	6.293920E+5
1.180000E-3	0.000000E+0	6.288980E+5
1.200000E-3	0.000000E+0	6.305560E+5
1.220000E-3	0.000000E+0	6.302420E+5
1.240000E-3	0.000000E+0	6.300490E+5
1.260000E-3	0.000000E+0	6.300870E+5
1.280000E-3	0.000000E+0	6.298150E+5
1.300000E-3	0.000000E+0	6.283950E+5
1.320000E-3	0.000000E+0	6.310950E+5
1.340000E-3	0.000000E+0	6.292300E+5
1.360000E-3	0.000000E+0	6.286300E+5
1.380000E-3	0.000000E+0	6.307690E+5
1.400000E-3	0.000000E+0	6.301840E+5
1.420000E-3	0.000000E+0	6.301110E+5
1.440000E-3	0.000000E+0	6.293840E+5
1.460000E-3	0.000000E+0	6.283450E+5
1.480000E-3	0.000000E+0	6.299790E+5
1.500000E-3	0.000000E+0	6.296930E+5
1.520000E-3	0.000000E+0	6.286860E+5
1.540000E-3	0.000000E+0	6.301290E+5
1.560000E-3	0.000000E+0	6.289840E+5
1.580000E-3	0.000000E+0	6.307770E+5
1.600000E-3	0.000000E+0	6.291370E+5
1.620000E-3	0.000000E+0	6.289390E+5
1.640000E-3	0.000000E+0	6.287690E+5
1.660000E-3	0.000000E+0	6.299390E+5
1.680000E-3	0.000000E+0	6.303840E+5
1.700000E-3	0.000000E+0	6.284250E+5
1.720000E-3	0.000000E+0	6.302400E+5
1.740000E-3	0.000000E+0	6.308510E+5
1.760000E-3	0.000000E+0	6.288660E+5
1.780000E-3	0.000000E+0	6.309390E+5
1.800000E-3	0.000000E+0	6.304090E+5
1.820000E-3	0.000000E+0	6.287190E+5
1.840000E-3	0.000000E+0	6.283430E+5
1.860000E-3	0.000000E+0	6.293410E+5
1.880000E-3	0.000000E+0	6.296530E+5
1.900000E-3	0.000000E+0	6.288880E+5
1.920000E-3	0.000000E+0	6.296260E+5
1.940000E-3	0.000000E+0	6.292460E+5
1.960000E-3	0.000000E+0	6.299130E+5
1.980000E-3	0.000000E+0	6.302880E+5
2.000000E-3	0.000000E+0	6.289740E+5
2.020000E-3	0.000000E+0	6.294020E+5
2.040000E-3	0.000000E+0	6.292680E+5
2.060000E-3	0.000000E+0	6.310070E+5
2.080000E-3	0.000000E+0	6.314180E+5
2.100000E-3	0.000000E+0	6.304090E+5
2.120000E-3	0.000000E+0	6.300350E+5
2.140000E-3	0.000000E+0	6.282300E+5
2.160000E-3	0.000000E+0	6.288010E+5
2.180000E-3	0.000000E+0	6.295170E+5
2.200000E-3	0.000000E+0	6.305270E+5
2.220000E-3	0.000000E+0	6.305490E+5
2.240000E-3	0.000000E+0	6.294670E+5
2.260000E-3	0.000000E+0	6.298810E+5
2.280000E-3	0.000000E+0	6.296870E+5
2.300000E-3	0.000000E+0	6.307550E+5
2.320000E-3	0.000000E+0	6.296210E+5
2.340000E-3	0.000000E+0	6.296760E+5
2.360000E-3	0.000000E+0	6.299810E+5
2.380000E-3	0.000000E+0	6.315980E+5
2.400000E-3	0.000000E+0	6.278590E+5
2.420000E-3	0.000000E+0	6.292890E+5
2.440000E-3	0.000000E+0	6.293310E+5
2.460000E-3	0.000000E+0	6.301290E+5
2.480000E-3	0.000000E+0	6.313380E+5
2.500000E-3	0.000000E+0	6.295680E+5
2.520000E-3	0.000000E+0	6.296120E+5
2.540000E-3	0.000000E+0	6.285990E+5
2.560000E-3	0.000000E+0	6.299060E+5
2.580000E-3	0.000000E+0	6.290100E+5
2.600000E-3	0.000000E+0	6.310210E+5
2.620000E-3	0.000000E+0	6.300820E+5
2.640000E-3	0.000000E+0	6.277200E+5
2.660000E-3	0.000000E+0	6.310630E+5
2.680000E-3	0.000000E+0	6.296020E+5
2.700000E-3	0.000000E+0	6.303990E+5
2.720000E-3	0.000000E+0	6.280210E+5
2.740000E-3	0.000000E+0	6.292080E+5
2.760000E-3	0.000000E+0	6.294560E+5
2.780000E-3	0.000000E+0	6.295610E+5
2.800000E-3	0.000000E+0	6.302110E+5
2.820000E-3	0.000000E+0	6.286410E+5
2.840000E-3	0.000000E+0	6.285090E+5
2.860000E-3	0.000000E+0	6.301040E+5
2.880000E-3	0.000000E+0	6.296510E+5
2.900000E-3	0.000000E+0	6.292120E+5
2.920000E-3	0.000000E+0	6.285230E+5
2.940000E-3	0.000000E+0	6.298830E+5
2.960000E-3	0.000000E+0	6.299100E+5
2.980000E-3	0.000000E+0	6.295920E+5
3.000000E-3	0.000000E+0	6.292910E+5
3.020000E-3	0.000000E+0	6.297100E+5
3.040000E-3	0.000000E+0	6.303430E+5
3.060000E-3	0.000000E+0	6.313220E+5
3.080000E-3	0.000000E+0	6.290590E+5
3.100000E-3	0.000000E+0	6.293690E+5
3.120000E-3	0.000000E+0	6.300510E+5
3.140000E-3	0.000000E+0	6.305870E+5
3.160000E-3	0.000000E+0	6.285460E+5
3.180000E-3	0.000000E+0	6.300110E+5
3.200000E-3	0.000000E+0	6.296660E+5
3.220000E-3	0.000000E+0	6.301840E+5
3.240000E-3	0.000000E+0	6.306300E+5
3.260000E-3	0.000000E+0	6.301030E+5
3.280000E-3	0.000000E+0	6.296770E+5
3.300000E-3	0.000000E+0	6.294370E+5
3.320000E-3	0.000000E+0	6.300180E+5
3.340000E-3	0.000000E+0	6.284240E+5
3.360000E-3	0.000000E+0	6.296200E+5
3.380000E-3	0.000000E+0	6.279220E+5
3.400000E-3	0.000000E+0	6.291420E+5
3.420000E-3	0.000000E+0	6.312230E+5
3.440000E-3	0.000000E+0	6.292280E+5
3.460000E-3	0.000000E+0	6.300220E+5
3.480000E-3	0.000000E+0	6.286500E+5
3.500000E-3	0.000000E+0	6.299820E+5
3.520000E-3	0.000000E+0	6.286390E+5
3.540000E-3	0.000000E+0	6.295170E+5
3.560000E-3	0.000000E+0	6.292570E+5
3.580000E-3	0.000000E+0	6.291570E+5
3.600000E-3	0.000000E+0	6.291800E+5
3.620000E-3	0.000000E+0	6.270990E+5
3.640000E-3	0.000000E+0	6.310550E+5
3.660000E-3	0.000000E+0	6.292270E+5
3.680000E-3	0.000000E+0	6.297390E+5
3.700000E-3	0.000000E+0	6.289110E+5
3.720000E-3	0.000000E+0	6.288530E+5
3.740000E-3	0.000000E+0	6.295660E+5
3.760000E-3	0.000000E+0	6.292020E+5
3.780000E-3	0.000000E+0	6.289460E+5
3.800000E-3	0.000000E+0	6.284310E+5
3.820000E-3	0.000000E+0	6.290640E+5
3.840000E-3	0.000000E+0	6.294040E+5
3.860000E-3	0.000000E+0	6.293720E+5
3.880000E-3	0.000000E+0	6.282570E+5
3.900000E-3	0.000000E+0	6.295510E+5
3.920000E-3	0.000000E+0	6.310920E+5
3.940000E-3	0.000000E+0	6.299220E+5
3.960000E-3	0.000000E+0	6.302030E+5
3.980000E-3	0.000000E+0	6.295190E+5
4.000000E-3	0.000000E+0	6.291150E+5
4.020000E-3	0.000000E+0	6.307930E+5
4.040000E-3	0.000000E+0	6.297940E+5
4.060000E-3	0.000000E+0	6.301370E+5
4.080000E-3	0.000000E+0	6.295460E+5
4.100000E-3	0.000000E+0	6.298220E+5
4.120000E-3	0.000000E+0	6.294390E+5
4.140000E-3	0.000000E+0	6.288560E+5
4.160000E-3	0.000000E+0	6.295930E+5
4.180000E-3	0.000000E+0	6.288270E+5
4.200000E-3	0.000000E+0	6.293340E+5
4.220000E-3	0.000000E+0	6.293450E+5
4.240000E-3	0.000000E+0	6.288550E+5
4.260000E-3	0.000000E+0	6.289240E+5
4.280000E-3	0.000000E+0	6.297480E+5
4.300000E-3	0.000000E+0	6.296030E+5
4.320000E-3	0.000000E+0	6.291820E+5
4.340000E-3	0.000000E+0	6.290590E+5
4.360000E-3	0.000000E+0	6.293930E+5
4.380000E-3	0.000000E+0	6.291130E+5
4.400000E-3	0.000000E+0	6.300670E+5
4.420000E-3	0.000000E+0	6.293300E+5
4.440000E-3	0.000000E+0	6.290630E+5
4.460000E-3	0.000000E+0	6.299300E+5
4.480000E-3	0.000000E+0	6.282770E+5
4.500000E-3	0.000000E+0	6.289090E+5
4.520000E-3	0.000000E+0	6.288910E+5
4.540000E-3	0.000000E+0	6.282810E+5
4.560000E-3	0.000000E+0	6.291550E+5
4.580000E-3	0.000000E+0	6.293040E+5
4.600000E-3	0.000000E+0	6.296550E+5
4.620000E-3	0.000000E+0	6.286610E+5
4.640000E-3	0.000000E+0	6.291130E+5
4.660000E-3	0.000000E+0	6.293730E+5
4.680000E-3	0.000000E+0	6.288500E+5
4.700000E-3	0.000000E+0	6.290320E+5
4.720000E-3	0.000000E+0	6.287900E+5
4.740000E-3	0.000000E+0	6.280110E+5
4.760000E-3	0.000000E+0	6.297650E+5
4.780000E-3	0.000000E+0	6.277100E+5
4.800000E-3	0.000000E+0	6.280910E+5
4.820000E-3	0.000000E+0	6.274080E+5
4.840000E-3	0.000000E+0	6.277040E+5
4.860000E-3	0.000000E+0	6.251530E+5
4.880000E-3	0.000000E+0	6.242000E+5
4.900000E-3	0.000000E+0	6.239120E+5
4.920000E-3	0.000000E+0	6.206830E+5
4.940000E-3	0.000000E+0	6.196020E+5
4.960000E-3	0.000000E+0	6.186340E+5
4.980000E-3	0.000000E+0	6.198040E+5
5.000000E-3	0.000000E+0	6.174220E+5
5.020000E-3	0.000000E+0	6.156490E+5
5.040000E-3	0.000000E+0	6.128560E+5
5.060000E-3	0.000000E+0	6.110950E+5
5.080000E-3	0.000000E+0	6.132320E+5
5.100000E-3	0.000000E+0	6.130130E+5
5.120000E-3	0.000000E+0	6.126380E+5
5.140000E-3	0.000000E+0	6.143920E+5
5.160000E-3	0.000000E+0	6.170010E+5
5.180000E-3	0.000000E+0	6.186790E+5
5.200000E-3	0.000000E+0	6.199480E+5
5.220000E-3	0.000000E+0	6.221600E+5
5.240000E-3	0.000000E+0	6.212850E+5
5.260000E-3	0.000000E+0	6.261160E+5
5.280000E-3	0.000000E+0	6.232130E+5
5.300000E-3	0.000000E+0	6.254720E+5
5.320000E-3	0.000000E+0	6.274920E+5
5.340000E-3	0.000000E+0	6.276740E+5
5.360000E-3	0.000000E+0	6.285760E+5
5.380000E-3	0.000000E+0	6.271270E+5
5.400000E-3	0.000000E+0	6.292990E+5
5.420000E-3	0.000000E+0	6.282180E+5
5.440000E-3	0.000000E+0	6.282980E+5
5.460000E-3	0.000000E+0	6.266860E+5
5.480000E-3	0.000000E+0	6.269200E+5
5.500000E-3	0.000000E+0	6.270620E+5
5.520000E-3	0.000000E+0	6.245100E+5
5.540000E-3	0.000000E+0	6.238450E+5
5.560000E-3	0.000000E+0	6.207760E+5
5.580000E-3	0.000000E+0	6.199900E+5
5.600000E-3	0.000000E+0	6.184080E+5
5.620000E-3	0.000000E+0	6.191610E+5
5.640000E-3	0.000000E+0	6.193180E+5
5.660000E-3	0.000000E+0	6.163800E+5
5.680000E-3	0.000000E+0	6.161090E+5
5.700000E-3	0.000000E+0	6.123150E+5
5.720000E-3	0.000000E+0	6.124760E+5
5.740000E-3	0.000000E+0	6.141060E+5
5.760000E-3	0.000000E+0	6.145850E+5
5.780000E-3	0.000000E+0	6.152490E+5
5.800000E-3	0.000000E+0	6.176790E+5
5.820000E-3	0.000000E+0	6.199940E+5
5.840000E-3	0.000000E+0	6.211320E+5
5.860000E-3	0.000000E+0	6.208850E+5
5.880000E-3	0.000000E+0	6.233910E+5
5.900000E-3	0.000000E+0	6.253920E+5
5.920000E-3	0.000000E+0	6.275220E+5
5.940000E-3	0.000000E+0	6.269650E+5
5.960000E-3	0.000000E+0	6.273520E+5
5.980000E-3	0.000000E+0	6.290350E+5
6.000000E-3	0.000000E+0	6.282510E+5
6.020000E-3	0.000000E+0	6.282770E+5
6.040000E-3	0.000000E+0	6.288630E+5
6.060000E-3	0.000000E+0	6.290440E+5
6.080000E-3	0.000000E+0	6.291550E+5
6.100000E-3	0.000000E+0	6.275900E+5
6.120000E-3	0.000000E+0	6.290700E+5
6.140000E-3	0.000000E+0	6.290440E+5
6.160000E-3	0.000000E+0	6.284320E+5
6.180000E-3	0.000000E+0	6.296710E+5
6.200000E-3	0.000000E+0	6.292310E+5
6.220000E-3	0.000000E+0	6.296030E+5
6.240000E-3	0.000000E+0	6.285690E+5
6.260000E-3	0.000000E+0	6.300680E+5
6.280000E-3	0.000000E+0	6.304860E+5
6.300000E-3	0.000000E+0	6.299820E+5
6.320000E-3	0.000000E+0	6.296070E+5
6.340000E-3	0.000000E+0	6.294240E+5
6.360000E-3	0.000000E+0	6.286770E+5
6.380000E-3	0.000000E+0	6.310810E+5
6.400000E-3	0.000000E+0	6.294790E+5
6.420000E-3	0.000000E+0	6.279320E+5
6.440000E-3	0.000000E+0	6.311670E+5
6.460000E-3	0.000000E+0	6.283760E+5
6.480000E-3	0.000000E+0	6.285670E+5
6.500000E-3	0.000000E+0	6.287910E+5
6.520000E-3	0.000000E+0	6.292600E+5
6.540000E-3	0.000000E+0	6.290700E+5
6.560000E-3	0.000000E+0	6.297670E+5
6.580000E-3	0.000000E+0	6.285290E+5
6.600000E-3	0.000000E+0	6.298130E+5
6.620000E-3	0.000000E+0	6.296610E+5
6.640000E-3	0.000000E+0	6.296930E+5
6.660000E-3	0.000000E+0	6.287030E+5
6.680000E-3	0.000000E+0	6.295150E+5
6.700000E-3	0.000000E+0	6.303480E+5
6.720000E-3	0.000000E+0	6.297400E+5
6.740000E-3	0.000000E+0	6.290740E+5
6.760000E-3	0.000000E+0	6.303200E+5
6.780000E-3	0.000000E+0	6.289280E+5
6.800000E-3	0.000000E+0	6.302490E+5
6.820000E-3	0.000000E+0	6.297110E+5
6.840000E-3	0.000000E+0	6.292410E+5
6.860000E-3	0.000000E+0	6.296890E+5
6.880000E-3	0.000000E+0	6.305150E+5
6.900000E-3	0.000000E+0	6.291410E+5
6.920000E-3	0.000000E+0	6.281500E+5
6.940000E-3	0.000000E+0	6.301460E+5
6.960000E-3	0.000000E+0	6.279990E+5
6.980000E-3	0.000000E+0	6.291580E+5
7.000000E-3	0.000000E+0	6.289580E+5
7.020000E-3	0.000000E+0	6.299970E+5
7.040000E-3	0.000000E+0	6.294800E+5
7.060000E-3	0.000000E+0	6.298930E+5
7.080000E-3	0.000000E+0	6.292790E+5
7.100000E-3	0.000000E+0	6.285100E+5
7.120000E-3	0.000000E+0	6.298270E+5
7.140000E-3	0.000000E+0	6.286710E+5
7.160000E-3	0.000000E+0	6.290380E+5
7.180000E-3	0.000000E+0	6.288860E+5
7.200000E-3	0.000000E+0	6.293690E+5
7.220000E-3	0.000000E+0	6.307510E+5
7.240000E-3	0.000000E+0	6.292320E+5
7.260000E-3	0.000000E+0	6.294680E+5
7.280000E-3	0.000000E+0	6.296110E+5
7.300000E-3	0.000000E+0	6.296130E+5
7.320000E-3	0.000000E+0	6.293230E+5
7.340000E-3	0.000000E+0	6.306870E+5
7.360000E-3	0.000000E+0	6.293990E+5
7.380000E-3	0.000000E+0	6.303050E+5
7.400000E-3	0.000000E+0	6.298820E+5
7.420000E-3	0.000000E+0	6.291150E+5
7.440000E-3	0.000000E+0	6.294420E+5
7.460000E-3	0.000000E+0	6.290280E+5
7.480000E-3	0.000000E+0	6.284620E+5
7.500000E-3	0.000000E+0	6.305980E+5
7.520000E-3	0.000000E+0	6.294630E+5
7.540000E-3	0.000000E+0	6.295870E+5
7.560000E-3	0.000000E+0	6.295870E+5
7.580000E-3	0.000000E+0	6.293020E+5
7.600000E-3	0.000000E+0	6.297080E+5
7.620000E-3	0.000000E+0	6.300110E+5
7.640000E-3	0.000000E+0	6.304780E+5
7.660000E-3	0.000000E+0	6.292840E+5
7.680000E-3	0.000000E+0	6.295220E+5
7.700000E-3	0.000000E+0	6.291280E+5
7.720000E-3	0.000000E+0	6.305110E+5
7.740000E-3	0.000000E+0	6.291180E+5
7.760000E-3	0.000000E+0	6.302800E+5
7.780000E-3	0.000000E+0	6.310470E+5
7.800000E-3	0.000000E+0	6.296880E+5
7.820000E-3	0.000000E+0	6.292040E+5
7.840000E-3	0.000000E+0	6.311440E+5
7.860000E-3	0.000000E+0	6.295650E+5
7.880000E-3	0.000000E+0	6.289260E+5
7.900000E-3	0.000000E+0	6.294980E+5
7.920000E-3	0.000000E+0	6.293140E+5
7.940000E-3	0.000000E+0	6.306600E+5
7.960000E-3	0.000000E+0	6.314910E+5
7.980000E-3	0.000000E+0	6.306530E+5
8.000000E-3	0.000000E+0	6.298430E+5
8.020000E-3	0.000000E+0	6.297400E+5
8.040000E-3	0.000000E+0	6.278980E+5
8.060000E-3	0.000000E+0	6.286870E+5
8.080000E-3	0.000000E+0	6.303470E+5
8.100000E-3	0.000000E+0	6.312730E+5
8.120000E-3	0.000000E+0	6.303910E+5
8.140000E-3	0.000000E+0	6.290190E+5
8.160000E-3	0.000000E+0	6.294830E+5
8.180000E-3	0.000000E+0	6.292550E+5
8.200000E-3	0.000000E+0	6.297180E+5
8.220000E-3	0.000000E+0	6.299160E+5
8.240000E-3	0.000000E+0	6.302980E+5
8.260000E-3	0.000000E+0	6.313250E+5
8.280000E-3	0.000000E+0	6.288020E+5
8.300000E-3	0.000000E+0	6.299720E+5
8.320000E-3	0.000000E+0	6.290510E+5
8.340000E-3	0.000000E+0	6.288230E+5
8.360000E-3	0.000000E+0	6.289140E+5
8.380000E-3	0.000000E+0	6.288270E+5
8.400000E-3	0.000000E+0	6.288240E+5
8.420000E-3	0.000000E+0	6.297510E+5
8.440000E-3	0.000000E+0	6.302920E+5
8.460000E-3	0.000000E+0	6.307350E+5
8.480000E-3	0.000000E+0	6.308700E+5
8.500000E-3	0.000000E+0	6.286960E+5
8.520000E-3	0.000000E+0	6.297620E+5
8.540000E-3	0.000000E+0	6.304540E+5
8.560000E-3	0.000000E+0	6.300890E+5
8.580000E-3	0.000000E+0	6.309940E+5
8.600000E-3	0.000000E+0	6.304650E+5
8.620000E-3	0.000000E+0	6.318690E+5
8.640000E-3	0.000000E+0	6.298160E+5
8.660000E-3	0.000000E+0	6.287780E+5
8.680000E-3	0.000000E+0	6.300920E+5
8.700000E-3	0.000000E+0	6.278950E+5
8.720000E-3	0.000000E+0	6.310360E+5
8.740000E-3	0.000000E+0	6.280890E+5
8.760000E-3	0.000000E+0	6.291500E+5
8.780000E-3	0.000000E+0	6.300220E+5
8.800000E-3	0.000000E+0	6.306950E+5
8.820000E-3	0.000000E+0	6.300330E+5
8.840000E-3	0.000000E+0	6.292820E+5
8.860000E-3	0.000000E+0	6.315910E+5
8.880000E-3	0.000000E+0	6.290150E+5
8.900000E-3	0.000000E+0	6.300450E+5
8.920000E-3	0.000000E+0	6.292930E+5
8.940000E-3	0.000000E+0	6.278520E+5
8.960000E-3	0.000000E+0	6.302280E+5
8.980000E-3	0.000000E+0	6.292780E+5
9.000000E-3	0.000000E+0	6.297760E+5
9.020000E-3	0.000000E+0	6.279730E+5
9.040000E-3	0.000000E+0	6.296500E+5
9.060000E-3	0.000000E+0	6.322080E+5
9.080000E-3	0.000000E+0	6.292690E+5
9.100000E-3	0.000000E+0	6.309370E+5
9.120000E-3	0.000000E+0	6.282500E+5
9.140000E-3	0.000000E+0	6.304130E+5
9.160000E-3	0.000000E+0	6.297740E+5
9.180000E-3	0.000000E+0	6.283370E+5
9.200000E-3	0.000000E+0	6.297180E+5
9.220000E-3	0.000000E+0	6.298470E+5
9.240000E-3	0.000000E+0	6.303700E+5
9.260000E-3	0.000000E+0	6.311970E+5
9.280000E-3	0.000000E+0	6.300110E+5
9.300000E-3	0.000000E+0	6.301280E+5
9.320000E-3	0.000000E+0	6.292440E+5
9.340000E-3	0.000000E+0	6.299770E+5
9.360000E-3	0.000000E+0	6.301690E+5
9.380000E-3	0.000000E+0	6.308760E+5
9.400000E-3	0.000000E+0	6.304160E+5
9.420000E-3	0.000000E+0	6.312330E+5
9.440000E-3	0.000000E+0	6.294720E+5
9.460000E-3	0.000000E+0	6.305600E+5
9.480000E-3	0.000000E+0	6.299360E+5
9.500000E-3	0.000000E+0	6.290890E+5
9.520000E-3	0.000000E+0	6.310460E+5
9.540000E-3	0.000000E+0	6.277680E+5
9.560000E-3	0.000000E+0	6.294440E+5
9.580000E-3	0.000000E+0	6.298830E+5
9.600000E-3	0.000000E+0	6.299280E+5
9.620000E-3	0.000000E+0	6.299890E+5
9.640000E-3	0.000000E+0	6.286030E+5
9.660000E-3	0.000000E+0	6.309820E+5
9.680000E-3	0.000000E+0	6.288740E+5
9.700000E-3	0.000000E+0	6.295080E+5
9.720000E-3	0.000000E+0	6.296250E+5
9.740000E-3	0.000000E+0	6.298120E+5
9.760000E-3	0.000000E+0	6.295700E+5
9.780000E-3	0.000000E+0	6.305950E+5
9.800000E-3	0.000000E+0	6.302270E+5
9.820000E-3	0.000000E+0	6.300590E+5
9.840000E-3	0.000000E+0	6.294950E+5
9.860000E-3	0.000000E+0	6.288660E+5
9.880000E-3	0.000000E+0	6.308840E+5
9.900000E-3	0.000000E+0	6.314130E+5
9.920000E-3	0.000000E+0	6.301360E+5
9.940000E-3	0.000000E+0	6.287420E+5
9.960000E-3	0.000000E+0	6.290820E+5
9.980000E-3	0.000000E+0	6.308350E+5
1.000000E-2	0.000000E+0	6.301940E+5
1.002000E-2	0.000000E+0	6.294330E+5
1.004000E-2	0.000000E+0	6.305150E+5
1.006000E-2	0.000000E+0	6.287290E+5
1.008000E-2	0.000000E+0	6.294050E+5
1.010000E-2	0.000000E+0	6.291180E+5
1.012000E-2	0.000000E+0	6.311650E+5
1.014000E-2	0.000000E+0	6.320150E+5
1.016000E-2	0.000000E+0	6.305650E+5
1.018000E-2	0.000000E+0	6.301570E+5
1.020000E-2	0.000000E+0	6.304980E+5
1.022000E-2	0.000000E+0	6.303210E+5
1.024000E-2	0.000000E+0	6.294640E+5
1.026000E-2	0.000000E+0	6.312410E+5
1.028000E-2	0.000000E+0	6.298650E+5
1.030000E-2	0.000000E+0	6.308380E+5
1.032000E-2	0.000000E+0	6.297030E+5
1.034000E-2	0.000000E+0	6.307260E+5
1.036000E-2	0.000000E+0	6.299050E+5
1.038000E-2	0.000000E+0	6.306760E+5
1.040000E-2	0.000000E+0	6.292400E+5
1.042000E-2	0.000000E+0	6.304150E+5
1.044000E-2	0.000000E+0	6.302540E+5
1.046000E-2	0.000000E+0	6.310140E+5
1.048000E-2	0.000000E+0	6.312670E+5
1.050000E-2	0.000000E+0	6.293970E+5
1.052000E-2	0.000000E+0	6.311680E+5
1.054000E-2	0.000000E+0	6.314830E+5
1.056000E-2	0.000000E+0	6.296290E+5
1.058000E-2	0.000000E+0	6.316080E+5
1.060000E-2	0.000000E+0	6.289840E+5
1.062000E-2	0.000000E+0	6.297890E+5
1.064000E-2	0.000000E+0	6.304920E+5
1.066000E-2	0.000000E+0	6.294560E+5
1.068000E-2	0.000000E+0	6.304040E+5
1.070000E-2	0.000000E+0	6.289360E+5
1.072000E-2	0.000000E+0	6.296570E+5
1.074000E-2	0.000000E+0	6.307070E+5
1.076000E-2	0.000000E+0	6.295980E+5
1.078000E-2	0.000000E+0	6.309480E+5
1.080000E-2	0.000000E+0	6.310910E+5
1.082000E-2	0.000000E+0	6.315750E+5
1.084000E-2	0.000000E+0	6.301360E+5
1.086000E-2	0.000000E+0	6.305800E+5
1.088000E-2	0.000000E+0	6.301110E+5
1.090000E-2	0.000000E+0	6.302580E+5
1.092000E-2	0.000000E+0	6.301500E+5
1.094000E-2	0.000000E+0	6.291690E+5
1.096000E-2	0.000000E+0	6.297040E+5
1.098000E-2	0.000000E+0	6.308350E+5
1.100000E-2	0.000000E+0	6.306100E+5
1.102000E-2	0.000000E+0	6.289070E+5
1.104000E-2	0.000000E+0	6.306120E+5
1.106000E-2	0.000000E+0	6.303470E+5
1.108000E-2	0.000000E+0	6.305200E+5
1.110000E-2	0.000000E+0	6.295290E+5
1.112000E-2	0.000000E+0	6.292000E+5
1.114000E-2	0.000000E+0	6.307940E+5
1.116000E-2	0.000000E+0	6.282880E+5
1.118000E-2	0.000000E+0	6.300470E+5
1.120000E-2	0.000000E+0	6.293380E+5
1.122000E-2	0.000000E+0	6.313980E+5
1.124000E-2	0.000000E+0	6.317260E+5
1.126000E-2	0.000000E+0	6.288410E+5
1.128000E-2	0.000000E+0	6.290470E+5
1.130000E-2	0.000000E+0	6.300090E+5
1.132000E-2	0.000000E+0	6.312630E+5
1.134000E-2	0.000000E+0	6.286270E+5
1.136000E-2	0.000000E+0	6.309760E+5
1.138000E-2	0.000000E+0	6.298430E+5
1.140000E-2	0.000000E+0	6.310820E+5
1.142000E-2	0.000000E+0	6.296030E+5
1.144000E-2	0.000000E+0	6.311540E+5
1.146000E-2	0.000000E+0	6.299380E+5
1.148000E-2	0.000000E+0	6.299740E+5
1.150000E-2	0.000000E+0	6.296960E+5
1.152000E-2	0.000000E+0	6.299510E+5
1.154000E-2	0.000000E+0	6.292250E+5
1.156000E-2	0.000000E+0	6.302060E+5
1.158000E-2	0.000000E+0	6.297220E+5
1.160000E-2	0.000000E+0	6.309430E+5
1.162000E-2	0.000000E+0	6.301260E+5
1.164000E-2	0.000000E+0	6.309810E+5
1.166000E-2	0.000000E+0	6.317030E+5
1.168000E-2	0.000000E+0	6.306530E+5
1.170000E-2	0.000000E+0	6.315060E+5
1.172000E-2	0.000000E+0	6.306540E+5
1.174000E-2	0.000000E+0	6.304610E+5
1.176000E-2	0.000000E+0	6.298930E+5
1.178000E-2	0.000000E+0	6.284700E+5
1.180000E-2	0.000000E+0	6.302530E+5
1.182000E-2	0.000000E+0	6.308520E+5
1.184000E-2	0.000000E+0	6.313020E+5
1.186000E-2	0.000000E+0	6.294820E+5
1.188000E-2	0.000000E+0	6.292390E+5
1.190000E-2	0.000000E+0	6.293740E+5
1.192000E-2	0.000000E+0	6.291140E+5
1.194000E-2	0.000000E+0	6.317180E+5
1.196000E-2	0.000000E+0	6.302750E+5
1.198000E-2	0.000000E+0	6.293680E+5
1.200000E-2	0.000000E+0	6.299910E+5
1.202000E-2	0.000000E+0	6.301690E+5
1.204000E-2	0.000000E+0	6.297840E+5
1.206000E-2	0.000000E+0	6.302290E+5
1.208000E-2	0.000000E+0	6.308750E+5
1.210000E-2	0.000000E+0	6.307600E+5
1.212000E-2	0.000000E+0	6.297070E+5
1.214000E-2	0.000000E+0	6.289040E+5
1.216000E-2	0.000000E+0	6.299800E+5
1.218000E-2	0.000000E+0	6.295100E+5
1.220000E-2	0.000000E+0	6.297340E+5
1.222000E-2	0.000000E+0	6.306510E+5
1.224000E-2	0.000000E+0	6.308250E+5
1.226000E-2	0.000000E+0	6.292960E+5
1.228000E-2	0.000000E+0	6.300080E+5
1.230000E-2	0.000000E+0	6.300720E+5
1.232000E-2	0.000000E+0	6.304580E+5
1.234000E-2	0.000000E+0	6.311030E+5
1.236000E-2	0.000000E+0	6.305790E+5
1.238000E-2	0.000000E+0	6.317230E+5
1.240000E-2	0.000000E+0	6.306030E+5
1.242000E-2	0.000000E+0	6.304080E+5
1.244000E-2	0.000000E+0	6.306310E+5
1.246000E-2	0.000000E+0	6.301080E+5
1.248000E-2	0.000000E+0	6.301560E+5
1.250000E-2	0.000000E+0	6.297050E+5
1.252000E-2	0.000000E+0	6.321870E+5
1.254000E-2	0.000000E+0	6.307890E+5
1.256000E-2	0.000000E+0	6.290140E+5
1.258000E-2	0.000000E+0	6.311520E+5
1.260000E-2	0.000000E+0	6.313290E+5
1.262000E-2	0.000000E+0	6.289790E+5
1.264000E-2	0.000000E+0	6.290720E+5
1.266000E-2	0.000000E+0	6.323450E+5
1.268000E-2	0.000000E+0	6.306850E+5
1.270000E-2	0.000000E+0	6.295360E+5
1.272000E-2	0.000000E+0	6.315470E+5
1.274000E-2	0.000000E+0	6.297650E+5
1.276000E-2	0.000000E+0	6.304510E+5
1.278000E-2	0.000000E+0	6.299790E+5
1.280000E-2	0.000000E+0	6.292200E+5
1.282000E-2	0.000000E+0	6.294060E+5
1.284000E-2	0.000000E+0	6.301560E+5
1.286000E-2	0.000000E+0	6.307890E+5
1.288000E-2	0.000000E+0	6.311180E+5
1.290000E-2	0.000000E+0	6.300670E+5
1.292000E-2	0.000000E+0	6.301330E+5
1.294000E-2	0.000000E+0	6.294400E+5
1.296000E-2	0.000000E+0	6.299060E+5
1.298000E-2	0.000000E+0	6.302900E+5
1.300000E-2	0.000000E+0	6.303980E+5
1.302000E-2	0.000000E+0	6.313110E+5
1.304000E-2	0.000000E+0	6.302740E+5
1.306000E-2	0.000000E+0	6.292530E+5
1.308000E-2	0.000000E+0	6.314590E+5
1.310000E-2	0.000000E+0	6.307100E+5
1.312000E-2	0.000000E+0	6.298700E+5
1.314000E-2	0.000000E+0	6.310270E+5
1.316000E-2	0.000000E+0	6.302210E+5
1.318000E-2	0.000000E+0	6.298010E+5
1.320000E-2	0.000000E+0	6.305450E+5
1.322000E-2	0.000000E+0	6.303900E+5
1.324000E-2	0.000000E+0	6.291270E+5
1.326000E-2	0.000000E+0	6.311000E+5
1.328000E-2	0.000000E+0	6.312380E+5
1.330000E-2	0.000000E+0	6.288840E+5
1.332000E-2	0.000000E+0	6.298030E+5
1.334000E-2	0.000000E+0	6.293600E+5
1.336000E-2	0.000000E+0	6.303080E+5
1.338000E-2	0.000000E+0	6.306990E+5
1.340000E-2	0.000000E+0	6.297580E+5
1.342000E-2	0.000000E+0	6.292660E+5
1.344000E-2	0.000000E+0	6.295950E+5
1.346000E-2	0.000000E+0	6.290220E+5
1.348000E-2	0.000000E+0	6.301570E+5
1.350000E-2	0.000000E+0	6.310980E+5
1.352000E-2	0.000000E+0	6.304060E+5
1.354000E-2	0.000000E+0	6.300740E+5
1.356000E-2	0.000000E+0	6.313390E+5
1.358000E-2	0.000000E+0	6.295980E+5
1.360000E-2	0.000000E+0	6.299710E+5
1.362000E-2	0.000000E+0	6.302410E+5
1.364000E-2	0.000000E+0	6.285190E+5
1.366000E-2	0.000000E+0	6.297940E+5
1.368000E-2	0.000000E+0	6.303970E+5
1.370000E-2	0.000000E+0	6.312990E+5
1.372000E-2	0.000000E+0	6.294590E+5
1.374000E-2	0.000000E+0	6.311770E+5
1.376000E-2	0.000000E+0	6.298780E+5
1.378000E-2	0.000000E+0	6.295370E+5
1.380000E-2	0.000000E+0	6.304100E+5
1.382000E-2	0.000000E+0	6.291280E+5
1.384000E-2	0.000000E+0	6.298630E+5
1.386000E-2	0.000000E+0	6.304910E+5
1.388000E-2	0.000000E+0	6.299830E+5
1.390000E-2	0.000000E+0	6.310770E+5
1.392000E-2	0.000000E+0	6.312490E+5
1.394000E-2	0.000000E+0	6.307570E+5
1.396000E-2	0.000000E+0	6.304350E+5
1.398000E-2	0.000000E+0	6.312810E+5
1.400000E-2	0.000000E+0	6.310350E+5
1.402000E-2	0.000000E+0	6.293150E+5
1.404000E-2	0.000000E+0	6.317120E+5
1.406000E-2	0.000000E+0	6.297880E+5
1.408000E-2	0.000000E+0	6.298120E+5
1.410000E-2	0.000000E+0	6.308320E+5
1.412000E-2	0.000000E+0	6.295330E+5
1.414000E-2	0.000000E+0	6.292570E+5
1.416000E-2	0.000000E+0	6.292310E+5
1.418000E-2	0.000000E+0	6.294070E+5
1.420000E-2	0.000000E+0	6.305200E+5
1.422000E-2	0.000000E+0	6.305520E+5
1.424000E-2	0.000000E+0	6.286280E+5
1.426000E-2	0.000000E+0	6.290990E+5
1.428000E-2	0.000000E+0	6.301500E+5
1.430000E-2	0.000000E+0	6.303700E+5
1.432000E-2	0.000000E+0	6.298410E+5
1.434000E-2	0.000000E+0	6.305430E+5
1.436000E-2	0.000000E+0	6.309970E+5
1.438000E-2	0.000000E+0	6.304810E+5
1.440000E-2	0.000000E+0	6.316200E+5
1.442000E-2	0.000000E+0	6.303880E+5
1.444000E-2	0.000000E+0	6.285030E+5
1.446000E-2	0.000000E+0	6.302910E+5
1.448000E-2	0.000000E+0	6.307930E+5
1.450000E-2	0.000000E+0	6.301200E+5
1.452000E-2	0.000000E+0	6.300080E+5
1.454000E-2	0.000000E+0	6.297650E+5
1.456000E-2	0.000000E+0	6.308940E+5
1.458000E-2	0.000000E+0	6.292260E+5
1.460000E-2	0.000000E+0	6.304320E+5
1.462000E-2	0.000000E+0	6.283600E+5
1.464000E-2	0.000000E+0	6.309000E+5
1.466000E-2	0.000000E+0	6.295330E+5
1.468000E-2	0.000000E+0	6.314460E+5
1.470000E-2	0.000000E+0	6.297410E+5
1.472000E-2	0.000000E+0	6.294630E+5
1.474000E-2	0.000000E+0	6.305640E+5
1.476000E-2	0.000000E+0	6.309950E+5
1.478000E-2	0.000000E+0	6.310010E+5
1.480000E-2	0.000000E+0	6.286880E+5
1.482000E-2	0.000000E+0	6.291690E+5
1.484000E-2	0.000000E+0	6.310010E+5
1.486000E-2	0.000000E+0	6.287410E+5
1.488000E-2	0.000000E+0	6.283200E+5
1.490000E-2	0.000000E+0	6.277280E+5
1.492000E-2	0.000000E+0	6.261090E+5
1.494000E-2	0.000000E+0	6.234290E+5
1.496000E-2	0.000000E+0	6.221010E+5
1.498000E-2	0.000000E+0	6.214260E+5
1.500000E-2	0.000000E+0	6.207840E+5
1.502000E-2	0.000000E+0	6.203620E+5
1.504000E-2	0.000000E+0	6.185130E+5
1.506000E-2	0.000000E+0	6.174620E+5
1.508000E-2	0.000000E+0	6.150040E+5
1.510000E-2	0.000000E+0	6.133170E+5
1.512000E-2	0.000000E+0	6.131780E+5
1.514000E-2	0.000000E+0	6.145980E+5
1.516000E-2	0.000000E+0	6.152110E+5
1.518000E-2	0.000000E+0	6.162530E+5
1.520000E-2	0.000000E+0	6.193280E+5
1.522000E-2	0.000000E+0	6.203130E+5
1.524000E-2	0.000000E+0	6.246120E+5
1.526000E-2	0.000000E+0	6.236750E+5
1.528000E-2	0.000000E+0	6.260380E+5
1.530000E-2	0.000000E+0	6.256660E+5
1.532000E-2	0.000000E+0	6.278210E+5
1.534000E-2	0.000000E+0	6.277970E+5
1.536000E-2	0.000000E+0	6.282360E+5
1.538000E-2	0.000000E+0	6.295290E+5
1.540000E-2	0.000000E+0	6.297110E+5
1.542000E-2	0.000000E+0	6.290710E+5
1.544000E-2	0.000000E+0	6.285730E+5
1.546000E-2	0.000000E+0	6.285860E+5
1.548000E-2	0.000000E+0	6.281170E+5
1.550000E-2	0.000000E+0	6.279710E+5
1.552000E-2	0.000000E+0	6.290110E+5
1.554000E-2	0.000000E+0	6.271850E+5
1.556000E-2	0.000000E+0	6.254900E+5
1.558000E-2	0.000000E+0	6.229210E+5
1.560000E-2	0.000000E+0	6.221180E+5
1.562000E-2	0.000000E+0	6.209090E+5
1.564000E-2	0.000000E+0	6.197560E+5
1.566000E-2	0.000000E+0	6.204820E+5
1.568000E-2	0.000000E+0	6.193140E+5
1.570000E-2	0.000000E+0	6.168240E+5
1.572000E-2	0.000000E+0	6.137800E+5
1.574000E-2	0.000000E+0	6.128690E+5
1.576000E-2	0.000000E+0	6.144220E+5
1.578000E-2	0.000000E+0	6.118190E+5
1.580000E-2	0.000000E+0	6.147190E+5
1.582000E-2	0.000000E+0	6.164430E+5
1.584000E-2	0.000000E+0	6.179690E+5
1.586000E-2	0.000000E+0	6.201860E+5
1.588000E-2	0.000000E+0	6.219870E+5
1.590000E-2	0.000000E+0	6.235430E+5
1.592000E-2	0.000000E+0	6.249450E+5
1.594000E-2	0.000000E+0	6.247420E+5
1.596000E-2	0.000000E+0	6.270650E+5
1.598000E-2	0.000000E+0	6.285290E+5
1.600000E-2	0.000000E+0	6.293230E+5
1.602000E-2	0.000000E+0	6.291180E+5
1.604000E-2	0.000000E+0	6.289880E+5
1.606000E-2	0.000000E+0	6.298110E+5
1.608000E-2	0.000000E+0	6.294740E+5
1.610000E-2	0.000000E+0	6.303330E+5
1.612000E-2	0.000000E+0	6.299690E+5
1.614000E-2	0.000000E+0	6.294010E+5
1.616000E-2	0.000000E+0	6.321960E+5
1.618000E-2	0.000000E+0	6.295130E+5
1.620000E-2	0.000000E+0	6.300550E+5
1.622000E-2	0.000000E+0	6.303540E+5
1.624000E-2	0.000000E+0	6.295670E+5
1.626000E-2	0.000000E+0	6.296450E+5
1.628000E-2	0.000000E+0	6.312300E+5
1.630000E-2	0.000000E+0	6.298950E+5
1.632000E-2	0.000000E+0	6.303970E+5
1.634000E-2	0.000000E+0	6.302630E+5
1.636000E-2	0.000000E+0	6.313160E+5
1.638000E-2	0.000000E+0	6.296800E+5
1.640000E-2	0.000000E+0	6.308670E+5
1.642000E-2	0.000000E+0	6.301740E+5
1.644000E-2	0.000000E+0	6.300220E+5
1.646000E-2	0.000000E+0	6.295770E+5
1.648000E-2	0.000000E+0	6.296900E+5
1.650000E-2	0.000000E+0	6.296820E+5
1.652000E-2	0.000000E+0	6.307230E+5
1.654000E-2	0.000000E+0	6.294170E+5
1.656000E-2	0.000000E+0	6.296150E+5
1.658000E-2	0.000000E+0	6.300520E+5
1.660000E-2	0.000000E+0	6.296510E+5
1.662000E-2	0.000000E+0	6.303090E+5
1.664000E-2	0.000000E+0	6.303850E+5
1.666000E-2	0.000000E+0	6.296400E+5
1.668000E-2	0.000000E+0	6.298340E+5
1.670000E-2	0.000000E+0	6.304470E+5
1.672000E-2	0.000000E+0	6.309540E+5
1.674000E-2	0.000000E+0	6.300980E+5
1.676000E-2	0.000000E+0	6.290310E+5
1.678000E-2	0.000000E+0	6.290690E+5
1.680000E-2	0.000000E+0	6.306490E+5
1.682000E-2	0.000000E+0	6.304840E+5
1.684000E-2	0.000000E+0	6.311870E+5
1.686000E-2	0.000000E+0	6.321090E+5
1.688000E-2	0.000000E+0	6.302940E+5
1.690000E-2	0.000000E+0	6.303130E+5
1.692000E-2	0.000000E+0	6.309640E+5
1.694000E-2	0.000000E+0	6.300080E+5
1.696000E-2	0.000000E+0	6.293920E+5
1.698000E-2	0.000000E+0	6.302420E+5
1.700000E-2	0.000000E+0	6.306890E+5
1.702000E-2	0.000000E+0	6.307080E+5
1.704000E-2	0.000000E+0	6.316220E+5
1.706000E-2	0.000000E+0	6.310840E+5
1.708000E-2	0.000000E+0	6.298610E+5
1.710000E-2	0.000000E+0	6.310100E+5
1.712000E-2	0.000000E+0	6.303370E+5
1.714000E-2	0.000000E+0	6.293760E+5
1.716000E-2	0.000000E+0	6.308240E+5
1.718000E-2	0.000000E+0	6.303620E+5
1.720000E-2	0.000000E+0	6.306300E+5
1.722000E-2	0.000000E+0	6.307700E+5
1.724000E-2	0.000000E+0	6.305040E+5
1.726000E-2	0.000000E+0	6.299780E+5
1.728000E-2	0.000000E+0	6.300980E+5
1.730000E-2	0.000000E+0	6.304890E+5
1.732000E-2	0.000000E+0	6.292570E+5
1.734000E-2	0.000000E+0	6.305890E+5
1.736000E-2	0.000000E+0	6.316180E+5
1.738000E-2	0.000000E+0	6.307270E+5
1.740000E-2	0.000000E+0	6.315630E+5
1.742000E-2	0.000000E+0	6.298140E+5
1.744000E-2	0.000000E+0	6.293310E+5
1.746000E-2	0.000000E+0	6.302080E+5
1.748000E-2	0.000000E+0	6.307620E+5
1.750000E-2	0.000000E+0	6.305510E+5
1.752000E-2	0.000000E+0	6.309920E+5
1.754000E-2	0.000000E+0	6.298790E+5
1.756000E-2	0.000000E+0	6.297140E+5
1.758000E-2	0.000000E+0	6.304920E+5
1.760000E-2	0.000000E+0	6.303060E+5
1.762000E-2	0.000000E+0	6.304140E+5
1.764000E-2	0.000000E+0	6.308880E+5
1.766000E-2	0.000000E+0	6.297440E+5
1.768000E-2	0.000000E+0	6.306060E+5
1.770000E-2	0.000000E+0	6.303210E+5
1.772000E-2	0.000000E+0	6.313230E+5
1.774000E-2	0.000000E+0	6.302280E+5
1.776000E-2	0.000000E+0	6.298990E+5
1.778000E-2	0.000000E+0	6.313780E+5
1.780000E-2	0.000000E+0	6.287500E+5
1.782000E-2	0.000000E+0	6.308710E+5
1.784000E-2	0.000000E+0	6.301160E+5
1.786000E-2	0.000000E+0	6.299670E+5
1.788000E-2	0.000000E+0	6.299450E+5
1.790000E-2	0.000000E+0	6.305530E+5
1.792000E-2	0.000000E+0	6.288220E+5
1.794000E-2	0.000000E+0	6.300360E+5
1.796000E-2	0.000000E+0	6.302070E+5
1.798000E-2	0.000000E+0	6.312310E+5
1.800000E-2	0.000000E+0	6.291070E+5
1.802000E-2	0.000000E+0	6.300730E+5
1.804000E-2	0.000000E+0	6.294310E+5
1.806000E-2	0.000000E+0	6.299010E+5
1.808000E-2	0.000000E+0	6.301060E+5
1.810000E-2	0.000000E+0	6.309470E+5
1.812000E-2	0.000000E+0	6.319190E+5
1.814000E-2	0.000000E+0	6.315770E+5
1.816000E-2	0.000000E+0	6.299950E+5
1.818000E-2	0.000000E+0	6.292640E+5
1.820000E-2	0.000000E+0	6.308800E+5
1.822000E-2	0.000000E+0	6.300010E+5
1.824000E-2	0.000000E+0	6.305180E+5
1.826000E-2	0.000000E+0	6.310800E+5
1.828000E-2	0.000000E+0	6.295910E+5
1.830000E-2	0.000000E+0	6.292720E+5
1.832000E-2	0.000000E+0	6.311920E+5
1.834000E-2	0.000000E+0	6.295560E+5
1.836000E-2	0.000000E+0	6.311090E+5
1.838000E-2	0.000000E+0	6.294550E+5
1.840000E-2	0.000000E+0	6.298790E+5
1.842000E-2	0.000000E+0	6.292320E+5
1.844000E-2	0.000000E+0	6.295660E+5
1.846000E-2	0.000000E+0	6.289990E+5
1.848000E-2	0.000000E+0	6.315680E+5
1.850000E-2	0.000000E+0	6.308310E+5
1.852000E-2	0.000000E+0	6.302940E+5
1.854000E-2	0.000000E+0	6.318000E+5
1.856000E-2	0.000000E+0	6.285610E+5
1.858000E-2	0.000000E+0	6.292650E+5
1.860000E-2	0.000000E+0	6.299720E+5
1.862000E-2	0.000000E+0	6.291370E+5
1.864000E-2	0.000000E+0	6.289790E+5
1.866000E-2	0.000000E+0	6.308370E+5
1.868000E-2	0.000000E+0	6.300370E+5
1.870000E-2	0.000000E+0	6.301360E+5
1.872000E-2	0.000000E+0	6.301690E+5
1.874000E-2	0.000000E+0	6.278590E+5
1.876000E-2	0.000000E+0	6.304030E+5
1.878000E-2	0.000000E+0	6.303420E+5
1.880000E-2	0.000000E+0	6.293570E+5
1.882000E-2	0.000000E+0	6.297190E+5
1.884000E-2	0.000000E+0	6.307610E+5
1.886000E-2	0.000000E+0	6.294880E+5
1.888000E-2	0.000000E+0	6.294530E+5
1.890000E-2	0.000000E+0	6.295370E+5
1.892000E-2	0.000000E+0	6.313570E+5
1.894000E-2	0.000000E+0	6.302850E+5
1.896000E-2	0.000000E+0	6.304010E+5
1.898000E-2	0.000000E+0	6.312060E+5
1.900000E-2	0.000000E+0	6.296770E+5
1.902000E-2	0.000000E+0	6.291950E+5
1.904000E-2	0.000000E+0	6.303410E+5
1.906000E-2	0.000000E+0	6.309480E+5
1.908000E-2	0.000000E+0	6.305490E+5
1.910000E-2	0.000000E+0	6.294330E+5
1.912000E-2	0.000000E+0	6.285280E+5
1.914000E-2	0.000000E+0	6.302960E+5
1.916000E-2	0.000000E+0	6.296510E+5
1.918000E-2	0.000000E+0	6.291400E+5
1.920000E-2	0.000000E+0	6.308430E+5
1.922000E-2	0.000000E+0	6.307920E+5
1.924000E-2	0.000000E+0	6.304310E+5
1.926000E-2	0.000000E+0	6.306490E+5
1.928000E-2	0.000000E+0	6.310070E+5
1.930000E-2	0.000000E+0	6.301290E+5
1.932000E-2	0.000000E+0	6.296520E+5
1.934000E-2	0.000000E+0	6.302000E+5
1.936000E-2	0.000000E+0	6.299820E+5
1.938000E-2	0.000000E+0	6.305100E+5
1.940000E-2	0.000000E+0	6.283670E+5
1.942000E-2	0.000000E+0	6.313030E+5
1.944000E-2	0.000000E+0	6.305330E+5
1.946000E-2	0.000000E+0	6.286610E+5
1.948000E-2	0.000000E+0	6.300120E+5
1.950000E-2	0.000000E+0	6.302810E+5
1.952000E-2	0.000000E+0	6.311350E+5
1.954000E-2	0.000000E+0	6.294770E+5
1.956000E-2	0.000000E+0	6.308390E+5
1.958000E-2	0.000000E+0	6.299240E+5
1.960000E-2	0.000000E+0	6.305960E+5
1.962000E-2	0.000000E+0	6.297860E+5
1.964000E-2	0.000000E+0	6.307980E+5
1.966000E-2	0.000000E+0	6.311290E+5
1.968000E-2	0.000000E+0	6.304720E+5
1.970000E-2	0.000000E+0	6.297910E+5
1.972000E-2	0.000000E+0	6.302940E+5
1.974000E-2	0.000000E+0	6.302830E+5
1.976000E-2	0.000000E+0	6.289030E+5
1.978000E-2	0.000000E+0	6.296040E+5
1.980000E-2	0.000000E+0	6.302860E+5
1.982000E-2	0.000000E+0	6.294630E+5
1.984000E-2	0.000000E+0	6.305190E+5
1.986000E-2	0.000000E+0	6.293690E+5
1.988000E-2	0.000000E+0	6.293830E+5
1.990000E-2	0.000000E+0	6.295480E+5
1.992000E-2	0.000000E+0	6.296170E+5
1.994000E-2	0.000000E+0	6.316070E+5
1.996000E-2	0.000000E+0	6.294400E+5
1.998000E-2	0.000000E+0	6.300000E+5
