

live time:  130246.480000
real time:  180009.375000
sweeps:  6512324.000000
0.000000E+0	0.000000E+0	0.000000E+0
2.000000E-5	0.000000E+0	2.854450E+5
4.000000E-5	0.000000E+0	2.860880E+5
6.000000E-5	0.000000E+0	2.855430E+5
8.000000E-5	0.000000E+0	2.863040E+5
1.000000E-4	0.000000E+0	2.853780E+5
1.200000E-4	0.000000E+0	2.857280E+5
1.400000E-4	0.000000E+0	2.857650E+5
1.600000E-4	0.000000E+0	2.861170E+5
1.800000E-4	0.000000E+0	2.856230E+5
2.000000E-4	0.000000E+0	2.861450E+5
2.200000E-4	0.000000E+0	2.857000E+5
2.400000E-4	0.000000E+0	2.852740E+5
2.600000E-4	0.000000E+0	2.849990E+5
2.800000E-4	0.000000E+0	2.853760E+5
3.000000E-4	0.000000E+0	2.864980E+5
3.200000E-4	0.000000E+0	2.858050E+5
3.400000E-4	0.000000E+0	2.857740E+5
3.600000E-4	0.000000E+0	2.861040E+5
3.800000E-4	0.000000E+0	2.853380E+5
4.000000E-4	0.000000E+0	2.851490E+5
4.200000E-4	0.000000E+0	2.856100E+5
4.400000E-4	0.000000E+0	2.855570E+5
4.600000E-4	0.000000E+0	2.865420E+5
4.800000E-4	0.000000E+0	2.853270E+5
5.000000E-4	0.000000E+0	2.862330E+5
5.200000E-4	0.000000E+0	2.858390E+5
5.400000E-4	0.000000E+0	2.858230E+5
5.600000E-4	0.000000E+0	2.853770E+5
5.800000E-4	0.000000E+0	2.861810E+5
6.000000E-4	0.000000E+0	2.863210E+5
6.200000E-4	0.000000E+0	2.856610E+5
6.400000E-4	0.000000E+0	2.867740E+5
6.600000E-4	0.000000E+0	2.851350E+5
6.800000E-4	0.000000E+0	2.854120E+5
7.000000E-4	0.000000E+0	2.858910E+5
7.200000E-4	0.000000E+0	2.868200E+5
7.400000E-4	0.000000E+0	2.850130E+5
7.600000E-4	0.000000E+0	2.856620E+5
7.800000E-4	0.000000E+0	2.848770E+5
8.000000E-4	0.000000E+0	2.859320E+5
8.200000E-4	0.000000E+0	2.858830E+5
8.400000E-4	0.000000E+0	2.858380E+5
8.600000E-4	0.000000E+0	2.864460E+5
8.800000E-4	0.000000E+0	2.850140E+5
9.000000E-4	0.000000E+0	2.866330E+5
9.200000E-4	0.000000E+0	2.851420E+5
9.400000E-4	0.000000E+0	2.856410E+5
9.600000E-4	0.000000E+0	2.849480E+5
9.800000E-4	0.000000E+0	2.868870E+5
1.000000E-3	0.000000E+0	2.859940E+5
1.020000E-3	0.000000E+0	2.858370E+5
1.040000E-3	0.000000E+0	2.856810E+5
1.060000E-3	0.000000E+0	2.855270E+5
1.080000E-3	0.000000E+0	2.856990E+5
1.100000E-3	0.000000E+0	2.847770E+5
1.120000E-3	0.000000E+0	2.858680E+5
1.140000E-3	0.000000E+0	2.851020E+5
1.160000E-3	0.000000E+0	2.852890E+5
1.180000E-3	0.000000E+0	2.851940E+5
1.200000E-3	0.000000E+0	2.863650E+5
1.220000E-3	0.000000E+0	2.863250E+5
1.240000E-3	0.000000E+0	2.854840E+5
1.260000E-3	0.000000E+0	2.855090E+5
1.280000E-3	0.000000E+0	2.867240E+5
1.300000E-3	0.000000E+0	2.847650E+5
1.320000E-3	0.000000E+0	2.864780E+5
1.340000E-3	0.000000E+0	2.856140E+5
1.360000E-3	0.000000E+0	2.851610E+5
1.380000E-3	0.000000E+0	2.862400E+5
1.400000E-3	0.000000E+0	2.857120E+5
1.420000E-3	0.000000E+0	2.861670E+5
1.440000E-3	0.000000E+0	2.856180E+5
1.460000E-3	0.000000E+0	2.849000E+5
1.480000E-3	0.000000E+0	2.861940E+5
1.500000E-3	0.000000E+0	2.859960E+5
1.520000E-3	0.000000E+0	2.856960E+5
1.540000E-3	0.000000E+0	2.858830E+5
1.560000E-3	0.000000E+0	2.854840E+5
1.580000E-3	0.000000E+0	2.855070E+5
1.600000E-3	0.000000E+0	2.855460E+5
1.620000E-3	0.000000E+0	2.854480E+5
1.640000E-3	0.000000E+0	2.850670E+5
1.660000E-3	0.000000E+0	2.870000E+5
1.680000E-3	0.000000E+0	2.850750E+5
1.700000E-3	0.000000E+0	2.853390E+5
1.720000E-3	0.000000E+0	2.862330E+5
1.740000E-3	0.000000E+0	2.866710E+5
1.760000E-3	0.000000E+0	2.861540E+5
1.780000E-3	0.000000E+0	2.865980E+5
1.800000E-3	0.000000E+0	2.865440E+5
1.820000E-3	0.000000E+0	2.856140E+5
1.840000E-3	0.000000E+0	2.855840E+5
1.860000E-3	0.000000E+0	2.860270E+5
1.880000E-3	0.000000E+0	2.856580E+5
1.900000E-3	0.000000E+0	2.853640E+5
1.920000E-3	0.000000E+0	2.859590E+5
1.940000E-3	0.000000E+0	2.859960E+5
1.960000E-3	0.000000E+0	2.856750E+5
1.980000E-3	0.000000E+0	2.866950E+5
2.000000E-3	0.000000E+0	2.854170E+5
2.020000E-3	0.000000E+0	2.856660E+5
2.040000E-3	0.000000E+0	2.852650E+5
2.060000E-3	0.000000E+0	2.863050E+5
2.080000E-3	0.000000E+0	2.866220E+5
2.100000E-3	0.000000E+0	2.869190E+5
2.120000E-3	0.000000E+0	2.858130E+5
2.140000E-3	0.000000E+0	2.856400E+5
2.160000E-3	0.000000E+0	2.852260E+5
2.180000E-3	0.000000E+0	2.863410E+5
2.200000E-3	0.000000E+0	2.864430E+5
2.220000E-3	0.000000E+0	2.862320E+5
2.240000E-3	0.000000E+0	2.859440E+5
2.260000E-3	0.000000E+0	2.861910E+5
2.280000E-3	0.000000E+0	2.859200E+5
2.300000E-3	0.000000E+0	2.860980E+5
2.320000E-3	0.000000E+0	2.853330E+5
2.340000E-3	0.000000E+0	2.856960E+5
2.360000E-3	0.000000E+0	2.860770E+5
2.380000E-3	0.000000E+0	2.861060E+5
2.400000E-3	0.000000E+0	2.849330E+5
2.420000E-3	0.000000E+0	2.858680E+5
2.440000E-3	0.000000E+0	2.848190E+5
2.460000E-3	0.000000E+0	2.854910E+5
2.480000E-3	0.000000E+0	2.871950E+5
2.500000E-3	0.000000E+0	2.858640E+5
2.520000E-3	0.000000E+0	2.864370E+5
2.540000E-3	0.000000E+0	2.850770E+5
2.560000E-3	0.000000E+0	2.859040E+5
2.580000E-3	0.000000E+0	2.852120E+5
2.600000E-3	0.000000E+0	2.866420E+5
2.620000E-3	0.000000E+0	2.849240E+5
2.640000E-3	0.000000E+0	2.849220E+5
2.660000E-3	0.000000E+0	2.862310E+5
2.680000E-3	0.000000E+0	2.858170E+5
2.700000E-3	0.000000E+0	2.859620E+5
2.720000E-3	0.000000E+0	2.854250E+5
2.740000E-3	0.000000E+0	2.863550E+5
2.760000E-3	0.000000E+0	2.857320E+5
2.780000E-3	0.000000E+0	2.860650E+5
2.800000E-3	0.000000E+0	2.854770E+5
2.820000E-3	0.000000E+0	2.854740E+5
2.840000E-3	0.000000E+0	2.850030E+5
2.860000E-3	0.000000E+0	2.863380E+5
2.880000E-3	0.000000E+0	2.858770E+5
2.900000E-3	0.000000E+0	2.863010E+5
2.920000E-3	0.000000E+0	2.851490E+5
2.940000E-3	0.000000E+0	2.861430E+5
2.960000E-3	0.000000E+0	2.863910E+5
2.980000E-3	0.000000E+0	2.847880E+5
3.000000E-3	0.000000E+0	2.861160E+5
3.020000E-3	0.000000E+0	2.857690E+5
3.040000E-3	0.000000E+0	2.860550E+5
3.060000E-3	0.000000E+0	2.875500E+5
3.080000E-3	0.000000E+0	2.860170E+5
3.100000E-3	0.000000E+0	2.850760E+5
3.120000E-3	0.000000E+0	2.860980E+5
3.140000E-3	0.000000E+0	2.858870E+5
3.160000E-3	0.000000E+0	2.855440E+5
3.180000E-3	0.000000E+0	2.862020E+5
3.200000E-3	0.000000E+0	2.863220E+5
3.220000E-3	0.000000E+0	2.861320E+5
3.240000E-3	0.000000E+0	2.860260E+5
3.260000E-3	0.000000E+0	2.859890E+5
3.280000E-3	0.000000E+0	2.859720E+5
3.300000E-3	0.000000E+0	2.852460E+5
3.320000E-3	0.000000E+0	2.856270E+5
3.340000E-3	0.000000E+0	2.855440E+5
3.360000E-3	0.000000E+0	2.853010E+5
3.380000E-3	0.000000E+0	2.855560E+5
3.400000E-3	0.000000E+0	2.858820E+5
3.420000E-3	0.000000E+0	2.863400E+5
3.440000E-3	0.000000E+0	2.853570E+5
3.460000E-3	0.000000E+0	2.862350E+5
3.480000E-3	0.000000E+0	2.857810E+5
3.500000E-3	0.000000E+0	2.865040E+5
3.520000E-3	0.000000E+0	2.853610E+5
3.540000E-3	0.000000E+0	2.855260E+5
3.560000E-3	0.000000E+0	2.858160E+5
3.580000E-3	0.000000E+0	2.851660E+5
3.600000E-3	0.000000E+0	2.853670E+5
3.620000E-3	0.000000E+0	2.846030E+5
3.640000E-3	0.000000E+0	2.862540E+5
3.660000E-3	0.000000E+0	2.857660E+5
3.680000E-3	0.000000E+0	2.855230E+5
3.700000E-3	0.000000E+0	2.851000E+5
3.720000E-3	0.000000E+0	2.860090E+5
3.740000E-3	0.000000E+0	2.854430E+5
3.760000E-3	0.000000E+0	2.854790E+5
3.780000E-3	0.000000E+0	2.856540E+5
3.800000E-3	0.000000E+0	2.854140E+5
3.820000E-3	0.000000E+0	2.852770E+5
3.840000E-3	0.000000E+0	2.854250E+5
3.860000E-3	0.000000E+0	2.856540E+5
3.880000E-3	0.000000E+0	2.850380E+5
3.900000E-3	0.000000E+0	2.857830E+5
3.920000E-3	0.000000E+0	2.868770E+5
3.940000E-3	0.000000E+0	2.863840E+5
3.960000E-3	0.000000E+0	2.863350E+5
3.980000E-3	0.000000E+0	2.852690E+5
4.000000E-3	0.000000E+0	2.858720E+5
4.020000E-3	0.000000E+0	2.860980E+5
4.040000E-3	0.000000E+0	2.853020E+5
4.060000E-3	0.000000E+0	2.859940E+5
4.080000E-3	0.000000E+0	2.857730E+5
4.100000E-3	0.000000E+0	2.859280E+5
4.120000E-3	0.000000E+0	2.857410E+5
4.140000E-3	0.000000E+0	2.852130E+5
4.160000E-3	0.000000E+0	2.863520E+5
4.180000E-3	0.000000E+0	2.850950E+5
4.200000E-3	0.000000E+0	2.853000E+5
4.220000E-3	0.000000E+0	2.855710E+5
4.240000E-3	0.000000E+0	2.860030E+5
4.260000E-3	0.000000E+0	2.848860E+5
4.280000E-3	0.000000E+0	2.859620E+5
4.300000E-3	0.000000E+0	2.854610E+5
4.320000E-3	0.000000E+0	2.851610E+5
4.340000E-3	0.000000E+0	2.849910E+5
4.360000E-3	0.000000E+0	2.859010E+5
4.380000E-3	0.000000E+0	2.846240E+5
4.400000E-3	0.000000E+0	2.858070E+5
4.420000E-3	0.000000E+0	2.856630E+5
4.440000E-3	0.000000E+0	2.856360E+5
4.460000E-3	0.000000E+0	2.851050E+5
4.480000E-3	0.000000E+0	2.849910E+5
4.500000E-3	0.000000E+0	2.854070E+5
4.520000E-3	0.000000E+0	2.851500E+5
4.540000E-3	0.000000E+0	2.853120E+5
4.560000E-3	0.000000E+0	2.846710E+5
4.580000E-3	0.000000E+0	2.853510E+5
4.600000E-3	0.000000E+0	2.853840E+5
4.620000E-3	0.000000E+0	2.851250E+5
4.640000E-3	0.000000E+0	2.857930E+5
4.660000E-3	0.000000E+0	2.853380E+5
4.680000E-3	0.000000E+0	2.853360E+5
4.700000E-3	0.000000E+0	2.857740E+5
4.720000E-3	0.000000E+0	2.859750E+5
4.740000E-3	0.000000E+0	2.846860E+5
4.760000E-3	0.000000E+0	2.858840E+5
4.780000E-3	0.000000E+0	2.848210E+5
4.800000E-3	0.000000E+0	2.856650E+5
4.820000E-3	0.000000E+0	2.849770E+5
4.840000E-3	0.000000E+0	2.853360E+5
4.860000E-3	0.000000E+0	2.841770E+5
4.880000E-3	0.000000E+0	2.836730E+5
4.900000E-3	0.000000E+0	2.839210E+5
4.920000E-3	0.000000E+0	2.822000E+5
4.940000E-3	0.000000E+0	2.815150E+5
4.960000E-3	0.000000E+0	2.812820E+5
4.980000E-3	0.000000E+0	2.817660E+5
5.000000E-3	0.000000E+0	2.805650E+5
5.020000E-3	0.000000E+0	2.806810E+5
5.040000E-3	0.000000E+0	2.792770E+5
5.060000E-3	0.000000E+0	2.777860E+5
5.080000E-3	0.000000E+0	2.772930E+5
5.100000E-3	0.000000E+0	2.776850E+5
5.120000E-3	0.000000E+0	2.772410E+5
5.140000E-3	0.000000E+0	2.779840E+5
5.160000E-3	0.000000E+0	2.790550E+5
5.180000E-3	0.000000E+0	2.799720E+5
5.200000E-3	0.000000E+0	2.804380E+5
5.220000E-3	0.000000E+0	2.817330E+5
5.240000E-3	0.000000E+0	2.817980E+5
5.260000E-3	0.000000E+0	2.837930E+5
5.280000E-3	0.000000E+0	2.824100E+5
5.300000E-3	0.000000E+0	2.842030E+5
5.320000E-3	0.000000E+0	2.850310E+5
5.340000E-3	0.000000E+0	2.848490E+5
5.360000E-3	0.000000E+0	2.859900E+5
5.380000E-3	0.000000E+0	2.848320E+5
5.400000E-3	0.000000E+0	2.859760E+5
5.420000E-3	0.000000E+0	2.853650E+5
5.440000E-3	0.000000E+0	2.844400E+5
5.460000E-3	0.000000E+0	2.845170E+5
5.480000E-3	0.000000E+0	2.845250E+5
5.500000E-3	0.000000E+0	2.848190E+5
5.520000E-3	0.000000E+0	2.842120E+5
5.540000E-3	0.000000E+0	2.838050E+5
5.560000E-3	0.000000E+0	2.830990E+5
5.580000E-3	0.000000E+0	2.826610E+5
5.600000E-3	0.000000E+0	2.809900E+5
5.620000E-3	0.000000E+0	2.806580E+5
5.640000E-3	0.000000E+0	2.814890E+5
5.660000E-3	0.000000E+0	2.809820E+5
5.680000E-3	0.000000E+0	2.809140E+5
5.700000E-3	0.000000E+0	2.791060E+5
5.720000E-3	0.000000E+0	2.784040E+5
5.740000E-3	0.000000E+0	2.777210E+5
5.760000E-3	0.000000E+0	2.780710E+5
5.780000E-3	0.000000E+0	2.787100E+5
5.800000E-3	0.000000E+0	2.788090E+5
5.820000E-3	0.000000E+0	2.802900E+5
5.840000E-3	0.000000E+0	2.809530E+5
5.860000E-3	0.000000E+0	2.812260E+5
5.880000E-3	0.000000E+0	2.825850E+5
5.900000E-3	0.000000E+0	2.837790E+5
5.920000E-3	0.000000E+0	2.843210E+5
5.940000E-3	0.000000E+0	2.832350E+5
5.960000E-3	0.000000E+0	2.845650E+5
5.980000E-3	0.000000E+0	2.852070E+5
6.000000E-3	0.000000E+0	2.848510E+5
6.020000E-3	0.000000E+0	2.855520E+5
6.040000E-3	0.000000E+0	2.857270E+5
6.060000E-3	0.000000E+0	2.852920E+5
6.080000E-3	0.000000E+0	2.857910E+5
6.100000E-3	0.000000E+0	2.851580E+5
6.120000E-3	0.000000E+0	2.855260E+5
6.140000E-3	0.000000E+0	2.852620E+5
6.160000E-3	0.000000E+0	2.852320E+5
6.180000E-3	0.000000E+0	2.858810E+5
6.200000E-3	0.000000E+0	2.850880E+5
6.220000E-3	0.000000E+0	2.858580E+5
6.240000E-3	0.000000E+0	2.849030E+5
6.260000E-3	0.000000E+0	2.852140E+5
6.280000E-3	0.000000E+0	2.864670E+5
6.300000E-3	0.000000E+0	2.855840E+5
6.320000E-3	0.000000E+0	2.854690E+5
6.340000E-3	0.000000E+0	2.857510E+5
6.360000E-3	0.000000E+0	2.848810E+5
6.380000E-3	0.000000E+0	2.861100E+5
6.400000E-3	0.000000E+0	2.851160E+5
6.420000E-3	0.000000E+0	2.852920E+5
6.440000E-3	0.000000E+0	2.867420E+5
6.460000E-3	0.000000E+0	2.853380E+5
6.480000E-3	0.000000E+0	2.855140E+5
6.500000E-3	0.000000E+0	2.856420E+5
6.520000E-3	0.000000E+0	2.864380E+5
6.540000E-3	0.000000E+0	2.850770E+5
6.560000E-3	0.000000E+0	2.861950E+5
6.580000E-3	0.000000E+0	2.855210E+5
6.600000E-3	0.000000E+0	2.860380E+5
6.620000E-3	0.000000E+0	2.855030E+5
6.640000E-3	0.000000E+0	2.851860E+5
6.660000E-3	0.000000E+0	2.848940E+5
6.680000E-3	0.000000E+0	2.852450E+5
6.700000E-3	0.000000E+0	2.862530E+5
6.720000E-3	0.000000E+0	2.857520E+5
6.740000E-3	0.000000E+0	2.857270E+5
6.760000E-3	0.000000E+0	2.861220E+5
6.780000E-3	0.000000E+0	2.850070E+5
6.800000E-3	0.000000E+0	2.862350E+5
6.820000E-3	0.000000E+0	2.856200E+5
6.840000E-3	0.000000E+0	2.855360E+5
6.860000E-3	0.000000E+0	2.857910E+5
6.880000E-3	0.000000E+0	2.857550E+5
6.900000E-3	0.000000E+0	2.849100E+5
6.920000E-3	0.000000E+0	2.858120E+5
6.940000E-3	0.000000E+0	2.853460E+5
6.960000E-3	0.000000E+0	2.843350E+5
6.980000E-3	0.000000E+0	2.854920E+5
7.000000E-3	0.000000E+0	2.849590E+5
7.020000E-3	0.000000E+0	2.855980E+5
7.040000E-3	0.000000E+0	2.856830E+5
7.060000E-3	0.000000E+0	2.855980E+5
7.080000E-3	0.000000E+0	2.858170E+5
7.100000E-3	0.000000E+0	2.854260E+5
7.120000E-3	0.000000E+0	2.855300E+5
7.140000E-3	0.000000E+0	2.858180E+5
7.160000E-3	0.000000E+0	2.862740E+5
7.180000E-3	0.000000E+0	2.849430E+5
7.200000E-3	0.000000E+0	2.860840E+5
7.220000E-3	0.000000E+0	2.862230E+5
7.240000E-3	0.000000E+0	2.859990E+5
7.260000E-3	0.000000E+0	2.854870E+5
7.280000E-3	0.000000E+0	2.851950E+5
7.300000E-3	0.000000E+0	2.852400E+5
7.320000E-3	0.000000E+0	2.863740E+5
7.340000E-3	0.000000E+0	2.862780E+5
7.360000E-3	0.000000E+0	2.853280E+5
7.380000E-3	0.000000E+0	2.861930E+5
7.400000E-3	0.000000E+0	2.853040E+5
7.420000E-3	0.000000E+0	2.855120E+5
7.440000E-3	0.000000E+0	2.854520E+5
7.460000E-3	0.000000E+0	2.861970E+5
7.480000E-3	0.000000E+0	2.854700E+5
7.500000E-3	0.000000E+0	2.860800E+5
7.520000E-3	0.000000E+0	2.864700E+5
7.540000E-3	0.000000E+0	2.860170E+5
7.560000E-3	0.000000E+0	2.863680E+5
7.580000E-3	0.000000E+0	2.855670E+5
7.600000E-3	0.000000E+0	2.855790E+5
7.620000E-3	0.000000E+0	2.862270E+5
7.640000E-3	0.000000E+0	2.867830E+5
7.660000E-3	0.000000E+0	2.854860E+5
7.680000E-3	0.000000E+0	2.850470E+5
7.700000E-3	0.000000E+0	2.852200E+5
7.720000E-3	0.000000E+0	2.856640E+5
7.740000E-3	0.000000E+0	2.852850E+5
7.760000E-3	0.000000E+0	2.847300E+5
7.780000E-3	0.000000E+0	2.866820E+5
7.800000E-3	0.000000E+0	2.859380E+5
7.820000E-3	0.000000E+0	2.859660E+5
7.840000E-3	0.000000E+0	2.865600E+5
7.860000E-3	0.000000E+0	2.855700E+5
7.880000E-3	0.000000E+0	2.860140E+5
7.900000E-3	0.000000E+0	2.857260E+5
7.920000E-3	0.000000E+0	2.850690E+5
7.940000E-3	0.000000E+0	2.865470E+5
7.960000E-3	0.000000E+0	2.863570E+5
7.980000E-3	0.000000E+0	2.865860E+5
8.000000E-3	0.000000E+0	2.862990E+5
8.020000E-3	0.000000E+0	2.861200E+5
8.040000E-3	0.000000E+0	2.845920E+5
8.060000E-3	0.000000E+0	2.860590E+5
8.080000E-3	0.000000E+0	2.854970E+5
8.100000E-3	0.000000E+0	2.856850E+5
8.120000E-3	0.000000E+0	2.860090E+5
8.140000E-3	0.000000E+0	2.853110E+5
8.160000E-3	0.000000E+0	2.857360E+5
8.180000E-3	0.000000E+0	2.854810E+5
8.200000E-3	0.000000E+0	2.857710E+5
8.220000E-3	0.000000E+0	2.853760E+5
8.240000E-3	0.000000E+0	2.856890E+5
8.260000E-3	0.000000E+0	2.872620E+5
8.280000E-3	0.000000E+0	2.852500E+5
8.300000E-3	0.000000E+0	2.856390E+5
8.320000E-3	0.000000E+0	2.857580E+5
8.340000E-3	0.000000E+0	2.858560E+5
8.360000E-3	0.000000E+0	2.854590E+5
8.380000E-3	0.000000E+0	2.840530E+5
8.400000E-3	0.000000E+0	2.854160E+5
8.420000E-3	0.000000E+0	2.859100E+5
8.440000E-3	0.000000E+0	2.860440E+5
8.460000E-3	0.000000E+0	2.862060E+5
8.480000E-3	0.000000E+0	2.869410E+5
8.500000E-3	0.000000E+0	2.847230E+5
8.520000E-3	0.000000E+0	2.858650E+5
8.540000E-3	0.000000E+0	2.858470E+5
8.560000E-3	0.000000E+0	2.861300E+5
8.580000E-3	0.000000E+0	2.870600E+5
8.600000E-3	0.000000E+0	2.847610E+5
8.620000E-3	0.000000E+0	2.863990E+5
8.640000E-3	0.000000E+0	2.854100E+5
8.660000E-3	0.000000E+0	2.852440E+5
8.680000E-3	0.000000E+0	2.860550E+5
8.700000E-3	0.000000E+0	2.848720E+5
8.720000E-3	0.000000E+0	2.856980E+5
8.740000E-3	0.000000E+0	2.851390E+5
8.760000E-3	0.000000E+0	2.856810E+5
8.780000E-3	0.000000E+0	2.860730E+5
8.800000E-3	0.000000E+0	2.866320E+5
8.820000E-3	0.000000E+0	2.861670E+5
8.840000E-3	0.000000E+0	2.853140E+5
8.860000E-3	0.000000E+0	2.869500E+5
8.880000E-3	0.000000E+0	2.853990E+5
8.900000E-3	0.000000E+0	2.859830E+5
8.920000E-3	0.000000E+0	2.848320E+5
8.940000E-3	0.000000E+0	2.851810E+5
8.960000E-3	0.000000E+0	2.863900E+5
8.980000E-3	0.000000E+0	2.854290E+5
9.000000E-3	0.000000E+0	2.853100E+5
9.020000E-3	0.000000E+0	2.848520E+5
9.040000E-3	0.000000E+0	2.855280E+5
9.060000E-3	0.000000E+0	2.871460E+5
9.080000E-3	0.000000E+0	2.861530E+5
9.100000E-3	0.000000E+0	2.865970E+5
9.120000E-3	0.000000E+0	2.853450E+5
9.140000E-3	0.000000E+0	2.858750E+5
9.160000E-3	0.000000E+0	2.865890E+5
9.180000E-3	0.000000E+0	2.852650E+5
9.200000E-3	0.000000E+0	2.855250E+5
9.220000E-3	0.000000E+0	2.859730E+5
9.240000E-3	0.000000E+0	2.864920E+5
9.260000E-3	0.000000E+0	2.861190E+5
9.280000E-3	0.000000E+0	2.867710E+5
9.300000E-3	0.000000E+0	2.861290E+5
9.320000E-3	0.000000E+0	2.853480E+5
9.340000E-3	0.000000E+0	2.860220E+5
9.360000E-3	0.000000E+0	2.852450E+5
9.380000E-3	0.000000E+0	2.862230E+5
9.400000E-3	0.000000E+0	2.865160E+5
9.420000E-3	0.000000E+0	2.866250E+5
9.440000E-3	0.000000E+0	2.856710E+5
9.460000E-3	0.000000E+0	2.867680E+5
9.480000E-3	0.000000E+0	2.853130E+5
9.500000E-3	0.000000E+0	2.848180E+5
9.520000E-3	0.000000E+0	2.861190E+5
9.540000E-3	0.000000E+0	2.846510E+5
9.560000E-3	0.000000E+0	2.851850E+5
9.580000E-3	0.000000E+0	2.857510E+5
9.600000E-3	0.000000E+0	2.862080E+5
9.620000E-3	0.000000E+0	2.851370E+5
9.640000E-3	0.000000E+0	2.857990E+5
9.660000E-3	0.000000E+0	2.861590E+5
9.680000E-3	0.000000E+0	2.845340E+5
9.700000E-3	0.000000E+0	2.858240E+5
9.720000E-3	0.000000E+0	2.859480E+5
9.740000E-3	0.000000E+0	2.859420E+5
9.760000E-3	0.000000E+0	2.853190E+5
9.780000E-3	0.000000E+0	2.860030E+5
9.800000E-3	0.000000E+0	2.858410E+5
9.820000E-3	0.000000E+0	2.862980E+5
9.840000E-3	0.000000E+0	2.856670E+5
9.860000E-3	0.000000E+0	2.858530E+5
9.880000E-3	0.000000E+0	2.866040E+5
9.900000E-3	0.000000E+0	2.864090E+5
9.920000E-3	0.000000E+0	2.850760E+5
9.940000E-3	0.000000E+0	2.851100E+5
9.960000E-3	0.000000E+0	2.855330E+5
9.980000E-3	0.000000E+0	2.868420E+5
1.000000E-2	0.000000E+0	2.854170E+5
1.002000E-2	0.000000E+0	2.858880E+5
1.004000E-2	0.000000E+0	2.863600E+5
1.006000E-2	0.000000E+0	2.865980E+5
1.008000E-2	0.000000E+0	2.855180E+5
1.010000E-2	0.000000E+0	2.854120E+5
1.012000E-2	0.000000E+0	2.865580E+5
1.014000E-2	0.000000E+0	2.872980E+5
1.016000E-2	0.000000E+0	2.859070E+5
1.018000E-2	0.000000E+0	2.858030E+5
1.020000E-2	0.000000E+0	2.863150E+5
1.022000E-2	0.000000E+0	2.865030E+5
1.024000E-2	0.000000E+0	2.851890E+5
1.026000E-2	0.000000E+0	2.871220E+5
1.028000E-2	0.000000E+0	2.856010E+5
1.030000E-2	0.000000E+0	2.859950E+5
1.032000E-2	0.000000E+0	2.856220E+5
1.034000E-2	0.000000E+0	2.860700E+5
1.036000E-2	0.000000E+0	2.854190E+5
1.038000E-2	0.000000E+0	2.863400E+5
1.040000E-2	0.000000E+0	2.857970E+5
1.042000E-2	0.000000E+0	2.858070E+5
1.044000E-2	0.000000E+0	2.854580E+5
1.046000E-2	0.000000E+0	2.863140E+5
1.048000E-2	0.000000E+0	2.860860E+5
1.050000E-2	0.000000E+0	2.857790E+5
1.052000E-2	0.000000E+0	2.861690E+5
1.054000E-2	0.000000E+0	2.867000E+5
1.056000E-2	0.000000E+0	2.859090E+5
1.058000E-2	0.000000E+0	2.864990E+5
1.060000E-2	0.000000E+0	2.855980E+5
1.062000E-2	0.000000E+0	2.857470E+5
1.064000E-2	0.000000E+0	2.858180E+5
1.066000E-2	0.000000E+0	2.859810E+5
1.068000E-2	0.000000E+0	2.866970E+5
1.070000E-2	0.000000E+0	2.857060E+5
1.072000E-2	0.000000E+0	2.858560E+5
1.074000E-2	0.000000E+0	2.863490E+5
1.076000E-2	0.000000E+0	2.872040E+5
1.078000E-2	0.000000E+0	2.863930E+5
1.080000E-2	0.000000E+0	2.865180E+5
1.082000E-2	0.000000E+0	2.872140E+5
1.084000E-2	0.000000E+0	2.859310E+5
1.086000E-2	0.000000E+0	2.860700E+5
1.088000E-2	0.000000E+0	2.858870E+5
1.090000E-2	0.000000E+0	2.861620E+5
1.092000E-2	0.000000E+0	2.859710E+5
1.094000E-2	0.000000E+0	2.854090E+5
1.096000E-2	0.000000E+0	2.855600E+5
1.098000E-2	0.000000E+0	2.864620E+5
1.100000E-2	0.000000E+0	2.862620E+5
1.102000E-2	0.000000E+0	2.852800E+5
1.104000E-2	0.000000E+0	2.865740E+5
1.106000E-2	0.000000E+0	2.858350E+5
1.108000E-2	0.000000E+0	2.860600E+5
1.110000E-2	0.000000E+0	2.853790E+5
1.112000E-2	0.000000E+0	2.864550E+5
1.114000E-2	0.000000E+0	2.862010E+5
1.116000E-2	0.000000E+0	2.843190E+5
1.118000E-2	0.000000E+0	2.864150E+5
1.120000E-2	0.000000E+0	2.857300E+5
1.122000E-2	0.000000E+0	2.870890E+5
1.124000E-2	0.000000E+0	2.863910E+5
1.126000E-2	0.000000E+0	2.850070E+5
1.128000E-2	0.000000E+0	2.853070E+5
1.130000E-2	0.000000E+0	2.851140E+5
1.132000E-2	0.000000E+0	2.865610E+5
1.134000E-2	0.000000E+0	2.854950E+5
1.136000E-2	0.000000E+0	2.873800E+5
1.138000E-2	0.000000E+0	2.858820E+5
1.140000E-2	0.000000E+0	2.871250E+5
1.142000E-2	0.000000E+0	2.857260E+5
1.144000E-2	0.000000E+0	2.862050E+5
1.146000E-2	0.000000E+0	2.860870E+5
1.148000E-2	0.000000E+0	2.862730E+5
1.150000E-2	0.000000E+0	2.860010E+5
1.152000E-2	0.000000E+0	2.855940E+5
1.154000E-2	0.000000E+0	2.854980E+5
1.156000E-2	0.000000E+0	2.860900E+5
1.158000E-2	0.000000E+0	2.855010E+5
1.160000E-2	0.000000E+0	2.856960E+5
1.162000E-2	0.000000E+0	2.858860E+5
1.164000E-2	0.000000E+0	2.869950E+5
1.166000E-2	0.000000E+0	2.870460E+5
1.168000E-2	0.000000E+0	2.870050E+5
1.170000E-2	0.000000E+0	2.867810E+5
1.172000E-2	0.000000E+0	2.863310E+5
1.174000E-2	0.000000E+0	2.859870E+5
1.176000E-2	0.000000E+0	2.861610E+5
1.178000E-2	0.000000E+0	2.853100E+5
1.180000E-2	0.000000E+0	2.860140E+5
1.182000E-2	0.000000E+0	2.861430E+5
1.184000E-2	0.000000E+0	2.857040E+5
1.186000E-2	0.000000E+0	2.855270E+5
1.188000E-2	0.000000E+0	2.853660E+5
1.190000E-2	0.000000E+0	2.853410E+5
1.192000E-2	0.000000E+0	2.855360E+5
1.194000E-2	0.000000E+0	2.869850E+5
1.196000E-2	0.000000E+0	2.855900E+5
1.198000E-2	0.000000E+0	2.862130E+5
1.200000E-2	0.000000E+0	2.855850E+5
1.202000E-2	0.000000E+0	2.866070E+5
1.204000E-2	0.000000E+0	2.859540E+5
1.206000E-2	0.000000E+0	2.861160E+5
1.208000E-2	0.000000E+0	2.865840E+5
1.210000E-2	0.000000E+0	2.861840E+5
1.212000E-2	0.000000E+0	2.864220E+5
1.214000E-2	0.000000E+0	2.853560E+5
1.216000E-2	0.000000E+0	2.855000E+5
1.218000E-2	0.000000E+0	2.865010E+5
1.220000E-2	0.000000E+0	2.847720E+5
1.222000E-2	0.000000E+0	2.860240E+5
1.224000E-2	0.000000E+0	2.861970E+5
1.226000E-2	0.000000E+0	2.858000E+5
1.228000E-2	0.000000E+0	2.865240E+5
1.230000E-2	0.000000E+0	2.866040E+5
1.232000E-2	0.000000E+0	2.859310E+5
1.234000E-2	0.000000E+0	2.862240E+5
1.236000E-2	0.000000E+0	2.860320E+5
1.238000E-2	0.000000E+0	2.862510E+5
1.240000E-2	0.000000E+0	2.866930E+5
1.242000E-2	0.000000E+0	2.863100E+5
1.244000E-2	0.000000E+0	2.864420E+5
1.246000E-2	0.000000E+0	2.855490E+5
1.248000E-2	0.000000E+0	2.861590E+5
1.250000E-2	0.000000E+0	2.856690E+5
1.252000E-2	0.000000E+0	2.866320E+5
1.254000E-2	0.000000E+0	2.861580E+5
1.256000E-2	0.000000E+0	2.856310E+5
1.258000E-2	0.000000E+0	2.867650E+5
1.260000E-2	0.000000E+0	2.868950E+5
1.262000E-2	0.000000E+0	2.851890E+5
1.264000E-2	0.000000E+0	2.852030E+5
1.266000E-2	0.000000E+0	2.864710E+5
1.268000E-2	0.000000E+0	2.866410E+5
1.270000E-2	0.000000E+0	2.862420E+5
1.272000E-2	0.000000E+0	2.863780E+5
1.274000E-2	0.000000E+0	2.860580E+5
1.276000E-2	0.000000E+0	2.866450E+5
1.278000E-2	0.000000E+0	2.855680E+5
1.280000E-2	0.000000E+0	2.856380E+5
1.282000E-2	0.000000E+0	2.857210E+5
1.284000E-2	0.000000E+0	2.860330E+5
1.286000E-2	0.000000E+0	2.867730E+5
1.288000E-2	0.000000E+0	2.863840E+5
1.290000E-2	0.000000E+0	2.861390E+5
1.292000E-2	0.000000E+0	2.863590E+5
1.294000E-2	0.000000E+0	2.850550E+5
1.296000E-2	0.000000E+0	2.860650E+5
1.298000E-2	0.000000E+0	2.859560E+5
1.300000E-2	0.000000E+0	2.862670E+5
1.302000E-2	0.000000E+0	2.863870E+5
1.304000E-2	0.000000E+0	2.859790E+5
1.306000E-2	0.000000E+0	2.860680E+5
1.308000E-2	0.000000E+0	2.866070E+5
1.310000E-2	0.000000E+0	2.864690E+5
1.312000E-2	0.000000E+0	2.864240E+5
1.314000E-2	0.000000E+0	2.867420E+5
1.316000E-2	0.000000E+0	2.861860E+5
1.318000E-2	0.000000E+0	2.854900E+5
1.320000E-2	0.000000E+0	2.863650E+5
1.322000E-2	0.000000E+0	2.865360E+5
1.324000E-2	0.000000E+0	2.857840E+5
1.326000E-2	0.000000E+0	2.872270E+5
1.328000E-2	0.000000E+0	2.863130E+5
1.330000E-2	0.000000E+0	2.856100E+5
1.332000E-2	0.000000E+0	2.858710E+5
1.334000E-2	0.000000E+0	2.860270E+5
1.336000E-2	0.000000E+0	2.861320E+5
1.338000E-2	0.000000E+0	2.860770E+5
1.340000E-2	0.000000E+0	2.852050E+5
1.342000E-2	0.000000E+0	2.856700E+5
1.344000E-2	0.000000E+0	2.856280E+5
1.346000E-2	0.000000E+0	2.847270E+5
1.348000E-2	0.000000E+0	2.867720E+5
1.350000E-2	0.000000E+0	2.859290E+5
1.352000E-2	0.000000E+0	2.870020E+5
1.354000E-2	0.000000E+0	2.865720E+5
1.356000E-2	0.000000E+0	2.865300E+5
1.358000E-2	0.000000E+0	2.861880E+5
1.360000E-2	0.000000E+0	2.858020E+5
1.362000E-2	0.000000E+0	2.864970E+5
1.364000E-2	0.000000E+0	2.855990E+5
1.366000E-2	0.000000E+0	2.857470E+5
1.368000E-2	0.000000E+0	2.863990E+5
1.370000E-2	0.000000E+0	2.863690E+5
1.372000E-2	0.000000E+0	2.857220E+5
1.374000E-2	0.000000E+0	2.854500E+5
1.376000E-2	0.000000E+0	2.852020E+5
1.378000E-2	0.000000E+0	2.851920E+5
1.380000E-2	0.000000E+0	2.857770E+5
1.382000E-2	0.000000E+0	2.851080E+5
1.384000E-2	0.000000E+0	2.855790E+5
1.386000E-2	0.000000E+0	2.853000E+5
1.388000E-2	0.000000E+0	2.857510E+5
1.390000E-2	0.000000E+0	2.862450E+5
1.392000E-2	0.000000E+0	2.869690E+5
1.394000E-2	0.000000E+0	2.865440E+5
1.396000E-2	0.000000E+0	2.860750E+5
1.398000E-2	0.000000E+0	2.862900E+5
1.400000E-2	0.000000E+0	2.872420E+5
1.402000E-2	0.000000E+0	2.852590E+5
1.404000E-2	0.000000E+0	2.871560E+5
1.406000E-2	0.000000E+0	2.861100E+5
1.408000E-2	0.000000E+0	2.856320E+5
1.410000E-2	0.000000E+0	2.857120E+5
1.412000E-2	0.000000E+0	2.861440E+5
1.414000E-2	0.000000E+0	2.857960E+5
1.416000E-2	0.000000E+0	2.856180E+5
1.418000E-2	0.000000E+0	2.858700E+5
1.420000E-2	0.000000E+0	2.859890E+5
1.422000E-2	0.000000E+0	2.860650E+5
1.424000E-2	0.000000E+0	2.846770E+5
1.426000E-2	0.000000E+0	2.848700E+5
1.428000E-2	0.000000E+0	2.858450E+5
1.430000E-2	0.000000E+0	2.857600E+5
1.432000E-2	0.000000E+0	2.865070E+5
1.434000E-2	0.000000E+0	2.853440E+5
1.436000E-2	0.000000E+0	2.860470E+5
1.438000E-2	0.000000E+0	2.857190E+5
1.440000E-2	0.000000E+0	2.867870E+5
1.442000E-2	0.000000E+0	2.858830E+5
1.444000E-2	0.000000E+0	2.851530E+5
1.446000E-2	0.000000E+0	2.861130E+5
1.448000E-2	0.000000E+0	2.862090E+5
1.450000E-2	0.000000E+0	2.852310E+5
1.452000E-2	0.000000E+0	2.860060E+5
1.454000E-2	0.000000E+0	2.858970E+5
1.456000E-2	0.000000E+0	2.864320E+5
1.458000E-2	0.000000E+0	2.850960E+5
1.460000E-2	0.000000E+0	2.865490E+5
1.462000E-2	0.000000E+0	2.850850E+5
1.464000E-2	0.000000E+0	2.864550E+5
1.466000E-2	0.000000E+0	2.860420E+5
1.468000E-2	0.000000E+0	2.867480E+5
1.470000E-2	0.000000E+0	2.854070E+5
1.472000E-2	0.000000E+0	2.857200E+5
1.474000E-2	0.000000E+0	2.855120E+5
1.476000E-2	0.000000E+0	2.867500E+5
1.478000E-2	0.000000E+0	2.867310E+5
1.480000E-2	0.000000E+0	2.855190E+5
1.482000E-2	0.000000E+0	2.852940E+5
1.484000E-2	0.000000E+0	2.863850E+5
1.486000E-2	0.000000E+0	2.857860E+5
1.488000E-2	0.000000E+0	2.857370E+5
1.490000E-2	0.000000E+0	2.852500E+5
1.492000E-2	0.000000E+0	2.850720E+5
1.494000E-2	0.000000E+0	2.831720E+5
1.496000E-2	0.000000E+0	2.828960E+5
1.498000E-2	0.000000E+0	2.825600E+5
1.500000E-2	0.000000E+0	2.820480E+5
1.502000E-2	0.000000E+0	2.814790E+5
1.504000E-2	0.000000E+0	2.810780E+5
1.506000E-2	0.000000E+0	2.814850E+5
1.508000E-2	0.000000E+0	2.804610E+5
1.510000E-2	0.000000E+0	2.792010E+5
1.512000E-2	0.000000E+0	2.780410E+5
1.514000E-2	0.000000E+0	2.780270E+5
1.516000E-2	0.000000E+0	2.781320E+5
1.518000E-2	0.000000E+0	2.787190E+5
1.520000E-2	0.000000E+0	2.798100E+5
1.522000E-2	0.000000E+0	2.804660E+5
1.524000E-2	0.000000E+0	2.826510E+5
1.526000E-2	0.000000E+0	2.829100E+5
1.528000E-2	0.000000E+0	2.844540E+5
1.530000E-2	0.000000E+0	2.837500E+5
1.532000E-2	0.000000E+0	2.844140E+5
1.534000E-2	0.000000E+0	2.846010E+5
1.536000E-2	0.000000E+0	2.848510E+5
1.538000E-2	0.000000E+0	2.857630E+5
1.540000E-2	0.000000E+0	2.854650E+5
1.542000E-2	0.000000E+0	2.858080E+5
1.544000E-2	0.000000E+0	2.849620E+5
1.546000E-2	0.000000E+0	2.852330E+5
1.548000E-2	0.000000E+0	2.852390E+5
1.550000E-2	0.000000E+0	2.844390E+5
1.552000E-2	0.000000E+0	2.857930E+5
1.554000E-2	0.000000E+0	2.852580E+5
1.556000E-2	0.000000E+0	2.839540E+5
1.558000E-2	0.000000E+0	2.831810E+5
1.560000E-2	0.000000E+0	2.834520E+5
1.562000E-2	0.000000E+0	2.823140E+5
1.564000E-2	0.000000E+0	2.816690E+5
1.566000E-2	0.000000E+0	2.808040E+5
1.568000E-2	0.000000E+0	2.804070E+5
1.570000E-2	0.000000E+0	2.805030E+5
1.572000E-2	0.000000E+0	2.798130E+5
1.574000E-2	0.000000E+0	2.793910E+5
1.576000E-2	0.000000E+0	2.791460E+5
1.578000E-2	0.000000E+0	2.765810E+5
1.580000E-2	0.000000E+0	2.781120E+5
1.582000E-2	0.000000E+0	2.786740E+5
1.584000E-2	0.000000E+0	2.792990E+5
1.586000E-2	0.000000E+0	2.803570E+5
1.588000E-2	0.000000E+0	2.817360E+5
1.590000E-2	0.000000E+0	2.820440E+5
1.592000E-2	0.000000E+0	2.835900E+5
1.594000E-2	0.000000E+0	2.832660E+5
1.596000E-2	0.000000E+0	2.840090E+5
1.598000E-2	0.000000E+0	2.854220E+5
1.600000E-2	0.000000E+0	2.861740E+5
1.602000E-2	0.000000E+0	2.855770E+5
1.604000E-2	0.000000E+0	2.850130E+5
1.606000E-2	0.000000E+0	2.849840E+5
1.608000E-2	0.000000E+0	2.854930E+5
1.610000E-2	0.000000E+0	2.855610E+5
1.612000E-2	0.000000E+0	2.857510E+5
1.614000E-2	0.000000E+0	2.860250E+5
1.616000E-2	0.000000E+0	2.862420E+5
1.618000E-2	0.000000E+0	2.857870E+5
1.620000E-2	0.000000E+0	2.857770E+5
1.622000E-2	0.000000E+0	2.859210E+5
1.624000E-2	0.000000E+0	2.852600E+5
1.626000E-2	0.000000E+0	2.864350E+5
1.628000E-2	0.000000E+0	2.868870E+5
1.630000E-2	0.000000E+0	2.858850E+5
1.632000E-2	0.000000E+0	2.860570E+5
1.634000E-2	0.000000E+0	2.863260E+5
1.636000E-2	0.000000E+0	2.868730E+5
1.638000E-2	0.000000E+0	2.857520E+5
1.640000E-2	0.000000E+0	2.857140E+5
1.642000E-2	0.000000E+0	2.858580E+5
1.644000E-2	0.000000E+0	2.856290E+5
1.646000E-2	0.000000E+0	2.860470E+5
1.648000E-2	0.000000E+0	2.848650E+5
1.650000E-2	0.000000E+0	2.860090E+5
1.652000E-2	0.000000E+0	2.864750E+5
1.654000E-2	0.000000E+0	2.861690E+5
1.656000E-2	0.000000E+0	2.856740E+5
1.658000E-2	0.000000E+0	2.859540E+5
1.660000E-2	0.000000E+0	2.865200E+5
1.662000E-2	0.000000E+0	2.859830E+5
1.664000E-2	0.000000E+0	2.858470E+5
1.666000E-2	0.000000E+0	2.859380E+5
1.668000E-2	0.000000E+0	2.851000E+5
1.670000E-2	0.000000E+0	2.857610E+5
1.672000E-2	0.000000E+0	2.867020E+5
1.674000E-2	0.000000E+0	2.854270E+5
1.676000E-2	0.000000E+0	2.857020E+5
1.678000E-2	0.000000E+0	2.854320E+5
1.680000E-2	0.000000E+0	2.862570E+5
1.682000E-2	0.000000E+0	2.855600E+5
1.684000E-2	0.000000E+0	2.860590E+5
1.686000E-2	0.000000E+0	2.865910E+5
1.688000E-2	0.000000E+0	2.856840E+5
1.690000E-2	0.000000E+0	2.859660E+5
1.692000E-2	0.000000E+0	2.857530E+5
1.694000E-2	0.000000E+0	2.857370E+5
1.696000E-2	0.000000E+0	2.849590E+5
1.698000E-2	0.000000E+0	2.855330E+5
1.700000E-2	0.000000E+0	2.856360E+5
1.702000E-2	0.000000E+0	2.860940E+5
1.704000E-2	0.000000E+0	2.867100E+5
1.706000E-2	0.000000E+0	2.871570E+5
1.708000E-2	0.000000E+0	2.857830E+5
1.710000E-2	0.000000E+0	2.858480E+5
1.712000E-2	0.000000E+0	2.857430E+5
1.714000E-2	0.000000E+0	2.859020E+5
1.716000E-2	0.000000E+0	2.859840E+5
1.718000E-2	0.000000E+0	2.855790E+5
1.720000E-2	0.000000E+0	2.865970E+5
1.722000E-2	0.000000E+0	2.865840E+5
1.724000E-2	0.000000E+0	2.850240E+5
1.726000E-2	0.000000E+0	2.857120E+5
1.728000E-2	0.000000E+0	2.858570E+5
1.730000E-2	0.000000E+0	2.857520E+5
1.732000E-2	0.000000E+0	2.853950E+5
1.734000E-2	0.000000E+0	2.853010E+5
1.736000E-2	0.000000E+0	2.869920E+5
1.738000E-2	0.000000E+0	2.866660E+5
1.740000E-2	0.000000E+0	2.857740E+5
1.742000E-2	0.000000E+0	2.845480E+5
1.744000E-2	0.000000E+0	2.859450E+5
1.746000E-2	0.000000E+0	2.857370E+5
1.748000E-2	0.000000E+0	2.860410E+5
1.750000E-2	0.000000E+0	2.859700E+5
1.752000E-2	0.000000E+0	2.862320E+5
1.754000E-2	0.000000E+0	2.847900E+5
1.756000E-2	0.000000E+0	2.855800E+5
1.758000E-2	0.000000E+0	2.865080E+5
1.760000E-2	0.000000E+0	2.860390E+5
1.762000E-2	0.000000E+0	2.862150E+5
1.764000E-2	0.000000E+0	2.865100E+5
1.766000E-2	0.000000E+0	2.860700E+5
1.768000E-2	0.000000E+0	2.865100E+5
1.770000E-2	0.000000E+0	2.857990E+5
1.772000E-2	0.000000E+0	2.870730E+5
1.774000E-2	0.000000E+0	2.857570E+5
1.776000E-2	0.000000E+0	2.854360E+5
1.778000E-2	0.000000E+0	2.866030E+5
1.780000E-2	0.000000E+0	2.856020E+5
1.782000E-2	0.000000E+0	2.861340E+5
1.784000E-2	0.000000E+0	2.856550E+5
1.786000E-2	0.000000E+0	2.859650E+5
1.788000E-2	0.000000E+0	2.857900E+5
1.790000E-2	0.000000E+0	2.861390E+5
1.792000E-2	0.000000E+0	2.851780E+5
1.794000E-2	0.000000E+0	2.861780E+5
1.796000E-2	0.000000E+0	2.860800E+5
1.798000E-2	0.000000E+0	2.864730E+5
1.800000E-2	0.000000E+0	2.852110E+5
1.802000E-2	0.000000E+0	2.858000E+5
1.804000E-2	0.000000E+0	2.855480E+5
1.806000E-2	0.000000E+0	2.860260E+5
1.808000E-2	0.000000E+0	2.854170E+5
1.810000E-2	0.000000E+0	2.867410E+5
1.812000E-2	0.000000E+0	2.867270E+5
1.814000E-2	0.000000E+0	2.864000E+5
1.816000E-2	0.000000E+0	2.866020E+5
1.818000E-2	0.000000E+0	2.853510E+5
1.820000E-2	0.000000E+0	2.869240E+5
1.822000E-2	0.000000E+0	2.852930E+5
1.824000E-2	0.000000E+0	2.863220E+5
1.826000E-2	0.000000E+0	2.863260E+5
1.828000E-2	0.000000E+0	2.857310E+5
1.830000E-2	0.000000E+0	2.857240E+5
1.832000E-2	0.000000E+0	2.859770E+5
1.834000E-2	0.000000E+0	2.850380E+5
1.836000E-2	0.000000E+0	2.864990E+5
1.838000E-2	0.000000E+0	2.858390E+5
1.840000E-2	0.000000E+0	2.856580E+5
1.842000E-2	0.000000E+0	2.859210E+5
1.844000E-2	0.000000E+0	2.855940E+5
1.846000E-2	0.000000E+0	2.851050E+5
1.848000E-2	0.000000E+0	2.863520E+5
1.850000E-2	0.000000E+0	2.863560E+5
1.852000E-2	0.000000E+0	2.868840E+5
1.854000E-2	0.000000E+0	2.868030E+5
1.856000E-2	0.000000E+0	2.853990E+5
1.858000E-2	0.000000E+0	2.860740E+5
1.860000E-2	0.000000E+0	2.866580E+5
1.862000E-2	0.000000E+0	2.859210E+5
1.864000E-2	0.000000E+0	2.852040E+5
1.866000E-2	0.000000E+0	2.857540E+5
1.868000E-2	0.000000E+0	2.853170E+5
1.870000E-2	0.000000E+0	2.856170E+5
1.872000E-2	0.000000E+0	2.866550E+5
1.874000E-2	0.000000E+0	2.851650E+5
1.876000E-2	0.000000E+0	2.858740E+5
1.878000E-2	0.000000E+0	2.860210E+5
1.880000E-2	0.000000E+0	2.858080E+5
1.882000E-2	0.000000E+0	2.855730E+5
1.884000E-2	0.000000E+0	2.859730E+5
1.886000E-2	0.000000E+0	2.858490E+5
1.888000E-2	0.000000E+0	2.855460E+5
1.890000E-2	0.000000E+0	2.856010E+5
1.892000E-2	0.000000E+0	2.871230E+5
1.894000E-2	0.000000E+0	2.861520E+5
1.896000E-2	0.000000E+0	2.863060E+5
1.898000E-2	0.000000E+0	2.858610E+5
1.900000E-2	0.000000E+0	2.858500E+5
1.902000E-2	0.000000E+0	2.850190E+5
1.904000E-2	0.000000E+0	2.864030E+5
1.906000E-2	0.000000E+0	2.865140E+5
1.908000E-2	0.000000E+0	2.859070E+5
1.910000E-2	0.000000E+0	2.851530E+5
1.912000E-2	0.000000E+0	2.861380E+5
1.914000E-2	0.000000E+0	2.859580E+5
1.916000E-2	0.000000E+0	2.852890E+5
1.918000E-2	0.000000E+0	2.858360E+5
1.920000E-2	0.000000E+0	2.862500E+5
1.922000E-2	0.000000E+0	2.857340E+5
1.924000E-2	0.000000E+0	2.860060E+5
1.926000E-2	0.000000E+0	2.861100E+5
1.928000E-2	0.000000E+0	2.864880E+5
1.930000E-2	0.000000E+0	2.861180E+5
1.932000E-2	0.000000E+0	2.855740E+5
1.934000E-2	0.000000E+0	2.855890E+5
1.936000E-2	0.000000E+0	2.853830E+5
1.938000E-2	0.000000E+0	2.864750E+5
1.940000E-2	0.000000E+0	2.854570E+5
1.942000E-2	0.000000E+0	2.873190E+5
1.944000E-2	0.000000E+0	2.866700E+5
1.946000E-2	0.000000E+0	2.854830E+5
1.948000E-2	0.000000E+0	2.862170E+5
1.950000E-2	0.000000E+0	2.855750E+5
1.952000E-2	0.000000E+0	2.864750E+5
1.954000E-2	0.000000E+0	2.857970E+5
1.956000E-2	0.000000E+0	2.863440E+5
1.958000E-2	0.000000E+0	2.864260E+5
1.960000E-2	0.000000E+0	2.861730E+5
1.962000E-2	0.000000E+0	2.860010E+5
1.964000E-2	0.000000E+0	2.865660E+5
1.966000E-2	0.000000E+0	2.860820E+5
1.968000E-2	0.000000E+0	2.862630E+5
1.970000E-2	0.000000E+0	2.860170E+5
1.972000E-2	0.000000E+0	2.861610E+5
1.974000E-2	0.000000E+0	2.857980E+5
1.976000E-2	0.000000E+0	2.847880E+5
1.978000E-2	0.000000E+0	2.854880E+5
1.980000E-2	0.000000E+0	2.865590E+5
1.982000E-2	0.000000E+0	2.857800E+5
1.984000E-2	0.000000E+0	2.860390E+5
1.986000E-2	0.000000E+0	2.854190E+5
1.988000E-2	0.000000E+0	2.850090E+5
1.990000E-2	0.000000E+0	2.857420E+5
1.992000E-2	0.000000E+0	2.853260E+5
1.994000E-2	0.000000E+0	2.864040E+5
1.996000E-2	0.000000E+0	2.854920E+5
1.998000E-2	0.000000E+0	2.863130E+5
