

live time:  234931.340000
real time:  327602.599000
sweeps:  11746567.000000
0.000000E+0	0.000000E+0	0.000000E+0
2.000000E-5	0.000000E+0	5.144440E+5
4.000000E-5	0.000000E+0	5.147550E+5
6.000000E-5	0.000000E+0	5.141460E+5
8.000000E-5	0.000000E+0	5.155110E+5
1.000000E-4	0.000000E+0	5.133140E+5
1.200000E-4	0.000000E+0	5.153380E+5
1.400000E-4	0.000000E+0	5.150860E+5
1.600000E-4	0.000000E+0	5.149390E+5
1.800000E-4	0.000000E+0	5.151090E+5
2.000000E-4	0.000000E+0	5.148340E+5
2.200000E-4	0.000000E+0	5.153980E+5
2.400000E-4	0.000000E+0	5.136900E+5
2.600000E-4	0.000000E+0	5.139060E+5
2.800000E-4	0.000000E+0	5.139320E+5
3.000000E-4	0.000000E+0	5.159060E+5
3.200000E-4	0.000000E+0	5.143330E+5
3.400000E-4	0.000000E+0	5.138830E+5
3.600000E-4	0.000000E+0	5.154260E+5
3.800000E-4	0.000000E+0	5.139970E+5
4.000000E-4	0.000000E+0	5.136550E+5
4.200000E-4	0.000000E+0	5.143560E+5
4.400000E-4	0.000000E+0	5.141400E+5
4.600000E-4	0.000000E+0	5.154830E+5
4.800000E-4	0.000000E+0	5.136380E+5
5.000000E-4	0.000000E+0	5.144670E+5
5.200000E-4	0.000000E+0	5.148240E+5
5.400000E-4	0.000000E+0	5.142340E+5
5.600000E-4	0.000000E+0	5.135410E+5
5.800000E-4	0.000000E+0	5.143190E+5
6.000000E-4	0.000000E+0	5.153110E+5
6.200000E-4	0.000000E+0	5.141000E+5
6.400000E-4	0.000000E+0	5.149660E+5
6.600000E-4	0.000000E+0	5.135910E+5
6.800000E-4	0.000000E+0	5.139520E+5
7.000000E-4	0.000000E+0	5.147660E+5
7.200000E-4	0.000000E+0	5.157130E+5
7.400000E-4	0.000000E+0	5.136810E+5
7.600000E-4	0.000000E+0	5.138410E+5
7.800000E-4	0.000000E+0	5.134210E+5
8.000000E-4	0.000000E+0	5.151400E+5
8.200000E-4	0.000000E+0	5.136560E+5
8.400000E-4	0.000000E+0	5.140440E+5
8.600000E-4	0.000000E+0	5.147540E+5
8.800000E-4	0.000000E+0	5.135470E+5
9.000000E-4	0.000000E+0	5.159970E+5
9.200000E-4	0.000000E+0	5.137620E+5
9.400000E-4	0.000000E+0	5.147270E+5
9.600000E-4	0.000000E+0	5.136510E+5
9.800000E-4	0.000000E+0	5.157190E+5
1.000000E-3	0.000000E+0	5.141650E+5
1.020000E-3	0.000000E+0	5.139870E+5
1.040000E-3	0.000000E+0	5.143340E+5
1.060000E-3	0.000000E+0	5.143900E+5
1.080000E-3	0.000000E+0	5.142130E+5
1.100000E-3	0.000000E+0	5.143540E+5
1.120000E-3	0.000000E+0	5.149760E+5
1.140000E-3	0.000000E+0	5.130850E+5
1.160000E-3	0.000000E+0	5.139410E+5
1.180000E-3	0.000000E+0	5.138810E+5
1.200000E-3	0.000000E+0	5.150040E+5
1.220000E-3	0.000000E+0	5.154140E+5
1.240000E-3	0.000000E+0	5.148940E+5
1.260000E-3	0.000000E+0	5.145280E+5
1.280000E-3	0.000000E+0	5.143690E+5
1.300000E-3	0.000000E+0	5.130730E+5
1.320000E-3	0.000000E+0	5.154620E+5
1.340000E-3	0.000000E+0	5.145340E+5
1.360000E-3	0.000000E+0	5.137040E+5
1.380000E-3	0.000000E+0	5.154150E+5
1.400000E-3	0.000000E+0	5.143440E+5
1.420000E-3	0.000000E+0	5.149240E+5
1.440000E-3	0.000000E+0	5.143520E+5
1.460000E-3	0.000000E+0	5.136510E+5
1.480000E-3	0.000000E+0	5.148190E+5
1.500000E-3	0.000000E+0	5.141220E+5
1.520000E-3	0.000000E+0	5.137250E+5
1.540000E-3	0.000000E+0	5.150400E+5
1.560000E-3	0.000000E+0	5.140690E+5
1.580000E-3	0.000000E+0	5.148670E+5
1.600000E-3	0.000000E+0	5.143820E+5
1.620000E-3	0.000000E+0	5.140440E+5
1.640000E-3	0.000000E+0	5.134620E+5
1.660000E-3	0.000000E+0	5.147680E+5
1.680000E-3	0.000000E+0	5.142500E+5
1.700000E-3	0.000000E+0	5.133300E+5
1.720000E-3	0.000000E+0	5.150160E+5
1.740000E-3	0.000000E+0	5.153830E+5
1.760000E-3	0.000000E+0	5.146950E+5
1.780000E-3	0.000000E+0	5.156450E+5
1.800000E-3	0.000000E+0	5.154750E+5
1.820000E-3	0.000000E+0	5.140630E+5
1.840000E-3	0.000000E+0	5.131760E+5
1.860000E-3	0.000000E+0	5.144850E+5
1.880000E-3	0.000000E+0	5.142520E+5
1.900000E-3	0.000000E+0	5.132290E+5
1.920000E-3	0.000000E+0	5.143460E+5
1.940000E-3	0.000000E+0	5.139090E+5
1.960000E-3	0.000000E+0	5.146500E+5
1.980000E-3	0.000000E+0	5.149660E+5
2.000000E-3	0.000000E+0	5.141070E+5
2.020000E-3	0.000000E+0	5.140200E+5
2.040000E-3	0.000000E+0	5.139370E+5
2.060000E-3	0.000000E+0	5.153760E+5
2.080000E-3	0.000000E+0	5.155030E+5
2.100000E-3	0.000000E+0	5.153630E+5
2.120000E-3	0.000000E+0	5.149870E+5
2.140000E-3	0.000000E+0	5.130570E+5
2.160000E-3	0.000000E+0	5.133780E+5
2.180000E-3	0.000000E+0	5.148540E+5
2.200000E-3	0.000000E+0	5.154510E+5
2.220000E-3	0.000000E+0	5.151080E+5
2.240000E-3	0.000000E+0	5.142170E+5
2.260000E-3	0.000000E+0	5.149160E+5
2.280000E-3	0.000000E+0	5.146600E+5
2.300000E-3	0.000000E+0	5.149770E+5
2.320000E-3	0.000000E+0	5.141630E+5
2.340000E-3	0.000000E+0	5.144250E+5
2.360000E-3	0.000000E+0	5.146370E+5
2.380000E-3	0.000000E+0	5.159940E+5
2.400000E-3	0.000000E+0	5.128520E+5
2.420000E-3	0.000000E+0	5.139120E+5
2.440000E-3	0.000000E+0	5.140480E+5
2.460000E-3	0.000000E+0	5.145860E+5
2.480000E-3	0.000000E+0	5.157190E+5
2.500000E-3	0.000000E+0	5.143390E+5
2.520000E-3	0.000000E+0	5.149120E+5
2.540000E-3	0.000000E+0	5.135400E+5
2.560000E-3	0.000000E+0	5.143570E+5
2.580000E-3	0.000000E+0	5.137450E+5
2.600000E-3	0.000000E+0	5.156090E+5
2.620000E-3	0.000000E+0	5.143040E+5
2.640000E-3	0.000000E+0	5.131830E+5
2.660000E-3	0.000000E+0	5.154070E+5
2.680000E-3	0.000000E+0	5.142360E+5
2.700000E-3	0.000000E+0	5.145680E+5
2.720000E-3	0.000000E+0	5.125070E+5
2.740000E-3	0.000000E+0	5.141390E+5
2.760000E-3	0.000000E+0	5.141220E+5
2.780000E-3	0.000000E+0	5.142500E+5
2.800000E-3	0.000000E+0	5.146750E+5
2.820000E-3	0.000000E+0	5.137820E+5
2.840000E-3	0.000000E+0	5.135560E+5
2.860000E-3	0.000000E+0	5.149250E+5
2.880000E-3	0.000000E+0	5.139550E+5
2.900000E-3	0.000000E+0	5.140420E+5
2.920000E-3	0.000000E+0	5.131770E+5
2.940000E-3	0.000000E+0	5.145650E+5
2.960000E-3	0.000000E+0	5.143030E+5
2.980000E-3	0.000000E+0	5.138360E+5
3.000000E-3	0.000000E+0	5.145550E+5
3.020000E-3	0.000000E+0	5.147820E+5
3.040000E-3	0.000000E+0	5.153440E+5
3.060000E-3	0.000000E+0	5.161150E+5
3.080000E-3	0.000000E+0	5.142490E+5
3.100000E-3	0.000000E+0	5.133580E+5
3.120000E-3	0.000000E+0	5.145790E+5
3.140000E-3	0.000000E+0	5.151190E+5
3.160000E-3	0.000000E+0	5.135490E+5
3.180000E-3	0.000000E+0	5.145440E+5
3.200000E-3	0.000000E+0	5.145010E+5
3.220000E-3	0.000000E+0	5.146530E+5
3.240000E-3	0.000000E+0	5.154520E+5
3.260000E-3	0.000000E+0	5.149820E+5
3.280000E-3	0.000000E+0	5.148060E+5
3.300000E-3	0.000000E+0	5.142400E+5
3.320000E-3	0.000000E+0	5.148320E+5
3.340000E-3	0.000000E+0	5.138330E+5
3.360000E-3	0.000000E+0	5.140040E+5
3.380000E-3	0.000000E+0	5.130390E+5
3.400000E-3	0.000000E+0	5.140850E+5
3.420000E-3	0.000000E+0	5.158140E+5
3.440000E-3	0.000000E+0	5.141950E+5
3.460000E-3	0.000000E+0	5.150080E+5
3.480000E-3	0.000000E+0	5.139840E+5
3.500000E-3	0.000000E+0	5.145100E+5
3.520000E-3	0.000000E+0	5.132380E+5
3.540000E-3	0.000000E+0	5.143150E+5
3.560000E-3	0.000000E+0	5.141120E+5
3.580000E-3	0.000000E+0	5.137290E+5
3.600000E-3	0.000000E+0	5.138460E+5
3.620000E-3	0.000000E+0	5.119010E+5
3.640000E-3	0.000000E+0	5.153540E+5
3.660000E-3	0.000000E+0	5.141160E+5
3.680000E-3	0.000000E+0	5.143640E+5
3.700000E-3	0.000000E+0	5.139790E+5
3.720000E-3	0.000000E+0	5.137120E+5
3.740000E-3	0.000000E+0	5.141800E+5
3.760000E-3	0.000000E+0	5.138630E+5
3.780000E-3	0.000000E+0	5.132450E+5
3.800000E-3	0.000000E+0	5.135450E+5
3.820000E-3	0.000000E+0	5.138080E+5
3.840000E-3	0.000000E+0	5.141610E+5
3.860000E-3	0.000000E+0	5.140850E+5
3.880000E-3	0.000000E+0	5.132280E+5
3.900000E-3	0.000000E+0	5.145640E+5
3.920000E-3	0.000000E+0	5.158500E+5
3.940000E-3	0.000000E+0	5.150110E+5
3.960000E-3	0.000000E+0	5.150430E+5
3.980000E-3	0.000000E+0	5.148380E+5
4.000000E-3	0.000000E+0	5.139070E+5
4.020000E-3	0.000000E+0	5.149430E+5
4.040000E-3	0.000000E+0	5.141750E+5
4.060000E-3	0.000000E+0	5.146210E+5
4.080000E-3	0.000000E+0	5.145220E+5
4.100000E-3	0.000000E+0	5.142180E+5
4.120000E-3	0.000000E+0	5.141580E+5
4.140000E-3	0.000000E+0	5.131980E+5
4.160000E-3	0.000000E+0	5.145170E+5
4.180000E-3	0.000000E+0	5.132390E+5
4.200000E-3	0.000000E+0	5.146470E+5
4.220000E-3	0.000000E+0	5.138960E+5
4.240000E-3	0.000000E+0	5.135530E+5
4.260000E-3	0.000000E+0	5.135360E+5
4.280000E-3	0.000000E+0	5.147640E+5
4.300000E-3	0.000000E+0	5.146930E+5
4.320000E-3	0.000000E+0	5.137080E+5
4.340000E-3	0.000000E+0	5.136630E+5
4.360000E-3	0.000000E+0	5.144760E+5
4.380000E-3	0.000000E+0	5.137690E+5
4.400000E-3	0.000000E+0	5.149430E+5
4.420000E-3	0.000000E+0	5.142260E+5
4.440000E-3	0.000000E+0	5.138010E+5
4.460000E-3	0.000000E+0	5.143160E+5
4.480000E-3	0.000000E+0	5.131950E+5
4.500000E-3	0.000000E+0	5.139580E+5
4.520000E-3	0.000000E+0	5.135520E+5
4.540000E-3	0.000000E+0	5.129850E+5
4.560000E-3	0.000000E+0	5.134480E+5
4.580000E-3	0.000000E+0	5.144250E+5
4.600000E-3	0.000000E+0	5.144040E+5
4.620000E-3	0.000000E+0	5.133870E+5
4.640000E-3	0.000000E+0	5.142420E+5
4.660000E-3	0.000000E+0	5.148050E+5
4.680000E-3	0.000000E+0	5.137290E+5
4.700000E-3	0.000000E+0	5.146220E+5
4.720000E-3	0.000000E+0	5.142190E+5
4.740000E-3	0.000000E+0	5.134280E+5
4.760000E-3	0.000000E+0	5.148340E+5
4.780000E-3	0.000000E+0	5.125050E+5
4.800000E-3	0.000000E+0	5.135150E+5
4.820000E-3	0.000000E+0	5.128190E+5
4.840000E-3	0.000000E+0	5.129450E+5
4.860000E-3	0.000000E+0	5.113940E+5
4.880000E-3	0.000000E+0	5.105690E+5
4.900000E-3	0.000000E+0	5.103660E+5
4.920000E-3	0.000000E+0	5.070200E+5
4.940000E-3	0.000000E+0	5.064890E+5
4.960000E-3	0.000000E+0	5.061660E+5
4.980000E-3	0.000000E+0	5.063900E+5
5.000000E-3	0.000000E+0	5.043960E+5
5.020000E-3	0.000000E+0	5.031920E+5
5.040000E-3	0.000000E+0	5.006100E+5
5.060000E-3	0.000000E+0	4.994300E+5
5.080000E-3	0.000000E+0	5.001150E+5
5.100000E-3	0.000000E+0	5.002950E+5
5.120000E-3	0.000000E+0	5.000580E+5
5.140000E-3	0.000000E+0	5.015410E+5
5.160000E-3	0.000000E+0	5.042130E+5
5.180000E-3	0.000000E+0	5.047430E+5
5.200000E-3	0.000000E+0	5.064510E+5
5.220000E-3	0.000000E+0	5.081890E+5
5.240000E-3	0.000000E+0	5.074860E+5
5.260000E-3	0.000000E+0	5.112450E+5
5.280000E-3	0.000000E+0	5.086220E+5
5.300000E-3	0.000000E+0	5.109760E+5
5.320000E-3	0.000000E+0	5.122770E+5
5.340000E-3	0.000000E+0	5.130790E+5
5.360000E-3	0.000000E+0	5.134580E+5
5.380000E-3	0.000000E+0	5.123400E+5
5.400000E-3	0.000000E+0	5.144640E+5
5.420000E-3	0.000000E+0	5.133330E+5
5.440000E-3	0.000000E+0	5.127450E+5
5.460000E-3	0.000000E+0	5.121750E+5
5.480000E-3	0.000000E+0	5.120470E+5
5.500000E-3	0.000000E+0	5.123830E+5
5.520000E-3	0.000000E+0	5.103500E+5
5.540000E-3	0.000000E+0	5.100460E+5
5.560000E-3	0.000000E+0	5.072380E+5
5.580000E-3	0.000000E+0	5.071170E+5
5.600000E-3	0.000000E+0	5.055460E+5
5.620000E-3	0.000000E+0	5.058140E+5
5.640000E-3	0.000000E+0	5.064000E+5
5.660000E-3	0.000000E+0	5.041070E+5
5.680000E-3	0.000000E+0	5.037330E+5
5.700000E-3	0.000000E+0	5.009020E+5
5.720000E-3	0.000000E+0	5.004050E+5
5.740000E-3	0.000000E+0	5.012010E+5
5.760000E-3	0.000000E+0	5.018560E+5
5.780000E-3	0.000000E+0	5.023700E+5
5.800000E-3	0.000000E+0	5.039750E+5
5.820000E-3	0.000000E+0	5.056560E+5
5.840000E-3	0.000000E+0	5.069300E+5
5.860000E-3	0.000000E+0	5.076670E+5
5.880000E-3	0.000000E+0	5.093060E+5
5.900000E-3	0.000000E+0	5.110120E+5
5.920000E-3	0.000000E+0	5.126600E+5
5.940000E-3	0.000000E+0	5.119500E+5
5.960000E-3	0.000000E+0	5.122790E+5
5.980000E-3	0.000000E+0	5.134040E+5
6.000000E-3	0.000000E+0	5.134000E+5
6.020000E-3	0.000000E+0	5.129470E+5
6.040000E-3	0.000000E+0	5.136790E+5
6.060000E-3	0.000000E+0	5.136910E+5
6.080000E-3	0.000000E+0	5.137770E+5
6.100000E-3	0.000000E+0	5.125940E+5
6.120000E-3	0.000000E+0	5.138680E+5
6.140000E-3	0.000000E+0	5.136460E+5
6.160000E-3	0.000000E+0	5.127410E+5
6.180000E-3	0.000000E+0	5.144350E+5
6.200000E-3	0.000000E+0	5.138310E+5
6.220000E-3	0.000000E+0	5.144080E+5
6.240000E-3	0.000000E+0	5.130540E+5
6.260000E-3	0.000000E+0	5.136960E+5
6.280000E-3	0.000000E+0	5.153380E+5
6.300000E-3	0.000000E+0	5.148650E+5
6.320000E-3	0.000000E+0	5.142040E+5
6.340000E-3	0.000000E+0	5.141680E+5
6.360000E-3	0.000000E+0	5.137010E+5
6.380000E-3	0.000000E+0	5.152030E+5
6.400000E-3	0.000000E+0	5.140660E+5
6.420000E-3	0.000000E+0	5.129040E+5
6.440000E-3	0.000000E+0	5.161210E+5
6.460000E-3	0.000000E+0	5.135510E+5
6.480000E-3	0.000000E+0	5.137560E+5
6.500000E-3	0.000000E+0	5.135410E+5
6.520000E-3	0.000000E+0	5.144480E+5
6.540000E-3	0.000000E+0	5.138000E+5
6.560000E-3	0.000000E+0	5.147660E+5
6.580000E-3	0.000000E+0	5.136610E+5
6.600000E-3	0.000000E+0	5.148900E+5
6.620000E-3	0.000000E+0	5.143640E+5
6.640000E-3	0.000000E+0	5.142890E+5
6.660000E-3	0.000000E+0	5.134880E+5
6.680000E-3	0.000000E+0	5.143490E+5
6.700000E-3	0.000000E+0	5.142870E+5
6.720000E-3	0.000000E+0	5.142650E+5
6.740000E-3	0.000000E+0	5.142830E+5
6.760000E-3	0.000000E+0	5.151930E+5
6.780000E-3	0.000000E+0	5.133610E+5
6.800000E-3	0.000000E+0	5.147370E+5
6.820000E-3	0.000000E+0	5.143660E+5
6.840000E-3	0.000000E+0	5.143280E+5
6.860000E-3	0.000000E+0	5.144990E+5
6.880000E-3	0.000000E+0	5.151930E+5
6.900000E-3	0.000000E+0	5.139920E+5
6.920000E-3	0.000000E+0	5.130330E+5
6.940000E-3	0.000000E+0	5.146790E+5
6.960000E-3	0.000000E+0	5.125180E+5
6.980000E-3	0.000000E+0	5.144830E+5
7.000000E-3	0.000000E+0	5.139370E+5
7.020000E-3	0.000000E+0	5.149430E+5
7.040000E-3	0.000000E+0	5.147690E+5
7.060000E-3	0.000000E+0	5.148790E+5
7.080000E-3	0.000000E+0	5.143110E+5
7.100000E-3	0.000000E+0	5.133520E+5
7.120000E-3	0.000000E+0	5.146010E+5
7.140000E-3	0.000000E+0	5.140440E+5
7.160000E-3	0.000000E+0	5.141050E+5
7.180000E-3	0.000000E+0	5.133320E+5
7.200000E-3	0.000000E+0	5.141430E+5
7.220000E-3	0.000000E+0	5.150310E+5
7.240000E-3	0.000000E+0	5.137500E+5
7.260000E-3	0.000000E+0	5.144400E+5
7.280000E-3	0.000000E+0	5.141290E+5
7.300000E-3	0.000000E+0	5.143060E+5
7.320000E-3	0.000000E+0	5.145230E+5
7.340000E-3	0.000000E+0	5.154270E+5
7.360000E-3	0.000000E+0	5.138760E+5
7.380000E-3	0.000000E+0	5.152140E+5
7.400000E-3	0.000000E+0	5.144850E+5
7.420000E-3	0.000000E+0	5.140690E+5
7.440000E-3	0.000000E+0	5.142430E+5
7.460000E-3	0.000000E+0	5.139980E+5
7.480000E-3	0.000000E+0	5.136090E+5
7.500000E-3	0.000000E+0	5.150910E+5
7.520000E-3	0.000000E+0	5.145470E+5
7.540000E-3	0.000000E+0	5.146040E+5
7.560000E-3	0.000000E+0	5.148970E+5
7.580000E-3	0.000000E+0	5.145590E+5
7.600000E-3	0.000000E+0	5.143990E+5
7.620000E-3	0.000000E+0	5.148550E+5
7.640000E-3	0.000000E+0	5.154300E+5
7.660000E-3	0.000000E+0	5.139970E+5
7.680000E-3	0.000000E+0	5.141200E+5
7.700000E-3	0.000000E+0	5.138840E+5
7.720000E-3	0.000000E+0	5.149660E+5
7.740000E-3	0.000000E+0	5.139680E+5
7.760000E-3	0.000000E+0	5.144610E+5
7.780000E-3	0.000000E+0	5.153450E+5
7.800000E-3	0.000000E+0	5.141010E+5
7.820000E-3	0.000000E+0	5.138720E+5
7.840000E-3	0.000000E+0	5.157980E+5
7.860000E-3	0.000000E+0	5.142730E+5
7.880000E-3	0.000000E+0	5.141500E+5
7.900000E-3	0.000000E+0	5.147710E+5
7.920000E-3	0.000000E+0	5.142250E+5
7.940000E-3	0.000000E+0	5.152960E+5
7.960000E-3	0.000000E+0	5.158260E+5
7.980000E-3	0.000000E+0	5.151370E+5
8.000000E-3	0.000000E+0	5.148990E+5
8.020000E-3	0.000000E+0	5.146540E+5
8.040000E-3	0.000000E+0	5.134450E+5
8.060000E-3	0.000000E+0	5.134540E+5
8.080000E-3	0.000000E+0	5.148340E+5
8.100000E-3	0.000000E+0	5.155820E+5
8.120000E-3	0.000000E+0	5.149790E+5
8.140000E-3	0.000000E+0	5.138400E+5
8.160000E-3	0.000000E+0	5.143150E+5
8.180000E-3	0.000000E+0	5.139130E+5
8.200000E-3	0.000000E+0	5.144360E+5
8.220000E-3	0.000000E+0	5.142060E+5
8.240000E-3	0.000000E+0	5.147120E+5
8.260000E-3	0.000000E+0	5.160800E+5
8.280000E-3	0.000000E+0	5.136350E+5
8.300000E-3	0.000000E+0	5.148590E+5
8.320000E-3	0.000000E+0	5.131900E+5
8.340000E-3	0.000000E+0	5.133440E+5
8.360000E-3	0.000000E+0	5.140390E+5
8.380000E-3	0.000000E+0	5.128090E+5
8.400000E-3	0.000000E+0	5.133950E+5
8.420000E-3	0.000000E+0	5.140850E+5
8.440000E-3	0.000000E+0	5.147550E+5
8.460000E-3	0.000000E+0	5.148220E+5
8.480000E-3	0.000000E+0	5.155260E+5
8.500000E-3	0.000000E+0	5.132430E+5
8.520000E-3	0.000000E+0	5.148690E+5
8.540000E-3	0.000000E+0	5.151150E+5
8.560000E-3	0.000000E+0	5.145450E+5
8.580000E-3	0.000000E+0	5.157640E+5
8.600000E-3	0.000000E+0	5.146050E+5
8.620000E-3	0.000000E+0	5.159470E+5
8.640000E-3	0.000000E+0	5.144320E+5
8.660000E-3	0.000000E+0	5.139180E+5
8.680000E-3	0.000000E+0	5.148530E+5
8.700000E-3	0.000000E+0	5.128380E+5
8.720000E-3	0.000000E+0	5.152840E+5
8.740000E-3	0.000000E+0	5.129360E+5
8.760000E-3	0.000000E+0	5.144290E+5
8.780000E-3	0.000000E+0	5.145360E+5
8.800000E-3	0.000000E+0	5.151800E+5
8.820000E-3	0.000000E+0	5.147310E+5
8.840000E-3	0.000000E+0	5.136750E+5
8.860000E-3	0.000000E+0	5.162160E+5
8.880000E-3	0.000000E+0	5.139440E+5
8.900000E-3	0.000000E+0	5.144890E+5
8.920000E-3	0.000000E+0	5.138460E+5
8.940000E-3	0.000000E+0	5.129540E+5
8.960000E-3	0.000000E+0	5.152560E+5
8.980000E-3	0.000000E+0	5.138370E+5
9.000000E-3	0.000000E+0	5.145570E+5
9.020000E-3	0.000000E+0	5.126500E+5
9.040000E-3	0.000000E+0	5.148330E+5
9.060000E-3	0.000000E+0	5.170360E+5
9.080000E-3	0.000000E+0	5.142060E+5
9.100000E-3	0.000000E+0	5.157410E+5
9.120000E-3	0.000000E+0	5.133750E+5
9.140000E-3	0.000000E+0	5.151880E+5
9.160000E-3	0.000000E+0	5.145660E+5
9.180000E-3	0.000000E+0	5.135250E+5
9.200000E-3	0.000000E+0	5.143140E+5
9.220000E-3	0.000000E+0	5.146260E+5
9.240000E-3	0.000000E+0	5.151130E+5
9.260000E-3	0.000000E+0	5.155630E+5
9.280000E-3	0.000000E+0	5.154700E+5
9.300000E-3	0.000000E+0	5.153350E+5
9.320000E-3	0.000000E+0	5.141500E+5
9.340000E-3	0.000000E+0	5.142700E+5
9.360000E-3	0.000000E+0	5.146600E+5
9.380000E-3	0.000000E+0	5.154170E+5
9.400000E-3	0.000000E+0	5.149390E+5
9.420000E-3	0.000000E+0	5.159290E+5
9.440000E-3	0.000000E+0	5.141590E+5
9.460000E-3	0.000000E+0	5.153090E+5
9.480000E-3	0.000000E+0	5.146900E+5
9.500000E-3	0.000000E+0	5.136060E+5
9.520000E-3	0.000000E+0	5.153400E+5
9.540000E-3	0.000000E+0	5.131540E+5
9.560000E-3	0.000000E+0	5.145520E+5
9.580000E-3	0.000000E+0	5.144620E+5
9.600000E-3	0.000000E+0	5.146590E+5
9.620000E-3	0.000000E+0	5.143730E+5
9.640000E-3	0.000000E+0	5.138870E+5
9.660000E-3	0.000000E+0	5.156890E+5
9.680000E-3	0.000000E+0	5.133930E+5
9.700000E-3	0.000000E+0	5.140500E+5
9.720000E-3	0.000000E+0	5.145540E+5
9.740000E-3	0.000000E+0	5.142970E+5
9.760000E-3	0.000000E+0	5.141840E+5
9.780000E-3	0.000000E+0	5.151670E+5
9.800000E-3	0.000000E+0	5.146720E+5
9.820000E-3	0.000000E+0	5.148880E+5
9.840000E-3	0.000000E+0	5.146410E+5
9.860000E-3	0.000000E+0	5.135960E+5
9.880000E-3	0.000000E+0	5.156780E+5
9.900000E-3	0.000000E+0	5.164270E+5
9.920000E-3	0.000000E+0	5.146400E+5
9.940000E-3	0.000000E+0	5.133910E+5
9.960000E-3	0.000000E+0	5.136710E+5
9.980000E-3	0.000000E+0	5.152650E+5
1.000000E-2	0.000000E+0	5.144150E+5
1.002000E-2	0.000000E+0	5.142720E+5
1.004000E-2	0.000000E+0	5.154310E+5
1.006000E-2	0.000000E+0	5.138930E+5
1.008000E-2	0.000000E+0	5.142860E+5
1.010000E-2	0.000000E+0	5.139470E+5
1.012000E-2	0.000000E+0	5.153150E+5
1.014000E-2	0.000000E+0	5.161860E+5
1.016000E-2	0.000000E+0	5.155190E+5
1.018000E-2	0.000000E+0	5.149400E+5
1.020000E-2	0.000000E+0	5.150460E+5
1.022000E-2	0.000000E+0	5.146750E+5
1.024000E-2	0.000000E+0	5.139880E+5
1.026000E-2	0.000000E+0	5.158940E+5
1.028000E-2	0.000000E+0	5.147130E+5
1.030000E-2	0.000000E+0	5.152190E+5
1.032000E-2	0.000000E+0	5.135880E+5
1.034000E-2	0.000000E+0	5.157490E+5
1.036000E-2	0.000000E+0	5.149010E+5
1.038000E-2	0.000000E+0	5.151930E+5
1.040000E-2	0.000000E+0	5.141460E+5
1.042000E-2	0.000000E+0	5.150200E+5
1.044000E-2	0.000000E+0	5.146610E+5
1.046000E-2	0.000000E+0	5.153610E+5
1.048000E-2	0.000000E+0	5.155090E+5
1.050000E-2	0.000000E+0	5.143340E+5
1.052000E-2	0.000000E+0	5.155360E+5
1.054000E-2	0.000000E+0	5.158310E+5
1.056000E-2	0.000000E+0	5.143400E+5
1.058000E-2	0.000000E+0	5.155660E+5
1.060000E-2	0.000000E+0	5.143140E+5
1.062000E-2	0.000000E+0	5.138850E+5
1.064000E-2	0.000000E+0	5.147600E+5
1.066000E-2	0.000000E+0	5.144000E+5
1.068000E-2	0.000000E+0	5.147540E+5
1.070000E-2	0.000000E+0	5.134280E+5
1.072000E-2	0.000000E+0	5.144350E+5
1.074000E-2	0.000000E+0	5.154230E+5
1.076000E-2	0.000000E+0	5.147620E+5
1.078000E-2	0.000000E+0	5.155510E+5
1.080000E-2	0.000000E+0	5.155420E+5
1.082000E-2	0.000000E+0	5.162190E+5
1.084000E-2	0.000000E+0	5.150620E+5
1.086000E-2	0.000000E+0	5.149860E+5
1.088000E-2	0.000000E+0	5.146380E+5
1.090000E-2	0.000000E+0	5.150160E+5
1.092000E-2	0.000000E+0	5.148030E+5
1.094000E-2	0.000000E+0	5.138220E+5
1.096000E-2	0.000000E+0	5.143900E+5
1.098000E-2	0.000000E+0	5.153170E+5
1.100000E-2	0.000000E+0	5.153540E+5
1.102000E-2	0.000000E+0	5.140500E+5
1.104000E-2	0.000000E+0	5.152330E+5
1.106000E-2	0.000000E+0	5.146980E+5
1.108000E-2	0.000000E+0	5.154720E+5
1.110000E-2	0.000000E+0	5.145270E+5
1.112000E-2	0.000000E+0	5.142850E+5
1.114000E-2	0.000000E+0	5.152180E+5
1.116000E-2	0.000000E+0	5.129920E+5
1.118000E-2	0.000000E+0	5.146670E+5
1.120000E-2	0.000000E+0	5.141180E+5
1.122000E-2	0.000000E+0	5.163900E+5
1.124000E-2	0.000000E+0	5.159990E+5
1.126000E-2	0.000000E+0	5.136710E+5
1.128000E-2	0.000000E+0	5.136290E+5
1.130000E-2	0.000000E+0	5.151570E+5
1.132000E-2	0.000000E+0	5.160300E+5
1.134000E-2	0.000000E+0	5.138240E+5
1.136000E-2	0.000000E+0	5.160950E+5
1.138000E-2	0.000000E+0	5.147210E+5
1.140000E-2	0.000000E+0	5.164140E+5
1.142000E-2	0.000000E+0	5.142380E+5
1.144000E-2	0.000000E+0	5.158780E+5
1.146000E-2	0.000000E+0	5.143590E+5
1.148000E-2	0.000000E+0	5.147280E+5
1.150000E-2	0.000000E+0	5.145000E+5
1.152000E-2	0.000000E+0	5.141310E+5
1.154000E-2	0.000000E+0	5.145060E+5
1.156000E-2	0.000000E+0	5.150400E+5
1.158000E-2	0.000000E+0	5.140460E+5
1.160000E-2	0.000000E+0	5.149330E+5
1.162000E-2	0.000000E+0	5.148850E+5
1.164000E-2	0.000000E+0	5.156270E+5
1.166000E-2	0.000000E+0	5.164990E+5
1.168000E-2	0.000000E+0	5.153920E+5
1.170000E-2	0.000000E+0	5.160170E+5
1.172000E-2	0.000000E+0	5.155830E+5
1.174000E-2	0.000000E+0	5.142760E+5
1.176000E-2	0.000000E+0	5.147410E+5
1.178000E-2	0.000000E+0	5.138020E+5
1.180000E-2	0.000000E+0	5.146550E+5
1.182000E-2	0.000000E+0	5.152900E+5
1.184000E-2	0.000000E+0	5.155910E+5
1.186000E-2	0.000000E+0	5.139430E+5
1.188000E-2	0.000000E+0	5.140220E+5
1.190000E-2	0.000000E+0	5.138990E+5
1.192000E-2	0.000000E+0	5.139730E+5
1.194000E-2	0.000000E+0	5.160460E+5
1.196000E-2	0.000000E+0	5.144960E+5
1.198000E-2	0.000000E+0	5.149090E+5
1.200000E-2	0.000000E+0	5.145510E+5
1.202000E-2	0.000000E+0	5.145380E+5
1.204000E-2	0.000000E+0	5.141330E+5
1.206000E-2	0.000000E+0	5.150480E+5
1.208000E-2	0.000000E+0	5.154810E+5
1.210000E-2	0.000000E+0	5.150230E+5
1.212000E-2	0.000000E+0	5.145780E+5
1.214000E-2	0.000000E+0	5.135390E+5
1.216000E-2	0.000000E+0	5.141910E+5
1.218000E-2	0.000000E+0	5.143690E+5
1.220000E-2	0.000000E+0	5.138140E+5
1.222000E-2	0.000000E+0	5.150300E+5
1.224000E-2	0.000000E+0	5.149170E+5
1.226000E-2	0.000000E+0	5.144130E+5
1.228000E-2	0.000000E+0	5.147810E+5
1.230000E-2	0.000000E+0	5.146640E+5
1.232000E-2	0.000000E+0	5.152410E+5
1.234000E-2	0.000000E+0	5.152950E+5
1.236000E-2	0.000000E+0	5.147130E+5
1.238000E-2	0.000000E+0	5.160280E+5
1.240000E-2	0.000000E+0	5.153680E+5
1.242000E-2	0.000000E+0	5.155400E+5
1.244000E-2	0.000000E+0	5.154150E+5
1.246000E-2	0.000000E+0	5.147890E+5
1.248000E-2	0.000000E+0	5.148260E+5
1.250000E-2	0.000000E+0	5.143070E+5
1.252000E-2	0.000000E+0	5.165250E+5
1.254000E-2	0.000000E+0	5.150210E+5
1.256000E-2	0.000000E+0	5.141180E+5
1.258000E-2	0.000000E+0	5.156230E+5
1.260000E-2	0.000000E+0	5.158850E+5
1.262000E-2	0.000000E+0	5.139000E+5
1.264000E-2	0.000000E+0	5.140710E+5
1.266000E-2	0.000000E+0	5.168120E+5
1.268000E-2	0.000000E+0	5.150820E+5
1.270000E-2	0.000000E+0	5.144460E+5
1.272000E-2	0.000000E+0	5.156790E+5
1.274000E-2	0.000000E+0	5.145480E+5
1.276000E-2	0.000000E+0	5.150920E+5
1.278000E-2	0.000000E+0	5.142550E+5
1.280000E-2	0.000000E+0	5.143590E+5
1.282000E-2	0.000000E+0	5.141220E+5
1.284000E-2	0.000000E+0	5.146980E+5
1.286000E-2	0.000000E+0	5.152160E+5
1.288000E-2	0.000000E+0	5.156720E+5
1.290000E-2	0.000000E+0	5.145550E+5
1.292000E-2	0.000000E+0	5.149110E+5
1.294000E-2	0.000000E+0	5.140600E+5
1.296000E-2	0.000000E+0	5.149540E+5
1.298000E-2	0.000000E+0	5.148980E+5
1.300000E-2	0.000000E+0	5.150330E+5
1.302000E-2	0.000000E+0	5.156160E+5
1.304000E-2	0.000000E+0	5.154690E+5
1.306000E-2	0.000000E+0	5.140440E+5
1.308000E-2	0.000000E+0	5.161840E+5
1.310000E-2	0.000000E+0	5.153640E+5
1.312000E-2	0.000000E+0	5.148540E+5
1.314000E-2	0.000000E+0	5.159630E+5
1.316000E-2	0.000000E+0	5.151600E+5
1.318000E-2	0.000000E+0	5.147120E+5
1.320000E-2	0.000000E+0	5.150260E+5
1.322000E-2	0.000000E+0	5.154140E+5
1.324000E-2	0.000000E+0	5.141450E+5
1.326000E-2	0.000000E+0	5.157050E+5
1.328000E-2	0.000000E+0	5.154760E+5
1.330000E-2	0.000000E+0	5.135080E+5
1.332000E-2	0.000000E+0	5.143510E+5
1.334000E-2	0.000000E+0	5.140430E+5
1.336000E-2	0.000000E+0	5.149700E+5
1.338000E-2	0.000000E+0	5.154840E+5
1.340000E-2	0.000000E+0	5.143760E+5
1.342000E-2	0.000000E+0	5.133320E+5
1.344000E-2	0.000000E+0	5.146780E+5
1.346000E-2	0.000000E+0	5.140400E+5
1.348000E-2	0.000000E+0	5.157240E+5
1.350000E-2	0.000000E+0	5.152280E+5
1.352000E-2	0.000000E+0	5.155760E+5
1.354000E-2	0.000000E+0	5.151150E+5
1.356000E-2	0.000000E+0	5.157860E+5
1.358000E-2	0.000000E+0	5.149280E+5
1.360000E-2	0.000000E+0	5.147320E+5
1.362000E-2	0.000000E+0	5.152160E+5
1.364000E-2	0.000000E+0	5.134130E+5
1.366000E-2	0.000000E+0	5.144330E+5
1.368000E-2	0.000000E+0	5.155000E+5
1.370000E-2	0.000000E+0	5.155050E+5
1.372000E-2	0.000000E+0	5.143340E+5
1.374000E-2	0.000000E+0	5.152260E+5
1.376000E-2	0.000000E+0	5.143020E+5
1.378000E-2	0.000000E+0	5.138960E+5
1.380000E-2	0.000000E+0	5.152280E+5
1.382000E-2	0.000000E+0	5.136500E+5
1.384000E-2	0.000000E+0	5.145360E+5
1.386000E-2	0.000000E+0	5.148380E+5
1.388000E-2	0.000000E+0	5.146830E+5
1.390000E-2	0.000000E+0	5.154120E+5
1.392000E-2	0.000000E+0	5.160160E+5
1.394000E-2	0.000000E+0	5.155160E+5
1.396000E-2	0.000000E+0	5.149250E+5
1.398000E-2	0.000000E+0	5.161510E+5
1.400000E-2	0.000000E+0	5.156830E+5
1.402000E-2	0.000000E+0	5.140210E+5
1.404000E-2	0.000000E+0	5.162310E+5
1.406000E-2	0.000000E+0	5.143760E+5
1.408000E-2	0.000000E+0	5.145710E+5
1.410000E-2	0.000000E+0	5.153270E+5
1.412000E-2	0.000000E+0	5.143570E+5
1.414000E-2	0.000000E+0	5.141550E+5
1.416000E-2	0.000000E+0	5.142360E+5
1.418000E-2	0.000000E+0	5.141490E+5
1.420000E-2	0.000000E+0	5.151110E+5
1.422000E-2	0.000000E+0	5.154280E+5
1.424000E-2	0.000000E+0	5.132190E+5
1.426000E-2	0.000000E+0	5.135700E+5
1.428000E-2	0.000000E+0	5.143360E+5
1.430000E-2	0.000000E+0	5.147180E+5
1.432000E-2	0.000000E+0	5.142870E+5
1.434000E-2	0.000000E+0	5.145630E+5
1.436000E-2	0.000000E+0	5.150750E+5
1.438000E-2	0.000000E+0	5.149660E+5
1.440000E-2	0.000000E+0	5.163980E+5
1.442000E-2	0.000000E+0	5.149800E+5
1.444000E-2	0.000000E+0	5.135860E+5
1.446000E-2	0.000000E+0	5.152160E+5
1.448000E-2	0.000000E+0	5.153350E+5
1.450000E-2	0.000000E+0	5.147200E+5
1.452000E-2	0.000000E+0	5.149070E+5
1.454000E-2	0.000000E+0	5.150550E+5
1.456000E-2	0.000000E+0	5.154980E+5
1.458000E-2	0.000000E+0	5.135380E+5
1.460000E-2	0.000000E+0	5.149850E+5
1.462000E-2	0.000000E+0	5.127820E+5
1.464000E-2	0.000000E+0	5.148580E+5
1.466000E-2	0.000000E+0	5.145820E+5
1.468000E-2	0.000000E+0	5.162750E+5
1.470000E-2	0.000000E+0	5.145550E+5
1.472000E-2	0.000000E+0	5.142340E+5
1.474000E-2	0.000000E+0	5.152660E+5
1.476000E-2	0.000000E+0	5.157010E+5
1.478000E-2	0.000000E+0	5.157730E+5
1.480000E-2	0.000000E+0	5.137670E+5
1.482000E-2	0.000000E+0	5.136390E+5
1.484000E-2	0.000000E+0	5.158740E+5
1.486000E-2	0.000000E+0	5.138740E+5
1.488000E-2	0.000000E+0	5.135550E+5
1.490000E-2	0.000000E+0	5.127930E+5
1.492000E-2	0.000000E+0	5.118830E+5
1.494000E-2	0.000000E+0	5.094460E+5
1.496000E-2	0.000000E+0	5.082070E+5
1.498000E-2	0.000000E+0	5.079040E+5
1.500000E-2	0.000000E+0	5.071450E+5
1.502000E-2	0.000000E+0	5.066480E+5
1.504000E-2	0.000000E+0	5.050570E+5
1.506000E-2	0.000000E+0	5.046940E+5
1.508000E-2	0.000000E+0	5.026330E+5
1.510000E-2	0.000000E+0	5.010220E+5
1.512000E-2	0.000000E+0	5.004440E+5
1.514000E-2	0.000000E+0	5.018990E+5
1.516000E-2	0.000000E+0	5.020110E+5
1.518000E-2	0.000000E+0	5.030810E+5
1.520000E-2	0.000000E+0	5.056690E+5
1.522000E-2	0.000000E+0	5.065840E+5
1.524000E-2	0.000000E+0	5.101000E+5
1.526000E-2	0.000000E+0	5.101010E+5
1.528000E-2	0.000000E+0	5.115650E+5
1.530000E-2	0.000000E+0	5.108670E+5
1.532000E-2	0.000000E+0	5.127660E+5
1.534000E-2	0.000000E+0	5.126980E+5
1.536000E-2	0.000000E+0	5.129970E+5
1.538000E-2	0.000000E+0	5.144830E+5
1.540000E-2	0.000000E+0	5.141700E+5
1.542000E-2	0.000000E+0	5.139970E+5
1.544000E-2	0.000000E+0	5.135020E+5
1.546000E-2	0.000000E+0	5.134640E+5
1.548000E-2	0.000000E+0	5.134010E+5
1.550000E-2	0.000000E+0	5.127380E+5
1.552000E-2	0.000000E+0	5.139660E+5
1.554000E-2	0.000000E+0	5.123760E+5
1.556000E-2	0.000000E+0	5.106690E+5
1.558000E-2	0.000000E+0	5.090490E+5
1.560000E-2	0.000000E+0	5.082890E+5
1.562000E-2	0.000000E+0	5.074400E+5
1.564000E-2	0.000000E+0	5.064070E+5
1.566000E-2	0.000000E+0	5.070070E+5
1.568000E-2	0.000000E+0	5.053560E+5
1.570000E-2	0.000000E+0	5.046760E+5
1.572000E-2	0.000000E+0	5.023170E+5
1.574000E-2	0.000000E+0	5.006590E+5
1.576000E-2	0.000000E+0	5.019110E+5
1.578000E-2	0.000000E+0	4.994890E+5
1.580000E-2	0.000000E+0	5.015440E+5
1.582000E-2	0.000000E+0	5.031410E+5
1.584000E-2	0.000000E+0	5.043300E+5
1.586000E-2	0.000000E+0	5.064130E+5
1.588000E-2	0.000000E+0	5.084270E+5
1.590000E-2	0.000000E+0	5.094820E+5
1.592000E-2	0.000000E+0	5.108390E+5
1.594000E-2	0.000000E+0	5.104650E+5
1.596000E-2	0.000000E+0	5.120930E+5
1.598000E-2	0.000000E+0	5.136080E+5
1.600000E-2	0.000000E+0	5.144270E+5
1.602000E-2	0.000000E+0	5.137960E+5
1.604000E-2	0.000000E+0	5.136080E+5
1.606000E-2	0.000000E+0	5.138100E+5
1.608000E-2	0.000000E+0	5.142950E+5
1.610000E-2	0.000000E+0	5.153510E+5
1.612000E-2	0.000000E+0	5.148150E+5
1.614000E-2	0.000000E+0	5.143010E+5
1.616000E-2	0.000000E+0	5.162760E+5
1.618000E-2	0.000000E+0	5.147880E+5
1.620000E-2	0.000000E+0	5.146220E+5
1.622000E-2	0.000000E+0	5.145190E+5
1.624000E-2	0.000000E+0	5.144570E+5
1.626000E-2	0.000000E+0	5.147750E+5
1.628000E-2	0.000000E+0	5.159770E+5
1.630000E-2	0.000000E+0	5.146380E+5
1.632000E-2	0.000000E+0	5.152310E+5
1.634000E-2	0.000000E+0	5.149640E+5
1.636000E-2	0.000000E+0	5.154980E+5
1.638000E-2	0.000000E+0	5.148340E+5
1.640000E-2	0.000000E+0	5.154310E+5
1.642000E-2	0.000000E+0	5.147260E+5
1.644000E-2	0.000000E+0	5.140320E+5
1.646000E-2	0.000000E+0	5.147390E+5
1.648000E-2	0.000000E+0	5.140970E+5
1.650000E-2	0.000000E+0	5.143290E+5
1.652000E-2	0.000000E+0	5.156980E+5
1.654000E-2	0.000000E+0	5.144470E+5
1.656000E-2	0.000000E+0	5.143670E+5
1.658000E-2	0.000000E+0	5.149280E+5
1.660000E-2	0.000000E+0	5.147280E+5
1.662000E-2	0.000000E+0	5.146430E+5
1.664000E-2	0.000000E+0	5.143930E+5
1.666000E-2	0.000000E+0	5.145160E+5
1.668000E-2	0.000000E+0	5.142960E+5
1.670000E-2	0.000000E+0	5.146210E+5
1.672000E-2	0.000000E+0	5.152530E+5
1.674000E-2	0.000000E+0	5.143420E+5
1.676000E-2	0.000000E+0	5.137420E+5
1.678000E-2	0.000000E+0	5.137660E+5
1.680000E-2	0.000000E+0	5.147090E+5
1.682000E-2	0.000000E+0	5.148990E+5
1.684000E-2	0.000000E+0	5.152530E+5
1.686000E-2	0.000000E+0	5.165720E+5
1.688000E-2	0.000000E+0	5.149910E+5
1.690000E-2	0.000000E+0	5.147890E+5
1.692000E-2	0.000000E+0	5.152050E+5
1.694000E-2	0.000000E+0	5.146210E+5
1.696000E-2	0.000000E+0	5.137810E+5
1.698000E-2	0.000000E+0	5.144380E+5
1.700000E-2	0.000000E+0	5.156050E+5
1.702000E-2	0.000000E+0	5.149990E+5
1.704000E-2	0.000000E+0	5.155600E+5
1.706000E-2	0.000000E+0	5.156250E+5
1.708000E-2	0.000000E+0	5.144770E+5
1.710000E-2	0.000000E+0	5.155400E+5
1.712000E-2	0.000000E+0	5.148970E+5
1.714000E-2	0.000000E+0	5.139700E+5
1.716000E-2	0.000000E+0	5.152940E+5
1.718000E-2	0.000000E+0	5.149520E+5
1.720000E-2	0.000000E+0	5.156110E+5
1.722000E-2	0.000000E+0	5.159430E+5
1.724000E-2	0.000000E+0	5.144940E+5
1.726000E-2	0.000000E+0	5.142360E+5
1.728000E-2	0.000000E+0	5.141870E+5
1.730000E-2	0.000000E+0	5.147010E+5
1.732000E-2	0.000000E+0	5.145020E+5
1.734000E-2	0.000000E+0	5.150290E+5
1.736000E-2	0.000000E+0	5.159580E+5
1.738000E-2	0.000000E+0	5.161010E+5
1.740000E-2	0.000000E+0	5.157310E+5
1.742000E-2	0.000000E+0	5.141470E+5
1.744000E-2	0.000000E+0	5.147860E+5
1.746000E-2	0.000000E+0	5.147800E+5
1.748000E-2	0.000000E+0	5.146210E+5
1.750000E-2	0.000000E+0	5.152030E+5
1.752000E-2	0.000000E+0	5.156020E+5
1.754000E-2	0.000000E+0	5.145020E+5
1.756000E-2	0.000000E+0	5.139900E+5
1.758000E-2	0.000000E+0	5.147340E+5
1.760000E-2	0.000000E+0	5.151660E+5
1.762000E-2	0.000000E+0	5.154400E+5
1.764000E-2	0.000000E+0	5.153790E+5
1.766000E-2	0.000000E+0	5.145620E+5
1.768000E-2	0.000000E+0	5.151070E+5
1.770000E-2	0.000000E+0	5.148830E+5
1.772000E-2	0.000000E+0	5.161740E+5
1.774000E-2	0.000000E+0	5.149110E+5
1.776000E-2	0.000000E+0	5.143390E+5
1.778000E-2	0.000000E+0	5.155350E+5
1.780000E-2	0.000000E+0	5.134090E+5
1.782000E-2	0.000000E+0	5.147720E+5
1.784000E-2	0.000000E+0	5.147280E+5
1.786000E-2	0.000000E+0	5.145590E+5
1.788000E-2	0.000000E+0	5.150250E+5
1.790000E-2	0.000000E+0	5.152970E+5
1.792000E-2	0.000000E+0	5.140480E+5
1.794000E-2	0.000000E+0	5.147970E+5
1.796000E-2	0.000000E+0	5.148480E+5
1.798000E-2	0.000000E+0	5.153690E+5
1.800000E-2	0.000000E+0	5.136730E+5
1.802000E-2	0.000000E+0	5.143500E+5
1.804000E-2	0.000000E+0	5.136090E+5
1.806000E-2	0.000000E+0	5.143540E+5
1.808000E-2	0.000000E+0	5.143070E+5
1.810000E-2	0.000000E+0	5.152200E+5
1.812000E-2	0.000000E+0	5.161900E+5
1.814000E-2	0.000000E+0	5.159370E+5
1.816000E-2	0.000000E+0	5.157870E+5
1.818000E-2	0.000000E+0	5.140360E+5
1.820000E-2	0.000000E+0	5.156690E+5
1.822000E-2	0.000000E+0	5.143300E+5
1.824000E-2	0.000000E+0	5.147010E+5
1.826000E-2	0.000000E+0	5.153250E+5
1.828000E-2	0.000000E+0	5.141010E+5
1.830000E-2	0.000000E+0	5.140670E+5
1.832000E-2	0.000000E+0	5.157520E+5
1.834000E-2	0.000000E+0	5.142600E+5
1.836000E-2	0.000000E+0	5.159670E+5
1.838000E-2	0.000000E+0	5.145200E+5
1.840000E-2	0.000000E+0	5.143980E+5
1.842000E-2	0.000000E+0	5.141770E+5
1.844000E-2	0.000000E+0	5.141930E+5
1.846000E-2	0.000000E+0	5.132720E+5
1.848000E-2	0.000000E+0	5.159940E+5
1.850000E-2	0.000000E+0	5.152090E+5
1.852000E-2	0.000000E+0	5.150580E+5
1.854000E-2	0.000000E+0	5.163990E+5
1.856000E-2	0.000000E+0	5.135180E+5
1.858000E-2	0.000000E+0	5.138730E+5
1.860000E-2	0.000000E+0	5.149310E+5
1.862000E-2	0.000000E+0	5.143680E+5
1.864000E-2	0.000000E+0	5.135510E+5
1.866000E-2	0.000000E+0	5.154060E+5
1.868000E-2	0.000000E+0	5.143770E+5
1.870000E-2	0.000000E+0	5.148030E+5
1.872000E-2	0.000000E+0	5.152980E+5
1.874000E-2	0.000000E+0	5.131650E+5
1.876000E-2	0.000000E+0	5.147400E+5
1.878000E-2	0.000000E+0	5.147330E+5
1.880000E-2	0.000000E+0	5.146270E+5
1.882000E-2	0.000000E+0	5.145050E+5
1.884000E-2	0.000000E+0	5.153570E+5
1.886000E-2	0.000000E+0	5.147000E+5
1.888000E-2	0.000000E+0	5.140570E+5
1.890000E-2	0.000000E+0	5.145360E+5
1.892000E-2	0.000000E+0	5.161730E+5
1.894000E-2	0.000000E+0	5.150250E+5
1.896000E-2	0.000000E+0	5.150080E+5
1.898000E-2	0.000000E+0	5.154980E+5
1.900000E-2	0.000000E+0	5.142360E+5
1.902000E-2	0.000000E+0	5.140390E+5
1.904000E-2	0.000000E+0	5.150610E+5
1.906000E-2	0.000000E+0	5.156660E+5
1.908000E-2	0.000000E+0	5.151120E+5
1.910000E-2	0.000000E+0	5.134150E+5
1.912000E-2	0.000000E+0	5.137480E+5
1.914000E-2	0.000000E+0	5.148940E+5
1.916000E-2	0.000000E+0	5.144510E+5
1.918000E-2	0.000000E+0	5.139010E+5
1.920000E-2	0.000000E+0	5.151160E+5
1.922000E-2	0.000000E+0	5.148620E+5
1.924000E-2	0.000000E+0	5.146270E+5
1.926000E-2	0.000000E+0	5.154850E+5
1.928000E-2	0.000000E+0	5.158540E+5
1.930000E-2	0.000000E+0	5.147200E+5
1.932000E-2	0.000000E+0	5.145900E+5
1.934000E-2	0.000000E+0	5.149930E+5
1.936000E-2	0.000000E+0	5.144420E+5
1.938000E-2	0.000000E+0	5.151950E+5
1.940000E-2	0.000000E+0	5.133660E+5
1.942000E-2	0.000000E+0	5.159970E+5
1.944000E-2	0.000000E+0	5.158270E+5
1.946000E-2	0.000000E+0	5.137610E+5
1.948000E-2	0.000000E+0	5.149650E+5
1.950000E-2	0.000000E+0	5.150290E+5
1.952000E-2	0.000000E+0	5.157250E+5
1.954000E-2	0.000000E+0	5.145470E+5
1.956000E-2	0.000000E+0	5.155770E+5
1.958000E-2	0.000000E+0	5.143080E+5
1.960000E-2	0.000000E+0	5.150070E+5
1.962000E-2	0.000000E+0	5.146180E+5
1.964000E-2	0.000000E+0	5.155550E+5
1.966000E-2	0.000000E+0	5.155990E+5
1.968000E-2	0.000000E+0	5.147450E+5
1.970000E-2	0.000000E+0	5.146880E+5
1.972000E-2	0.000000E+0	5.148120E+5
1.974000E-2	0.000000E+0	5.151600E+5
1.976000E-2	0.000000E+0	5.133480E+5
1.978000E-2	0.000000E+0	5.143020E+5
1.980000E-2	0.000000E+0	5.151860E+5
1.982000E-2	0.000000E+0	5.140590E+5
1.984000E-2	0.000000E+0	5.149650E+5
1.986000E-2	0.000000E+0	5.136530E+5
1.988000E-2	0.000000E+0	5.136180E+5
1.990000E-2	0.000000E+0	5.147440E+5
1.992000E-2	0.000000E+0	5.143210E+5
1.994000E-2	0.000000E+0	5.163730E+5
1.996000E-2	0.000000E+0	5.141620E+5
1.998000E-2	0.000000E+0	5.151030E+5
