

live time:  267787.460000
real time:  374405.685000
sweeps:  13389373.000000
0.000000E+0	0.000000E+0	0.000000E+0
2.000000E-5	0.000000E+0	5.859030E+5
4.000000E-5	0.000000E+0	5.865860E+5
6.000000E-5	0.000000E+0	5.856110E+5
8.000000E-5	0.000000E+0	5.873860E+5
1.000000E-4	0.000000E+0	5.853020E+5
1.200000E-4	0.000000E+0	5.869080E+5
1.400000E-4	0.000000E+0	5.864680E+5
1.600000E-4	0.000000E+0	5.871410E+5
1.800000E-4	0.000000E+0	5.866750E+5
2.000000E-4	0.000000E+0	5.862850E+5
2.200000E-4	0.000000E+0	5.869980E+5
2.400000E-4	0.000000E+0	5.849250E+5
2.600000E-4	0.000000E+0	5.857110E+5
2.800000E-4	0.000000E+0	5.858420E+5
3.000000E-4	0.000000E+0	5.876270E+5
3.200000E-4	0.000000E+0	5.863980E+5
3.400000E-4	0.000000E+0	5.851740E+5
3.600000E-4	0.000000E+0	5.868100E+5
3.800000E-4	0.000000E+0	5.852330E+5
4.000000E-4	0.000000E+0	5.852750E+5
4.200000E-4	0.000000E+0	5.861370E+5
4.400000E-4	0.000000E+0	5.858820E+5
4.600000E-4	0.000000E+0	5.872510E+5
4.800000E-4	0.000000E+0	5.853920E+5
5.000000E-4	0.000000E+0	5.860810E+5
5.200000E-4	0.000000E+0	5.865890E+5
5.400000E-4	0.000000E+0	5.857560E+5
5.600000E-4	0.000000E+0	5.850490E+5
5.800000E-4	0.000000E+0	5.864880E+5
6.000000E-4	0.000000E+0	5.869710E+5
6.200000E-4	0.000000E+0	5.856160E+5
6.400000E-4	0.000000E+0	5.864030E+5
6.600000E-4	0.000000E+0	5.850180E+5
6.800000E-4	0.000000E+0	5.850490E+5
7.000000E-4	0.000000E+0	5.861420E+5
7.200000E-4	0.000000E+0	5.871110E+5
7.400000E-4	0.000000E+0	5.856060E+5
7.600000E-4	0.000000E+0	5.856500E+5
7.800000E-4	0.000000E+0	5.851780E+5
8.000000E-4	0.000000E+0	5.864850E+5
8.200000E-4	0.000000E+0	5.853840E+5
8.400000E-4	0.000000E+0	5.855640E+5
8.600000E-4	0.000000E+0	5.864390E+5
8.800000E-4	0.000000E+0	5.849670E+5
9.000000E-4	0.000000E+0	5.871760E+5
9.200000E-4	0.000000E+0	5.853700E+5
9.400000E-4	0.000000E+0	5.863420E+5
9.600000E-4	0.000000E+0	5.853340E+5
9.800000E-4	0.000000E+0	5.870070E+5
1.000000E-3	0.000000E+0	5.860580E+5
1.020000E-3	0.000000E+0	5.860290E+5
1.040000E-3	0.000000E+0	5.858470E+5
1.060000E-3	0.000000E+0	5.859600E+5
1.080000E-3	0.000000E+0	5.857740E+5
1.100000E-3	0.000000E+0	5.858840E+5
1.120000E-3	0.000000E+0	5.866950E+5
1.140000E-3	0.000000E+0	5.846660E+5
1.160000E-3	0.000000E+0	5.857490E+5
1.180000E-3	0.000000E+0	5.851960E+5
1.200000E-3	0.000000E+0	5.866510E+5
1.220000E-3	0.000000E+0	5.871830E+5
1.240000E-3	0.000000E+0	5.863990E+5
1.260000E-3	0.000000E+0	5.862550E+5
1.280000E-3	0.000000E+0	5.862520E+5
1.300000E-3	0.000000E+0	5.847890E+5
1.320000E-3	0.000000E+0	5.872700E+5
1.340000E-3	0.000000E+0	5.859760E+5
1.360000E-3	0.000000E+0	5.850930E+5
1.380000E-3	0.000000E+0	5.867400E+5
1.400000E-3	0.000000E+0	5.860840E+5
1.420000E-3	0.000000E+0	5.863580E+5
1.440000E-3	0.000000E+0	5.859250E+5
1.460000E-3	0.000000E+0	5.850910E+5
1.480000E-3	0.000000E+0	5.865600E+5
1.500000E-3	0.000000E+0	5.857740E+5
1.520000E-3	0.000000E+0	5.848370E+5
1.540000E-3	0.000000E+0	5.864290E+5
1.560000E-3	0.000000E+0	5.853260E+5
1.580000E-3	0.000000E+0	5.866430E+5
1.600000E-3	0.000000E+0	5.857210E+5
1.620000E-3	0.000000E+0	5.852770E+5
1.640000E-3	0.000000E+0	5.849810E+5
1.660000E-3	0.000000E+0	5.862020E+5
1.680000E-3	0.000000E+0	5.863540E+5
1.700000E-3	0.000000E+0	5.847070E+5
1.720000E-3	0.000000E+0	5.867780E+5
1.740000E-3	0.000000E+0	5.871350E+5
1.760000E-3	0.000000E+0	5.856420E+5
1.780000E-3	0.000000E+0	5.874640E+5
1.800000E-3	0.000000E+0	5.871200E+5
1.820000E-3	0.000000E+0	5.851510E+5
1.840000E-3	0.000000E+0	5.847730E+5
1.860000E-3	0.000000E+0	5.857870E+5
1.880000E-3	0.000000E+0	5.859600E+5
1.900000E-3	0.000000E+0	5.848860E+5
1.920000E-3	0.000000E+0	5.859750E+5
1.940000E-3	0.000000E+0	5.856740E+5
1.960000E-3	0.000000E+0	5.862400E+5
1.980000E-3	0.000000E+0	5.866740E+5
2.000000E-3	0.000000E+0	5.853000E+5
2.020000E-3	0.000000E+0	5.855440E+5
2.040000E-3	0.000000E+0	5.854450E+5
2.060000E-3	0.000000E+0	5.873480E+5
2.080000E-3	0.000000E+0	5.873820E+5
2.100000E-3	0.000000E+0	5.866880E+5
2.120000E-3	0.000000E+0	5.865400E+5
2.140000E-3	0.000000E+0	5.846340E+5
2.160000E-3	0.000000E+0	5.852420E+5
2.180000E-3	0.000000E+0	5.858710E+5
2.200000E-3	0.000000E+0	5.869120E+5
2.220000E-3	0.000000E+0	5.866700E+5
2.240000E-3	0.000000E+0	5.858850E+5
2.260000E-3	0.000000E+0	5.862460E+5
2.280000E-3	0.000000E+0	5.861010E+5
2.300000E-3	0.000000E+0	5.869680E+5
2.320000E-3	0.000000E+0	5.857040E+5
2.340000E-3	0.000000E+0	5.859770E+5
2.360000E-3	0.000000E+0	5.860470E+5
2.380000E-3	0.000000E+0	5.878470E+5
2.400000E-3	0.000000E+0	5.843100E+5
2.420000E-3	0.000000E+0	5.856000E+5
2.440000E-3	0.000000E+0	5.855240E+5
2.460000E-3	0.000000E+0	5.864360E+5
2.480000E-3	0.000000E+0	5.877420E+5
2.500000E-3	0.000000E+0	5.860250E+5
2.520000E-3	0.000000E+0	5.861390E+5
2.540000E-3	0.000000E+0	5.853170E+5
2.560000E-3	0.000000E+0	5.862240E+5
2.580000E-3	0.000000E+0	5.856660E+5
2.600000E-3	0.000000E+0	5.872580E+5
2.620000E-3	0.000000E+0	5.859000E+5
2.640000E-3	0.000000E+0	5.841530E+5
2.660000E-3	0.000000E+0	5.870860E+5
2.680000E-3	0.000000E+0	5.860340E+5
2.700000E-3	0.000000E+0	5.865040E+5
2.720000E-3	0.000000E+0	5.842610E+5
2.740000E-3	0.000000E+0	5.855200E+5
2.760000E-3	0.000000E+0	5.856700E+5
2.780000E-3	0.000000E+0	5.859090E+5
2.800000E-3	0.000000E+0	5.865530E+5
2.820000E-3	0.000000E+0	5.853340E+5
2.840000E-3	0.000000E+0	5.849340E+5
2.860000E-3	0.000000E+0	5.867760E+5
2.880000E-3	0.000000E+0	5.859720E+5
2.900000E-3	0.000000E+0	5.857790E+5
2.920000E-3	0.000000E+0	5.848430E+5
2.940000E-3	0.000000E+0	5.863420E+5
2.960000E-3	0.000000E+0	5.859940E+5
2.980000E-3	0.000000E+0	5.858430E+5
3.000000E-3	0.000000E+0	5.857800E+5
3.020000E-3	0.000000E+0	5.862930E+5
3.040000E-3	0.000000E+0	5.866410E+5
3.060000E-3	0.000000E+0	5.876500E+5
3.080000E-3	0.000000E+0	5.854620E+5
3.100000E-3	0.000000E+0	5.856230E+5
3.120000E-3	0.000000E+0	5.863440E+5
3.140000E-3	0.000000E+0	5.868780E+5
3.160000E-3	0.000000E+0	5.850070E+5
3.180000E-3	0.000000E+0	5.863820E+5
3.200000E-3	0.000000E+0	5.858890E+5
3.220000E-3	0.000000E+0	5.863880E+5
3.240000E-3	0.000000E+0	5.871880E+5
3.260000E-3	0.000000E+0	5.864260E+5
3.280000E-3	0.000000E+0	5.860200E+5
3.300000E-3	0.000000E+0	5.857110E+5
3.320000E-3	0.000000E+0	5.861900E+5
3.340000E-3	0.000000E+0	5.850820E+5
3.360000E-3	0.000000E+0	5.856110E+5
3.380000E-3	0.000000E+0	5.847020E+5
3.400000E-3	0.000000E+0	5.855200E+5
3.420000E-3	0.000000E+0	5.876990E+5
3.440000E-3	0.000000E+0	5.855550E+5
3.460000E-3	0.000000E+0	5.862330E+5
3.480000E-3	0.000000E+0	5.852660E+5
3.500000E-3	0.000000E+0	5.860370E+5
3.520000E-3	0.000000E+0	5.849700E+5
3.540000E-3	0.000000E+0	5.858130E+5
3.560000E-3	0.000000E+0	5.857740E+5
3.580000E-3	0.000000E+0	5.855040E+5
3.600000E-3	0.000000E+0	5.854600E+5
3.620000E-3	0.000000E+0	5.835970E+5
3.640000E-3	0.000000E+0	5.869690E+5
3.660000E-3	0.000000E+0	5.857800E+5
3.680000E-3	0.000000E+0	5.858320E+5
3.700000E-3	0.000000E+0	5.852950E+5
3.720000E-3	0.000000E+0	5.852230E+5
3.740000E-3	0.000000E+0	5.858360E+5
3.760000E-3	0.000000E+0	5.857630E+5
3.780000E-3	0.000000E+0	5.851020E+5
3.800000E-3	0.000000E+0	5.847660E+5
3.820000E-3	0.000000E+0	5.855190E+5
3.840000E-3	0.000000E+0	5.856770E+5
3.860000E-3	0.000000E+0	5.857550E+5
3.880000E-3	0.000000E+0	5.846130E+5
3.900000E-3	0.000000E+0	5.858510E+5
3.920000E-3	0.000000E+0	5.874980E+5
3.940000E-3	0.000000E+0	5.863420E+5
3.960000E-3	0.000000E+0	5.865250E+5
3.980000E-3	0.000000E+0	5.864080E+5
4.000000E-3	0.000000E+0	5.853340E+5
4.020000E-3	0.000000E+0	5.866540E+5
4.040000E-3	0.000000E+0	5.856460E+5
4.060000E-3	0.000000E+0	5.862690E+5
4.080000E-3	0.000000E+0	5.861800E+5
4.100000E-3	0.000000E+0	5.857850E+5
4.120000E-3	0.000000E+0	5.860180E+5
4.140000E-3	0.000000E+0	5.852160E+5
4.160000E-3	0.000000E+0	5.858680E+5
4.180000E-3	0.000000E+0	5.847220E+5
4.200000E-3	0.000000E+0	5.859980E+5
4.220000E-3	0.000000E+0	5.854910E+5
4.240000E-3	0.000000E+0	5.851050E+5
4.260000E-3	0.000000E+0	5.849650E+5
4.280000E-3	0.000000E+0	5.859920E+5
4.300000E-3	0.000000E+0	5.858420E+5
4.320000E-3	0.000000E+0	5.852530E+5
4.340000E-3	0.000000E+0	5.855730E+5
4.360000E-3	0.000000E+0	5.859200E+5
4.380000E-3	0.000000E+0	5.853880E+5
4.400000E-3	0.000000E+0	5.865580E+5
4.420000E-3	0.000000E+0	5.857490E+5
4.440000E-3	0.000000E+0	5.856310E+5
4.460000E-3	0.000000E+0	5.862080E+5
4.480000E-3	0.000000E+0	5.846610E+5
4.500000E-3	0.000000E+0	5.856600E+5
4.520000E-3	0.000000E+0	5.852050E+5
4.540000E-3	0.000000E+0	5.843420E+5
4.560000E-3	0.000000E+0	5.851870E+5
4.580000E-3	0.000000E+0	5.857040E+5
4.600000E-3	0.000000E+0	5.859870E+5
4.620000E-3	0.000000E+0	5.850000E+5
4.640000E-3	0.000000E+0	5.855370E+5
4.660000E-3	0.000000E+0	5.860930E+5
4.680000E-3	0.000000E+0	5.853330E+5
4.700000E-3	0.000000E+0	5.860270E+5
4.720000E-3	0.000000E+0	5.852220E+5
4.740000E-3	0.000000E+0	5.846890E+5
4.760000E-3	0.000000E+0	5.862680E+5
4.780000E-3	0.000000E+0	5.841470E+5
4.800000E-3	0.000000E+0	5.845020E+5
4.820000E-3	0.000000E+0	5.839280E+5
4.840000E-3	0.000000E+0	5.840190E+5
4.860000E-3	0.000000E+0	5.820820E+5
4.880000E-3	0.000000E+0	5.812630E+5
4.900000E-3	0.000000E+0	5.809700E+5
4.920000E-3	0.000000E+0	5.776680E+5
4.940000E-3	0.000000E+0	5.768450E+5
4.960000E-3	0.000000E+0	5.760970E+5
4.980000E-3	0.000000E+0	5.768350E+5
5.000000E-3	0.000000E+0	5.748620E+5
5.020000E-3	0.000000E+0	5.727920E+5
5.040000E-3	0.000000E+0	5.705530E+5
5.060000E-3	0.000000E+0	5.684610E+5
5.080000E-3	0.000000E+0	5.703330E+5
5.100000E-3	0.000000E+0	5.700960E+5
5.120000E-3	0.000000E+0	5.696650E+5
5.140000E-3	0.000000E+0	5.716530E+5
5.160000E-3	0.000000E+0	5.742760E+5
5.180000E-3	0.000000E+0	5.754980E+5
5.200000E-3	0.000000E+0	5.769020E+5
5.220000E-3	0.000000E+0	5.791160E+5
5.240000E-3	0.000000E+0	5.783230E+5
5.260000E-3	0.000000E+0	5.825830E+5
5.280000E-3	0.000000E+0	5.798540E+5
5.300000E-3	0.000000E+0	5.819680E+5
5.320000E-3	0.000000E+0	5.837730E+5
5.340000E-3	0.000000E+0	5.842230E+5
5.360000E-3	0.000000E+0	5.851210E+5
5.380000E-3	0.000000E+0	5.836180E+5
5.400000E-3	0.000000E+0	5.856230E+5
5.420000E-3	0.000000E+0	5.850180E+5
5.440000E-3	0.000000E+0	5.844280E+5
5.460000E-3	0.000000E+0	5.834370E+5
5.480000E-3	0.000000E+0	5.833520E+5
5.500000E-3	0.000000E+0	5.834580E+5
5.520000E-3	0.000000E+0	5.813330E+5
5.540000E-3	0.000000E+0	5.807440E+5
5.560000E-3	0.000000E+0	5.775770E+5
5.580000E-3	0.000000E+0	5.770320E+5
5.600000E-3	0.000000E+0	5.756440E+5
5.620000E-3	0.000000E+0	5.760840E+5
5.640000E-3	0.000000E+0	5.764880E+5
5.660000E-3	0.000000E+0	5.741440E+5
5.680000E-3	0.000000E+0	5.735050E+5
5.700000E-3	0.000000E+0	5.700680E+5
5.720000E-3	0.000000E+0	5.700250E+5
5.740000E-3	0.000000E+0	5.714560E+5
5.760000E-3	0.000000E+0	5.717390E+5
5.780000E-3	0.000000E+0	5.721970E+5
5.800000E-3	0.000000E+0	5.749490E+5
5.820000E-3	0.000000E+0	5.767140E+5
5.840000E-3	0.000000E+0	5.779850E+5
5.860000E-3	0.000000E+0	5.779490E+5
5.880000E-3	0.000000E+0	5.801550E+5
5.900000E-3	0.000000E+0	5.822010E+5
5.920000E-3	0.000000E+0	5.841420E+5
5.940000E-3	0.000000E+0	5.834170E+5
5.960000E-3	0.000000E+0	5.837260E+5
5.980000E-3	0.000000E+0	5.852940E+5
6.000000E-3	0.000000E+0	5.848560E+5
6.020000E-3	0.000000E+0	5.845240E+5
6.040000E-3	0.000000E+0	5.850350E+5
6.060000E-3	0.000000E+0	5.852340E+5
6.080000E-3	0.000000E+0	5.855360E+5
6.100000E-3	0.000000E+0	5.838600E+5
6.120000E-3	0.000000E+0	5.852140E+5
6.140000E-3	0.000000E+0	5.853230E+5
6.160000E-3	0.000000E+0	5.844570E+5
6.180000E-3	0.000000E+0	5.860210E+5
6.200000E-3	0.000000E+0	5.852670E+5
6.220000E-3	0.000000E+0	5.856820E+5
6.240000E-3	0.000000E+0	5.848320E+5
6.260000E-3	0.000000E+0	5.861690E+5
6.280000E-3	0.000000E+0	5.866780E+5
6.300000E-3	0.000000E+0	5.865380E+5
6.320000E-3	0.000000E+0	5.859050E+5
6.340000E-3	0.000000E+0	5.856570E+5
6.360000E-3	0.000000E+0	5.853820E+5
6.380000E-3	0.000000E+0	5.869280E+5
6.400000E-3	0.000000E+0	5.853370E+5
6.420000E-3	0.000000E+0	5.843080E+5
6.440000E-3	0.000000E+0	5.875020E+5
6.460000E-3	0.000000E+0	5.847220E+5
6.480000E-3	0.000000E+0	5.851870E+5
6.500000E-3	0.000000E+0	5.848860E+5
6.520000E-3	0.000000E+0	5.861210E+5
6.540000E-3	0.000000E+0	5.854460E+5
6.560000E-3	0.000000E+0	5.864880E+5
6.580000E-3	0.000000E+0	5.849020E+5
6.600000E-3	0.000000E+0	5.862740E+5
6.620000E-3	0.000000E+0	5.856210E+5
6.640000E-3	0.000000E+0	5.861560E+5
6.660000E-3	0.000000E+0	5.847730E+5
6.680000E-3	0.000000E+0	5.859220E+5
6.700000E-3	0.000000E+0	5.865410E+5
6.720000E-3	0.000000E+0	5.857190E+5
6.740000E-3	0.000000E+0	5.858070E+5
6.760000E-3	0.000000E+0	5.865540E+5
6.780000E-3	0.000000E+0	5.851830E+5
6.800000E-3	0.000000E+0	5.863730E+5
6.820000E-3	0.000000E+0	5.860250E+5
6.840000E-3	0.000000E+0	5.856350E+5
6.860000E-3	0.000000E+0	5.860680E+5
6.880000E-3	0.000000E+0	5.866400E+5
6.900000E-3	0.000000E+0	5.856520E+5
6.920000E-3	0.000000E+0	5.845860E+5
6.940000E-3	0.000000E+0	5.860260E+5
6.960000E-3	0.000000E+0	5.840510E+5
6.980000E-3	0.000000E+0	5.855000E+5
7.000000E-3	0.000000E+0	5.852100E+5
7.020000E-3	0.000000E+0	5.862710E+5
7.040000E-3	0.000000E+0	5.859470E+5
7.060000E-3	0.000000E+0	5.864890E+5
7.080000E-3	0.000000E+0	5.855790E+5
7.100000E-3	0.000000E+0	5.846500E+5
7.120000E-3	0.000000E+0	5.864380E+5
7.140000E-3	0.000000E+0	5.849450E+5
7.160000E-3	0.000000E+0	5.852670E+5
7.180000E-3	0.000000E+0	5.850130E+5
7.200000E-3	0.000000E+0	5.854730E+5
7.220000E-3	0.000000E+0	5.870410E+5
7.240000E-3	0.000000E+0	5.856000E+5
7.260000E-3	0.000000E+0	5.857790E+5
7.280000E-3	0.000000E+0	5.859670E+5
7.300000E-3	0.000000E+0	5.860380E+5
7.320000E-3	0.000000E+0	5.856590E+5
7.340000E-3	0.000000E+0	5.870810E+5
7.360000E-3	0.000000E+0	5.856200E+5
7.380000E-3	0.000000E+0	5.868830E+5
7.400000E-3	0.000000E+0	5.864630E+5
7.420000E-3	0.000000E+0	5.854330E+5
7.440000E-3	0.000000E+0	5.857980E+5
7.460000E-3	0.000000E+0	5.854190E+5
7.480000E-3	0.000000E+0	5.849650E+5
7.500000E-3	0.000000E+0	5.870920E+5
7.520000E-3	0.000000E+0	5.861830E+5
7.540000E-3	0.000000E+0	5.858520E+5
7.560000E-3	0.000000E+0	5.863480E+5
7.580000E-3	0.000000E+0	5.857780E+5
7.600000E-3	0.000000E+0	5.858740E+5
7.620000E-3	0.000000E+0	5.863760E+5
7.640000E-3	0.000000E+0	5.869950E+5
7.660000E-3	0.000000E+0	5.855420E+5
7.680000E-3	0.000000E+0	5.859240E+5
7.700000E-3	0.000000E+0	5.856470E+5
7.720000E-3	0.000000E+0	5.867030E+5
7.740000E-3	0.000000E+0	5.853730E+5
7.760000E-3	0.000000E+0	5.864980E+5
7.780000E-3	0.000000E+0	5.873010E+5
7.800000E-3	0.000000E+0	5.857220E+5
7.820000E-3	0.000000E+0	5.855440E+5
7.840000E-3	0.000000E+0	5.874980E+5
7.860000E-3	0.000000E+0	5.858420E+5
7.880000E-3	0.000000E+0	5.851760E+5
7.900000E-3	0.000000E+0	5.860470E+5
7.920000E-3	0.000000E+0	5.856500E+5
7.940000E-3	0.000000E+0	5.868790E+5
7.960000E-3	0.000000E+0	5.878380E+5
7.980000E-3	0.000000E+0	5.868300E+5
8.000000E-3	0.000000E+0	5.862000E+5
8.020000E-3	0.000000E+0	5.859640E+5
8.040000E-3	0.000000E+0	5.845240E+5
8.060000E-3	0.000000E+0	5.848190E+5
8.080000E-3	0.000000E+0	5.866520E+5
8.100000E-3	0.000000E+0	5.873730E+5
8.120000E-3	0.000000E+0	5.866480E+5
8.140000E-3	0.000000E+0	5.852210E+5
8.160000E-3	0.000000E+0	5.856130E+5
8.180000E-3	0.000000E+0	5.854910E+5
8.200000E-3	0.000000E+0	5.860140E+5
8.220000E-3	0.000000E+0	5.862770E+5
8.240000E-3	0.000000E+0	5.866610E+5
8.260000E-3	0.000000E+0	5.876440E+5
8.280000E-3	0.000000E+0	5.850860E+5
8.300000E-3	0.000000E+0	5.861190E+5
8.320000E-3	0.000000E+0	5.852630E+5
8.340000E-3	0.000000E+0	5.847720E+5
8.360000E-3	0.000000E+0	5.853460E+5
8.380000E-3	0.000000E+0	5.848770E+5
8.400000E-3	0.000000E+0	5.849640E+5
8.420000E-3	0.000000E+0	5.859950E+5
8.440000E-3	0.000000E+0	5.866080E+5
8.460000E-3	0.000000E+0	5.868940E+5
8.480000E-3	0.000000E+0	5.871370E+5
8.500000E-3	0.000000E+0	5.849380E+5
8.520000E-3	0.000000E+0	5.860430E+5
8.540000E-3	0.000000E+0	5.869370E+5
8.560000E-3	0.000000E+0	5.862560E+5
8.580000E-3	0.000000E+0	5.872160E+5
8.600000E-3	0.000000E+0	5.867090E+5
8.620000E-3	0.000000E+0	5.878080E+5
8.640000E-3	0.000000E+0	5.859770E+5
8.660000E-3	0.000000E+0	5.853000E+5
8.680000E-3	0.000000E+0	5.863870E+5
8.700000E-3	0.000000E+0	5.842350E+5
8.720000E-3	0.000000E+0	5.870170E+5
8.740000E-3	0.000000E+0	5.846450E+5
8.760000E-3	0.000000E+0	5.855960E+5
8.780000E-3	0.000000E+0	5.860880E+5
8.800000E-3	0.000000E+0	5.868030E+5
8.820000E-3	0.000000E+0	5.863060E+5
8.840000E-3	0.000000E+0	5.851330E+5
8.860000E-3	0.000000E+0	5.879050E+5
8.880000E-3	0.000000E+0	5.852750E+5
8.900000E-3	0.000000E+0	5.862500E+5
8.920000E-3	0.000000E+0	5.854250E+5
8.940000E-3	0.000000E+0	5.839930E+5
8.960000E-3	0.000000E+0	5.868290E+5
8.980000E-3	0.000000E+0	5.852860E+5
9.000000E-3	0.000000E+0	5.860520E+5
9.020000E-3	0.000000E+0	5.842980E+5
9.040000E-3	0.000000E+0	5.858650E+5
9.060000E-3	0.000000E+0	5.884790E+5
9.080000E-3	0.000000E+0	5.854600E+5
9.100000E-3	0.000000E+0	5.875020E+5
9.120000E-3	0.000000E+0	5.846530E+5
9.140000E-3	0.000000E+0	5.866510E+5
9.160000E-3	0.000000E+0	5.860070E+5
9.180000E-3	0.000000E+0	5.847260E+5
9.200000E-3	0.000000E+0	5.856330E+5
9.220000E-3	0.000000E+0	5.861590E+5
9.240000E-3	0.000000E+0	5.862380E+5
9.260000E-3	0.000000E+0	5.872850E+5
9.280000E-3	0.000000E+0	5.866530E+5
9.300000E-3	0.000000E+0	5.865720E+5
9.320000E-3	0.000000E+0	5.855390E+5
9.340000E-3	0.000000E+0	5.861260E+5
9.360000E-3	0.000000E+0	5.862000E+5
9.380000E-3	0.000000E+0	5.870690E+5
9.400000E-3	0.000000E+0	5.869090E+5
9.420000E-3	0.000000E+0	5.872540E+5
9.440000E-3	0.000000E+0	5.853420E+5
9.460000E-3	0.000000E+0	5.868390E+5
9.480000E-3	0.000000E+0	5.858950E+5
9.500000E-3	0.000000E+0	5.849050E+5
9.520000E-3	0.000000E+0	5.872310E+5
9.540000E-3	0.000000E+0	5.844470E+5
9.560000E-3	0.000000E+0	5.858460E+5
9.580000E-3	0.000000E+0	5.862980E+5
9.600000E-3	0.000000E+0	5.862690E+5
9.620000E-3	0.000000E+0	5.864770E+5
9.640000E-3	0.000000E+0	5.852640E+5
9.660000E-3	0.000000E+0	5.874320E+5
9.680000E-3	0.000000E+0	5.854870E+5
9.700000E-3	0.000000E+0	5.856110E+5
9.720000E-3	0.000000E+0	5.859100E+5
9.740000E-3	0.000000E+0	5.862640E+5
9.760000E-3	0.000000E+0	5.858680E+5
9.780000E-3	0.000000E+0	5.866970E+5
9.800000E-3	0.000000E+0	5.862530E+5
9.820000E-3	0.000000E+0	5.865030E+5
9.840000E-3	0.000000E+0	5.860360E+5
9.860000E-3	0.000000E+0	5.852200E+5
9.880000E-3	0.000000E+0	5.871230E+5
9.900000E-3	0.000000E+0	5.878960E+5
9.920000E-3	0.000000E+0	5.863860E+5
9.940000E-3	0.000000E+0	5.850210E+5
9.960000E-3	0.000000E+0	5.854800E+5
9.980000E-3	0.000000E+0	5.870360E+5
1.000000E-2	0.000000E+0	5.862710E+5
1.002000E-2	0.000000E+0	5.858080E+5
1.004000E-2	0.000000E+0	5.870160E+5
1.006000E-2	0.000000E+0	5.849050E+5
1.008000E-2	0.000000E+0	5.858010E+5
1.010000E-2	0.000000E+0	5.855700E+5
1.012000E-2	0.000000E+0	5.873060E+5
1.014000E-2	0.000000E+0	5.880760E+5
1.016000E-2	0.000000E+0	5.867760E+5
1.018000E-2	0.000000E+0	5.862550E+5
1.020000E-2	0.000000E+0	5.867400E+5
1.022000E-2	0.000000E+0	5.864470E+5
1.024000E-2	0.000000E+0	5.856330E+5
1.026000E-2	0.000000E+0	5.872570E+5
1.028000E-2	0.000000E+0	5.863360E+5
1.030000E-2	0.000000E+0	5.866770E+5
1.032000E-2	0.000000E+0	5.854040E+5
1.034000E-2	0.000000E+0	5.871980E+5
1.036000E-2	0.000000E+0	5.863610E+5
1.038000E-2	0.000000E+0	5.869250E+5
1.040000E-2	0.000000E+0	5.855230E+5
1.042000E-2	0.000000E+0	5.866000E+5
1.044000E-2	0.000000E+0	5.863480E+5
1.046000E-2	0.000000E+0	5.871190E+5
1.048000E-2	0.000000E+0	5.876990E+5
1.050000E-2	0.000000E+0	5.858810E+5
1.052000E-2	0.000000E+0	5.874760E+5
1.054000E-2	0.000000E+0	5.875450E+5
1.056000E-2	0.000000E+0	5.861610E+5
1.058000E-2	0.000000E+0	5.879640E+5
1.060000E-2	0.000000E+0	5.855690E+5
1.062000E-2	0.000000E+0	5.858420E+5
1.064000E-2	0.000000E+0	5.868170E+5
1.066000E-2	0.000000E+0	5.860730E+5
1.068000E-2	0.000000E+0	5.864670E+5
1.070000E-2	0.000000E+0	5.853480E+5
1.072000E-2	0.000000E+0	5.859710E+5
1.074000E-2	0.000000E+0	5.868540E+5
1.076000E-2	0.000000E+0	5.862060E+5
1.078000E-2	0.000000E+0	5.873750E+5
1.080000E-2	0.000000E+0	5.874290E+5
1.082000E-2	0.000000E+0	5.875170E+5
1.084000E-2	0.000000E+0	5.864300E+5
1.086000E-2	0.000000E+0	5.868440E+5
1.088000E-2	0.000000E+0	5.861730E+5
1.090000E-2	0.000000E+0	5.865260E+5
1.092000E-2	0.000000E+0	5.864580E+5
1.094000E-2	0.000000E+0	5.855310E+5
1.096000E-2	0.000000E+0	5.863230E+5
1.098000E-2	0.000000E+0	5.870760E+5
1.100000E-2	0.000000E+0	5.870080E+5
1.102000E-2	0.000000E+0	5.854750E+5
1.104000E-2	0.000000E+0	5.870730E+5
1.106000E-2	0.000000E+0	5.864150E+5
1.108000E-2	0.000000E+0	5.869860E+5
1.110000E-2	0.000000E+0	5.860640E+5
1.112000E-2	0.000000E+0	5.855910E+5
1.114000E-2	0.000000E+0	5.871180E+5
1.116000E-2	0.000000E+0	5.847480E+5
1.118000E-2	0.000000E+0	5.862100E+5
1.120000E-2	0.000000E+0	5.854800E+5
1.122000E-2	0.000000E+0	5.877940E+5
1.124000E-2	0.000000E+0	5.879850E+5
1.126000E-2	0.000000E+0	5.851960E+5
1.128000E-2	0.000000E+0	5.849760E+5
1.130000E-2	0.000000E+0	5.864760E+5
1.132000E-2	0.000000E+0	5.877960E+5
1.134000E-2	0.000000E+0	5.851410E+5
1.136000E-2	0.000000E+0	5.870630E+5
1.138000E-2	0.000000E+0	5.862050E+5
1.140000E-2	0.000000E+0	5.876580E+5
1.142000E-2	0.000000E+0	5.854640E+5
1.144000E-2	0.000000E+0	5.873640E+5
1.146000E-2	0.000000E+0	5.859170E+5
1.148000E-2	0.000000E+0	5.862620E+5
1.150000E-2	0.000000E+0	5.860010E+5
1.152000E-2	0.000000E+0	5.860470E+5
1.154000E-2	0.000000E+0	5.856370E+5
1.156000E-2	0.000000E+0	5.864180E+5
1.158000E-2	0.000000E+0	5.856730E+5
1.160000E-2	0.000000E+0	5.867620E+5
1.162000E-2	0.000000E+0	5.866990E+5
1.164000E-2	0.000000E+0	5.872730E+5
1.166000E-2	0.000000E+0	5.881270E+5
1.168000E-2	0.000000E+0	5.868410E+5
1.170000E-2	0.000000E+0	5.875160E+5
1.172000E-2	0.000000E+0	5.871650E+5
1.174000E-2	0.000000E+0	5.865170E+5
1.176000E-2	0.000000E+0	5.865290E+5
1.178000E-2	0.000000E+0	5.848740E+5
1.180000E-2	0.000000E+0	5.865180E+5
1.182000E-2	0.000000E+0	5.873030E+5
1.184000E-2	0.000000E+0	5.877440E+5
1.186000E-2	0.000000E+0	5.856020E+5
1.188000E-2	0.000000E+0	5.855100E+5
1.190000E-2	0.000000E+0	5.857890E+5
1.192000E-2	0.000000E+0	5.854810E+5
1.194000E-2	0.000000E+0	5.879220E+5
1.196000E-2	0.000000E+0	5.864320E+5
1.198000E-2	0.000000E+0	5.861760E+5
1.200000E-2	0.000000E+0	5.863640E+5
1.202000E-2	0.000000E+0	5.864890E+5
1.204000E-2	0.000000E+0	5.858980E+5
1.206000E-2	0.000000E+0	5.865870E+5
1.208000E-2	0.000000E+0	5.872150E+5
1.210000E-2	0.000000E+0	5.867320E+5
1.212000E-2	0.000000E+0	5.858700E+5
1.214000E-2	0.000000E+0	5.852340E+5
1.216000E-2	0.000000E+0	5.861530E+5
1.218000E-2	0.000000E+0	5.859810E+5
1.220000E-2	0.000000E+0	5.860520E+5
1.222000E-2	0.000000E+0	5.868980E+5
1.224000E-2	0.000000E+0	5.867350E+5
1.226000E-2	0.000000E+0	5.857080E+5
1.228000E-2	0.000000E+0	5.864820E+5
1.230000E-2	0.000000E+0	5.866520E+5
1.232000E-2	0.000000E+0	5.867410E+5
1.234000E-2	0.000000E+0	5.872560E+5
1.236000E-2	0.000000E+0	5.864050E+5
1.238000E-2	0.000000E+0	5.878410E+5
1.240000E-2	0.000000E+0	5.869380E+5
1.242000E-2	0.000000E+0	5.869160E+5
1.244000E-2	0.000000E+0	5.871130E+5
1.246000E-2	0.000000E+0	5.865040E+5
1.248000E-2	0.000000E+0	5.863990E+5
1.250000E-2	0.000000E+0	5.858000E+5
1.252000E-2	0.000000E+0	5.885900E+5
1.254000E-2	0.000000E+0	5.870450E+5
1.256000E-2	0.000000E+0	5.855050E+5
1.258000E-2	0.000000E+0	5.872290E+5
1.260000E-2	0.000000E+0	5.875020E+5
1.262000E-2	0.000000E+0	5.854810E+5
1.264000E-2	0.000000E+0	5.855640E+5
1.266000E-2	0.000000E+0	5.885900E+5
1.268000E-2	0.000000E+0	5.866690E+5
1.270000E-2	0.000000E+0	5.860640E+5
1.272000E-2	0.000000E+0	5.873930E+5
1.274000E-2	0.000000E+0	5.860900E+5
1.276000E-2	0.000000E+0	5.866220E+5
1.278000E-2	0.000000E+0	5.861150E+5
1.280000E-2	0.000000E+0	5.858320E+5
1.282000E-2	0.000000E+0	5.855340E+5
1.284000E-2	0.000000E+0	5.865400E+5
1.286000E-2	0.000000E+0	5.870810E+5
1.288000E-2	0.000000E+0	5.870440E+5
1.290000E-2	0.000000E+0	5.863180E+5
1.292000E-2	0.000000E+0	5.865700E+5
1.294000E-2	0.000000E+0	5.856360E+5
1.296000E-2	0.000000E+0	5.865290E+5
1.298000E-2	0.000000E+0	5.864450E+5
1.300000E-2	0.000000E+0	5.868800E+5
1.302000E-2	0.000000E+0	5.874940E+5
1.304000E-2	0.000000E+0	5.866870E+5
1.306000E-2	0.000000E+0	5.855370E+5
1.308000E-2	0.000000E+0	5.878070E+5
1.310000E-2	0.000000E+0	5.870590E+5
1.312000E-2	0.000000E+0	5.861570E+5
1.314000E-2	0.000000E+0	5.874950E+5
1.316000E-2	0.000000E+0	5.863830E+5
1.318000E-2	0.000000E+0	5.862230E+5
1.320000E-2	0.000000E+0	5.868160E+5
1.322000E-2	0.000000E+0	5.867160E+5
1.324000E-2	0.000000E+0	5.852590E+5
1.326000E-2	0.000000E+0	5.873800E+5
1.328000E-2	0.000000E+0	5.873530E+5
1.330000E-2	0.000000E+0	5.847790E+5
1.332000E-2	0.000000E+0	5.861800E+5
1.334000E-2	0.000000E+0	5.857970E+5
1.336000E-2	0.000000E+0	5.867350E+5
1.338000E-2	0.000000E+0	5.869540E+5
1.340000E-2	0.000000E+0	5.861480E+5
1.342000E-2	0.000000E+0	5.853780E+5
1.344000E-2	0.000000E+0	5.860980E+5
1.346000E-2	0.000000E+0	5.853940E+5
1.348000E-2	0.000000E+0	5.867240E+5
1.350000E-2	0.000000E+0	5.872850E+5
1.352000E-2	0.000000E+0	5.868400E+5
1.354000E-2	0.000000E+0	5.864720E+5
1.356000E-2	0.000000E+0	5.874150E+5
1.358000E-2	0.000000E+0	5.860170E+5
1.360000E-2	0.000000E+0	5.862260E+5
1.362000E-2	0.000000E+0	5.869010E+5
1.364000E-2	0.000000E+0	5.847560E+5
1.366000E-2	0.000000E+0	5.861360E+5
1.368000E-2	0.000000E+0	5.868030E+5
1.370000E-2	0.000000E+0	5.873800E+5
1.372000E-2	0.000000E+0	5.857770E+5
1.374000E-2	0.000000E+0	5.872350E+5
1.376000E-2	0.000000E+0	5.861310E+5
1.378000E-2	0.000000E+0	5.859090E+5
1.380000E-2	0.000000E+0	5.866800E+5
1.382000E-2	0.000000E+0	5.851120E+5
1.384000E-2	0.000000E+0	5.860050E+5
1.386000E-2	0.000000E+0	5.868620E+5
1.388000E-2	0.000000E+0	5.862870E+5
1.390000E-2	0.000000E+0	5.874990E+5
1.392000E-2	0.000000E+0	5.875980E+5
1.394000E-2	0.000000E+0	5.871660E+5
1.396000E-2	0.000000E+0	5.865280E+5
1.398000E-2	0.000000E+0	5.874270E+5
1.400000E-2	0.000000E+0	5.873840E+5
1.402000E-2	0.000000E+0	5.855940E+5
1.404000E-2	0.000000E+0	5.879310E+5
1.406000E-2	0.000000E+0	5.860800E+5
1.408000E-2	0.000000E+0	5.861640E+5
1.410000E-2	0.000000E+0	5.872450E+5
1.412000E-2	0.000000E+0	5.857930E+5
1.414000E-2	0.000000E+0	5.854620E+5
1.416000E-2	0.000000E+0	5.854430E+5
1.418000E-2	0.000000E+0	5.858440E+5
1.420000E-2	0.000000E+0	5.869580E+5
1.422000E-2	0.000000E+0	5.868630E+5
1.424000E-2	0.000000E+0	5.851130E+5
1.426000E-2	0.000000E+0	5.854610E+5
1.428000E-2	0.000000E+0	5.863460E+5
1.430000E-2	0.000000E+0	5.864400E+5
1.432000E-2	0.000000E+0	5.860670E+5
1.434000E-2	0.000000E+0	5.865870E+5
1.436000E-2	0.000000E+0	5.869530E+5
1.438000E-2	0.000000E+0	5.863480E+5
1.440000E-2	0.000000E+0	5.880380E+5
1.442000E-2	0.000000E+0	5.866090E+5
1.444000E-2	0.000000E+0	5.851360E+5
1.446000E-2	0.000000E+0	5.868690E+5
1.448000E-2	0.000000E+0	5.874560E+5
1.450000E-2	0.000000E+0	5.863180E+5
1.452000E-2	0.000000E+0	5.866680E+5
1.454000E-2	0.000000E+0	5.861430E+5
1.456000E-2	0.000000E+0	5.871230E+5
1.458000E-2	0.000000E+0	5.852680E+5
1.460000E-2	0.000000E+0	5.866440E+5
1.462000E-2	0.000000E+0	5.846470E+5
1.464000E-2	0.000000E+0	5.868470E+5
1.466000E-2	0.000000E+0	5.860700E+5
1.468000E-2	0.000000E+0	5.876770E+5
1.470000E-2	0.000000E+0	5.859270E+5
1.472000E-2	0.000000E+0	5.859110E+5
1.474000E-2	0.000000E+0	5.869060E+5
1.476000E-2	0.000000E+0	5.871290E+5
1.478000E-2	0.000000E+0	5.871740E+5
1.480000E-2	0.000000E+0	5.852370E+5
1.482000E-2	0.000000E+0	5.853430E+5
1.484000E-2	0.000000E+0	5.872290E+5
1.486000E-2	0.000000E+0	5.852680E+5
1.488000E-2	0.000000E+0	5.848060E+5
1.490000E-2	0.000000E+0	5.841740E+5
1.492000E-2	0.000000E+0	5.828210E+5
1.494000E-2	0.000000E+0	5.803110E+5
1.496000E-2	0.000000E+0	5.788570E+5
1.498000E-2	0.000000E+0	5.786530E+5
1.500000E-2	0.000000E+0	5.777020E+5
1.502000E-2	0.000000E+0	5.773040E+5
1.504000E-2	0.000000E+0	5.757110E+5
1.506000E-2	0.000000E+0	5.748710E+5
1.508000E-2	0.000000E+0	5.726550E+5
1.510000E-2	0.000000E+0	5.710340E+5
1.512000E-2	0.000000E+0	5.704190E+5
1.514000E-2	0.000000E+0	5.720800E+5
1.516000E-2	0.000000E+0	5.720960E+5
1.518000E-2	0.000000E+0	5.733020E+5
1.520000E-2	0.000000E+0	5.761380E+5
1.522000E-2	0.000000E+0	5.775870E+5
1.524000E-2	0.000000E+0	5.811240E+5
1.526000E-2	0.000000E+0	5.803810E+5
1.528000E-2	0.000000E+0	5.825190E+5
1.530000E-2	0.000000E+0	5.822400E+5
1.532000E-2	0.000000E+0	5.842750E+5
1.534000E-2	0.000000E+0	5.839710E+5
1.536000E-2	0.000000E+0	5.845450E+5
1.538000E-2	0.000000E+0	5.861090E+5
1.540000E-2	0.000000E+0	5.857500E+5
1.542000E-2	0.000000E+0	5.854420E+5
1.544000E-2	0.000000E+0	5.849700E+5
1.546000E-2	0.000000E+0	5.848220E+5
1.548000E-2	0.000000E+0	5.846670E+5
1.550000E-2	0.000000E+0	5.844040E+5
1.552000E-2	0.000000E+0	5.855950E+5
1.554000E-2	0.000000E+0	5.838600E+5
1.556000E-2	0.000000E+0	5.819890E+5
1.558000E-2	0.000000E+0	5.798340E+5
1.560000E-2	0.000000E+0	5.791580E+5
1.562000E-2	0.000000E+0	5.779510E+5
1.564000E-2	0.000000E+0	5.768450E+5
1.566000E-2	0.000000E+0	5.773460E+5
1.568000E-2	0.000000E+0	5.758750E+5
1.570000E-2	0.000000E+0	5.745380E+5
1.572000E-2	0.000000E+0	5.718810E+5
1.574000E-2	0.000000E+0	5.703250E+5
1.576000E-2	0.000000E+0	5.716500E+5
1.578000E-2	0.000000E+0	5.690600E+5
1.580000E-2	0.000000E+0	5.718920E+5
1.582000E-2	0.000000E+0	5.735890E+5
1.584000E-2	0.000000E+0	5.747840E+5
1.586000E-2	0.000000E+0	5.767510E+5
1.588000E-2	0.000000E+0	5.790940E+5
1.590000E-2	0.000000E+0	5.802020E+5
1.592000E-2	0.000000E+0	5.818260E+5
1.594000E-2	0.000000E+0	5.810080E+5
1.596000E-2	0.000000E+0	5.834170E+5
1.598000E-2	0.000000E+0	5.852990E+5
1.600000E-2	0.000000E+0	5.857350E+5
1.602000E-2	0.000000E+0	5.854730E+5
1.604000E-2	0.000000E+0	5.852890E+5
1.606000E-2	0.000000E+0	5.858740E+5
1.608000E-2	0.000000E+0	5.860900E+5
1.610000E-2	0.000000E+0	5.866310E+5
1.612000E-2	0.000000E+0	5.862030E+5
1.614000E-2	0.000000E+0	5.856100E+5
1.616000E-2	0.000000E+0	5.882440E+5
1.618000E-2	0.000000E+0	5.860890E+5
1.620000E-2	0.000000E+0	5.860540E+5
1.622000E-2	0.000000E+0	5.865370E+5
1.624000E-2	0.000000E+0	5.861930E+5
1.626000E-2	0.000000E+0	5.858710E+5
1.628000E-2	0.000000E+0	5.873700E+5
1.630000E-2	0.000000E+0	5.861550E+5
1.632000E-2	0.000000E+0	5.866150E+5
1.634000E-2	0.000000E+0	5.866490E+5
1.636000E-2	0.000000E+0	5.874980E+5
1.638000E-2	0.000000E+0	5.859180E+5
1.640000E-2	0.000000E+0	5.872420E+5
1.642000E-2	0.000000E+0	5.864180E+5
1.644000E-2	0.000000E+0	5.862880E+5
1.646000E-2	0.000000E+0	5.861520E+5
1.648000E-2	0.000000E+0	5.858480E+5
1.650000E-2	0.000000E+0	5.859500E+5
1.652000E-2	0.000000E+0	5.869400E+5
1.654000E-2	0.000000E+0	5.858160E+5
1.656000E-2	0.000000E+0	5.857250E+5
1.658000E-2	0.000000E+0	5.860400E+5
1.660000E-2	0.000000E+0	5.862020E+5
1.662000E-2	0.000000E+0	5.864800E+5
1.664000E-2	0.000000E+0	5.864770E+5
1.666000E-2	0.000000E+0	5.859520E+5
1.668000E-2	0.000000E+0	5.856670E+5
1.670000E-2	0.000000E+0	5.865620E+5
1.672000E-2	0.000000E+0	5.873140E+5
1.674000E-2	0.000000E+0	5.861270E+5
1.676000E-2	0.000000E+0	5.852680E+5
1.678000E-2	0.000000E+0	5.853260E+5
1.680000E-2	0.000000E+0	5.867350E+5
1.682000E-2	0.000000E+0	5.866720E+5
1.684000E-2	0.000000E+0	5.869660E+5
1.686000E-2	0.000000E+0	5.882960E+5
1.688000E-2	0.000000E+0	5.866870E+5
1.690000E-2	0.000000E+0	5.866230E+5
1.692000E-2	0.000000E+0	5.869860E+5
1.694000E-2	0.000000E+0	5.864350E+5
1.696000E-2	0.000000E+0	5.858920E+5
1.698000E-2	0.000000E+0	5.860190E+5
1.700000E-2	0.000000E+0	5.873750E+5
1.702000E-2	0.000000E+0	5.866800E+5
1.704000E-2	0.000000E+0	5.875330E+5
1.706000E-2	0.000000E+0	5.870610E+5
1.708000E-2	0.000000E+0	5.861600E+5
1.710000E-2	0.000000E+0	5.872080E+5
1.712000E-2	0.000000E+0	5.864870E+5
1.714000E-2	0.000000E+0	5.855850E+5
1.716000E-2	0.000000E+0	5.870450E+5
1.718000E-2	0.000000E+0	5.864330E+5
1.720000E-2	0.000000E+0	5.869900E+5
1.722000E-2	0.000000E+0	5.871800E+5
1.724000E-2	0.000000E+0	5.864900E+5
1.726000E-2	0.000000E+0	5.859570E+5
1.728000E-2	0.000000E+0	5.860950E+5
1.730000E-2	0.000000E+0	5.865130E+5
1.732000E-2	0.000000E+0	5.857800E+5
1.734000E-2	0.000000E+0	5.868130E+5
1.736000E-2	0.000000E+0	5.877840E+5
1.738000E-2	0.000000E+0	5.872210E+5
1.740000E-2	0.000000E+0	5.879200E+5
1.742000E-2	0.000000E+0	5.860330E+5
1.744000E-2	0.000000E+0	5.858780E+5
1.746000E-2	0.000000E+0	5.861980E+5
1.748000E-2	0.000000E+0	5.868760E+5
1.750000E-2	0.000000E+0	5.869960E+5
1.752000E-2	0.000000E+0	5.874850E+5
1.754000E-2	0.000000E+0	5.863010E+5
1.756000E-2	0.000000E+0	5.859630E+5
1.758000E-2	0.000000E+0	5.865980E+5
1.760000E-2	0.000000E+0	5.865320E+5
1.762000E-2	0.000000E+0	5.868120E+5
1.764000E-2	0.000000E+0	5.872230E+5
1.766000E-2	0.000000E+0	5.861740E+5
1.768000E-2	0.000000E+0	5.870050E+5
1.770000E-2	0.000000E+0	5.864810E+5
1.772000E-2	0.000000E+0	5.877830E+5
1.774000E-2	0.000000E+0	5.865080E+5
1.776000E-2	0.000000E+0	5.863850E+5
1.778000E-2	0.000000E+0	5.875650E+5
1.780000E-2	0.000000E+0	5.849860E+5
1.782000E-2	0.000000E+0	5.867370E+5
1.784000E-2	0.000000E+0	5.861350E+5
1.786000E-2	0.000000E+0	5.863080E+5
1.788000E-2	0.000000E+0	5.865600E+5
1.790000E-2	0.000000E+0	5.866680E+5
1.792000E-2	0.000000E+0	5.852680E+5
1.794000E-2	0.000000E+0	5.864820E+5
1.796000E-2	0.000000E+0	5.865370E+5
1.798000E-2	0.000000E+0	5.870680E+5
1.800000E-2	0.000000E+0	5.851110E+5
1.802000E-2	0.000000E+0	5.863130E+5
1.804000E-2	0.000000E+0	5.856410E+5
1.806000E-2	0.000000E+0	5.861210E+5
1.808000E-2	0.000000E+0	5.860890E+5
1.810000E-2	0.000000E+0	5.869330E+5
1.812000E-2	0.000000E+0	5.879240E+5
1.814000E-2	0.000000E+0	5.877670E+5
1.816000E-2	0.000000E+0	5.868090E+5
1.818000E-2	0.000000E+0	5.855680E+5
1.820000E-2	0.000000E+0	5.872230E+5
1.822000E-2	0.000000E+0	5.863220E+5
1.824000E-2	0.000000E+0	5.868410E+5
1.826000E-2	0.000000E+0	5.871780E+5
1.828000E-2	0.000000E+0	5.859090E+5
1.830000E-2	0.000000E+0	5.854760E+5
1.832000E-2	0.000000E+0	5.872090E+5
1.834000E-2	0.000000E+0	5.856640E+5
1.836000E-2	0.000000E+0	5.875710E+5
1.838000E-2	0.000000E+0	5.857690E+5
1.840000E-2	0.000000E+0	5.862580E+5
1.842000E-2	0.000000E+0	5.855820E+5
1.844000E-2	0.000000E+0	5.856140E+5
1.846000E-2	0.000000E+0	5.850570E+5
1.848000E-2	0.000000E+0	5.875110E+5
1.850000E-2	0.000000E+0	5.867790E+5
1.852000E-2	0.000000E+0	5.864570E+5
1.854000E-2	0.000000E+0	5.885090E+5
1.856000E-2	0.000000E+0	5.847840E+5
1.858000E-2	0.000000E+0	5.853060E+5
1.860000E-2	0.000000E+0	5.864090E+5
1.862000E-2	0.000000E+0	5.854720E+5
1.864000E-2	0.000000E+0	5.851050E+5
1.866000E-2	0.000000E+0	5.869620E+5
1.868000E-2	0.000000E+0	5.863740E+5
1.870000E-2	0.000000E+0	5.863890E+5
1.872000E-2	0.000000E+0	5.865120E+5
1.874000E-2	0.000000E+0	5.843270E+5
1.876000E-2	0.000000E+0	5.863080E+5
1.878000E-2	0.000000E+0	5.866720E+5
1.880000E-2	0.000000E+0	5.858040E+5
1.882000E-2	0.000000E+0	5.858620E+5
1.884000E-2	0.000000E+0	5.871100E+5
1.886000E-2	0.000000E+0	5.862830E+5
1.888000E-2	0.000000E+0	5.856840E+5
1.890000E-2	0.000000E+0	5.861220E+5
1.892000E-2	0.000000E+0	5.876320E+5
1.894000E-2	0.000000E+0	5.863270E+5
1.896000E-2	0.000000E+0	5.865380E+5
1.898000E-2	0.000000E+0	5.874940E+5
1.900000E-2	0.000000E+0	5.858760E+5
1.902000E-2	0.000000E+0	5.854070E+5
1.904000E-2	0.000000E+0	5.864470E+5
1.906000E-2	0.000000E+0	5.872970E+5
1.908000E-2	0.000000E+0	5.866040E+5
1.910000E-2	0.000000E+0	5.855200E+5
1.912000E-2	0.000000E+0	5.853310E+5
1.914000E-2	0.000000E+0	5.866210E+5
1.916000E-2	0.000000E+0	5.858450E+5
1.918000E-2	0.000000E+0	5.856030E+5
1.920000E-2	0.000000E+0	5.871090E+5
1.922000E-2	0.000000E+0	5.866190E+5
1.924000E-2	0.000000E+0	5.869870E+5
1.926000E-2	0.000000E+0	5.870460E+5
1.928000E-2	0.000000E+0	5.870990E+5
1.930000E-2	0.000000E+0	5.862830E+5
1.932000E-2	0.000000E+0	5.860810E+5
1.934000E-2	0.000000E+0	5.863610E+5
1.936000E-2	0.000000E+0	5.860950E+5
1.938000E-2	0.000000E+0	5.867960E+5
1.940000E-2	0.000000E+0	5.847660E+5
1.942000E-2	0.000000E+0	5.875040E+5
1.944000E-2	0.000000E+0	5.871520E+5
1.946000E-2	0.000000E+0	5.850950E+5
1.948000E-2	0.000000E+0	5.864070E+5
1.950000E-2	0.000000E+0	5.866410E+5
1.952000E-2	0.000000E+0	5.873230E+5
1.954000E-2	0.000000E+0	5.859870E+5
1.956000E-2	0.000000E+0	5.874600E+5
1.958000E-2	0.000000E+0	5.857870E+5
1.960000E-2	0.000000E+0	5.868050E+5
1.962000E-2	0.000000E+0	5.860140E+5
1.964000E-2	0.000000E+0	5.871240E+5
1.966000E-2	0.000000E+0	5.873660E+5
1.968000E-2	0.000000E+0	5.863360E+5
1.970000E-2	0.000000E+0	5.862850E+5
1.972000E-2	0.000000E+0	5.865610E+5
1.974000E-2	0.000000E+0	5.867420E+5
1.976000E-2	0.000000E+0	5.848560E+5
1.978000E-2	0.000000E+0	5.856830E+5
1.980000E-2	0.000000E+0	5.869990E+5
1.982000E-2	0.000000E+0	5.858250E+5
1.984000E-2	0.000000E+0	5.866250E+5
1.986000E-2	0.000000E+0	5.855350E+5
1.988000E-2	0.000000E+0	5.852840E+5
1.990000E-2	0.000000E+0	5.859850E+5
1.992000E-2	0.000000E+0	5.860290E+5
1.994000E-2	0.000000E+0	5.879780E+5
1.996000E-2	0.000000E+0	5.856220E+5
1.998000E-2	0.000000E+0	5.863330E+5
