

live time:  262760.240000
real time:  367203.327000
sweeps:  13138012.000000
0.000000E+0	0.000000E+0	0.000000E+0
2.000000E-5	0.000000E+0	5.748950E+5
4.000000E-5	0.000000E+0	5.754310E+5
6.000000E-5	0.000000E+0	5.748080E+5
8.000000E-5	0.000000E+0	5.765450E+5
1.000000E-4	0.000000E+0	5.742330E+5
1.200000E-4	0.000000E+0	5.760170E+5
1.400000E-4	0.000000E+0	5.755360E+5
1.600000E-4	0.000000E+0	5.760990E+5
1.800000E-4	0.000000E+0	5.757170E+5
2.000000E-4	0.000000E+0	5.753130E+5
2.200000E-4	0.000000E+0	5.760840E+5
2.400000E-4	0.000000E+0	5.740200E+5
2.600000E-4	0.000000E+0	5.747820E+5
2.800000E-4	0.000000E+0	5.749030E+5
3.000000E-4	0.000000E+0	5.765560E+5
3.200000E-4	0.000000E+0	5.752590E+5
3.400000E-4	0.000000E+0	5.741990E+5
3.600000E-4	0.000000E+0	5.759700E+5
3.800000E-4	0.000000E+0	5.742990E+5
4.000000E-4	0.000000E+0	5.744860E+5
4.200000E-4	0.000000E+0	5.751370E+5
4.400000E-4	0.000000E+0	5.748820E+5
4.600000E-4	0.000000E+0	5.763260E+5
4.800000E-4	0.000000E+0	5.744360E+5
5.000000E-4	0.000000E+0	5.752450E+5
5.200000E-4	0.000000E+0	5.757240E+5
5.400000E-4	0.000000E+0	5.747180E+5
5.600000E-4	0.000000E+0	5.739980E+5
5.800000E-4	0.000000E+0	5.752800E+5
6.000000E-4	0.000000E+0	5.759990E+5
6.200000E-4	0.000000E+0	5.746160E+5
6.400000E-4	0.000000E+0	5.754830E+5
6.600000E-4	0.000000E+0	5.740800E+5
6.800000E-4	0.000000E+0	5.741300E+5
7.000000E-4	0.000000E+0	5.753220E+5
7.200000E-4	0.000000E+0	5.762560E+5
7.400000E-4	0.000000E+0	5.745080E+5
7.600000E-4	0.000000E+0	5.748430E+5
7.800000E-4	0.000000E+0	5.741770E+5
8.000000E-4	0.000000E+0	5.756660E+5
8.200000E-4	0.000000E+0	5.744150E+5
8.400000E-4	0.000000E+0	5.745510E+5
8.600000E-4	0.000000E+0	5.755010E+5
8.800000E-4	0.000000E+0	5.740380E+5
9.000000E-4	0.000000E+0	5.763840E+5
9.200000E-4	0.000000E+0	5.743870E+5
9.400000E-4	0.000000E+0	5.754230E+5
9.600000E-4	0.000000E+0	5.744840E+5
9.800000E-4	0.000000E+0	5.760900E+5
1.000000E-3	0.000000E+0	5.751110E+5
1.020000E-3	0.000000E+0	5.748480E+5
1.040000E-3	0.000000E+0	5.749440E+5
1.060000E-3	0.000000E+0	5.750670E+5
1.080000E-3	0.000000E+0	5.748240E+5
1.100000E-3	0.000000E+0	5.750520E+5
1.120000E-3	0.000000E+0	5.755750E+5
1.140000E-3	0.000000E+0	5.737110E+5
1.160000E-3	0.000000E+0	5.747570E+5
1.180000E-3	0.000000E+0	5.744230E+5
1.200000E-3	0.000000E+0	5.757500E+5
1.220000E-3	0.000000E+0	5.762400E+5
1.240000E-3	0.000000E+0	5.755880E+5
1.260000E-3	0.000000E+0	5.753750E+5
1.280000E-3	0.000000E+0	5.753550E+5
1.300000E-3	0.000000E+0	5.739240E+5
1.320000E-3	0.000000E+0	5.763380E+5
1.340000E-3	0.000000E+0	5.750920E+5
1.360000E-3	0.000000E+0	5.741930E+5
1.380000E-3	0.000000E+0	5.756830E+5
1.400000E-3	0.000000E+0	5.749960E+5
1.420000E-3	0.000000E+0	5.755470E+5
1.440000E-3	0.000000E+0	5.748580E+5
1.460000E-3	0.000000E+0	5.742050E+5
1.480000E-3	0.000000E+0	5.756020E+5
1.500000E-3	0.000000E+0	5.747900E+5
1.520000E-3	0.000000E+0	5.741320E+5
1.540000E-3	0.000000E+0	5.755250E+5
1.560000E-3	0.000000E+0	5.743990E+5
1.580000E-3	0.000000E+0	5.756290E+5
1.600000E-3	0.000000E+0	5.747960E+5
1.620000E-3	0.000000E+0	5.744470E+5
1.640000E-3	0.000000E+0	5.740890E+5
1.660000E-3	0.000000E+0	5.754050E+5
1.680000E-3	0.000000E+0	5.753410E+5
1.700000E-3	0.000000E+0	5.739070E+5
1.720000E-3	0.000000E+0	5.758140E+5
1.740000E-3	0.000000E+0	5.761980E+5
1.760000E-3	0.000000E+0	5.747430E+5
1.780000E-3	0.000000E+0	5.765020E+5
1.800000E-3	0.000000E+0	5.761390E+5
1.820000E-3	0.000000E+0	5.743430E+5
1.840000E-3	0.000000E+0	5.736910E+5
1.860000E-3	0.000000E+0	5.747470E+5
1.880000E-3	0.000000E+0	5.749830E+5
1.900000E-3	0.000000E+0	5.740020E+5
1.920000E-3	0.000000E+0	5.751360E+5
1.940000E-3	0.000000E+0	5.747050E+5
1.960000E-3	0.000000E+0	5.751640E+5
1.980000E-3	0.000000E+0	5.756090E+5
2.000000E-3	0.000000E+0	5.743290E+5
2.020000E-3	0.000000E+0	5.746220E+5
2.040000E-3	0.000000E+0	5.745640E+5
2.060000E-3	0.000000E+0	5.762670E+5
2.080000E-3	0.000000E+0	5.764250E+5
2.100000E-3	0.000000E+0	5.757120E+5
2.120000E-3	0.000000E+0	5.756440E+5
2.140000E-3	0.000000E+0	5.737260E+5
2.160000E-3	0.000000E+0	5.743380E+5
2.180000E-3	0.000000E+0	5.750920E+5
2.200000E-3	0.000000E+0	5.758850E+5
2.220000E-3	0.000000E+0	5.758120E+5
2.240000E-3	0.000000E+0	5.748030E+5
2.260000E-3	0.000000E+0	5.752680E+5
2.280000E-3	0.000000E+0	5.750460E+5
2.300000E-3	0.000000E+0	5.760410E+5
2.320000E-3	0.000000E+0	5.747960E+5
2.340000E-3	0.000000E+0	5.750190E+5
2.360000E-3	0.000000E+0	5.751110E+5
2.380000E-3	0.000000E+0	5.769690E+5
2.400000E-3	0.000000E+0	5.735340E+5
2.420000E-3	0.000000E+0	5.747190E+5
2.440000E-3	0.000000E+0	5.745600E+5
2.460000E-3	0.000000E+0	5.755160E+5
2.480000E-3	0.000000E+0	5.766540E+5
2.500000E-3	0.000000E+0	5.752360E+5
2.520000E-3	0.000000E+0	5.751650E+5
2.540000E-3	0.000000E+0	5.741580E+5
2.560000E-3	0.000000E+0	5.751370E+5
2.580000E-3	0.000000E+0	5.747220E+5
2.600000E-3	0.000000E+0	5.760960E+5
2.620000E-3	0.000000E+0	5.749240E+5
2.640000E-3	0.000000E+0	5.734450E+5
2.660000E-3	0.000000E+0	5.761000E+5
2.680000E-3	0.000000E+0	5.749850E+5
2.700000E-3	0.000000E+0	5.755890E+5
2.720000E-3	0.000000E+0	5.733920E+5
2.740000E-3	0.000000E+0	5.746480E+5
2.760000E-3	0.000000E+0	5.748360E+5
2.780000E-3	0.000000E+0	5.750080E+5
2.800000E-3	0.000000E+0	5.755950E+5
2.820000E-3	0.000000E+0	5.745520E+5
2.840000E-3	0.000000E+0	5.739390E+5
2.860000E-3	0.000000E+0	5.757840E+5
2.880000E-3	0.000000E+0	5.748640E+5
2.900000E-3	0.000000E+0	5.748450E+5
2.920000E-3	0.000000E+0	5.737110E+5
2.940000E-3	0.000000E+0	5.752020E+5
2.960000E-3	0.000000E+0	5.751060E+5
2.980000E-3	0.000000E+0	5.748120E+5
3.000000E-3	0.000000E+0	5.748640E+5
3.020000E-3	0.000000E+0	5.752940E+5
3.040000E-3	0.000000E+0	5.759500E+5
3.060000E-3	0.000000E+0	5.768660E+5
3.080000E-3	0.000000E+0	5.744320E+5
3.100000E-3	0.000000E+0	5.746260E+5
3.120000E-3	0.000000E+0	5.753110E+5
3.140000E-3	0.000000E+0	5.759360E+5
3.160000E-3	0.000000E+0	5.740510E+5
3.180000E-3	0.000000E+0	5.751360E+5
3.200000E-3	0.000000E+0	5.749980E+5
3.220000E-3	0.000000E+0	5.753660E+5
3.240000E-3	0.000000E+0	5.762950E+5
3.260000E-3	0.000000E+0	5.754840E+5
3.280000E-3	0.000000E+0	5.751040E+5
3.300000E-3	0.000000E+0	5.748970E+5
3.320000E-3	0.000000E+0	5.752180E+5
3.340000E-3	0.000000E+0	5.741440E+5
3.360000E-3	0.000000E+0	5.747900E+5
3.380000E-3	0.000000E+0	5.737840E+5
3.400000E-3	0.000000E+0	5.745060E+5
3.420000E-3	0.000000E+0	5.766980E+5
3.440000E-3	0.000000E+0	5.746570E+5
3.460000E-3	0.000000E+0	5.752580E+5
3.480000E-3	0.000000E+0	5.741940E+5
3.500000E-3	0.000000E+0	5.751990E+5
3.520000E-3	0.000000E+0	5.740630E+5
3.540000E-3	0.000000E+0	5.749570E+5
3.560000E-3	0.000000E+0	5.749170E+5
3.580000E-3	0.000000E+0	5.745680E+5
3.600000E-3	0.000000E+0	5.743200E+5
3.620000E-3	0.000000E+0	5.725950E+5
3.640000E-3	0.000000E+0	5.759410E+5
3.660000E-3	0.000000E+0	5.748050E+5
3.680000E-3	0.000000E+0	5.750150E+5
3.700000E-3	0.000000E+0	5.743250E+5
3.720000E-3	0.000000E+0	5.743490E+5
3.740000E-3	0.000000E+0	5.747690E+5
3.760000E-3	0.000000E+0	5.747950E+5
3.780000E-3	0.000000E+0	5.740700E+5
3.800000E-3	0.000000E+0	5.738890E+5
3.820000E-3	0.000000E+0	5.744910E+5
3.840000E-3	0.000000E+0	5.746480E+5
3.860000E-3	0.000000E+0	5.746950E+5
3.880000E-3	0.000000E+0	5.737750E+5
3.900000E-3	0.000000E+0	5.750360E+5
3.920000E-3	0.000000E+0	5.766310E+5
3.940000E-3	0.000000E+0	5.752730E+5
3.960000E-3	0.000000E+0	5.756530E+5
3.980000E-3	0.000000E+0	5.753660E+5
4.000000E-3	0.000000E+0	5.743010E+5
4.020000E-3	0.000000E+0	5.757350E+5
4.040000E-3	0.000000E+0	5.747810E+5
4.060000E-3	0.000000E+0	5.753250E+5
4.080000E-3	0.000000E+0	5.753310E+5
4.100000E-3	0.000000E+0	5.747780E+5
4.120000E-3	0.000000E+0	5.750430E+5
4.140000E-3	0.000000E+0	5.741000E+5
4.160000E-3	0.000000E+0	5.748670E+5
4.180000E-3	0.000000E+0	5.738590E+5
4.200000E-3	0.000000E+0	5.752170E+5
4.220000E-3	0.000000E+0	5.746120E+5
4.240000E-3	0.000000E+0	5.741920E+5
4.260000E-3	0.000000E+0	5.741030E+5
4.280000E-3	0.000000E+0	5.751490E+5
4.300000E-3	0.000000E+0	5.749470E+5
4.320000E-3	0.000000E+0	5.743550E+5
4.340000E-3	0.000000E+0	5.746360E+5
4.360000E-3	0.000000E+0	5.749240E+5
4.380000E-3	0.000000E+0	5.742880E+5
4.400000E-3	0.000000E+0	5.756460E+5
4.420000E-3	0.000000E+0	5.748760E+5
4.440000E-3	0.000000E+0	5.746870E+5
4.460000E-3	0.000000E+0	5.752340E+5
4.480000E-3	0.000000E+0	5.737340E+5
4.500000E-3	0.000000E+0	5.747320E+5
4.520000E-3	0.000000E+0	5.742220E+5
4.540000E-3	0.000000E+0	5.732310E+5
4.560000E-3	0.000000E+0	5.741730E+5
4.580000E-3	0.000000E+0	5.748760E+5
4.600000E-3	0.000000E+0	5.750750E+5
4.620000E-3	0.000000E+0	5.740340E+5
4.640000E-3	0.000000E+0	5.746960E+5
4.660000E-3	0.000000E+0	5.751360E+5
4.680000E-3	0.000000E+0	5.743340E+5
4.700000E-3	0.000000E+0	5.752090E+5
4.720000E-3	0.000000E+0	5.745250E+5
4.740000E-3	0.000000E+0	5.738250E+5
4.760000E-3	0.000000E+0	5.752040E+5
4.780000E-3	0.000000E+0	5.734060E+5
4.800000E-3	0.000000E+0	5.736330E+5
4.820000E-3	0.000000E+0	5.731640E+5
4.840000E-3	0.000000E+0	5.730910E+5
4.860000E-3	0.000000E+0	5.712770E+5
4.880000E-3	0.000000E+0	5.703820E+5
4.900000E-3	0.000000E+0	5.701500E+5
4.920000E-3	0.000000E+0	5.668080E+5
4.940000E-3	0.000000E+0	5.661520E+5
4.960000E-3	0.000000E+0	5.653830E+5
4.980000E-3	0.000000E+0	5.660450E+5
5.000000E-3	0.000000E+0	5.641830E+5
5.020000E-3	0.000000E+0	5.620180E+5
5.040000E-3	0.000000E+0	5.598320E+5
5.060000E-3	0.000000E+0	5.579340E+5
5.080000E-3	0.000000E+0	5.594690E+5
5.100000E-3	0.000000E+0	5.594000E+5
5.120000E-3	0.000000E+0	5.590250E+5
5.140000E-3	0.000000E+0	5.609850E+5
5.160000E-3	0.000000E+0	5.636350E+5
5.180000E-3	0.000000E+0	5.645520E+5
5.200000E-3	0.000000E+0	5.660540E+5
5.220000E-3	0.000000E+0	5.682330E+5
5.240000E-3	0.000000E+0	5.675350E+5
5.260000E-3	0.000000E+0	5.716900E+5
5.280000E-3	0.000000E+0	5.689710E+5
5.300000E-3	0.000000E+0	5.711460E+5
5.320000E-3	0.000000E+0	5.726380E+5
5.340000E-3	0.000000E+0	5.732800E+5
5.360000E-3	0.000000E+0	5.741450E+5
5.380000E-3	0.000000E+0	5.727610E+5
5.400000E-3	0.000000E+0	5.747310E+5
5.420000E-3	0.000000E+0	5.740910E+5
5.440000E-3	0.000000E+0	5.733310E+5
5.460000E-3	0.000000E+0	5.724360E+5
5.480000E-3	0.000000E+0	5.725790E+5
5.500000E-3	0.000000E+0	5.726270E+5
5.520000E-3	0.000000E+0	5.705180E+5
5.540000E-3	0.000000E+0	5.701430E+5
5.560000E-3	0.000000E+0	5.668620E+5
5.580000E-3	0.000000E+0	5.663370E+5
5.600000E-3	0.000000E+0	5.648950E+5
5.620000E-3	0.000000E+0	5.654510E+5
5.640000E-3	0.000000E+0	5.657370E+5
5.660000E-3	0.000000E+0	5.635040E+5
5.680000E-3	0.000000E+0	5.628430E+5
5.700000E-3	0.000000E+0	5.595860E+5
5.720000E-3	0.000000E+0	5.593680E+5
5.740000E-3	0.000000E+0	5.606450E+5
5.760000E-3	0.000000E+0	5.609820E+5
5.780000E-3	0.000000E+0	5.616450E+5
5.800000E-3	0.000000E+0	5.639430E+5
5.820000E-3	0.000000E+0	5.657800E+5
5.840000E-3	0.000000E+0	5.672290E+5
5.860000E-3	0.000000E+0	5.672120E+5
5.880000E-3	0.000000E+0	5.692940E+5
5.900000E-3	0.000000E+0	5.713620E+5
5.920000E-3	0.000000E+0	5.730810E+5
5.940000E-3	0.000000E+0	5.725390E+5
5.960000E-3	0.000000E+0	5.729000E+5
5.980000E-3	0.000000E+0	5.743760E+5
6.000000E-3	0.000000E+0	5.738960E+5
6.020000E-3	0.000000E+0	5.736210E+5
6.040000E-3	0.000000E+0	5.741030E+5
6.060000E-3	0.000000E+0	5.743140E+5
6.080000E-3	0.000000E+0	5.745020E+5
6.100000E-3	0.000000E+0	5.729300E+5
6.120000E-3	0.000000E+0	5.743780E+5
6.140000E-3	0.000000E+0	5.743410E+5
6.160000E-3	0.000000E+0	5.735740E+5
6.180000E-3	0.000000E+0	5.751540E+5
6.200000E-3	0.000000E+0	5.742190E+5
6.220000E-3	0.000000E+0	5.749520E+5
6.240000E-3	0.000000E+0	5.738010E+5
6.260000E-3	0.000000E+0	5.750110E+5
6.280000E-3	0.000000E+0	5.758230E+5
6.300000E-3	0.000000E+0	5.755040E+5
6.320000E-3	0.000000E+0	5.749780E+5
6.340000E-3	0.000000E+0	5.745990E+5
6.360000E-3	0.000000E+0	5.743110E+5
6.380000E-3	0.000000E+0	5.758780E+5
6.400000E-3	0.000000E+0	5.743360E+5
6.420000E-3	0.000000E+0	5.734040E+5
6.440000E-3	0.000000E+0	5.766430E+5
6.460000E-3	0.000000E+0	5.737720E+5
6.480000E-3	0.000000E+0	5.742490E+5
6.500000E-3	0.000000E+0	5.738550E+5
6.520000E-3	0.000000E+0	5.752500E+5
6.540000E-3	0.000000E+0	5.745330E+5
6.560000E-3	0.000000E+0	5.754750E+5
6.580000E-3	0.000000E+0	5.738160E+5
6.600000E-3	0.000000E+0	5.753780E+5
6.620000E-3	0.000000E+0	5.747930E+5
6.640000E-3	0.000000E+0	5.751940E+5
6.660000E-3	0.000000E+0	5.737520E+5
6.680000E-3	0.000000E+0	5.749110E+5
6.700000E-3	0.000000E+0	5.756450E+5
6.720000E-3	0.000000E+0	5.747720E+5
6.740000E-3	0.000000E+0	5.749640E+5
6.760000E-3	0.000000E+0	5.756230E+5
6.780000E-3	0.000000E+0	5.741950E+5
6.800000E-3	0.000000E+0	5.753980E+5
6.820000E-3	0.000000E+0	5.750230E+5
6.840000E-3	0.000000E+0	5.748830E+5
6.860000E-3	0.000000E+0	5.751590E+5
6.880000E-3	0.000000E+0	5.758010E+5
6.900000E-3	0.000000E+0	5.747300E+5
6.920000E-3	0.000000E+0	5.736620E+5
6.940000E-3	0.000000E+0	5.751100E+5
6.960000E-3	0.000000E+0	5.729920E+5
6.980000E-3	0.000000E+0	5.746200E+5
7.000000E-3	0.000000E+0	5.741820E+5
7.020000E-3	0.000000E+0	5.753240E+5
7.040000E-3	0.000000E+0	5.750560E+5
7.060000E-3	0.000000E+0	5.755830E+5
7.080000E-3	0.000000E+0	5.746730E+5
7.100000E-3	0.000000E+0	5.736720E+5
7.120000E-3	0.000000E+0	5.755490E+5
7.140000E-3	0.000000E+0	5.743580E+5
7.160000E-3	0.000000E+0	5.744110E+5
7.180000E-3	0.000000E+0	5.741520E+5
7.200000E-3	0.000000E+0	5.745910E+5
7.220000E-3	0.000000E+0	5.758670E+5
7.240000E-3	0.000000E+0	5.746150E+5
7.260000E-3	0.000000E+0	5.749010E+5
7.280000E-3	0.000000E+0	5.749710E+5
7.300000E-3	0.000000E+0	5.750720E+5
7.320000E-3	0.000000E+0	5.748060E+5
7.340000E-3	0.000000E+0	5.760470E+5
7.360000E-3	0.000000E+0	5.745840E+5
7.380000E-3	0.000000E+0	5.759280E+5
7.400000E-3	0.000000E+0	5.754160E+5
7.420000E-3	0.000000E+0	5.745390E+5
7.440000E-3	0.000000E+0	5.747920E+5
7.460000E-3	0.000000E+0	5.745360E+5
7.480000E-3	0.000000E+0	5.740600E+5
7.500000E-3	0.000000E+0	5.761820E+5
7.520000E-3	0.000000E+0	5.753850E+5
7.540000E-3	0.000000E+0	5.749250E+5
7.560000E-3	0.000000E+0	5.754210E+5
7.580000E-3	0.000000E+0	5.750440E+5
7.600000E-3	0.000000E+0	5.748970E+5
7.620000E-3	0.000000E+0	5.753730E+5
7.640000E-3	0.000000E+0	5.761060E+5
7.660000E-3	0.000000E+0	5.746040E+5
7.680000E-3	0.000000E+0	5.749210E+5
7.700000E-3	0.000000E+0	5.748310E+5
7.720000E-3	0.000000E+0	5.756970E+5
7.740000E-3	0.000000E+0	5.744080E+5
7.760000E-3	0.000000E+0	5.754740E+5
7.780000E-3	0.000000E+0	5.763720E+5
7.800000E-3	0.000000E+0	5.748000E+5
7.820000E-3	0.000000E+0	5.745140E+5
7.840000E-3	0.000000E+0	5.765870E+5
7.860000E-3	0.000000E+0	5.749540E+5
7.880000E-3	0.000000E+0	5.745190E+5
7.900000E-3	0.000000E+0	5.752220E+5
7.920000E-3	0.000000E+0	5.746600E+5
7.940000E-3	0.000000E+0	5.760460E+5
7.960000E-3	0.000000E+0	5.767460E+5
7.980000E-3	0.000000E+0	5.758800E+5
8.000000E-3	0.000000E+0	5.751260E+5
8.020000E-3	0.000000E+0	5.751170E+5
8.040000E-3	0.000000E+0	5.735110E+5
8.060000E-3	0.000000E+0	5.738990E+5
8.080000E-3	0.000000E+0	5.757310E+5
8.100000E-3	0.000000E+0	5.765140E+5
8.120000E-3	0.000000E+0	5.755410E+5
8.140000E-3	0.000000E+0	5.744910E+5
8.160000E-3	0.000000E+0	5.748750E+5
8.180000E-3	0.000000E+0	5.745090E+5
8.200000E-3	0.000000E+0	5.750580E+5
8.220000E-3	0.000000E+0	5.751810E+5
8.240000E-3	0.000000E+0	5.756280E+5
8.260000E-3	0.000000E+0	5.767000E+5
8.280000E-3	0.000000E+0	5.739770E+5
8.300000E-3	0.000000E+0	5.751910E+5
8.320000E-3	0.000000E+0	5.742690E+5
8.340000E-3	0.000000E+0	5.739020E+5
8.360000E-3	0.000000E+0	5.745190E+5
8.380000E-3	0.000000E+0	5.739730E+5
8.400000E-3	0.000000E+0	5.741060E+5
8.420000E-3	0.000000E+0	5.750910E+5
8.440000E-3	0.000000E+0	5.756500E+5
8.460000E-3	0.000000E+0	5.759560E+5
8.480000E-3	0.000000E+0	5.762580E+5
8.500000E-3	0.000000E+0	5.740250E+5
8.520000E-3	0.000000E+0	5.749840E+5
8.540000E-3	0.000000E+0	5.758850E+5
8.560000E-3	0.000000E+0	5.753830E+5
8.580000E-3	0.000000E+0	5.764360E+5
8.600000E-3	0.000000E+0	5.756400E+5
8.620000E-3	0.000000E+0	5.769950E+5
8.640000E-3	0.000000E+0	5.750210E+5
8.660000E-3	0.000000E+0	5.745970E+5
8.680000E-3	0.000000E+0	5.754080E+5
8.700000E-3	0.000000E+0	5.735290E+5
8.720000E-3	0.000000E+0	5.759550E+5
8.740000E-3	0.000000E+0	5.737990E+5
8.760000E-3	0.000000E+0	5.747590E+5
8.780000E-3	0.000000E+0	5.751720E+5
8.800000E-3	0.000000E+0	5.758640E+5
8.820000E-3	0.000000E+0	5.752950E+5
8.840000E-3	0.000000E+0	5.744030E+5
8.860000E-3	0.000000E+0	5.769320E+5
8.880000E-3	0.000000E+0	5.745170E+5
8.900000E-3	0.000000E+0	5.753230E+5
8.920000E-3	0.000000E+0	5.745410E+5
8.940000E-3	0.000000E+0	5.732160E+5
8.960000E-3	0.000000E+0	5.758900E+5
8.980000E-3	0.000000E+0	5.743520E+5
9.000000E-3	0.000000E+0	5.751600E+5
9.020000E-3	0.000000E+0	5.733390E+5
9.040000E-3	0.000000E+0	5.750250E+5
9.060000E-3	0.000000E+0	5.774730E+5
9.080000E-3	0.000000E+0	5.745930E+5
9.100000E-3	0.000000E+0	5.766390E+5
9.120000E-3	0.000000E+0	5.735650E+5
9.140000E-3	0.000000E+0	5.755120E+5
9.160000E-3	0.000000E+0	5.751190E+5
9.180000E-3	0.000000E+0	5.738720E+5
9.200000E-3	0.000000E+0	5.747890E+5
9.220000E-3	0.000000E+0	5.751130E+5
9.240000E-3	0.000000E+0	5.752320E+5
9.260000E-3	0.000000E+0	5.761740E+5
9.280000E-3	0.000000E+0	5.757940E+5
9.300000E-3	0.000000E+0	5.756690E+5
9.320000E-3	0.000000E+0	5.747990E+5
9.340000E-3	0.000000E+0	5.749440E+5
9.360000E-3	0.000000E+0	5.755140E+5
9.380000E-3	0.000000E+0	5.760720E+5
9.400000E-3	0.000000E+0	5.758330E+5
9.420000E-3	0.000000E+0	5.762660E+5
9.440000E-3	0.000000E+0	5.746130E+5
9.460000E-3	0.000000E+0	5.758710E+5
9.480000E-3	0.000000E+0	5.750920E+5
9.500000E-3	0.000000E+0	5.741430E+5
9.520000E-3	0.000000E+0	5.761930E+5
9.540000E-3	0.000000E+0	5.737160E+5
9.560000E-3	0.000000E+0	5.747750E+5
9.580000E-3	0.000000E+0	5.751030E+5
9.600000E-3	0.000000E+0	5.754670E+5
9.620000E-3	0.000000E+0	5.752940E+5
9.640000E-3	0.000000E+0	5.743640E+5
9.660000E-3	0.000000E+0	5.765980E+5
9.680000E-3	0.000000E+0	5.743120E+5
9.700000E-3	0.000000E+0	5.746350E+5
9.720000E-3	0.000000E+0	5.748200E+5
9.740000E-3	0.000000E+0	5.752910E+5
9.760000E-3	0.000000E+0	5.748490E+5
9.780000E-3	0.000000E+0	5.758280E+5
9.800000E-3	0.000000E+0	5.750890E+5
9.820000E-3	0.000000E+0	5.756050E+5
9.840000E-3	0.000000E+0	5.750380E+5
9.860000E-3	0.000000E+0	5.743440E+5
9.880000E-3	0.000000E+0	5.762150E+5
9.900000E-3	0.000000E+0	5.769110E+5
9.920000E-3	0.000000E+0	5.751340E+5
9.940000E-3	0.000000E+0	5.741360E+5
9.960000E-3	0.000000E+0	5.745930E+5
9.980000E-3	0.000000E+0	5.759690E+5
1.000000E-2	0.000000E+0	5.751190E+5
1.002000E-2	0.000000E+0	5.749290E+5
1.004000E-2	0.000000E+0	5.761270E+5
1.006000E-2	0.000000E+0	5.741700E+5
1.008000E-2	0.000000E+0	5.747630E+5
1.010000E-2	0.000000E+0	5.745950E+5
1.012000E-2	0.000000E+0	5.762590E+5
1.014000E-2	0.000000E+0	5.771290E+5
1.016000E-2	0.000000E+0	5.759080E+5
1.018000E-2	0.000000E+0	5.752850E+5
1.020000E-2	0.000000E+0	5.758850E+5
1.022000E-2	0.000000E+0	5.756620E+5
1.024000E-2	0.000000E+0	5.745950E+5
1.026000E-2	0.000000E+0	5.763730E+5
1.028000E-2	0.000000E+0	5.754240E+5
1.030000E-2	0.000000E+0	5.758720E+5
1.032000E-2	0.000000E+0	5.744780E+5
1.034000E-2	0.000000E+0	5.763760E+5
1.036000E-2	0.000000E+0	5.753430E+5
1.038000E-2	0.000000E+0	5.758640E+5
1.040000E-2	0.000000E+0	5.747220E+5
1.042000E-2	0.000000E+0	5.755660E+5
1.044000E-2	0.000000E+0	5.753960E+5
1.046000E-2	0.000000E+0	5.760670E+5
1.048000E-2	0.000000E+0	5.768050E+5
1.050000E-2	0.000000E+0	5.747450E+5
1.052000E-2	0.000000E+0	5.763260E+5
1.054000E-2	0.000000E+0	5.765590E+5
1.056000E-2	0.000000E+0	5.751380E+5
1.058000E-2	0.000000E+0	5.768850E+5
1.060000E-2	0.000000E+0	5.746940E+5
1.062000E-2	0.000000E+0	5.748150E+5
1.064000E-2	0.000000E+0	5.758460E+5
1.066000E-2	0.000000E+0	5.752530E+5
1.068000E-2	0.000000E+0	5.754710E+5
1.070000E-2	0.000000E+0	5.743230E+5
1.072000E-2	0.000000E+0	5.752430E+5
1.074000E-2	0.000000E+0	5.758310E+5
1.076000E-2	0.000000E+0	5.753930E+5
1.078000E-2	0.000000E+0	5.762820E+5
1.080000E-2	0.000000E+0	5.763960E+5
1.082000E-2	0.000000E+0	5.765790E+5
1.084000E-2	0.000000E+0	5.755970E+5
1.086000E-2	0.000000E+0	5.760420E+5
1.088000E-2	0.000000E+0	5.753830E+5
1.090000E-2	0.000000E+0	5.754850E+5
1.092000E-2	0.000000E+0	5.756190E+5
1.094000E-2	0.000000E+0	5.744990E+5
1.096000E-2	0.000000E+0	5.752070E+5
1.098000E-2	0.000000E+0	5.760660E+5
1.100000E-2	0.000000E+0	5.760480E+5
1.102000E-2	0.000000E+0	5.744410E+5
1.104000E-2	0.000000E+0	5.761020E+5
1.106000E-2	0.000000E+0	5.752210E+5
1.108000E-2	0.000000E+0	5.759800E+5
1.110000E-2	0.000000E+0	5.752010E+5
1.112000E-2	0.000000E+0	5.746860E+5
1.114000E-2	0.000000E+0	5.760900E+5
1.116000E-2	0.000000E+0	5.738580E+5
1.118000E-2	0.000000E+0	5.753570E+5
1.120000E-2	0.000000E+0	5.744270E+5
1.122000E-2	0.000000E+0	5.769640E+5
1.124000E-2	0.000000E+0	5.768890E+5
1.126000E-2	0.000000E+0	5.741760E+5
1.128000E-2	0.000000E+0	5.740620E+5
1.130000E-2	0.000000E+0	5.755650E+5
1.132000E-2	0.000000E+0	5.767620E+5
1.134000E-2	0.000000E+0	5.742070E+5
1.136000E-2	0.000000E+0	5.762880E+5
1.138000E-2	0.000000E+0	5.752060E+5
1.140000E-2	0.000000E+0	5.766960E+5
1.142000E-2	0.000000E+0	5.743650E+5
1.144000E-2	0.000000E+0	5.763400E+5
1.146000E-2	0.000000E+0	5.748270E+5
1.148000E-2	0.000000E+0	5.753570E+5
1.150000E-2	0.000000E+0	5.749520E+5
1.152000E-2	0.000000E+0	5.749960E+5
1.154000E-2	0.000000E+0	5.746720E+5
1.156000E-2	0.000000E+0	5.755310E+5
1.158000E-2	0.000000E+0	5.747450E+5
1.160000E-2	0.000000E+0	5.757010E+5
1.162000E-2	0.000000E+0	5.757610E+5
1.164000E-2	0.000000E+0	5.763130E+5
1.166000E-2	0.000000E+0	5.772300E+5
1.168000E-2	0.000000E+0	5.757920E+5
1.170000E-2	0.000000E+0	5.763550E+5
1.172000E-2	0.000000E+0	5.763780E+5
1.174000E-2	0.000000E+0	5.755520E+5
1.176000E-2	0.000000E+0	5.756340E+5
1.178000E-2	0.000000E+0	5.740270E+5
1.180000E-2	0.000000E+0	5.754940E+5
1.182000E-2	0.000000E+0	5.762640E+5
1.184000E-2	0.000000E+0	5.767030E+5
1.186000E-2	0.000000E+0	5.746190E+5
1.188000E-2	0.000000E+0	5.745430E+5
1.190000E-2	0.000000E+0	5.748300E+5
1.192000E-2	0.000000E+0	5.744240E+5
1.194000E-2	0.000000E+0	5.769560E+5
1.196000E-2	0.000000E+0	5.754950E+5
1.198000E-2	0.000000E+0	5.754010E+5
1.200000E-2	0.000000E+0	5.754030E+5
1.202000E-2	0.000000E+0	5.755390E+5
1.204000E-2	0.000000E+0	5.751320E+5
1.206000E-2	0.000000E+0	5.755030E+5
1.208000E-2	0.000000E+0	5.763190E+5
1.210000E-2	0.000000E+0	5.757240E+5
1.212000E-2	0.000000E+0	5.749210E+5
1.214000E-2	0.000000E+0	5.741210E+5
1.216000E-2	0.000000E+0	5.753390E+5
1.218000E-2	0.000000E+0	5.749910E+5
1.220000E-2	0.000000E+0	5.749630E+5
1.222000E-2	0.000000E+0	5.759100E+5
1.224000E-2	0.000000E+0	5.758200E+5
1.226000E-2	0.000000E+0	5.747380E+5
1.228000E-2	0.000000E+0	5.754990E+5
1.230000E-2	0.000000E+0	5.755400E+5
1.232000E-2	0.000000E+0	5.758190E+5
1.234000E-2	0.000000E+0	5.761870E+5
1.236000E-2	0.000000E+0	5.754940E+5
1.238000E-2	0.000000E+0	5.768670E+5
1.240000E-2	0.000000E+0	5.760440E+5
1.242000E-2	0.000000E+0	5.760380E+5
1.244000E-2	0.000000E+0	5.760840E+5
1.246000E-2	0.000000E+0	5.756930E+5
1.248000E-2	0.000000E+0	5.753650E+5
1.250000E-2	0.000000E+0	5.747860E+5
1.252000E-2	0.000000E+0	5.773830E+5
1.254000E-2	0.000000E+0	5.761270E+5
1.256000E-2	0.000000E+0	5.746580E+5
1.258000E-2	0.000000E+0	5.763980E+5
1.260000E-2	0.000000E+0	5.764850E+5
1.262000E-2	0.000000E+0	5.745620E+5
1.264000E-2	0.000000E+0	5.746480E+5
1.266000E-2	0.000000E+0	5.775320E+5
1.268000E-2	0.000000E+0	5.757560E+5
1.270000E-2	0.000000E+0	5.750640E+5
1.272000E-2	0.000000E+0	5.763310E+5
1.274000E-2	0.000000E+0	5.751160E+5
1.276000E-2	0.000000E+0	5.756410E+5
1.278000E-2	0.000000E+0	5.751090E+5
1.280000E-2	0.000000E+0	5.748000E+5
1.282000E-2	0.000000E+0	5.746260E+5
1.284000E-2	0.000000E+0	5.755830E+5
1.286000E-2	0.000000E+0	5.760630E+5
1.288000E-2	0.000000E+0	5.760700E+5
1.290000E-2	0.000000E+0	5.753990E+5
1.292000E-2	0.000000E+0	5.755550E+5
1.294000E-2	0.000000E+0	5.747850E+5
1.296000E-2	0.000000E+0	5.756100E+5
1.298000E-2	0.000000E+0	5.755600E+5
1.300000E-2	0.000000E+0	5.759430E+5
1.302000E-2	0.000000E+0	5.762890E+5
1.304000E-2	0.000000E+0	5.758090E+5
1.306000E-2	0.000000E+0	5.745930E+5
1.308000E-2	0.000000E+0	5.769020E+5
1.310000E-2	0.000000E+0	5.761420E+5
1.312000E-2	0.000000E+0	5.753120E+5
1.314000E-2	0.000000E+0	5.767090E+5
1.316000E-2	0.000000E+0	5.754970E+5
1.318000E-2	0.000000E+0	5.752830E+5
1.320000E-2	0.000000E+0	5.758990E+5
1.322000E-2	0.000000E+0	5.758730E+5
1.324000E-2	0.000000E+0	5.743510E+5
1.326000E-2	0.000000E+0	5.765200E+5
1.328000E-2	0.000000E+0	5.764370E+5
1.330000E-2	0.000000E+0	5.737360E+5
1.332000E-2	0.000000E+0	5.751950E+5
1.334000E-2	0.000000E+0	5.749610E+5
1.336000E-2	0.000000E+0	5.756290E+5
1.338000E-2	0.000000E+0	5.760590E+5
1.340000E-2	0.000000E+0	5.754540E+5
1.342000E-2	0.000000E+0	5.742730E+5
1.344000E-2	0.000000E+0	5.752400E+5
1.346000E-2	0.000000E+0	5.746230E+5
1.348000E-2	0.000000E+0	5.759670E+5
1.350000E-2	0.000000E+0	5.762800E+5
1.352000E-2	0.000000E+0	5.757820E+5
1.354000E-2	0.000000E+0	5.755030E+5
1.356000E-2	0.000000E+0	5.765510E+5
1.358000E-2	0.000000E+0	5.750710E+5
1.360000E-2	0.000000E+0	5.752040E+5
1.362000E-2	0.000000E+0	5.759380E+5
1.364000E-2	0.000000E+0	5.739190E+5
1.366000E-2	0.000000E+0	5.752110E+5
1.368000E-2	0.000000E+0	5.760610E+5
1.370000E-2	0.000000E+0	5.764510E+5
1.372000E-2	0.000000E+0	5.749390E+5
1.374000E-2	0.000000E+0	5.761930E+5
1.376000E-2	0.000000E+0	5.752790E+5
1.378000E-2	0.000000E+0	5.749680E+5
1.380000E-2	0.000000E+0	5.757220E+5
1.382000E-2	0.000000E+0	5.742280E+5
1.384000E-2	0.000000E+0	5.750320E+5
1.386000E-2	0.000000E+0	5.757280E+5
1.388000E-2	0.000000E+0	5.753220E+5
1.390000E-2	0.000000E+0	5.765400E+5
1.392000E-2	0.000000E+0	5.766380E+5
1.394000E-2	0.000000E+0	5.761130E+5
1.396000E-2	0.000000E+0	5.756450E+5
1.398000E-2	0.000000E+0	5.765870E+5
1.400000E-2	0.000000E+0	5.766310E+5
1.402000E-2	0.000000E+0	5.745730E+5
1.404000E-2	0.000000E+0	5.770260E+5
1.406000E-2	0.000000E+0	5.749780E+5
1.408000E-2	0.000000E+0	5.751860E+5
1.410000E-2	0.000000E+0	5.762230E+5
1.412000E-2	0.000000E+0	5.748960E+5
1.414000E-2	0.000000E+0	5.744880E+5
1.416000E-2	0.000000E+0	5.744620E+5
1.418000E-2	0.000000E+0	5.748140E+5
1.420000E-2	0.000000E+0	5.761000E+5
1.422000E-2	0.000000E+0	5.758570E+5
1.424000E-2	0.000000E+0	5.741710E+5
1.426000E-2	0.000000E+0	5.745090E+5
1.428000E-2	0.000000E+0	5.753410E+5
1.430000E-2	0.000000E+0	5.755120E+5
1.432000E-2	0.000000E+0	5.749860E+5
1.434000E-2	0.000000E+0	5.756400E+5
1.436000E-2	0.000000E+0	5.759240E+5
1.438000E-2	0.000000E+0	5.753600E+5
1.440000E-2	0.000000E+0	5.772330E+5
1.442000E-2	0.000000E+0	5.756760E+5
1.444000E-2	0.000000E+0	5.742760E+5
1.446000E-2	0.000000E+0	5.758370E+5
1.448000E-2	0.000000E+0	5.764730E+5
1.450000E-2	0.000000E+0	5.753890E+5
1.452000E-2	0.000000E+0	5.758300E+5
1.454000E-2	0.000000E+0	5.753640E+5
1.456000E-2	0.000000E+0	5.761450E+5
1.458000E-2	0.000000E+0	5.744470E+5
1.460000E-2	0.000000E+0	5.757150E+5
1.462000E-2	0.000000E+0	5.736510E+5
1.464000E-2	0.000000E+0	5.758220E+5
1.466000E-2	0.000000E+0	5.753120E+5
1.468000E-2	0.000000E+0	5.769120E+5
1.470000E-2	0.000000E+0	5.749040E+5
1.472000E-2	0.000000E+0	5.749840E+5
1.474000E-2	0.000000E+0	5.758210E+5
1.476000E-2	0.000000E+0	5.761930E+5
1.478000E-2	0.000000E+0	5.763370E+5
1.480000E-2	0.000000E+0	5.743260E+5
1.482000E-2	0.000000E+0	5.744940E+5
1.484000E-2	0.000000E+0	5.763560E+5
1.486000E-2	0.000000E+0	5.741690E+5
1.488000E-2	0.000000E+0	5.739520E+5
1.490000E-2	0.000000E+0	5.732220E+5
1.492000E-2	0.000000E+0	5.720310E+5
1.494000E-2	0.000000E+0	5.695050E+5
1.496000E-2	0.000000E+0	5.679770E+5
1.498000E-2	0.000000E+0	5.678010E+5
1.500000E-2	0.000000E+0	5.669370E+5
1.502000E-2	0.000000E+0	5.665480E+5
1.504000E-2	0.000000E+0	5.647960E+5
1.506000E-2	0.000000E+0	5.640780E+5
1.508000E-2	0.000000E+0	5.618970E+5
1.510000E-2	0.000000E+0	5.603620E+5
1.512000E-2	0.000000E+0	5.596900E+5
1.514000E-2	0.000000E+0	5.614680E+5
1.516000E-2	0.000000E+0	5.613830E+5
1.518000E-2	0.000000E+0	5.626690E+5
1.520000E-2	0.000000E+0	5.653990E+5
1.522000E-2	0.000000E+0	5.667940E+5
1.524000E-2	0.000000E+0	5.702470E+5
1.526000E-2	0.000000E+0	5.696340E+5
1.528000E-2	0.000000E+0	5.714670E+5
1.530000E-2	0.000000E+0	5.714100E+5
1.532000E-2	0.000000E+0	5.734090E+5
1.534000E-2	0.000000E+0	5.729770E+5
1.536000E-2	0.000000E+0	5.737160E+5
1.538000E-2	0.000000E+0	5.751520E+5
1.540000E-2	0.000000E+0	5.746900E+5
1.542000E-2	0.000000E+0	5.746620E+5
1.544000E-2	0.000000E+0	5.740220E+5
1.546000E-2	0.000000E+0	5.738970E+5
1.548000E-2	0.000000E+0	5.736140E+5
1.550000E-2	0.000000E+0	5.733200E+5
1.552000E-2	0.000000E+0	5.746060E+5
1.554000E-2	0.000000E+0	5.730630E+5
1.556000E-2	0.000000E+0	5.709960E+5
1.558000E-2	0.000000E+0	5.688240E+5
1.560000E-2	0.000000E+0	5.682390E+5
1.562000E-2	0.000000E+0	5.672890E+5
1.564000E-2	0.000000E+0	5.660130E+5
1.566000E-2	0.000000E+0	5.666660E+5
1.568000E-2	0.000000E+0	5.650610E+5
1.570000E-2	0.000000E+0	5.638160E+5
1.572000E-2	0.000000E+0	5.611930E+5
1.574000E-2	0.000000E+0	5.597220E+5
1.576000E-2	0.000000E+0	5.609630E+5
1.578000E-2	0.000000E+0	5.583700E+5
1.580000E-2	0.000000E+0	5.610000E+5
1.582000E-2	0.000000E+0	5.626640E+5
1.584000E-2	0.000000E+0	5.640160E+5
1.586000E-2	0.000000E+0	5.659240E+5
1.588000E-2	0.000000E+0	5.684110E+5
1.590000E-2	0.000000E+0	5.692650E+5
1.592000E-2	0.000000E+0	5.710200E+5
1.594000E-2	0.000000E+0	5.703610E+5
1.596000E-2	0.000000E+0	5.725770E+5
1.598000E-2	0.000000E+0	5.744550E+5
1.600000E-2	0.000000E+0	5.748590E+5
1.602000E-2	0.000000E+0	5.746030E+5
1.604000E-2	0.000000E+0	5.743300E+5
1.606000E-2	0.000000E+0	5.748140E+5
1.608000E-2	0.000000E+0	5.750450E+5
1.610000E-2	0.000000E+0	5.756780E+5
1.612000E-2	0.000000E+0	5.753560E+5
1.614000E-2	0.000000E+0	5.747590E+5
1.616000E-2	0.000000E+0	5.772930E+5
1.618000E-2	0.000000E+0	5.750830E+5
1.620000E-2	0.000000E+0	5.754720E+5
1.622000E-2	0.000000E+0	5.756150E+5
1.624000E-2	0.000000E+0	5.750940E+5
1.626000E-2	0.000000E+0	5.750840E+5
1.628000E-2	0.000000E+0	5.765600E+5
1.630000E-2	0.000000E+0	5.752950E+5
1.632000E-2	0.000000E+0	5.756560E+5
1.634000E-2	0.000000E+0	5.757150E+5
1.636000E-2	0.000000E+0	5.765060E+5
1.638000E-2	0.000000E+0	5.750360E+5
1.640000E-2	0.000000E+0	5.760840E+5
1.642000E-2	0.000000E+0	5.754740E+5
1.644000E-2	0.000000E+0	5.753000E+5
1.646000E-2	0.000000E+0	5.750570E+5
1.648000E-2	0.000000E+0	5.749300E+5
1.650000E-2	0.000000E+0	5.749280E+5
1.652000E-2	0.000000E+0	5.761370E+5
1.654000E-2	0.000000E+0	5.749400E+5
1.656000E-2	0.000000E+0	5.748210E+5
1.658000E-2	0.000000E+0	5.750510E+5
1.660000E-2	0.000000E+0	5.754170E+5
1.662000E-2	0.000000E+0	5.756200E+5
1.664000E-2	0.000000E+0	5.756600E+5
1.666000E-2	0.000000E+0	5.749500E+5
1.668000E-2	0.000000E+0	5.747140E+5
1.670000E-2	0.000000E+0	5.755840E+5
1.672000E-2	0.000000E+0	5.762570E+5
1.674000E-2	0.000000E+0	5.753570E+5
1.676000E-2	0.000000E+0	5.743440E+5
1.678000E-2	0.000000E+0	5.743430E+5
1.680000E-2	0.000000E+0	5.758090E+5
1.682000E-2	0.000000E+0	5.757490E+5
1.684000E-2	0.000000E+0	5.759840E+5
1.686000E-2	0.000000E+0	5.772240E+5
1.688000E-2	0.000000E+0	5.756880E+5
1.690000E-2	0.000000E+0	5.757090E+5
1.692000E-2	0.000000E+0	5.760330E+5
1.694000E-2	0.000000E+0	5.754110E+5
1.696000E-2	0.000000E+0	5.748410E+5
1.698000E-2	0.000000E+0	5.750790E+5
1.700000E-2	0.000000E+0	5.762550E+5
1.702000E-2	0.000000E+0	5.757190E+5
1.704000E-2	0.000000E+0	5.764670E+5
1.706000E-2	0.000000E+0	5.762470E+5
1.708000E-2	0.000000E+0	5.750930E+5
1.710000E-2	0.000000E+0	5.762850E+5
1.712000E-2	0.000000E+0	5.756020E+5
1.714000E-2	0.000000E+0	5.746210E+5
1.716000E-2	0.000000E+0	5.761660E+5
1.718000E-2	0.000000E+0	5.755420E+5
1.720000E-2	0.000000E+0	5.760160E+5
1.722000E-2	0.000000E+0	5.763660E+5
1.724000E-2	0.000000E+0	5.755920E+5
1.726000E-2	0.000000E+0	5.751770E+5
1.728000E-2	0.000000E+0	5.750380E+5
1.730000E-2	0.000000E+0	5.754620E+5
1.732000E-2	0.000000E+0	5.748700E+5
1.734000E-2	0.000000E+0	5.758320E+5
1.736000E-2	0.000000E+0	5.767910E+5
1.738000E-2	0.000000E+0	5.762900E+5
1.740000E-2	0.000000E+0	5.768540E+5
1.742000E-2	0.000000E+0	5.750220E+5
1.744000E-2	0.000000E+0	5.752420E+5
1.746000E-2	0.000000E+0	5.752290E+5
1.748000E-2	0.000000E+0	5.758120E+5
1.750000E-2	0.000000E+0	5.760380E+5
1.752000E-2	0.000000E+0	5.763510E+5
1.754000E-2	0.000000E+0	5.752430E+5
1.756000E-2	0.000000E+0	5.747890E+5
1.758000E-2	0.000000E+0	5.756720E+5
1.760000E-2	0.000000E+0	5.757550E+5
1.762000E-2	0.000000E+0	5.759790E+5
1.764000E-2	0.000000E+0	5.762010E+5
1.766000E-2	0.000000E+0	5.753760E+5
1.768000E-2	0.000000E+0	5.759260E+5
1.770000E-2	0.000000E+0	5.754230E+5
1.772000E-2	0.000000E+0	5.768130E+5
1.774000E-2	0.000000E+0	5.755270E+5
1.776000E-2	0.000000E+0	5.753300E+5
1.778000E-2	0.000000E+0	5.765840E+5
1.780000E-2	0.000000E+0	5.740800E+5
1.782000E-2	0.000000E+0	5.757740E+5
1.784000E-2	0.000000E+0	5.752200E+5
1.786000E-2	0.000000E+0	5.753290E+5
1.788000E-2	0.000000E+0	5.757910E+5
1.790000E-2	0.000000E+0	5.758610E+5
1.792000E-2	0.000000E+0	5.743930E+5
1.794000E-2	0.000000E+0	5.755230E+5
1.796000E-2	0.000000E+0	5.756820E+5
1.798000E-2	0.000000E+0	5.761230E+5
1.800000E-2	0.000000E+0	5.740470E+5
1.802000E-2	0.000000E+0	5.753480E+5
1.804000E-2	0.000000E+0	5.744970E+5
1.806000E-2	0.000000E+0	5.751210E+5
1.808000E-2	0.000000E+0	5.751690E+5
1.810000E-2	0.000000E+0	5.759190E+5
1.812000E-2	0.000000E+0	5.771070E+5
1.814000E-2	0.000000E+0	5.768880E+5
1.816000E-2	0.000000E+0	5.757960E+5
1.818000E-2	0.000000E+0	5.745480E+5
1.820000E-2	0.000000E+0	5.764170E+5
1.822000E-2	0.000000E+0	5.751850E+5
1.824000E-2	0.000000E+0	5.756640E+5
1.826000E-2	0.000000E+0	5.761730E+5
1.828000E-2	0.000000E+0	5.747630E+5
1.830000E-2	0.000000E+0	5.745080E+5
1.832000E-2	0.000000E+0	5.761750E+5
1.834000E-2	0.000000E+0	5.746150E+5
1.836000E-2	0.000000E+0	5.765940E+5
1.838000E-2	0.000000E+0	5.748340E+5
1.840000E-2	0.000000E+0	5.752490E+5
1.842000E-2	0.000000E+0	5.747910E+5
1.844000E-2	0.000000E+0	5.747490E+5
1.846000E-2	0.000000E+0	5.739280E+5
1.848000E-2	0.000000E+0	5.765550E+5
1.850000E-2	0.000000E+0	5.758170E+5
1.852000E-2	0.000000E+0	5.755630E+5
1.854000E-2	0.000000E+0	5.774960E+5
1.856000E-2	0.000000E+0	5.739070E+5
1.858000E-2	0.000000E+0	5.744630E+5
1.860000E-2	0.000000E+0	5.755390E+5
1.862000E-2	0.000000E+0	5.746630E+5
1.864000E-2	0.000000E+0	5.743440E+5
1.866000E-2	0.000000E+0	5.760920E+5
1.868000E-2	0.000000E+0	5.756930E+5
1.870000E-2	0.000000E+0	5.754870E+5
1.872000E-2	0.000000E+0	5.757120E+5
1.874000E-2	0.000000E+0	5.734120E+5
1.876000E-2	0.000000E+0	5.753610E+5
1.878000E-2	0.000000E+0	5.755130E+5
1.880000E-2	0.000000E+0	5.747550E+5
1.882000E-2	0.000000E+0	5.749560E+5
1.884000E-2	0.000000E+0	5.762020E+5
1.886000E-2	0.000000E+0	5.751660E+5
1.888000E-2	0.000000E+0	5.746370E+5
1.890000E-2	0.000000E+0	5.749790E+5
1.892000E-2	0.000000E+0	5.766830E+5
1.894000E-2	0.000000E+0	5.753000E+5
1.896000E-2	0.000000E+0	5.756720E+5
1.898000E-2	0.000000E+0	5.764210E+5
1.900000E-2	0.000000E+0	5.748910E+5
1.902000E-2	0.000000E+0	5.745330E+5
1.904000E-2	0.000000E+0	5.756220E+5
1.906000E-2	0.000000E+0	5.762900E+5
1.908000E-2	0.000000E+0	5.756160E+5
1.910000E-2	0.000000E+0	5.744450E+5
1.912000E-2	0.000000E+0	5.744260E+5
1.914000E-2	0.000000E+0	5.757280E+5
1.916000E-2	0.000000E+0	5.748150E+5
1.918000E-2	0.000000E+0	5.747350E+5
1.920000E-2	0.000000E+0	5.763400E+5
1.922000E-2	0.000000E+0	5.754830E+5
1.924000E-2	0.000000E+0	5.760150E+5
1.926000E-2	0.000000E+0	5.761130E+5
1.928000E-2	0.000000E+0	5.762830E+5
1.930000E-2	0.000000E+0	5.752420E+5
1.932000E-2	0.000000E+0	5.751940E+5
1.934000E-2	0.000000E+0	5.754180E+5
1.936000E-2	0.000000E+0	5.750970E+5
1.938000E-2	0.000000E+0	5.759510E+5
1.940000E-2	0.000000E+0	5.736750E+5
1.942000E-2	0.000000E+0	5.764670E+5
1.944000E-2	0.000000E+0	5.763000E+5
1.946000E-2	0.000000E+0	5.741220E+5
1.948000E-2	0.000000E+0	5.756150E+5
1.950000E-2	0.000000E+0	5.755620E+5
1.952000E-2	0.000000E+0	5.763360E+5
1.954000E-2	0.000000E+0	5.751320E+5
1.956000E-2	0.000000E+0	5.764820E+5
1.958000E-2	0.000000E+0	5.748530E+5
1.960000E-2	0.000000E+0	5.758570E+5
1.962000E-2	0.000000E+0	5.747650E+5
1.964000E-2	0.000000E+0	5.762240E+5
1.966000E-2	0.000000E+0	5.763530E+5
1.968000E-2	0.000000E+0	5.754850E+5
1.970000E-2	0.000000E+0	5.753660E+5
1.972000E-2	0.000000E+0	5.756200E+5
1.974000E-2	0.000000E+0	5.756510E+5
1.976000E-2	0.000000E+0	5.738570E+5
1.978000E-2	0.000000E+0	5.747190E+5
1.980000E-2	0.000000E+0	5.759780E+5
1.982000E-2	0.000000E+0	5.748990E+5
1.984000E-2	0.000000E+0	5.756470E+5
1.986000E-2	0.000000E+0	5.745970E+5
1.988000E-2	0.000000E+0	5.742430E+5
1.990000E-2	0.000000E+0	5.750010E+5
1.992000E-2	0.000000E+0	5.749400E+5
1.994000E-2	0.000000E+0	5.769070E+5
1.996000E-2	0.000000E+0	5.747880E+5
1.998000E-2	0.000000E+0	5.753460E+5
