

live time:  48884.860000
real time:  68408.622000
sweeps:  2444243.000000
0.000000E+0	0.000000E+0	0.000000E+0
2.000000E-5	0.000000E+0	1.074400E+5
4.000000E-5	0.000000E+0	1.075120E+5
6.000000E-5	0.000000E+0	1.072130E+5
8.000000E-5	0.000000E+0	1.078090E+5
1.000000E-4	0.000000E+0	1.071980E+5
1.200000E-4	0.000000E+0	1.074150E+5
1.400000E-4	0.000000E+0	1.071720E+5
1.600000E-4	0.000000E+0	1.076640E+5
1.800000E-4	0.000000E+0	1.074720E+5
2.000000E-4	0.000000E+0	1.073530E+5
2.200000E-4	0.000000E+0	1.070690E+5
2.400000E-4	0.000000E+0	1.071580E+5
2.600000E-4	0.000000E+0	1.070570E+5
2.800000E-4	0.000000E+0	1.073200E+5
3.000000E-4	0.000000E+0	1.076990E+5
3.200000E-4	0.000000E+0	1.077380E+5
3.400000E-4	0.000000E+0	1.072640E+5
3.600000E-4	0.000000E+0	1.072320E+5
3.800000E-4	0.000000E+0	1.065740E+5
4.000000E-4	0.000000E+0	1.073860E+5
4.200000E-4	0.000000E+0	1.074070E+5
4.400000E-4	0.000000E+0	1.069500E+5
4.600000E-4	0.000000E+0	1.077390E+5
4.800000E-4	0.000000E+0	1.068920E+5
5.000000E-4	0.000000E+0	1.074050E+5
5.200000E-4	0.000000E+0	1.072550E+5
5.400000E-4	0.000000E+0	1.072140E+5
5.600000E-4	0.000000E+0	1.068070E+5
5.800000E-4	0.000000E+0	1.071340E+5
6.000000E-4	0.000000E+0	1.074790E+5
6.200000E-4	0.000000E+0	1.069840E+5
6.400000E-4	0.000000E+0	1.076740E+5
6.600000E-4	0.000000E+0	1.071850E+5
6.800000E-4	0.000000E+0	1.072370E+5
7.000000E-4	0.000000E+0	1.075040E+5
7.200000E-4	0.000000E+0	1.078000E+5
7.400000E-4	0.000000E+0	1.072250E+5
7.600000E-4	0.000000E+0	1.071720E+5
7.800000E-4	0.000000E+0	1.067840E+5
8.000000E-4	0.000000E+0	1.071890E+5
8.200000E-4	0.000000E+0	1.074720E+5
8.400000E-4	0.000000E+0	1.071500E+5
8.600000E-4	0.000000E+0	1.068870E+5
8.800000E-4	0.000000E+0	1.067970E+5
9.000000E-4	0.000000E+0	1.075260E+5
9.200000E-4	0.000000E+0	1.068520E+5
9.400000E-4	0.000000E+0	1.073860E+5
9.600000E-4	0.000000E+0	1.069350E+5
9.800000E-4	0.000000E+0	1.080390E+5
1.000000E-3	0.000000E+0	1.075400E+5
1.020000E-3	0.000000E+0	1.072250E+5
1.040000E-3	0.000000E+0	1.072750E+5
1.060000E-3	0.000000E+0	1.067880E+5
1.080000E-3	0.000000E+0	1.071440E+5
1.100000E-3	0.000000E+0	1.070090E+5
1.120000E-3	0.000000E+0	1.072010E+5
1.140000E-3	0.000000E+0	1.071200E+5
1.160000E-3	0.000000E+0	1.068450E+5
1.180000E-3	0.000000E+0	1.067590E+5
1.200000E-3	0.000000E+0	1.074270E+5
1.220000E-3	0.000000E+0	1.075620E+5
1.240000E-3	0.000000E+0	1.072390E+5
1.260000E-3	0.000000E+0	1.069360E+5
1.280000E-3	0.000000E+0	1.080380E+5
1.300000E-3	0.000000E+0	1.063400E+5
1.320000E-3	0.000000E+0	1.079030E+5
1.340000E-3	0.000000E+0	1.070380E+5
1.360000E-3	0.000000E+0	1.070500E+5
1.380000E-3	0.000000E+0	1.077730E+5
1.400000E-3	0.000000E+0	1.073700E+5
1.420000E-3	0.000000E+0	1.073990E+5
1.440000E-3	0.000000E+0	1.066800E+5
1.460000E-3	0.000000E+0	1.063720E+5
1.480000E-3	0.000000E+0	1.072570E+5
1.500000E-3	0.000000E+0	1.076240E+5
1.520000E-3	0.000000E+0	1.077820E+5
1.540000E-3	0.000000E+0	1.076480E+5
1.560000E-3	0.000000E+0	1.067780E+5
1.580000E-3	0.000000E+0	1.073220E+5
1.600000E-3	0.000000E+0	1.074620E+5
1.620000E-3	0.000000E+0	1.070920E+5
1.640000E-3	0.000000E+0	1.068550E+5
1.660000E-3	0.000000E+0	1.076500E+5
1.680000E-3	0.000000E+0	1.074540E+5
1.700000E-3	0.000000E+0	1.072670E+5
1.720000E-3	0.000000E+0	1.076210E+5
1.740000E-3	0.000000E+0	1.078860E+5
1.760000E-3	0.000000E+0	1.078340E+5
1.780000E-3	0.000000E+0	1.078840E+5
1.800000E-3	0.000000E+0	1.078030E+5
1.820000E-3	0.000000E+0	1.068800E+5
1.840000E-3	0.000000E+0	1.075510E+5
1.860000E-3	0.000000E+0	1.074630E+5
1.880000E-3	0.000000E+0	1.075280E+5
1.900000E-3	0.000000E+0	1.074440E+5
1.920000E-3	0.000000E+0	1.072790E+5
1.940000E-3	0.000000E+0	1.071790E+5
1.960000E-3	0.000000E+0	1.075850E+5
1.980000E-3	0.000000E+0	1.078300E+5
2.000000E-3	0.000000E+0	1.071410E+5
2.020000E-3	0.000000E+0	1.075320E+5
2.040000E-3	0.000000E+0	1.071240E+5
2.060000E-3	0.000000E+0	1.075490E+5
2.080000E-3	0.000000E+0	1.075210E+5
2.100000E-3	0.000000E+0	1.077170E+5
2.120000E-3	0.000000E+0	1.074760E+5
2.140000E-3	0.000000E+0	1.077630E+5
2.160000E-3	0.000000E+0	1.070550E+5
2.180000E-3	0.000000E+0	1.076870E+5
2.200000E-3	0.000000E+0	1.078840E+5
2.220000E-3	0.000000E+0	1.075620E+5
2.240000E-3	0.000000E+0	1.076640E+5
2.260000E-3	0.000000E+0	1.076350E+5
2.280000E-3	0.000000E+0	1.074630E+5
2.300000E-3	0.000000E+0	1.074620E+5
2.320000E-3	0.000000E+0	1.073280E+5
2.340000E-3	0.000000E+0	1.074600E+5
2.360000E-3	0.000000E+0	1.073240E+5
2.380000E-3	0.000000E+0	1.078810E+5
2.400000E-3	0.000000E+0	1.072070E+5
2.420000E-3	0.000000E+0	1.070990E+5
2.440000E-3	0.000000E+0	1.062440E+5
2.460000E-3	0.000000E+0	1.069330E+5
2.480000E-3	0.000000E+0	1.077430E+5
2.500000E-3	0.000000E+0	1.075100E+5
2.520000E-3	0.000000E+0	1.072660E+5
2.540000E-3	0.000000E+0	1.073110E+5
2.560000E-3	0.000000E+0	1.075990E+5
2.580000E-3	0.000000E+0	1.069910E+5
2.600000E-3	0.000000E+0	1.075560E+5
2.620000E-3	0.000000E+0	1.071940E+5
2.640000E-3	0.000000E+0	1.071530E+5
2.660000E-3	0.000000E+0	1.073830E+5
2.680000E-3	0.000000E+0	1.075160E+5
2.700000E-3	0.000000E+0	1.073930E+5
2.720000E-3	0.000000E+0	1.076660E+5
2.740000E-3	0.000000E+0	1.075730E+5
2.760000E-3	0.000000E+0	1.074670E+5
2.780000E-3	0.000000E+0	1.074500E+5
2.800000E-3	0.000000E+0	1.070460E+5
2.820000E-3	0.000000E+0	1.073170E+5
2.840000E-3	0.000000E+0	1.071350E+5
2.860000E-3	0.000000E+0	1.073640E+5
2.880000E-3	0.000000E+0	1.076610E+5
2.900000E-3	0.000000E+0	1.074190E+5
2.920000E-3	0.000000E+0	1.076440E+5
2.940000E-3	0.000000E+0	1.072060E+5
2.960000E-3	0.000000E+0	1.074540E+5
2.980000E-3	0.000000E+0	1.072460E+5
3.000000E-3	0.000000E+0	1.075500E+5
3.020000E-3	0.000000E+0	1.072770E+5
3.040000E-3	0.000000E+0	1.077340E+5
3.060000E-3	0.000000E+0	1.079360E+5
3.080000E-3	0.000000E+0	1.074390E+5
3.100000E-3	0.000000E+0	1.067420E+5
3.120000E-3	0.000000E+0	1.072240E+5
3.140000E-3	0.000000E+0	1.074050E+5
3.160000E-3	0.000000E+0	1.074510E+5
3.180000E-3	0.000000E+0	1.079150E+5
3.200000E-3	0.000000E+0	1.076990E+5
3.220000E-3	0.000000E+0	1.074560E+5
3.240000E-3	0.000000E+0	1.067120E+5
3.260000E-3	0.000000E+0	1.077260E+5
3.280000E-3	0.000000E+0	1.073160E+5
3.300000E-3	0.000000E+0	1.069340E+5
3.320000E-3	0.000000E+0	1.072850E+5
3.340000E-3	0.000000E+0	1.072850E+5
3.360000E-3	0.000000E+0	1.074240E+5
3.380000E-3	0.000000E+0	1.069710E+5
3.400000E-3	0.000000E+0	1.077190E+5
3.420000E-3	0.000000E+0	1.074410E+5
3.440000E-3	0.000000E+0	1.072280E+5
3.460000E-3	0.000000E+0	1.074760E+5
3.480000E-3	0.000000E+0	1.073890E+5
3.500000E-3	0.000000E+0	1.078630E+5
3.520000E-3	0.000000E+0	1.073890E+5
3.540000E-3	0.000000E+0	1.071770E+5
3.560000E-3	0.000000E+0	1.069720E+5
3.580000E-3	0.000000E+0	1.072200E+5
3.600000E-3	0.000000E+0	1.073320E+5
3.620000E-3	0.000000E+0	1.065070E+5
3.640000E-3	0.000000E+0	1.074520E+5
3.660000E-3	0.000000E+0	1.073330E+5
3.680000E-3	0.000000E+0	1.069220E+5
3.700000E-3	0.000000E+0	1.071670E+5
3.720000E-3	0.000000E+0	1.075640E+5
3.740000E-3	0.000000E+0	1.076210E+5
3.760000E-3	0.000000E+0	1.077540E+5
3.780000E-3	0.000000E+0	1.074870E+5
3.800000E-3	0.000000E+0	1.072010E+5
3.820000E-3	0.000000E+0	1.069770E+5
3.840000E-3	0.000000E+0	1.074760E+5
3.860000E-3	0.000000E+0	1.070380E+5
3.880000E-3	0.000000E+0	1.072410E+5
3.900000E-3	0.000000E+0	1.072210E+5
3.920000E-3	0.000000E+0	1.080060E+5
3.940000E-3	0.000000E+0	1.078620E+5
3.960000E-3	0.000000E+0	1.074570E+5
3.980000E-3	0.000000E+0	1.072140E+5
4.000000E-3	0.000000E+0	1.078590E+5
4.020000E-3	0.000000E+0	1.071110E+5
4.040000E-3	0.000000E+0	1.069640E+5
4.060000E-3	0.000000E+0	1.073110E+5
4.080000E-3	0.000000E+0	1.073360E+5
4.100000E-3	0.000000E+0	1.075550E+5
4.120000E-3	0.000000E+0	1.073580E+5
4.140000E-3	0.000000E+0	1.074330E+5
4.160000E-3	0.000000E+0	1.074840E+5
4.180000E-3	0.000000E+0	1.066100E+5
4.200000E-3	0.000000E+0	1.065710E+5
4.220000E-3	0.000000E+0	1.067160E+5
4.240000E-3	0.000000E+0	1.075750E+5
4.260000E-3	0.000000E+0	1.067330E+5
4.280000E-3	0.000000E+0	1.073300E+5
4.300000E-3	0.000000E+0	1.077150E+5
4.320000E-3	0.000000E+0	1.070340E+5
4.340000E-3	0.000000E+0	1.073400E+5
4.360000E-3	0.000000E+0	1.075650E+5
4.380000E-3	0.000000E+0	1.067140E+5
4.400000E-3	0.000000E+0	1.079450E+5
4.420000E-3	0.000000E+0	1.075280E+5
4.440000E-3	0.000000E+0	1.070680E+5
4.460000E-3	0.000000E+0	1.072260E+5
4.480000E-3	0.000000E+0	1.065170E+5
4.500000E-3	0.000000E+0	1.069190E+5
4.520000E-3	0.000000E+0	1.072580E+5
4.540000E-3	0.000000E+0	1.074990E+5
4.560000E-3	0.000000E+0	1.069480E+5
4.580000E-3	0.000000E+0	1.071040E+5
4.600000E-3	0.000000E+0	1.069600E+5
4.620000E-3	0.000000E+0	1.071510E+5
4.640000E-3	0.000000E+0	1.071910E+5
4.660000E-3	0.000000E+0	1.073270E+5
4.680000E-3	0.000000E+0	1.075080E+5
4.700000E-3	0.000000E+0	1.074290E+5
4.720000E-3	0.000000E+0	1.074580E+5
4.740000E-3	0.000000E+0	1.062500E+5
4.760000E-3	0.000000E+0	1.074200E+5
4.780000E-3	0.000000E+0	1.072540E+5
4.800000E-3	0.000000E+0	1.073770E+5
4.820000E-3	0.000000E+0	1.070170E+5
4.840000E-3	0.000000E+0	1.076770E+5
4.860000E-3	0.000000E+0	1.074420E+5
4.880000E-3	0.000000E+0	1.069280E+5
4.900000E-3	0.000000E+0	1.066720E+5
4.920000E-3	0.000000E+0	1.062880E+5
4.940000E-3	0.000000E+0	1.060380E+5
4.960000E-3	0.000000E+0	1.058500E+5
4.980000E-3	0.000000E+0	1.059120E+5
5.000000E-3	0.000000E+0	1.057020E+5
5.020000E-3	0.000000E+0	1.055680E+5
5.040000E-3	0.000000E+0	1.048240E+5
5.060000E-3	0.000000E+0	1.043500E+5
5.080000E-3	0.000000E+0	1.040760E+5
5.100000E-3	0.000000E+0	1.039460E+5
5.120000E-3	0.000000E+0	1.041940E+5
5.140000E-3	0.000000E+0	1.045130E+5
5.160000E-3	0.000000E+0	1.045640E+5
5.180000E-3	0.000000E+0	1.047420E+5
5.200000E-3	0.000000E+0	1.053930E+5
5.220000E-3	0.000000E+0	1.056160E+5
5.240000E-3	0.000000E+0	1.057480E+5
5.260000E-3	0.000000E+0	1.064260E+5
5.280000E-3	0.000000E+0	1.059840E+5
5.300000E-3	0.000000E+0	1.063610E+5
5.320000E-3	0.000000E+0	1.067910E+5
5.340000E-3	0.000000E+0	1.071360E+5
5.360000E-3	0.000000E+0	1.068610E+5
5.380000E-3	0.000000E+0	1.070090E+5
5.400000E-3	0.000000E+0	1.073760E+5
5.420000E-3	0.000000E+0	1.072800E+5
5.440000E-3	0.000000E+0	1.065420E+5
5.460000E-3	0.000000E+0	1.070540E+5
5.480000E-3	0.000000E+0	1.068080E+5
5.500000E-3	0.000000E+0	1.069500E+5
5.520000E-3	0.000000E+0	1.065690E+5
5.540000E-3	0.000000E+0	1.070630E+5
5.560000E-3	0.000000E+0	1.063290E+5
5.580000E-3	0.000000E+0	1.063280E+5
5.600000E-3	0.000000E+0	1.051880E+5
5.620000E-3	0.000000E+0	1.054360E+5
5.640000E-3	0.000000E+0	1.053440E+5
5.660000E-3	0.000000E+0	1.058900E+5
5.680000E-3	0.000000E+0	1.058370E+5
5.700000E-3	0.000000E+0	1.051590E+5
5.720000E-3	0.000000E+0	1.046180E+5
5.740000E-3	0.000000E+0	1.038620E+5
5.760000E-3	0.000000E+0	1.038110E+5
5.780000E-3	0.000000E+0	1.049230E+5
5.800000E-3	0.000000E+0	1.046290E+5
5.820000E-3	0.000000E+0	1.052150E+5
5.840000E-3	0.000000E+0	1.053360E+5
5.860000E-3	0.000000E+0	1.057360E+5
5.880000E-3	0.000000E+0	1.058510E+5
5.900000E-3	0.000000E+0	1.064150E+5
5.920000E-3	0.000000E+0	1.065760E+5
5.940000E-3	0.000000E+0	1.063070E+5
5.960000E-3	0.000000E+0	1.066310E+5
5.980000E-3	0.000000E+0	1.074540E+5
6.000000E-3	0.000000E+0	1.072170E+5
6.020000E-3	0.000000E+0	1.078030E+5
6.040000E-3	0.000000E+0	1.075140E+5
6.060000E-3	0.000000E+0	1.069990E+5
6.080000E-3	0.000000E+0	1.071570E+5
6.100000E-3	0.000000E+0	1.070410E+5
6.120000E-3	0.000000E+0	1.069860E+5
6.140000E-3	0.000000E+0	1.067980E+5
6.160000E-3	0.000000E+0	1.071040E+5
6.180000E-3	0.000000E+0	1.070920E+5
6.200000E-3	0.000000E+0	1.071950E+5
6.220000E-3	0.000000E+0	1.071780E+5
6.240000E-3	0.000000E+0	1.066430E+5
6.260000E-3	0.000000E+0	1.072800E+5
6.280000E-3	0.000000E+0	1.074680E+5
6.300000E-3	0.000000E+0	1.071900E+5
6.320000E-3	0.000000E+0	1.073060E+5
6.340000E-3	0.000000E+0	1.074180E+5
6.360000E-3	0.000000E+0	1.064550E+5
6.380000E-3	0.000000E+0	1.071530E+5
6.400000E-3	0.000000E+0	1.071300E+5
6.420000E-3	0.000000E+0	1.072370E+5
6.440000E-3	0.000000E+0	1.075340E+5
6.460000E-3	0.000000E+0	1.072100E+5
6.480000E-3	0.000000E+0	1.072060E+5
6.500000E-3	0.000000E+0	1.069410E+5
6.520000E-3	0.000000E+0	1.074610E+5
6.540000E-3	0.000000E+0	1.070570E+5
6.560000E-3	0.000000E+0	1.079600E+5
6.580000E-3	0.000000E+0	1.075580E+5
6.600000E-3	0.000000E+0	1.081620E+5
6.620000E-3	0.000000E+0	1.073870E+5
6.640000E-3	0.000000E+0	1.071020E+5
6.660000E-3	0.000000E+0	1.064620E+5
6.680000E-3	0.000000E+0	1.070620E+5
6.700000E-3	0.000000E+0	1.071600E+5
6.720000E-3	0.000000E+0	1.071550E+5
6.740000E-3	0.000000E+0	1.074050E+5
6.760000E-3	0.000000E+0	1.080930E+5
6.780000E-3	0.000000E+0	1.068370E+5
6.800000E-3	0.000000E+0	1.074560E+5
6.820000E-3	0.000000E+0	1.069740E+5
6.840000E-3	0.000000E+0	1.069190E+5
6.860000E-3	0.000000E+0	1.072020E+5
6.880000E-3	0.000000E+0	1.077490E+5
6.900000E-3	0.000000E+0	1.070090E+5
6.920000E-3	0.000000E+0	1.075440E+5
6.940000E-3	0.000000E+0	1.070910E+5
6.960000E-3	0.000000E+0	1.070680E+5
6.980000E-3	0.000000E+0	1.073550E+5
7.000000E-3	0.000000E+0	1.076000E+5
7.020000E-3	0.000000E+0	1.067300E+5
7.040000E-3	0.000000E+0	1.069250E+5
7.060000E-3	0.000000E+0	1.072310E+5
7.080000E-3	0.000000E+0	1.074530E+5
7.100000E-3	0.000000E+0	1.077010E+5
7.120000E-3	0.000000E+0	1.075140E+5
7.140000E-3	0.000000E+0	1.077590E+5
7.160000E-3	0.000000E+0	1.074940E+5
7.180000E-3	0.000000E+0	1.071910E+5
7.200000E-3	0.000000E+0	1.071230E+5
7.220000E-3	0.000000E+0	1.071280E+5
7.240000E-3	0.000000E+0	1.073160E+5
7.260000E-3	0.000000E+0	1.070550E+5
7.280000E-3	0.000000E+0	1.069910E+5
7.300000E-3	0.000000E+0	1.074650E+5
7.320000E-3	0.000000E+0	1.078720E+5
7.340000E-3	0.000000E+0	1.077510E+5
7.360000E-3	0.000000E+0	1.072910E+5
7.380000E-3	0.000000E+0	1.075860E+5
7.400000E-3	0.000000E+0	1.071120E+5
7.420000E-3	0.000000E+0	1.070840E+5
7.440000E-3	0.000000E+0	1.074060E+5
7.460000E-3	0.000000E+0	1.076550E+5
7.480000E-3	0.000000E+0	1.071490E+5
7.500000E-3	0.000000E+0	1.076510E+5
7.520000E-3	0.000000E+0	1.078200E+5
7.540000E-3	0.000000E+0	1.074310E+5
7.560000E-3	0.000000E+0	1.077290E+5
7.580000E-3	0.000000E+0	1.072140E+5
7.600000E-3	0.000000E+0	1.071300E+5
7.620000E-3	0.000000E+0	1.073970E+5
7.640000E-3	0.000000E+0	1.079700E+5
7.660000E-3	0.000000E+0	1.070150E+5
7.680000E-3	0.000000E+0	1.070510E+5
7.700000E-3	0.000000E+0	1.067910E+5
7.720000E-3	0.000000E+0	1.074440E+5
7.740000E-3	0.000000E+0	1.070350E+5
7.760000E-3	0.000000E+0	1.069120E+5
7.780000E-3	0.000000E+0	1.077630E+5
7.800000E-3	0.000000E+0	1.072880E+5
7.820000E-3	0.000000E+0	1.072050E+5
7.840000E-3	0.000000E+0	1.077920E+5
7.860000E-3	0.000000E+0	1.072660E+5
7.880000E-3	0.000000E+0	1.074810E+5
7.900000E-3	0.000000E+0	1.072630E+5
7.920000E-3	0.000000E+0	1.069790E+5
7.940000E-3	0.000000E+0	1.073490E+5
7.960000E-3	0.000000E+0	1.074440E+5
7.980000E-3	0.000000E+0	1.073290E+5
8.000000E-3	0.000000E+0	1.077950E+5
8.020000E-3	0.000000E+0	1.074070E+5
8.040000E-3	0.000000E+0	1.067270E+5
8.060000E-3	0.000000E+0	1.073860E+5
8.080000E-3	0.000000E+0	1.071080E+5
8.100000E-3	0.000000E+0	1.070200E+5
8.120000E-3	0.000000E+0	1.073490E+5
8.140000E-3	0.000000E+0	1.070490E+5
8.160000E-3	0.000000E+0	1.077870E+5
8.180000E-3	0.000000E+0	1.072160E+5
8.200000E-3	0.000000E+0	1.070440E+5
8.220000E-3	0.000000E+0	1.072400E+5
8.240000E-3	0.000000E+0	1.071220E+5
8.260000E-3	0.000000E+0	1.079300E+5
8.280000E-3	0.000000E+0	1.072740E+5
8.300000E-3	0.000000E+0	1.075610E+5
8.320000E-3	0.000000E+0	1.072230E+5
8.340000E-3	0.000000E+0	1.074680E+5
8.360000E-3	0.000000E+0	1.068620E+5
8.380000E-3	0.000000E+0	1.070020E+5
8.400000E-3	0.000000E+0	1.072250E+5
8.420000E-3	0.000000E+0	1.077700E+5
8.440000E-3	0.000000E+0	1.074880E+5
8.460000E-3	0.000000E+0	1.074030E+5
8.480000E-3	0.000000E+0	1.077750E+5
8.500000E-3	0.000000E+0	1.068320E+5
8.520000E-3	0.000000E+0	1.074070E+5
8.540000E-3	0.000000E+0	1.072270E+5
8.560000E-3	0.000000E+0	1.073040E+5
8.580000E-3	0.000000E+0	1.077790E+5
8.600000E-3	0.000000E+0	1.069200E+5
8.620000E-3	0.000000E+0	1.078790E+5
8.640000E-3	0.000000E+0	1.076550E+5
8.660000E-3	0.000000E+0	1.070010E+5
8.680000E-3	0.000000E+0	1.077430E+5
8.700000E-3	0.000000E+0	1.070850E+5
8.720000E-3	0.000000E+0	1.076260E+5
8.740000E-3	0.000000E+0	1.069800E+5
8.760000E-3	0.000000E+0	1.074560E+5
8.780000E-3	0.000000E+0	1.077290E+5
8.800000E-3	0.000000E+0	1.075660E+5
8.820000E-3	0.000000E+0	1.074500E+5
8.840000E-3	0.000000E+0	1.072690E+5
8.860000E-3	0.000000E+0	1.076210E+5
8.880000E-3	0.000000E+0	1.072650E+5
8.900000E-3	0.000000E+0	1.075960E+5
8.920000E-3	0.000000E+0	1.067520E+5
8.940000E-3	0.000000E+0	1.069960E+5
8.960000E-3	0.000000E+0	1.079150E+5
8.980000E-3	0.000000E+0	1.067220E+5
9.000000E-3	0.000000E+0	1.070720E+5
9.020000E-3	0.000000E+0	1.074900E+5
9.040000E-3	0.000000E+0	1.073410E+5
9.060000E-3	0.000000E+0	1.082130E+5
9.080000E-3	0.000000E+0	1.074230E+5
9.100000E-3	0.000000E+0	1.076590E+5
9.120000E-3	0.000000E+0	1.074890E+5
9.140000E-3	0.000000E+0	1.071880E+5
9.160000E-3	0.000000E+0	1.077160E+5
9.180000E-3	0.000000E+0	1.074580E+5
9.200000E-3	0.000000E+0	1.076750E+5
9.220000E-3	0.000000E+0	1.073330E+5
9.240000E-3	0.000000E+0	1.072100E+5
9.260000E-3	0.000000E+0	1.079960E+5
9.280000E-3	0.000000E+0	1.075220E+5
9.300000E-3	0.000000E+0	1.075550E+5
9.320000E-3	0.000000E+0	1.068640E+5
9.340000E-3	0.000000E+0	1.072930E+5
9.360000E-3	0.000000E+0	1.069050E+5
9.380000E-3	0.000000E+0	1.075820E+5
9.400000E-3	0.000000E+0	1.077930E+5
9.420000E-3	0.000000E+0	1.075330E+5
9.440000E-3	0.000000E+0	1.073140E+5
9.460000E-3	0.000000E+0	1.078870E+5
9.480000E-3	0.000000E+0	1.068150E+5
9.500000E-3	0.000000E+0	1.071970E+5
9.520000E-3	0.000000E+0	1.076750E+5
9.540000E-3	0.000000E+0	1.066470E+5
9.560000E-3	0.000000E+0	1.074720E+5
9.580000E-3	0.000000E+0	1.075810E+5
9.600000E-3	0.000000E+0	1.073650E+5
9.620000E-3	0.000000E+0	1.065140E+5
9.640000E-3	0.000000E+0	1.074470E+5
9.660000E-3	0.000000E+0	1.076200E+5
9.680000E-3	0.000000E+0	1.068650E+5
9.700000E-3	0.000000E+0	1.076220E+5
9.720000E-3	0.000000E+0	1.073230E+5
9.740000E-3	0.000000E+0	1.070430E+5
9.760000E-3	0.000000E+0	1.067900E+5
9.780000E-3	0.000000E+0	1.073790E+5
9.800000E-3	0.000000E+0	1.072690E+5
9.820000E-3	0.000000E+0	1.073250E+5
9.840000E-3	0.000000E+0	1.072120E+5
9.860000E-3	0.000000E+0	1.074500E+5
9.880000E-3	0.000000E+0	1.078730E+5
9.900000E-3	0.000000E+0	1.073830E+5
9.920000E-3	0.000000E+0	1.071780E+5
9.940000E-3	0.000000E+0	1.065910E+5
9.960000E-3	0.000000E+0	1.072910E+5
9.980000E-3	0.000000E+0	1.077220E+5
1.000000E-2	0.000000E+0	1.070820E+5
1.002000E-2	0.000000E+0	1.069660E+5
1.004000E-2	0.000000E+0	1.072280E+5
1.006000E-2	0.000000E+0	1.076970E+5
1.008000E-2	0.000000E+0	1.071950E+5
1.010000E-2	0.000000E+0	1.071550E+5
1.012000E-2	0.000000E+0	1.075270E+5
1.014000E-2	0.000000E+0	1.078430E+5
1.016000E-2	0.000000E+0	1.072830E+5
1.018000E-2	0.000000E+0	1.077140E+5
1.020000E-2	0.000000E+0	1.073710E+5
1.022000E-2	0.000000E+0	1.076560E+5
1.024000E-2	0.000000E+0	1.072180E+5
1.026000E-2	0.000000E+0	1.082940E+5
1.028000E-2	0.000000E+0	1.074920E+5
1.030000E-2	0.000000E+0	1.074550E+5
1.032000E-2	0.000000E+0	1.077140E+5
1.034000E-2	0.000000E+0	1.072950E+5
1.036000E-2	0.000000E+0	1.073600E+5
1.038000E-2	0.000000E+0	1.074710E+5
1.040000E-2	0.000000E+0	1.072820E+5
1.042000E-2	0.000000E+0	1.074320E+5
1.044000E-2	0.000000E+0	1.073150E+5
1.046000E-2	0.000000E+0	1.071720E+5
1.048000E-2	0.000000E+0	1.074170E+5
1.050000E-2	0.000000E+0	1.073130E+5
1.052000E-2	0.000000E+0	1.074110E+5
1.054000E-2	0.000000E+0	1.077270E+5
1.056000E-2	0.000000E+0	1.076450E+5
1.058000E-2	0.000000E+0	1.074480E+5
1.060000E-2	0.000000E+0	1.071580E+5
1.062000E-2	0.000000E+0	1.070880E+5
1.064000E-2	0.000000E+0	1.075360E+5
1.066000E-2	0.000000E+0	1.076710E+5
1.068000E-2	0.000000E+0	1.077940E+5
1.070000E-2	0.000000E+0	1.067590E+5
1.072000E-2	0.000000E+0	1.073970E+5
1.074000E-2	0.000000E+0	1.077780E+5
1.076000E-2	0.000000E+0	1.079140E+5
1.078000E-2	0.000000E+0	1.076310E+5
1.080000E-2	0.000000E+0	1.071690E+5
1.082000E-2	0.000000E+0	1.082760E+5
1.084000E-2	0.000000E+0	1.069750E+5
1.086000E-2	0.000000E+0	1.072120E+5
1.088000E-2	0.000000E+0	1.074500E+5
1.090000E-2	0.000000E+0	1.073550E+5
1.092000E-2	0.000000E+0	1.075370E+5
1.094000E-2	0.000000E+0	1.070930E+5
1.096000E-2	0.000000E+0	1.076360E+5
1.098000E-2	0.000000E+0	1.072590E+5
1.100000E-2	0.000000E+0	1.076700E+5
1.102000E-2	0.000000E+0	1.071410E+5
1.104000E-2	0.000000E+0	1.076490E+5
1.106000E-2	0.000000E+0	1.077390E+5
1.108000E-2	0.000000E+0	1.073960E+5
1.110000E-2	0.000000E+0	1.076040E+5
1.112000E-2	0.000000E+0	1.074940E+5
1.114000E-2	0.000000E+0	1.079010E+5
1.116000E-2	0.000000E+0	1.070290E+5
1.118000E-2	0.000000E+0	1.075270E+5
1.120000E-2	0.000000E+0	1.074820E+5
1.122000E-2	0.000000E+0	1.080760E+5
1.124000E-2	0.000000E+0	1.076070E+5
1.126000E-2	0.000000E+0	1.068520E+5
1.128000E-2	0.000000E+0	1.068190E+5
1.130000E-2	0.000000E+0	1.070720E+5
1.132000E-2	0.000000E+0	1.077170E+5
1.134000E-2	0.000000E+0	1.072030E+5
1.136000E-2	0.000000E+0	1.079810E+5
1.138000E-2	0.000000E+0	1.073030E+5
1.140000E-2	0.000000E+0	1.078330E+5
1.142000E-2	0.000000E+0	1.075410E+5
1.144000E-2	0.000000E+0	1.069990E+5
1.146000E-2	0.000000E+0	1.074420E+5
1.148000E-2	0.000000E+0	1.076510E+5
1.150000E-2	0.000000E+0	1.076640E+5
1.152000E-2	0.000000E+0	1.071680E+5
1.154000E-2	0.000000E+0	1.067250E+5
1.156000E-2	0.000000E+0	1.073260E+5
1.158000E-2	0.000000E+0	1.070480E+5
1.160000E-2	0.000000E+0	1.073580E+5
1.162000E-2	0.000000E+0	1.072370E+5
1.164000E-2	0.000000E+0	1.078420E+5
1.166000E-2	0.000000E+0	1.076610E+5
1.168000E-2	0.000000E+0	1.075910E+5
1.170000E-2	0.000000E+0	1.080510E+5
1.172000E-2	0.000000E+0	1.069380E+5
1.174000E-2	0.000000E+0	1.073880E+5
1.176000E-2	0.000000E+0	1.072410E+5
1.178000E-2	0.000000E+0	1.068550E+5
1.180000E-2	0.000000E+0	1.078260E+5
1.182000E-2	0.000000E+0	1.068070E+5
1.184000E-2	0.000000E+0	1.070170E+5
1.186000E-2	0.000000E+0	1.075110E+5
1.188000E-2	0.000000E+0	1.074490E+5
1.190000E-2	0.000000E+0	1.068400E+5
1.192000E-2	0.000000E+0	1.070650E+5
1.194000E-2	0.000000E+0	1.078220E+5
1.196000E-2	0.000000E+0	1.075480E+5
1.198000E-2	0.000000E+0	1.069280E+5
1.200000E-2	0.000000E+0	1.073240E+5
1.202000E-2	0.000000E+0	1.078800E+5
1.204000E-2	0.000000E+0	1.077090E+5
1.206000E-2	0.000000E+0	1.073000E+5
1.208000E-2	0.000000E+0	1.077740E+5
1.210000E-2	0.000000E+0	1.070470E+5
1.212000E-2	0.000000E+0	1.071830E+5
1.214000E-2	0.000000E+0	1.066310E+5
1.216000E-2	0.000000E+0	1.068410E+5
1.218000E-2	0.000000E+0	1.078830E+5
1.220000E-2	0.000000E+0	1.068660E+5
1.222000E-2	0.000000E+0	1.069870E+5
1.224000E-2	0.000000E+0	1.073690E+5
1.226000E-2	0.000000E+0	1.074880E+5
1.228000E-2	0.000000E+0	1.074340E+5
1.230000E-2	0.000000E+0	1.076100E+5
1.232000E-2	0.000000E+0	1.072380E+5
1.234000E-2	0.000000E+0	1.075420E+5
1.236000E-2	0.000000E+0	1.073710E+5
1.238000E-2	0.000000E+0	1.074600E+5
1.240000E-2	0.000000E+0	1.080620E+5
1.242000E-2	0.000000E+0	1.077960E+5
1.244000E-2	0.000000E+0	1.070940E+5
1.246000E-2	0.000000E+0	1.070660E+5
1.248000E-2	0.000000E+0	1.076840E+5
1.250000E-2	0.000000E+0	1.068600E+5
1.252000E-2	0.000000E+0	1.079080E+5
1.254000E-2	0.000000E+0	1.077440E+5
1.256000E-2	0.000000E+0	1.071510E+5
1.258000E-2	0.000000E+0	1.072530E+5
1.260000E-2	0.000000E+0	1.075290E+5
1.262000E-2	0.000000E+0	1.072170E+5
1.264000E-2	0.000000E+0	1.070060E+5
1.266000E-2	0.000000E+0	1.080740E+5
1.268000E-2	0.000000E+0	1.074260E+5
1.270000E-2	0.000000E+0	1.075180E+5
1.272000E-2	0.000000E+0	1.077740E+5
1.274000E-2	0.000000E+0	1.069450E+5
1.276000E-2	0.000000E+0	1.076420E+5
1.278000E-2	0.000000E+0	1.073050E+5
1.280000E-2	0.000000E+0	1.069460E+5
1.282000E-2	0.000000E+0	1.076030E+5
1.284000E-2	0.000000E+0	1.073090E+5
1.286000E-2	0.000000E+0	1.080350E+5
1.288000E-2	0.000000E+0	1.075380E+5
1.290000E-2	0.000000E+0	1.077200E+5
1.292000E-2	0.000000E+0	1.074140E+5
1.294000E-2	0.000000E+0	1.071810E+5
1.296000E-2	0.000000E+0	1.076260E+5
1.298000E-2	0.000000E+0	1.074510E+5
1.300000E-2	0.000000E+0	1.076320E+5
1.302000E-2	0.000000E+0	1.076580E+5
1.304000E-2	0.000000E+0	1.076910E+5
1.306000E-2	0.000000E+0	1.069560E+5
1.308000E-2	0.000000E+0	1.076960E+5
1.310000E-2	0.000000E+0	1.077570E+5
1.312000E-2	0.000000E+0	1.074550E+5
1.314000E-2	0.000000E+0	1.079460E+5
1.316000E-2	0.000000E+0	1.071060E+5
1.318000E-2	0.000000E+0	1.074120E+5
1.320000E-2	0.000000E+0	1.077540E+5
1.322000E-2	0.000000E+0	1.077470E+5
1.324000E-2	0.000000E+0	1.074510E+5
1.326000E-2	0.000000E+0	1.076660E+5
1.328000E-2	0.000000E+0	1.078160E+5
1.330000E-2	0.000000E+0	1.074040E+5
1.332000E-2	0.000000E+0	1.077610E+5
1.334000E-2	0.000000E+0	1.075080E+5
1.336000E-2	0.000000E+0	1.076570E+5
1.338000E-2	0.000000E+0	1.076220E+5
1.340000E-2	0.000000E+0	1.073700E+5
1.342000E-2	0.000000E+0	1.070330E+5
1.344000E-2	0.000000E+0	1.075390E+5
1.346000E-2	0.000000E+0	1.069710E+5
1.348000E-2	0.000000E+0	1.074630E+5
1.350000E-2	0.000000E+0	1.077580E+5
1.352000E-2	0.000000E+0	1.073990E+5
1.354000E-2	0.000000E+0	1.076330E+5
1.356000E-2	0.000000E+0	1.078190E+5
1.358000E-2	0.000000E+0	1.077150E+5
1.360000E-2	0.000000E+0	1.068550E+5
1.362000E-2	0.000000E+0	1.078110E+5
1.364000E-2	0.000000E+0	1.070600E+5
1.366000E-2	0.000000E+0	1.074940E+5
1.368000E-2	0.000000E+0	1.081180E+5
1.370000E-2	0.000000E+0	1.075120E+5
1.372000E-2	0.000000E+0	1.073350E+5
1.374000E-2	0.000000E+0	1.069700E+5
1.376000E-2	0.000000E+0	1.072020E+5
1.378000E-2	0.000000E+0	1.069070E+5
1.380000E-2	0.000000E+0	1.076410E+5
1.382000E-2	0.000000E+0	1.071630E+5
1.384000E-2	0.000000E+0	1.078220E+5
1.386000E-2	0.000000E+0	1.074410E+5
1.388000E-2	0.000000E+0	1.073450E+5
1.390000E-2	0.000000E+0	1.074370E+5
1.392000E-2	0.000000E+0	1.079070E+5
1.394000E-2	0.000000E+0	1.077900E+5
1.396000E-2	0.000000E+0	1.075110E+5
1.398000E-2	0.000000E+0	1.078070E+5
1.400000E-2	0.000000E+0	1.081820E+5
1.402000E-2	0.000000E+0	1.070260E+5
1.404000E-2	0.000000E+0	1.077500E+5
1.406000E-2	0.000000E+0	1.071940E+5
1.408000E-2	0.000000E+0	1.073000E+5
1.410000E-2	0.000000E+0	1.070210E+5
1.412000E-2	0.000000E+0	1.077160E+5
1.414000E-2	0.000000E+0	1.073090E+5
1.416000E-2	0.000000E+0	1.075440E+5
1.418000E-2	0.000000E+0	1.070830E+5
1.420000E-2	0.000000E+0	1.075620E+5
1.422000E-2	0.000000E+0	1.075740E+5
1.424000E-2	0.000000E+0	1.069000E+5
1.426000E-2	0.000000E+0	1.071720E+5
1.428000E-2	0.000000E+0	1.078160E+5
1.430000E-2	0.000000E+0	1.075040E+5
1.432000E-2	0.000000E+0	1.077450E+5
1.434000E-2	0.000000E+0	1.069960E+5
1.436000E-2	0.000000E+0	1.076420E+5
1.438000E-2	0.000000E+0	1.076420E+5
1.440000E-2	0.000000E+0	1.078670E+5
1.442000E-2	0.000000E+0	1.078320E+5
1.444000E-2	0.000000E+0	1.068260E+5
1.446000E-2	0.000000E+0	1.076160E+5
1.448000E-2	0.000000E+0	1.073870E+5
1.450000E-2	0.000000E+0	1.070910E+5
1.452000E-2	0.000000E+0	1.074370E+5
1.454000E-2	0.000000E+0	1.072080E+5
1.456000E-2	0.000000E+0	1.075510E+5
1.458000E-2	0.000000E+0	1.068000E+5
1.460000E-2	0.000000E+0	1.074380E+5
1.462000E-2	0.000000E+0	1.070240E+5
1.464000E-2	0.000000E+0	1.070430E+5
1.466000E-2	0.000000E+0	1.074700E+5
1.468000E-2	0.000000E+0	1.075540E+5
1.470000E-2	0.000000E+0	1.073470E+5
1.472000E-2	0.000000E+0	1.071800E+5
1.474000E-2	0.000000E+0	1.072840E+5
1.476000E-2	0.000000E+0	1.081390E+5
1.478000E-2	0.000000E+0	1.082090E+5
1.480000E-2	0.000000E+0	1.068720E+5
1.482000E-2	0.000000E+0	1.073310E+5
1.484000E-2	0.000000E+0	1.073940E+5
1.486000E-2	0.000000E+0	1.069610E+5
1.488000E-2	0.000000E+0	1.076160E+5
1.490000E-2	0.000000E+0	1.072640E+5
1.492000E-2	0.000000E+0	1.071320E+5
1.494000E-2	0.000000E+0	1.069190E+5
1.496000E-2	0.000000E+0	1.062470E+5
1.498000E-2	0.000000E+0	1.066610E+5
1.500000E-2	0.000000E+0	1.058660E+5
1.502000E-2	0.000000E+0	1.057970E+5
1.504000E-2	0.000000E+0	1.054960E+5
1.506000E-2	0.000000E+0	1.060580E+5
1.508000E-2	0.000000E+0	1.057910E+5
1.510000E-2	0.000000E+0	1.047670E+5
1.512000E-2	0.000000E+0	1.041800E+5
1.514000E-2	0.000000E+0	1.042350E+5
1.516000E-2	0.000000E+0	1.043950E+5
1.518000E-2	0.000000E+0	1.046120E+5
1.520000E-2	0.000000E+0	1.049200E+5
1.522000E-2	0.000000E+0	1.053810E+5
1.524000E-2	0.000000E+0	1.057550E+5
1.526000E-2	0.000000E+0	1.063690E+5
1.528000E-2	0.000000E+0	1.069030E+5
1.530000E-2	0.000000E+0	1.065800E+5
1.532000E-2	0.000000E+0	1.071610E+5
1.534000E-2	0.000000E+0	1.076420E+5
1.536000E-2	0.000000E+0	1.069330E+5
1.538000E-2	0.000000E+0	1.074200E+5
1.540000E-2	0.000000E+0	1.074840E+5
1.542000E-2	0.000000E+0	1.072880E+5
1.544000E-2	0.000000E+0	1.068580E+5
1.546000E-2	0.000000E+0	1.075280E+5
1.548000E-2	0.000000E+0	1.071750E+5
1.550000E-2	0.000000E+0	1.067630E+5
1.552000E-2	0.000000E+0	1.076740E+5
1.554000E-2	0.000000E+0	1.073320E+5
1.556000E-2	0.000000E+0	1.070210E+5
1.558000E-2	0.000000E+0	1.066900E+5
1.560000E-2	0.000000E+0	1.067090E+5
1.562000E-2	0.000000E+0	1.059140E+5
1.564000E-2	0.000000E+0	1.060510E+5
1.566000E-2	0.000000E+0	1.055650E+5
1.568000E-2	0.000000E+0	1.049490E+5
1.570000E-2	0.000000E+0	1.052970E+5
1.572000E-2	0.000000E+0	1.050700E+5
1.574000E-2	0.000000E+0	1.051410E+5
1.576000E-2	0.000000E+0	1.047320E+5
1.578000E-2	0.000000E+0	1.037790E+5
1.580000E-2	0.000000E+0	1.039650E+5
1.582000E-2	0.000000E+0	1.046010E+5
1.584000E-2	0.000000E+0	1.053580E+5
1.586000E-2	0.000000E+0	1.048910E+5
1.588000E-2	0.000000E+0	1.056290E+5
1.590000E-2	0.000000E+0	1.058000E+5
1.592000E-2	0.000000E+0	1.066390E+5
1.594000E-2	0.000000E+0	1.064970E+5
1.596000E-2	0.000000E+0	1.065910E+5
1.598000E-2	0.000000E+0	1.070700E+5
1.600000E-2	0.000000E+0	1.075920E+5
1.602000E-2	0.000000E+0	1.073050E+5
1.604000E-2	0.000000E+0	1.072740E+5
1.606000E-2	0.000000E+0	1.068740E+5
1.608000E-2	0.000000E+0	1.075850E+5
1.610000E-2	0.000000E+0	1.074480E+5
1.612000E-2	0.000000E+0	1.073500E+5
1.614000E-2	0.000000E+0	1.077150E+5
1.616000E-2	0.000000E+0	1.074720E+5
1.618000E-2	0.000000E+0	1.069720E+5
1.620000E-2	0.000000E+0	1.075900E+5
1.622000E-2	0.000000E+0	1.073380E+5
1.624000E-2	0.000000E+0	1.068840E+5
1.626000E-2	0.000000E+0	1.076030E+5
1.628000E-2	0.000000E+0	1.078160E+5
1.630000E-2	0.000000E+0	1.076530E+5
1.632000E-2	0.000000E+0	1.074350E+5
1.634000E-2	0.000000E+0	1.071090E+5
1.636000E-2	0.000000E+0	1.078310E+5
1.638000E-2	0.000000E+0	1.069670E+5
1.640000E-2	0.000000E+0	1.071720E+5
1.642000E-2	0.000000E+0	1.076340E+5
1.644000E-2	0.000000E+0	1.073770E+5
1.646000E-2	0.000000E+0	1.075120E+5
1.648000E-2	0.000000E+0	1.073190E+5
1.650000E-2	0.000000E+0	1.075610E+5
1.652000E-2	0.000000E+0	1.076180E+5
1.654000E-2	0.000000E+0	1.074440E+5
1.656000E-2	0.000000E+0	1.070820E+5
1.658000E-2	0.000000E+0	1.074370E+5
1.660000E-2	0.000000E+0	1.076930E+5
1.662000E-2	0.000000E+0	1.072250E+5
1.664000E-2	0.000000E+0	1.073530E+5
1.666000E-2	0.000000E+0	1.077640E+5
1.668000E-2	0.000000E+0	1.073170E+5
1.670000E-2	0.000000E+0	1.075670E+5
1.672000E-2	0.000000E+0	1.079370E+5
1.674000E-2	0.000000E+0	1.075170E+5
1.676000E-2	0.000000E+0	1.070760E+5
1.678000E-2	0.000000E+0	1.073240E+5
1.680000E-2	0.000000E+0	1.074430E+5
1.682000E-2	0.000000E+0	1.071740E+5
1.684000E-2	0.000000E+0	1.071240E+5
1.686000E-2	0.000000E+0	1.075330E+5
1.688000E-2	0.000000E+0	1.074660E+5
1.690000E-2	0.000000E+0	1.073950E+5
1.692000E-2	0.000000E+0	1.073570E+5
1.694000E-2	0.000000E+0	1.075490E+5
1.696000E-2	0.000000E+0	1.075340E+5
1.698000E-2	0.000000E+0	1.074660E+5
1.700000E-2	0.000000E+0	1.076830E+5
1.702000E-2	0.000000E+0	1.077410E+5
1.704000E-2	0.000000E+0	1.074450E+5
1.706000E-2	0.000000E+0	1.075310E+5
1.708000E-2	0.000000E+0	1.071500E+5
1.710000E-2	0.000000E+0	1.075580E+5
1.712000E-2	0.000000E+0	1.076220E+5
1.714000E-2	0.000000E+0	1.073900E+5
1.716000E-2	0.000000E+0	1.073930E+5
1.718000E-2	0.000000E+0	1.067420E+5
1.720000E-2	0.000000E+0	1.077860E+5
1.722000E-2	0.000000E+0	1.081650E+5
1.724000E-2	0.000000E+0	1.071080E+5
1.726000E-2	0.000000E+0	1.074690E+5
1.728000E-2	0.000000E+0	1.075160E+5
1.730000E-2	0.000000E+0	1.075420E+5
1.732000E-2	0.000000E+0	1.073270E+5
1.734000E-2	0.000000E+0	1.072490E+5
1.736000E-2	0.000000E+0	1.078850E+5
1.738000E-2	0.000000E+0	1.079470E+5
1.740000E-2	0.000000E+0	1.075020E+5
1.742000E-2	0.000000E+0	1.069380E+5
1.744000E-2	0.000000E+0	1.073270E+5
1.746000E-2	0.000000E+0	1.070990E+5
1.748000E-2	0.000000E+0	1.072820E+5
1.750000E-2	0.000000E+0	1.076490E+5
1.752000E-2	0.000000E+0	1.074050E+5
1.754000E-2	0.000000E+0	1.067980E+5
1.756000E-2	0.000000E+0	1.067900E+5
1.758000E-2	0.000000E+0	1.076580E+5
1.760000E-2	0.000000E+0	1.071810E+5
1.762000E-2	0.000000E+0	1.073500E+5
1.764000E-2	0.000000E+0	1.075170E+5
1.766000E-2	0.000000E+0	1.073680E+5
1.768000E-2	0.000000E+0	1.071720E+5
1.770000E-2	0.000000E+0	1.076960E+5
1.772000E-2	0.000000E+0	1.080990E+5
1.774000E-2	0.000000E+0	1.073090E+5
1.776000E-2	0.000000E+0	1.068870E+5
1.778000E-2	0.000000E+0	1.078110E+5
1.780000E-2	0.000000E+0	1.075690E+5
1.782000E-2	0.000000E+0	1.073530E+5
1.784000E-2	0.000000E+0	1.069280E+5
1.786000E-2	0.000000E+0	1.078230E+5
1.788000E-2	0.000000E+0	1.075330E+5
1.790000E-2	0.000000E+0	1.074680E+5
1.792000E-2	0.000000E+0	1.074270E+5
1.794000E-2	0.000000E+0	1.076000E+5
1.796000E-2	0.000000E+0	1.071600E+5
1.798000E-2	0.000000E+0	1.075250E+5
1.800000E-2	0.000000E+0	1.069720E+5
1.802000E-2	0.000000E+0	1.072340E+5
1.804000E-2	0.000000E+0	1.067780E+5
1.806000E-2	0.000000E+0	1.070230E+5
1.808000E-2	0.000000E+0	1.072000E+5
1.810000E-2	0.000000E+0	1.075440E+5
1.812000E-2	0.000000E+0	1.079470E+5
1.814000E-2	0.000000E+0	1.077150E+5
1.816000E-2	0.000000E+0	1.074150E+5
1.818000E-2	0.000000E+0	1.072590E+5
1.820000E-2	0.000000E+0	1.077620E+5
1.822000E-2	0.000000E+0	1.072700E+5
1.824000E-2	0.000000E+0	1.072450E+5
1.826000E-2	0.000000E+0	1.075730E+5
1.828000E-2	0.000000E+0	1.068660E+5
1.830000E-2	0.000000E+0	1.072950E+5
1.832000E-2	0.000000E+0	1.078670E+5
1.834000E-2	0.000000E+0	1.070890E+5
1.836000E-2	0.000000E+0	1.075030E+5
1.838000E-2	0.000000E+0	1.074770E+5
1.840000E-2	0.000000E+0	1.073810E+5
1.842000E-2	0.000000E+0	1.071290E+5
1.844000E-2	0.000000E+0	1.073620E+5
1.846000E-2	0.000000E+0	1.068340E+5
1.848000E-2	0.000000E+0	1.073820E+5
1.850000E-2	0.000000E+0	1.080320E+5
1.852000E-2	0.000000E+0	1.073760E+5
1.854000E-2	0.000000E+0	1.076420E+5
1.856000E-2	0.000000E+0	1.070880E+5
1.858000E-2	0.000000E+0	1.074670E+5
1.860000E-2	0.000000E+0	1.075480E+5
1.862000E-2	0.000000E+0	1.071970E+5
1.864000E-2	0.000000E+0	1.068770E+5
1.866000E-2	0.000000E+0	1.073700E+5
1.868000E-2	0.000000E+0	1.075650E+5
1.870000E-2	0.000000E+0	1.074750E+5
1.872000E-2	0.000000E+0	1.078190E+5
1.874000E-2	0.000000E+0	1.068710E+5
1.876000E-2	0.000000E+0	1.073550E+5
1.878000E-2	0.000000E+0	1.080200E+5
1.880000E-2	0.000000E+0	1.072790E+5
1.882000E-2	0.000000E+0	1.071040E+5
1.884000E-2	0.000000E+0	1.078180E+5
1.886000E-2	0.000000E+0	1.074550E+5
1.888000E-2	0.000000E+0	1.071970E+5
1.890000E-2	0.000000E+0	1.077590E+5
1.892000E-2	0.000000E+0	1.076430E+5
1.894000E-2	0.000000E+0	1.078150E+5
1.896000E-2	0.000000E+0	1.073340E+5
1.898000E-2	0.000000E+0	1.068880E+5
1.900000E-2	0.000000E+0	1.075270E+5
1.902000E-2	0.000000E+0	1.073780E+5
1.904000E-2	0.000000E+0	1.075200E+5
1.906000E-2	0.000000E+0	1.072170E+5
1.908000E-2	0.000000E+0	1.078880E+5
1.910000E-2	0.000000E+0	1.071170E+5
1.912000E-2	0.000000E+0	1.074960E+5
1.914000E-2	0.000000E+0	1.075660E+5
1.916000E-2	0.000000E+0	1.071470E+5
1.918000E-2	0.000000E+0	1.075490E+5
1.920000E-2	0.000000E+0	1.079030E+5
1.922000E-2	0.000000E+0	1.071120E+5
1.924000E-2	0.000000E+0	1.071140E+5
1.926000E-2	0.000000E+0	1.072300E+5
1.928000E-2	0.000000E+0	1.077500E+5
1.930000E-2	0.000000E+0	1.075050E+5
1.932000E-2	0.000000E+0	1.071010E+5
1.934000E-2	0.000000E+0	1.069190E+5
1.936000E-2	0.000000E+0	1.071240E+5
1.938000E-2	0.000000E+0	1.076580E+5
1.940000E-2	0.000000E+0	1.071820E+5
1.942000E-2	0.000000E+0	1.076670E+5
1.944000E-2	0.000000E+0	1.077070E+5
1.946000E-2	0.000000E+0	1.073950E+5
1.948000E-2	0.000000E+0	1.072380E+5
1.950000E-2	0.000000E+0	1.075350E+5
1.952000E-2	0.000000E+0	1.079000E+5
1.954000E-2	0.000000E+0	1.072400E+5
1.956000E-2	0.000000E+0	1.079450E+5
1.958000E-2	0.000000E+0	1.078360E+5
1.960000E-2	0.000000E+0	1.072360E+5
1.962000E-2	0.000000E+0	1.072250E+5
1.964000E-2	0.000000E+0	1.076040E+5
1.966000E-2	0.000000E+0	1.074420E+5
1.968000E-2	0.000000E+0	1.074620E+5
1.970000E-2	0.000000E+0	1.072300E+5
1.972000E-2	0.000000E+0	1.074840E+5
1.974000E-2	0.000000E+0	1.072810E+5
1.976000E-2	0.000000E+0	1.072930E+5
1.978000E-2	0.000000E+0	1.072360E+5
1.980000E-2	0.000000E+0	1.075010E+5
1.982000E-2	0.000000E+0	1.074560E+5
1.984000E-2	0.000000E+0	1.079880E+5
1.986000E-2	0.000000E+0	1.072550E+5
1.988000E-2	0.000000E+0	1.070540E+5
1.990000E-2	0.000000E+0	1.078180E+5
1.992000E-2	0.000000E+0	1.072400E+5
1.994000E-2	0.000000E+0	1.078160E+5
1.996000E-2	0.000000E+0	1.075650E+5
1.998000E-2	0.000000E+0	1.072400E+5
