

live time:  292844.900000
real time:  410403.038000
sweeps:  14642245.000000
0.000000E+0	0.000000E+0	0.000000E+0
2.000000E-5	0.000000E+0	6.403550E+5
4.000000E-5	0.000000E+0	6.410940E+5
6.000000E-5	0.000000E+0	6.403100E+5
8.000000E-5	0.000000E+0	6.422160E+5
1.000000E-4	0.000000E+0	6.398860E+5
1.200000E-4	0.000000E+0	6.411900E+5
1.400000E-4	0.000000E+0	6.407310E+5
1.600000E-4	0.000000E+0	6.420470E+5
1.800000E-4	0.000000E+0	6.411670E+5
2.000000E-4	0.000000E+0	6.407200E+5
2.200000E-4	0.000000E+0	6.413230E+5
2.400000E-4	0.000000E+0	6.396710E+5
2.600000E-4	0.000000E+0	6.401430E+5
2.800000E-4	0.000000E+0	6.401170E+5
3.000000E-4	0.000000E+0	6.422270E+5
3.200000E-4	0.000000E+0	6.406850E+5
3.400000E-4	0.000000E+0	6.398870E+5
3.600000E-4	0.000000E+0	6.411030E+5
3.800000E-4	0.000000E+0	6.395210E+5
4.000000E-4	0.000000E+0	6.398040E+5
4.200000E-4	0.000000E+0	6.410160E+5
4.400000E-4	0.000000E+0	6.406340E+5
4.600000E-4	0.000000E+0	6.418200E+5
4.800000E-4	0.000000E+0	6.398640E+5
5.000000E-4	0.000000E+0	6.405990E+5
5.200000E-4	0.000000E+0	6.413520E+5
5.400000E-4	0.000000E+0	6.399360E+5
5.600000E-4	0.000000E+0	6.397910E+5
5.800000E-4	0.000000E+0	6.411560E+5
6.000000E-4	0.000000E+0	6.415220E+5
6.200000E-4	0.000000E+0	6.400900E+5
6.400000E-4	0.000000E+0	6.412290E+5
6.600000E-4	0.000000E+0	6.397250E+5
6.800000E-4	0.000000E+0	6.395590E+5
7.000000E-4	0.000000E+0	6.410990E+5
7.200000E-4	0.000000E+0	6.412980E+5
7.400000E-4	0.000000E+0	6.403390E+5
7.600000E-4	0.000000E+0	6.405260E+5
7.800000E-4	0.000000E+0	6.395660E+5
8.000000E-4	0.000000E+0	6.408210E+5
8.200000E-4	0.000000E+0	6.395530E+5
8.400000E-4	0.000000E+0	6.400260E+5
8.600000E-4	0.000000E+0	6.410760E+5
8.800000E-4	0.000000E+0	6.387910E+5
9.000000E-4	0.000000E+0	6.419410E+5
9.200000E-4	0.000000E+0	6.399450E+5
9.400000E-4	0.000000E+0	6.409050E+5
9.600000E-4	0.000000E+0	6.394320E+5
9.800000E-4	0.000000E+0	6.413070E+5
1.000000E-3	0.000000E+0	6.407410E+5
1.020000E-3	0.000000E+0	6.405210E+5
1.040000E-3	0.000000E+0	6.400740E+5
1.060000E-3	0.000000E+0	6.405740E+5
1.080000E-3	0.000000E+0	6.404060E+5
1.100000E-3	0.000000E+0	6.406170E+5
1.120000E-3	0.000000E+0	6.410150E+5
1.140000E-3	0.000000E+0	6.394320E+5
1.160000E-3	0.000000E+0	6.403060E+5
1.180000E-3	0.000000E+0	6.396600E+5
1.200000E-3	0.000000E+0	6.414920E+5
1.220000E-3	0.000000E+0	6.409660E+5
1.240000E-3	0.000000E+0	6.409520E+5
1.260000E-3	0.000000E+0	6.408290E+5
1.280000E-3	0.000000E+0	6.406520E+5
1.300000E-3	0.000000E+0	6.391350E+5
1.320000E-3	0.000000E+0	6.419150E+5
1.340000E-3	0.000000E+0	6.400520E+5
1.360000E-3	0.000000E+0	6.395500E+5
1.380000E-3	0.000000E+0	6.416470E+5
1.400000E-3	0.000000E+0	6.409840E+5
1.420000E-3	0.000000E+0	6.407640E+5
1.440000E-3	0.000000E+0	6.400530E+5
1.460000E-3	0.000000E+0	6.390960E+5
1.480000E-3	0.000000E+0	6.407760E+5
1.500000E-3	0.000000E+0	6.404400E+5
1.520000E-3	0.000000E+0	6.392690E+5
1.540000E-3	0.000000E+0	6.409820E+5
1.560000E-3	0.000000E+0	6.399840E+5
1.580000E-3	0.000000E+0	6.415490E+5
1.600000E-3	0.000000E+0	6.398080E+5
1.620000E-3	0.000000E+0	6.397700E+5
1.640000E-3	0.000000E+0	6.396560E+5
1.660000E-3	0.000000E+0	6.405380E+5
1.680000E-3	0.000000E+0	6.412910E+5
1.700000E-3	0.000000E+0	6.393390E+5
1.720000E-3	0.000000E+0	6.410760E+5
1.740000E-3	0.000000E+0	6.417540E+5
1.760000E-3	0.000000E+0	6.397620E+5
1.780000E-3	0.000000E+0	6.418020E+5
1.800000E-3	0.000000E+0	6.411830E+5
1.820000E-3	0.000000E+0	6.395910E+5
1.840000E-3	0.000000E+0	6.393200E+5
1.860000E-3	0.000000E+0	6.402860E+5
1.880000E-3	0.000000E+0	6.404480E+5
1.900000E-3	0.000000E+0	6.396800E+5
1.920000E-3	0.000000E+0	6.403990E+5
1.940000E-3	0.000000E+0	6.399950E+5
1.960000E-3	0.000000E+0	6.409590E+5
1.980000E-3	0.000000E+0	6.412740E+5
2.000000E-3	0.000000E+0	6.396240E+5
2.020000E-3	0.000000E+0	6.402080E+5
2.040000E-3	0.000000E+0	6.399720E+5
2.060000E-3	0.000000E+0	6.416930E+5
2.080000E-3	0.000000E+0	6.419950E+5
2.100000E-3	0.000000E+0	6.412210E+5
2.120000E-3	0.000000E+0	6.407190E+5
2.140000E-3	0.000000E+0	6.391220E+5
2.160000E-3	0.000000E+0	6.398430E+5
2.180000E-3	0.000000E+0	6.403300E+5
2.200000E-3	0.000000E+0	6.413900E+5
2.220000E-3	0.000000E+0	6.415460E+5
2.240000E-3	0.000000E+0	6.402480E+5
2.260000E-3	0.000000E+0	6.407220E+5
2.280000E-3	0.000000E+0	6.405960E+5
2.300000E-3	0.000000E+0	6.417900E+5
2.320000E-3	0.000000E+0	6.404510E+5
2.340000E-3	0.000000E+0	6.404560E+5
2.360000E-3	0.000000E+0	6.408440E+5
2.380000E-3	0.000000E+0	6.423740E+5
2.400000E-3	0.000000E+0	6.385360E+5
2.420000E-3	0.000000E+0	6.399580E+5
2.440000E-3	0.000000E+0	6.400750E+5
2.460000E-3	0.000000E+0	6.408760E+5
2.480000E-3	0.000000E+0	6.421570E+5
2.500000E-3	0.000000E+0	6.402600E+5
2.520000E-3	0.000000E+0	6.402520E+5
2.540000E-3	0.000000E+0	6.395010E+5
2.560000E-3	0.000000E+0	6.409130E+5
2.580000E-3	0.000000E+0	6.398150E+5
2.600000E-3	0.000000E+0	6.418300E+5
2.620000E-3	0.000000E+0	6.409320E+5
2.640000E-3	0.000000E+0	6.385470E+5
2.660000E-3	0.000000E+0	6.420860E+5
2.680000E-3	0.000000E+0	6.404680E+5
2.700000E-3	0.000000E+0	6.413650E+5
2.720000E-3	0.000000E+0	6.387970E+5
2.740000E-3	0.000000E+0	6.399400E+5
2.760000E-3	0.000000E+0	6.402290E+5
2.780000E-3	0.000000E+0	6.406040E+5
2.800000E-3	0.000000E+0	6.411420E+5
2.820000E-3	0.000000E+0	6.394280E+5
2.840000E-3	0.000000E+0	6.394560E+5
2.860000E-3	0.000000E+0	6.409950E+5
2.880000E-3	0.000000E+0	6.405060E+5
2.900000E-3	0.000000E+0	6.400570E+5
2.920000E-3	0.000000E+0	6.394400E+5
2.940000E-3	0.000000E+0	6.407610E+5
2.960000E-3	0.000000E+0	6.406060E+5
2.980000E-3	0.000000E+0	6.403560E+5
3.000000E-3	0.000000E+0	6.401120E+5
3.020000E-3	0.000000E+0	6.404500E+5
3.040000E-3	0.000000E+0	6.411910E+5
3.060000E-3	0.000000E+0	6.421830E+5
3.080000E-3	0.000000E+0	6.399460E+5
3.100000E-3	0.000000E+0	6.402240E+5
3.120000E-3	0.000000E+0	6.409790E+5
3.140000E-3	0.000000E+0	6.413110E+5
3.160000E-3	0.000000E+0	6.394700E+5
3.180000E-3	0.000000E+0	6.407810E+5
3.200000E-3	0.000000E+0	6.404720E+5
3.220000E-3	0.000000E+0	6.410310E+5
3.240000E-3	0.000000E+0	6.415110E+5
3.260000E-3	0.000000E+0	6.409210E+5
3.280000E-3	0.000000E+0	6.403920E+5
3.300000E-3	0.000000E+0	6.401480E+5
3.320000E-3	0.000000E+0	6.408640E+5
3.340000E-3	0.000000E+0	6.394600E+5
3.360000E-3	0.000000E+0	6.405870E+5
3.380000E-3	0.000000E+0	6.386050E+5
3.400000E-3	0.000000E+0	6.401350E+5
3.420000E-3	0.000000E+0	6.421990E+5
3.440000E-3	0.000000E+0	6.401000E+5
3.460000E-3	0.000000E+0	6.409850E+5
3.480000E-3	0.000000E+0	6.396810E+5
3.500000E-3	0.000000E+0	6.408170E+5
3.520000E-3	0.000000E+0	6.396050E+5
3.540000E-3	0.000000E+0	6.402140E+5
3.560000E-3	0.000000E+0	6.400370E+5
3.580000E-3	0.000000E+0	6.401070E+5
3.600000E-3	0.000000E+0	6.399990E+5
3.620000E-3	0.000000E+0	6.379390E+5
3.640000E-3	0.000000E+0	6.418530E+5
3.660000E-3	0.000000E+0	6.400070E+5
3.680000E-3	0.000000E+0	6.404930E+5
3.700000E-3	0.000000E+0	6.397460E+5
3.720000E-3	0.000000E+0	6.398160E+5
3.740000E-3	0.000000E+0	6.402280E+5
3.760000E-3	0.000000E+0	6.401020E+5
3.780000E-3	0.000000E+0	6.395340E+5
3.800000E-3	0.000000E+0	6.392360E+5
3.820000E-3	0.000000E+0	6.397850E+5
3.840000E-3	0.000000E+0	6.402930E+5
3.860000E-3	0.000000E+0	6.403300E+5
3.880000E-3	0.000000E+0	6.391100E+5
3.900000E-3	0.000000E+0	6.403120E+5
3.920000E-3	0.000000E+0	6.419720E+5
3.940000E-3	0.000000E+0	6.408000E+5
3.960000E-3	0.000000E+0	6.409680E+5
3.980000E-3	0.000000E+0	6.403070E+5
4.000000E-3	0.000000E+0	6.399160E+5
4.020000E-3	0.000000E+0	6.414660E+5
4.040000E-3	0.000000E+0	6.404880E+5
4.060000E-3	0.000000E+0	6.410950E+5
4.080000E-3	0.000000E+0	6.402450E+5
4.100000E-3	0.000000E+0	6.406960E+5
4.120000E-3	0.000000E+0	6.402580E+5
4.140000E-3	0.000000E+0	6.397650E+5
4.160000E-3	0.000000E+0	6.403830E+5
4.180000E-3	0.000000E+0	6.395720E+5
4.200000E-3	0.000000E+0	6.400410E+5
4.220000E-3	0.000000E+0	6.402620E+5
4.240000E-3	0.000000E+0	6.396560E+5
4.260000E-3	0.000000E+0	6.396330E+5
4.280000E-3	0.000000E+0	6.406990E+5
4.300000E-3	0.000000E+0	6.404940E+5
4.320000E-3	0.000000E+0	6.399290E+5
4.340000E-3	0.000000E+0	6.398720E+5
4.360000E-3	0.000000E+0	6.400530E+5
4.380000E-3	0.000000E+0	6.399020E+5
4.400000E-3	0.000000E+0	6.408120E+5
4.420000E-3	0.000000E+0	6.403850E+5
4.440000E-3	0.000000E+0	6.398090E+5
4.460000E-3	0.000000E+0	6.407510E+5
4.480000E-3	0.000000E+0	6.390940E+5
4.500000E-3	0.000000E+0	6.400180E+5
4.520000E-3	0.000000E+0	6.396400E+5
4.540000E-3	0.000000E+0	6.389600E+5
4.560000E-3	0.000000E+0	6.399220E+5
4.580000E-3	0.000000E+0	6.402030E+5
4.600000E-3	0.000000E+0	6.405100E+5
4.620000E-3	0.000000E+0	6.395170E+5
4.640000E-3	0.000000E+0	6.400550E+5
4.660000E-3	0.000000E+0	6.401400E+5
4.680000E-3	0.000000E+0	6.395780E+5
4.700000E-3	0.000000E+0	6.399270E+5
4.720000E-3	0.000000E+0	6.395090E+5
4.740000E-3	0.000000E+0	6.389240E+5
4.760000E-3	0.000000E+0	6.407000E+5
4.780000E-3	0.000000E+0	6.384350E+5
4.800000E-3	0.000000E+0	6.391530E+5
4.820000E-3	0.000000E+0	6.382570E+5
4.840000E-3	0.000000E+0	6.386300E+5
4.860000E-3	0.000000E+0	6.357950E+5
4.880000E-3	0.000000E+0	6.348760E+5
4.900000E-3	0.000000E+0	6.343990E+5
4.920000E-3	0.000000E+0	6.312370E+5
4.940000E-3	0.000000E+0	6.304280E+5
4.960000E-3	0.000000E+0	6.294330E+5
4.980000E-3	0.000000E+0	6.304100E+5
5.000000E-3	0.000000E+0	6.281360E+5
5.020000E-3	0.000000E+0	6.261730E+5
5.040000E-3	0.000000E+0	6.234210E+5
5.060000E-3	0.000000E+0	6.216100E+5
5.080000E-3	0.000000E+0	6.239890E+5
5.100000E-3	0.000000E+0	6.236410E+5
5.120000E-3	0.000000E+0	6.232040E+5
5.140000E-3	0.000000E+0	6.248070E+5
5.160000E-3	0.000000E+0	6.275950E+5
5.180000E-3	0.000000E+0	6.294860E+5
5.200000E-3	0.000000E+0	6.307610E+5
5.220000E-3	0.000000E+0	6.326660E+5
5.240000E-3	0.000000E+0	6.319120E+5
5.260000E-3	0.000000E+0	6.367060E+5
5.280000E-3	0.000000E+0	6.338670E+5
5.300000E-3	0.000000E+0	6.362660E+5
5.320000E-3	0.000000E+0	6.381800E+5
5.340000E-3	0.000000E+0	6.384070E+5
5.360000E-3	0.000000E+0	6.394700E+5
5.380000E-3	0.000000E+0	6.379920E+5
5.400000E-3	0.000000E+0	6.402060E+5
5.420000E-3	0.000000E+0	6.389890E+5
5.440000E-3	0.000000E+0	6.390230E+5
5.460000E-3	0.000000E+0	6.373090E+5
5.480000E-3	0.000000E+0	6.373830E+5
5.500000E-3	0.000000E+0	6.377030E+5
5.520000E-3	0.000000E+0	6.353270E+5
5.540000E-3	0.000000E+0	6.346350E+5
5.560000E-3	0.000000E+0	6.313470E+5
5.580000E-3	0.000000E+0	6.306190E+5
5.600000E-3	0.000000E+0	6.291110E+5
5.620000E-3	0.000000E+0	6.298280E+5
5.640000E-3	0.000000E+0	6.300080E+5
5.660000E-3	0.000000E+0	6.268830E+5
5.680000E-3	0.000000E+0	6.264660E+5
5.700000E-3	0.000000E+0	6.227730E+5
5.720000E-3	0.000000E+0	6.227150E+5
5.740000E-3	0.000000E+0	6.248200E+5
5.760000E-3	0.000000E+0	6.253100E+5
5.780000E-3	0.000000E+0	6.259050E+5
5.800000E-3	0.000000E+0	6.284010E+5
5.820000E-3	0.000000E+0	6.307800E+5
5.840000E-3	0.000000E+0	6.317290E+5
5.860000E-3	0.000000E+0	6.317000E+5
5.880000E-3	0.000000E+0	6.341960E+5
5.900000E-3	0.000000E+0	6.362490E+5
5.920000E-3	0.000000E+0	6.383180E+5
5.940000E-3	0.000000E+0	6.375570E+5
5.960000E-3	0.000000E+0	6.384030E+5
5.980000E-3	0.000000E+0	6.398500E+5
6.000000E-3	0.000000E+0	6.390540E+5
6.020000E-3	0.000000E+0	6.391450E+5
6.040000E-3	0.000000E+0	6.396930E+5
6.060000E-3	0.000000E+0	6.397690E+5
6.080000E-3	0.000000E+0	6.397760E+5
6.100000E-3	0.000000E+0	6.382760E+5
6.120000E-3	0.000000E+0	6.400360E+5
6.140000E-3	0.000000E+0	6.396840E+5
6.160000E-3	0.000000E+0	6.391860E+5
6.180000E-3	0.000000E+0	6.404410E+5
6.200000E-3	0.000000E+0	6.400260E+5
6.220000E-3	0.000000E+0	6.403500E+5
6.240000E-3	0.000000E+0	6.392420E+5
6.260000E-3	0.000000E+0	6.410490E+5
6.280000E-3	0.000000E+0	6.412450E+5
6.300000E-3	0.000000E+0	6.407380E+5
6.320000E-3	0.000000E+0	6.406020E+5
6.340000E-3	0.000000E+0	6.401130E+5
6.360000E-3	0.000000E+0	6.393190E+5
6.380000E-3	0.000000E+0	6.421060E+5
6.400000E-3	0.000000E+0	6.403890E+5
6.420000E-3	0.000000E+0	6.386320E+5
6.440000E-3	0.000000E+0	6.420980E+5
6.460000E-3	0.000000E+0	6.391410E+5
6.480000E-3	0.000000E+0	6.393880E+5
6.500000E-3	0.000000E+0	6.397080E+5
6.520000E-3	0.000000E+0	6.399500E+5
6.540000E-3	0.000000E+0	6.399380E+5
6.560000E-3	0.000000E+0	6.406620E+5
6.580000E-3	0.000000E+0	6.391330E+5
6.600000E-3	0.000000E+0	6.405100E+5
6.620000E-3	0.000000E+0	6.404520E+5
6.640000E-3	0.000000E+0	6.405370E+5
6.660000E-3	0.000000E+0	6.396270E+5
6.680000E-3	0.000000E+0	6.402390E+5
6.700000E-3	0.000000E+0	6.411130E+5
6.720000E-3	0.000000E+0	6.405610E+5
6.740000E-3	0.000000E+0	6.399960E+5
6.760000E-3	0.000000E+0	6.411270E+5
6.780000E-3	0.000000E+0	6.398870E+5
6.800000E-3	0.000000E+0	6.411520E+5
6.820000E-3	0.000000E+0	6.405250E+5
6.840000E-3	0.000000E+0	6.400400E+5
6.860000E-3	0.000000E+0	6.405780E+5
6.880000E-3	0.000000E+0	6.412790E+5
6.900000E-3	0.000000E+0	6.400180E+5
6.920000E-3	0.000000E+0	6.391220E+5
6.940000E-3	0.000000E+0	6.410310E+5
6.960000E-3	0.000000E+0	6.387600E+5
6.980000E-3	0.000000E+0	6.399830E+5
7.000000E-3	0.000000E+0	6.398180E+5
7.020000E-3	0.000000E+0	6.408780E+5
7.040000E-3	0.000000E+0	6.403500E+5
7.060000E-3	0.000000E+0	6.408650E+5
7.080000E-3	0.000000E+0	6.402580E+5
7.100000E-3	0.000000E+0	6.391920E+5
7.120000E-3	0.000000E+0	6.407150E+5
7.140000E-3	0.000000E+0	6.395890E+5
7.160000E-3	0.000000E+0	6.396640E+5
7.180000E-3	0.000000E+0	6.396340E+5
7.200000E-3	0.000000E+0	6.400420E+5
7.220000E-3	0.000000E+0	6.415190E+5
7.240000E-3	0.000000E+0	6.401070E+5
7.260000E-3	0.000000E+0	6.403170E+5
7.280000E-3	0.000000E+0	6.404490E+5
7.300000E-3	0.000000E+0	6.404920E+5
7.320000E-3	0.000000E+0	6.402810E+5
7.340000E-3	0.000000E+0	6.415960E+5
7.360000E-3	0.000000E+0	6.403190E+5
7.380000E-3	0.000000E+0	6.410920E+5
7.400000E-3	0.000000E+0	6.406610E+5
7.420000E-3	0.000000E+0	6.398210E+5
7.440000E-3	0.000000E+0	6.403250E+5
7.460000E-3	0.000000E+0	6.399530E+5
7.480000E-3	0.000000E+0	6.393040E+5
7.500000E-3	0.000000E+0	6.414470E+5
7.520000E-3	0.000000E+0	6.402500E+5
7.540000E-3	0.000000E+0	6.405650E+5
7.560000E-3	0.000000E+0	6.404060E+5
7.580000E-3	0.000000E+0	6.400610E+5
7.600000E-3	0.000000E+0	6.405120E+5
7.620000E-3	0.000000E+0	6.408950E+5
7.640000E-3	0.000000E+0	6.411810E+5
7.660000E-3	0.000000E+0	6.401960E+5
7.680000E-3	0.000000E+0	6.405540E+5
7.700000E-3	0.000000E+0	6.401350E+5
7.720000E-3	0.000000E+0	6.413230E+5
7.740000E-3	0.000000E+0	6.399330E+5
7.760000E-3	0.000000E+0	6.410770E+5
7.780000E-3	0.000000E+0	6.419060E+5
7.800000E-3	0.000000E+0	6.404890E+5
7.820000E-3	0.000000E+0	6.399760E+5
7.840000E-3	0.000000E+0	6.419300E+5
7.860000E-3	0.000000E+0	6.404130E+5
7.880000E-3	0.000000E+0	6.397140E+5
7.900000E-3	0.000000E+0	6.401520E+5
7.920000E-3	0.000000E+0	6.400260E+5
7.940000E-3	0.000000E+0	6.413720E+5
7.960000E-3	0.000000E+0	6.422130E+5
7.980000E-3	0.000000E+0	6.415210E+5
8.000000E-3	0.000000E+0	6.404930E+5
8.020000E-3	0.000000E+0	6.404110E+5
8.040000E-3	0.000000E+0	6.386660E+5
8.060000E-3	0.000000E+0	6.396440E+5
8.080000E-3	0.000000E+0	6.410060E+5
8.100000E-3	0.000000E+0	6.421850E+5
8.120000E-3	0.000000E+0	6.411070E+5
8.140000E-3	0.000000E+0	6.397710E+5
8.160000E-3	0.000000E+0	6.403670E+5
8.180000E-3	0.000000E+0	6.402460E+5
8.200000E-3	0.000000E+0	6.404970E+5
8.220000E-3	0.000000E+0	6.406520E+5
8.240000E-3	0.000000E+0	6.411680E+5
8.260000E-3	0.000000E+0	6.422820E+5
8.280000E-3	0.000000E+0	6.397080E+5
8.300000E-3	0.000000E+0	6.407130E+5
8.320000E-3	0.000000E+0	6.398230E+5
8.340000E-3	0.000000E+0	6.396920E+5
8.360000E-3	0.000000E+0	6.398050E+5
8.380000E-3	0.000000E+0	6.394140E+5
8.400000E-3	0.000000E+0	6.394650E+5
8.420000E-3	0.000000E+0	6.404270E+5
8.440000E-3	0.000000E+0	6.412240E+5
8.460000E-3	0.000000E+0	6.416240E+5
8.480000E-3	0.000000E+0	6.418160E+5
8.500000E-3	0.000000E+0	6.394400E+5
8.520000E-3	0.000000E+0	6.406550E+5
8.540000E-3	0.000000E+0	6.411530E+5
8.560000E-3	0.000000E+0	6.410360E+5
8.580000E-3	0.000000E+0	6.418610E+5
8.600000E-3	0.000000E+0	6.411690E+5
8.620000E-3	0.000000E+0	6.426830E+5
8.640000E-3	0.000000E+0	6.405800E+5
8.660000E-3	0.000000E+0	6.394880E+5
8.680000E-3	0.000000E+0	6.407880E+5
8.700000E-3	0.000000E+0	6.386380E+5
8.720000E-3	0.000000E+0	6.417610E+5
8.740000E-3	0.000000E+0	6.389180E+5
8.760000E-3	0.000000E+0	6.399000E+5
8.780000E-3	0.000000E+0	6.406950E+5
8.800000E-3	0.000000E+0	6.414950E+5
8.820000E-3	0.000000E+0	6.409500E+5
8.840000E-3	0.000000E+0	6.400350E+5
8.860000E-3	0.000000E+0	6.424280E+5
8.880000E-3	0.000000E+0	6.397910E+5
8.900000E-3	0.000000E+0	6.409350E+5
8.920000E-3	0.000000E+0	6.400300E+5
8.940000E-3	0.000000E+0	6.386470E+5
8.960000E-3	0.000000E+0	6.409980E+5
8.980000E-3	0.000000E+0	6.402510E+5
9.000000E-3	0.000000E+0	6.406140E+5
9.020000E-3	0.000000E+0	6.387270E+5
9.040000E-3	0.000000E+0	6.405410E+5
9.060000E-3	0.000000E+0	6.431750E+5
9.080000E-3	0.000000E+0	6.399390E+5
9.100000E-3	0.000000E+0	6.418250E+5
9.120000E-3	0.000000E+0	6.388610E+5
9.140000E-3	0.000000E+0	6.411640E+5
9.160000E-3	0.000000E+0	6.404900E+5
9.180000E-3	0.000000E+0	6.392630E+5
9.200000E-3	0.000000E+0	6.404980E+5
9.220000E-3	0.000000E+0	6.407120E+5
9.240000E-3	0.000000E+0	6.412370E+5
9.260000E-3	0.000000E+0	6.419160E+5
9.280000E-3	0.000000E+0	6.409020E+5
9.300000E-3	0.000000E+0	6.409920E+5
9.320000E-3	0.000000E+0	6.400850E+5
9.340000E-3	0.000000E+0	6.407160E+5
9.360000E-3	0.000000E+0	6.409980E+5
9.380000E-3	0.000000E+0	6.415450E+5
9.400000E-3	0.000000E+0	6.412240E+5
9.420000E-3	0.000000E+0	6.421850E+5
9.440000E-3	0.000000E+0	6.401200E+5
9.460000E-3	0.000000E+0	6.412750E+5
9.480000E-3	0.000000E+0	6.407670E+5
9.500000E-3	0.000000E+0	6.398930E+5
9.520000E-3	0.000000E+0	6.418650E+5
9.540000E-3	0.000000E+0	6.384880E+5
9.560000E-3	0.000000E+0	6.404060E+5
9.580000E-3	0.000000E+0	6.406660E+5
9.600000E-3	0.000000E+0	6.407200E+5
9.620000E-3	0.000000E+0	6.407980E+5
9.640000E-3	0.000000E+0	6.394840E+5
9.660000E-3	0.000000E+0	6.417250E+5
9.680000E-3	0.000000E+0	6.396460E+5
9.700000E-3	0.000000E+0	6.401610E+5
9.720000E-3	0.000000E+0	6.404140E+5
9.740000E-3	0.000000E+0	6.405530E+5
9.760000E-3	0.000000E+0	6.404410E+5
9.780000E-3	0.000000E+0	6.414700E+5
9.800000E-3	0.000000E+0	6.412930E+5
9.820000E-3	0.000000E+0	6.409030E+5
9.840000E-3	0.000000E+0	6.404260E+5
9.860000E-3	0.000000E+0	6.395700E+5
9.880000E-3	0.000000E+0	6.416740E+5
9.900000E-3	0.000000E+0	6.422990E+5
9.920000E-3	0.000000E+0	6.408730E+5
9.940000E-3	0.000000E+0	6.394790E+5
9.960000E-3	0.000000E+0	6.399360E+5
9.980000E-3	0.000000E+0	6.415210E+5
1.000000E-2	0.000000E+0	6.409180E+5
1.002000E-2	0.000000E+0	6.404540E+5
1.004000E-2	0.000000E+0	6.414540E+5
1.006000E-2	0.000000E+0	6.394720E+5
1.008000E-2	0.000000E+0	6.401450E+5
1.010000E-2	0.000000E+0	6.398710E+5
1.012000E-2	0.000000E+0	6.418720E+5
1.014000E-2	0.000000E+0	6.428050E+5
1.016000E-2	0.000000E+0	6.412530E+5
1.018000E-2	0.000000E+0	6.411940E+5
1.020000E-2	0.000000E+0	6.412310E+5
1.022000E-2	0.000000E+0	6.411390E+5
1.024000E-2	0.000000E+0	6.402800E+5
1.026000E-2	0.000000E+0	6.422040E+5
1.028000E-2	0.000000E+0	6.406030E+5
1.030000E-2	0.000000E+0	6.415730E+5
1.032000E-2	0.000000E+0	6.405770E+5
1.034000E-2	0.000000E+0	6.413980E+5
1.036000E-2	0.000000E+0	6.407700E+5
1.038000E-2	0.000000E+0	6.416080E+5
1.040000E-2	0.000000E+0	6.399870E+5
1.042000E-2	0.000000E+0	6.411370E+5
1.044000E-2	0.000000E+0	6.409580E+5
1.046000E-2	0.000000E+0	6.418860E+5
1.048000E-2	0.000000E+0	6.420200E+5
1.050000E-2	0.000000E+0	6.403590E+5
1.052000E-2	0.000000E+0	6.420380E+5
1.054000E-2	0.000000E+0	6.423220E+5
1.056000E-2	0.000000E+0	6.403630E+5
1.058000E-2	0.000000E+0	6.424460E+5
1.060000E-2	0.000000E+0	6.398550E+5
1.062000E-2	0.000000E+0	6.405370E+5
1.064000E-2	0.000000E+0	6.411730E+5
1.066000E-2	0.000000E+0	6.402610E+5
1.068000E-2	0.000000E+0	6.414460E+5
1.070000E-2	0.000000E+0	6.399210E+5
1.072000E-2	0.000000E+0	6.405610E+5
1.074000E-2	0.000000E+0	6.414320E+5
1.076000E-2	0.000000E+0	6.405040E+5
1.078000E-2	0.000000E+0	6.417580E+5
1.080000E-2	0.000000E+0	6.419780E+5
1.082000E-2	0.000000E+0	6.425180E+5
1.084000E-2	0.000000E+0	6.410630E+5
1.086000E-2	0.000000E+0	6.414240E+5
1.088000E-2	0.000000E+0	6.408470E+5
1.090000E-2	0.000000E+0	6.410740E+5
1.092000E-2	0.000000E+0	6.410800E+5
1.094000E-2	0.000000E+0	6.399250E+5
1.096000E-2	0.000000E+0	6.405030E+5
1.098000E-2	0.000000E+0	6.417590E+5
1.100000E-2	0.000000E+0	6.417080E+5
1.102000E-2	0.000000E+0	6.397170E+5
1.104000E-2	0.000000E+0	6.415320E+5
1.106000E-2	0.000000E+0	6.411420E+5
1.108000E-2	0.000000E+0	6.413570E+5
1.110000E-2	0.000000E+0	6.403480E+5
1.112000E-2	0.000000E+0	6.400900E+5
1.114000E-2	0.000000E+0	6.417290E+5
1.116000E-2	0.000000E+0	6.390400E+5
1.118000E-2	0.000000E+0	6.408510E+5
1.120000E-2	0.000000E+0	6.403010E+5
1.122000E-2	0.000000E+0	6.421160E+5
1.124000E-2	0.000000E+0	6.424160E+5
1.126000E-2	0.000000E+0	6.395210E+5
1.128000E-2	0.000000E+0	6.401190E+5
1.130000E-2	0.000000E+0	6.406560E+5
1.132000E-2	0.000000E+0	6.421180E+5
1.134000E-2	0.000000E+0	6.394840E+5
1.136000E-2	0.000000E+0	6.417890E+5
1.138000E-2	0.000000E+0	6.405230E+5
1.140000E-2	0.000000E+0	6.418140E+5
1.142000E-2	0.000000E+0	6.403830E+5
1.144000E-2	0.000000E+0	6.420570E+5
1.146000E-2	0.000000E+0	6.407440E+5
1.148000E-2	0.000000E+0	6.411050E+5
1.150000E-2	0.000000E+0	6.405400E+5
1.152000E-2	0.000000E+0	6.407040E+5
1.154000E-2	0.000000E+0	6.400950E+5
1.156000E-2	0.000000E+0	6.410160E+5
1.158000E-2	0.000000E+0	6.403580E+5
1.160000E-2	0.000000E+0	6.417800E+5
1.162000E-2	0.000000E+0	6.408250E+5
1.164000E-2	0.000000E+0	6.418980E+5
1.166000E-2	0.000000E+0	6.424730E+5
1.168000E-2	0.000000E+0	6.413440E+5
1.170000E-2	0.000000E+0	6.423780E+5
1.172000E-2	0.000000E+0	6.413190E+5
1.174000E-2	0.000000E+0	6.411170E+5
1.176000E-2	0.000000E+0	6.405910E+5
1.178000E-2	0.000000E+0	6.391890E+5
1.180000E-2	0.000000E+0	6.410690E+5
1.182000E-2	0.000000E+0	6.418490E+5
1.184000E-2	0.000000E+0	6.422230E+5
1.186000E-2	0.000000E+0	6.403910E+5
1.188000E-2	0.000000E+0	6.401170E+5
1.190000E-2	0.000000E+0	6.403020E+5
1.192000E-2	0.000000E+0	6.400060E+5
1.194000E-2	0.000000E+0	6.422780E+5
1.196000E-2	0.000000E+0	6.411930E+5
1.198000E-2	0.000000E+0	6.402630E+5
1.200000E-2	0.000000E+0	6.409570E+5
1.202000E-2	0.000000E+0	6.411470E+5
1.204000E-2	0.000000E+0	6.406260E+5
1.206000E-2	0.000000E+0	6.409730E+5
1.208000E-2	0.000000E+0	6.417230E+5
1.210000E-2	0.000000E+0	6.414870E+5
1.212000E-2	0.000000E+0	6.403930E+5
1.214000E-2	0.000000E+0	6.396130E+5
1.216000E-2	0.000000E+0	6.407840E+5
1.218000E-2	0.000000E+0	6.404180E+5
1.220000E-2	0.000000E+0	6.406120E+5
1.222000E-2	0.000000E+0	6.412030E+5
1.224000E-2	0.000000E+0	6.417540E+5
1.226000E-2	0.000000E+0	6.400850E+5
1.228000E-2	0.000000E+0	6.408920E+5
1.230000E-2	0.000000E+0	6.409350E+5
1.232000E-2	0.000000E+0	6.414180E+5
1.234000E-2	0.000000E+0	6.419240E+5
1.236000E-2	0.000000E+0	6.414930E+5
1.238000E-2	0.000000E+0	6.426450E+5
1.240000E-2	0.000000E+0	6.415380E+5
1.242000E-2	0.000000E+0	6.411830E+5
1.244000E-2	0.000000E+0	6.414110E+5
1.246000E-2	0.000000E+0	6.408240E+5
1.248000E-2	0.000000E+0	6.409670E+5
1.250000E-2	0.000000E+0	6.408110E+5
1.252000E-2	0.000000E+0	6.431320E+5
1.254000E-2	0.000000E+0	6.415950E+5
1.256000E-2	0.000000E+0	6.400610E+5
1.258000E-2	0.000000E+0	6.419200E+5
1.260000E-2	0.000000E+0	6.420790E+5
1.262000E-2	0.000000E+0	6.399090E+5
1.264000E-2	0.000000E+0	6.398170E+5
1.266000E-2	0.000000E+0	6.432580E+5
1.268000E-2	0.000000E+0	6.414190E+5
1.270000E-2	0.000000E+0	6.404480E+5
1.272000E-2	0.000000E+0	6.425360E+5
1.274000E-2	0.000000E+0	6.406220E+5
1.276000E-2	0.000000E+0	6.414010E+5
1.278000E-2	0.000000E+0	6.408910E+5
1.280000E-2	0.000000E+0	6.400880E+5
1.282000E-2	0.000000E+0	6.401790E+5
1.284000E-2	0.000000E+0	6.408960E+5
1.286000E-2	0.000000E+0	6.415570E+5
1.288000E-2	0.000000E+0	6.418830E+5
1.290000E-2	0.000000E+0	6.408080E+5
1.292000E-2	0.000000E+0	6.409930E+5
1.294000E-2	0.000000E+0	6.404030E+5
1.296000E-2	0.000000E+0	6.408050E+5
1.298000E-2	0.000000E+0	6.410540E+5
1.300000E-2	0.000000E+0	6.411730E+5
1.302000E-2	0.000000E+0	6.421220E+5
1.304000E-2	0.000000E+0	6.410880E+5
1.306000E-2	0.000000E+0	6.400880E+5
1.308000E-2	0.000000E+0	6.421280E+5
1.310000E-2	0.000000E+0	6.416370E+5
1.312000E-2	0.000000E+0	6.408670E+5
1.314000E-2	0.000000E+0	6.418270E+5
1.316000E-2	0.000000E+0	6.411950E+5
1.318000E-2	0.000000E+0	6.405120E+5
1.320000E-2	0.000000E+0	6.415220E+5
1.322000E-2	0.000000E+0	6.410760E+5
1.324000E-2	0.000000E+0	6.398250E+5
1.326000E-2	0.000000E+0	6.418450E+5
1.328000E-2	0.000000E+0	6.419470E+5
1.330000E-2	0.000000E+0	6.397910E+5
1.332000E-2	0.000000E+0	6.406580E+5
1.334000E-2	0.000000E+0	6.402030E+5
1.336000E-2	0.000000E+0	6.411550E+5
1.338000E-2	0.000000E+0	6.415430E+5
1.340000E-2	0.000000E+0	6.405710E+5
1.342000E-2	0.000000E+0	6.400480E+5
1.344000E-2	0.000000E+0	6.404790E+5
1.346000E-2	0.000000E+0	6.399040E+5
1.348000E-2	0.000000E+0	6.410120E+5
1.350000E-2	0.000000E+0	6.419320E+5
1.352000E-2	0.000000E+0	6.412860E+5
1.354000E-2	0.000000E+0	6.407720E+5
1.356000E-2	0.000000E+0	6.422730E+5
1.358000E-2	0.000000E+0	6.404520E+5
1.360000E-2	0.000000E+0	6.406530E+5
1.362000E-2	0.000000E+0	6.409240E+5
1.364000E-2	0.000000E+0	6.393380E+5
1.366000E-2	0.000000E+0	6.405740E+5
1.368000E-2	0.000000E+0	6.411850E+5
1.370000E-2	0.000000E+0	6.420520E+5
1.372000E-2	0.000000E+0	6.404430E+5
1.374000E-2	0.000000E+0	6.419930E+5
1.376000E-2	0.000000E+0	6.406910E+5
1.378000E-2	0.000000E+0	6.402540E+5
1.380000E-2	0.000000E+0	6.413060E+5
1.382000E-2	0.000000E+0	6.399070E+5
1.384000E-2	0.000000E+0	6.406290E+5
1.386000E-2	0.000000E+0	6.413490E+5
1.388000E-2	0.000000E+0	6.409760E+5
1.390000E-2	0.000000E+0	6.418350E+5
1.392000E-2	0.000000E+0	6.420450E+5
1.394000E-2	0.000000E+0	6.415420E+5
1.396000E-2	0.000000E+0	6.412780E+5
1.398000E-2	0.000000E+0	6.421020E+5
1.400000E-2	0.000000E+0	6.418880E+5
1.402000E-2	0.000000E+0	6.401130E+5
1.404000E-2	0.000000E+0	6.426290E+5
1.406000E-2	0.000000E+0	6.407070E+5
1.408000E-2	0.000000E+0	6.407310E+5
1.410000E-2	0.000000E+0	6.416980E+5
1.412000E-2	0.000000E+0	6.403290E+5
1.414000E-2	0.000000E+0	6.401320E+5
1.416000E-2	0.000000E+0	6.400230E+5
1.418000E-2	0.000000E+0	6.402670E+5
1.420000E-2	0.000000E+0	6.413390E+5
1.422000E-2	0.000000E+0	6.412190E+5
1.424000E-2	0.000000E+0	6.394140E+5
1.426000E-2	0.000000E+0	6.399670E+5
1.428000E-2	0.000000E+0	6.409810E+5
1.430000E-2	0.000000E+0	6.413000E+5
1.432000E-2	0.000000E+0	6.408290E+5
1.434000E-2	0.000000E+0	6.413340E+5
1.436000E-2	0.000000E+0	6.417950E+5
1.438000E-2	0.000000E+0	6.413470E+5
1.440000E-2	0.000000E+0	6.424670E+5
1.442000E-2	0.000000E+0	6.412210E+5
1.444000E-2	0.000000E+0	6.393320E+5
1.446000E-2	0.000000E+0	6.412310E+5
1.448000E-2	0.000000E+0	6.415490E+5
1.450000E-2	0.000000E+0	6.410760E+5
1.452000E-2	0.000000E+0	6.407810E+5
1.454000E-2	0.000000E+0	6.407510E+5
1.456000E-2	0.000000E+0	6.418380E+5
1.458000E-2	0.000000E+0	6.400620E+5
1.460000E-2	0.000000E+0	6.412000E+5
1.462000E-2	0.000000E+0	6.391120E+5
1.464000E-2	0.000000E+0	6.417770E+5
1.466000E-2	0.000000E+0	6.403510E+5
1.468000E-2	0.000000E+0	6.423190E+5
1.470000E-2	0.000000E+0	6.406440E+5
1.472000E-2	0.000000E+0	6.403860E+5
1.474000E-2	0.000000E+0	6.413620E+5
1.476000E-2	0.000000E+0	6.418570E+5
1.478000E-2	0.000000E+0	6.418000E+5
1.480000E-2	0.000000E+0	6.393680E+5
1.482000E-2	0.000000E+0	6.399440E+5
1.484000E-2	0.000000E+0	6.417110E+5
1.486000E-2	0.000000E+0	6.395270E+5
1.488000E-2	0.000000E+0	6.389610E+5
1.490000E-2	0.000000E+0	6.385350E+5
1.492000E-2	0.000000E+0	6.369100E+5
1.494000E-2	0.000000E+0	6.341760E+5
1.496000E-2	0.000000E+0	6.327820E+5
1.498000E-2	0.000000E+0	6.319810E+5
1.500000E-2	0.000000E+0	6.313230E+5
1.502000E-2	0.000000E+0	6.311870E+5
1.504000E-2	0.000000E+0	6.290360E+5
1.506000E-2	0.000000E+0	6.279210E+5
1.508000E-2	0.000000E+0	6.256630E+5
1.510000E-2	0.000000E+0	6.237240E+5
1.512000E-2	0.000000E+0	6.237750E+5
1.514000E-2	0.000000E+0	6.251240E+5
1.516000E-2	0.000000E+0	6.257880E+5
1.518000E-2	0.000000E+0	6.269130E+5
1.520000E-2	0.000000E+0	6.298980E+5
1.522000E-2	0.000000E+0	6.309630E+5
1.524000E-2	0.000000E+0	6.353760E+5
1.526000E-2	0.000000E+0	6.345120E+5
1.528000E-2	0.000000E+0	6.366930E+5
1.530000E-2	0.000000E+0	6.363530E+5
1.532000E-2	0.000000E+0	6.388650E+5
1.534000E-2	0.000000E+0	6.385110E+5
1.536000E-2	0.000000E+0	6.390770E+5
1.538000E-2	0.000000E+0	6.404060E+5
1.540000E-2	0.000000E+0	6.404530E+5
1.542000E-2	0.000000E+0	6.397210E+5
1.544000E-2	0.000000E+0	6.394100E+5
1.546000E-2	0.000000E+0	6.394990E+5
1.548000E-2	0.000000E+0	6.390770E+5
1.550000E-2	0.000000E+0	6.389540E+5
1.552000E-2	0.000000E+0	6.400260E+5
1.554000E-2	0.000000E+0	6.380340E+5
1.556000E-2	0.000000E+0	6.363650E+5
1.558000E-2	0.000000E+0	6.336690E+5
1.560000E-2	0.000000E+0	6.327380E+5
1.562000E-2	0.000000E+0	6.314510E+5
1.564000E-2	0.000000E+0	6.303750E+5
1.566000E-2	0.000000E+0	6.312280E+5
1.568000E-2	0.000000E+0	6.299240E+5
1.570000E-2	0.000000E+0	6.273120E+5
1.572000E-2	0.000000E+0	6.242690E+5
1.574000E-2	0.000000E+0	6.233650E+5
1.576000E-2	0.000000E+0	6.250690E+5
1.578000E-2	0.000000E+0	6.224560E+5
1.580000E-2	0.000000E+0	6.255470E+5
1.582000E-2	0.000000E+0	6.271030E+5
1.584000E-2	0.000000E+0	6.288450E+5
1.586000E-2	0.000000E+0	6.308040E+5
1.588000E-2	0.000000E+0	6.328060E+5
1.590000E-2	0.000000E+0	6.343530E+5
1.592000E-2	0.000000E+0	6.354540E+5
1.594000E-2	0.000000E+0	6.353680E+5
1.596000E-2	0.000000E+0	6.377930E+5
1.598000E-2	0.000000E+0	6.393240E+5
1.600000E-2	0.000000E+0	6.402330E+5
1.602000E-2	0.000000E+0	6.398650E+5
1.604000E-2	0.000000E+0	6.398250E+5
1.606000E-2	0.000000E+0	6.405900E+5
1.608000E-2	0.000000E+0	6.403330E+5
1.610000E-2	0.000000E+0	6.412470E+5
1.612000E-2	0.000000E+0	6.408730E+5
1.614000E-2	0.000000E+0	6.401990E+5
1.616000E-2	0.000000E+0	6.429270E+5
1.618000E-2	0.000000E+0	6.404280E+5
1.620000E-2	0.000000E+0	6.406570E+5
1.622000E-2	0.000000E+0	6.412480E+5
1.624000E-2	0.000000E+0	6.404340E+5
1.626000E-2	0.000000E+0	6.404570E+5
1.628000E-2	0.000000E+0	6.419570E+5
1.630000E-2	0.000000E+0	6.409050E+5
1.632000E-2	0.000000E+0	6.411650E+5
1.634000E-2	0.000000E+0	6.410620E+5
1.636000E-2	0.000000E+0	6.421280E+5
1.638000E-2	0.000000E+0	6.406430E+5
1.640000E-2	0.000000E+0	6.418170E+5
1.642000E-2	0.000000E+0	6.409420E+5
1.644000E-2	0.000000E+0	6.408180E+5
1.646000E-2	0.000000E+0	6.405300E+5
1.648000E-2	0.000000E+0	6.403710E+5
1.650000E-2	0.000000E+0	6.405930E+5
1.652000E-2	0.000000E+0	6.415000E+5
1.654000E-2	0.000000E+0	6.402350E+5
1.656000E-2	0.000000E+0	6.405240E+5
1.658000E-2	0.000000E+0	6.408360E+5
1.660000E-2	0.000000E+0	6.405590E+5
1.662000E-2	0.000000E+0	6.413190E+5
1.664000E-2	0.000000E+0	6.412540E+5
1.666000E-2	0.000000E+0	6.404410E+5
1.668000E-2	0.000000E+0	6.407200E+5
1.670000E-2	0.000000E+0	6.413190E+5
1.672000E-2	0.000000E+0	6.419330E+5
1.674000E-2	0.000000E+0	6.409660E+5
1.676000E-2	0.000000E+0	6.396200E+5
1.678000E-2	0.000000E+0	6.398300E+5
1.680000E-2	0.000000E+0	6.416370E+5
1.682000E-2	0.000000E+0	6.412950E+5
1.684000E-2	0.000000E+0	6.417860E+5
1.686000E-2	0.000000E+0	6.429440E+5
1.688000E-2	0.000000E+0	6.410890E+5
1.690000E-2	0.000000E+0	6.411830E+5
1.692000E-2	0.000000E+0	6.417070E+5
1.694000E-2	0.000000E+0	6.409130E+5
1.696000E-2	0.000000E+0	6.401400E+5
1.698000E-2	0.000000E+0	6.411640E+5
1.700000E-2	0.000000E+0	6.416370E+5
1.702000E-2	0.000000E+0	6.416150E+5
1.704000E-2	0.000000E+0	6.424780E+5
1.706000E-2	0.000000E+0	6.420680E+5
1.708000E-2	0.000000E+0	6.407380E+5
1.710000E-2	0.000000E+0	6.416510E+5
1.712000E-2	0.000000E+0	6.410570E+5
1.714000E-2	0.000000E+0	6.400360E+5
1.716000E-2	0.000000E+0	6.417490E+5
1.718000E-2	0.000000E+0	6.413220E+5
1.720000E-2	0.000000E+0	6.413950E+5
1.722000E-2	0.000000E+0	6.417830E+5
1.724000E-2	0.000000E+0	6.414230E+5
1.726000E-2	0.000000E+0	6.407480E+5
1.728000E-2	0.000000E+0	6.408420E+5
1.730000E-2	0.000000E+0	6.413090E+5
1.732000E-2	0.000000E+0	6.401590E+5
1.734000E-2	0.000000E+0	6.416330E+5
1.736000E-2	0.000000E+0	6.422380E+5
1.738000E-2	0.000000E+0	6.416550E+5
1.740000E-2	0.000000E+0	6.422640E+5
1.742000E-2	0.000000E+0	6.407470E+5
1.744000E-2	0.000000E+0	6.402480E+5
1.746000E-2	0.000000E+0	6.411040E+5
1.748000E-2	0.000000E+0	6.415630E+5
1.750000E-2	0.000000E+0	6.414790E+5
1.752000E-2	0.000000E+0	6.416770E+5
1.754000E-2	0.000000E+0	6.406910E+5
1.756000E-2	0.000000E+0	6.406270E+5
1.758000E-2	0.000000E+0	6.413240E+5
1.760000E-2	0.000000E+0	6.412310E+5
1.762000E-2	0.000000E+0	6.412190E+5
1.764000E-2	0.000000E+0	6.418030E+5
1.766000E-2	0.000000E+0	6.406250E+5
1.768000E-2	0.000000E+0	6.412620E+5
1.770000E-2	0.000000E+0	6.410950E+5
1.772000E-2	0.000000E+0	6.420840E+5
1.774000E-2	0.000000E+0	6.410080E+5
1.776000E-2	0.000000E+0	6.407220E+5
1.778000E-2	0.000000E+0	6.422810E+5
1.780000E-2	0.000000E+0	6.395180E+5
1.782000E-2	0.000000E+0	6.418470E+5
1.784000E-2	0.000000E+0	6.410760E+5
1.786000E-2	0.000000E+0	6.407840E+5
1.788000E-2	0.000000E+0	6.408720E+5
1.790000E-2	0.000000E+0	6.413560E+5
1.792000E-2	0.000000E+0	6.397050E+5
1.794000E-2	0.000000E+0	6.409120E+5
1.796000E-2	0.000000E+0	6.410900E+5
1.798000E-2	0.000000E+0	6.420020E+5
1.800000E-2	0.000000E+0	6.400680E+5
1.802000E-2	0.000000E+0	6.408880E+5
1.804000E-2	0.000000E+0	6.401680E+5
1.806000E-2	0.000000E+0	6.407110E+5
1.808000E-2	0.000000E+0	6.409730E+5
1.810000E-2	0.000000E+0	6.418450E+5
1.812000E-2	0.000000E+0	6.426230E+5
1.814000E-2	0.000000E+0	6.425680E+5
1.816000E-2	0.000000E+0	6.408980E+5
1.818000E-2	0.000000E+0	6.401930E+5
1.820000E-2	0.000000E+0	6.418540E+5
1.822000E-2	0.000000E+0	6.407600E+5
1.824000E-2	0.000000E+0	6.413660E+5
1.826000E-2	0.000000E+0	6.418600E+5
1.828000E-2	0.000000E+0	6.404760E+5
1.830000E-2	0.000000E+0	6.400270E+5
1.832000E-2	0.000000E+0	6.420280E+5
1.834000E-2	0.000000E+0	6.404200E+5
1.836000E-2	0.000000E+0	6.420350E+5
1.838000E-2	0.000000E+0	6.402130E+5
1.840000E-2	0.000000E+0	6.406640E+5
1.842000E-2	0.000000E+0	6.400550E+5
1.844000E-2	0.000000E+0	6.403770E+5
1.846000E-2	0.000000E+0	6.397800E+5
1.848000E-2	0.000000E+0	6.424980E+5
1.850000E-2	0.000000E+0	6.418480E+5
1.852000E-2	0.000000E+0	6.410720E+5
1.854000E-2	0.000000E+0	6.426940E+5
1.856000E-2	0.000000E+0	6.393520E+5
1.858000E-2	0.000000E+0	6.401100E+5
1.860000E-2	0.000000E+0	6.407470E+5
1.862000E-2	0.000000E+0	6.398640E+5
1.864000E-2	0.000000E+0	6.397570E+5
1.866000E-2	0.000000E+0	6.416960E+5
1.868000E-2	0.000000E+0	6.407200E+5
1.870000E-2	0.000000E+0	6.409740E+5
1.872000E-2	0.000000E+0	6.409940E+5
1.874000E-2	0.000000E+0	6.387320E+5
1.876000E-2	0.000000E+0	6.412980E+5
1.878000E-2	0.000000E+0	6.411400E+5
1.880000E-2	0.000000E+0	6.401450E+5
1.882000E-2	0.000000E+0	6.405820E+5
1.884000E-2	0.000000E+0	6.415140E+5
1.886000E-2	0.000000E+0	6.406040E+5
1.888000E-2	0.000000E+0	6.403160E+5
1.890000E-2	0.000000E+0	6.403360E+5
1.892000E-2	0.000000E+0	6.421300E+5
1.894000E-2	0.000000E+0	6.410940E+5
1.896000E-2	0.000000E+0	6.414030E+5
1.898000E-2	0.000000E+0	6.419460E+5
1.900000E-2	0.000000E+0	6.406060E+5
1.902000E-2	0.000000E+0	6.397910E+5
1.904000E-2	0.000000E+0	6.410240E+5
1.906000E-2	0.000000E+0	6.416640E+5
1.908000E-2	0.000000E+0	6.414910E+5
1.910000E-2	0.000000E+0	6.402090E+5
1.912000E-2	0.000000E+0	6.394420E+5
1.914000E-2	0.000000E+0	6.411210E+5
1.916000E-2	0.000000E+0	6.404990E+5
1.918000E-2	0.000000E+0	6.398980E+5
1.920000E-2	0.000000E+0	6.416720E+5
1.922000E-2	0.000000E+0	6.417590E+5
1.924000E-2	0.000000E+0	6.413640E+5
1.926000E-2	0.000000E+0	6.417140E+5
1.928000E-2	0.000000E+0	6.419230E+5
1.930000E-2	0.000000E+0	6.408130E+5
1.932000E-2	0.000000E+0	6.404840E+5
1.934000E-2	0.000000E+0	6.410900E+5
1.936000E-2	0.000000E+0	6.408500E+5
1.938000E-2	0.000000E+0	6.412930E+5
1.940000E-2	0.000000E+0	6.391370E+5
1.942000E-2	0.000000E+0	6.420950E+5
1.944000E-2	0.000000E+0	6.412440E+5
1.946000E-2	0.000000E+0	6.394510E+5
1.948000E-2	0.000000E+0	6.408860E+5
1.950000E-2	0.000000E+0	6.411970E+5
1.952000E-2	0.000000E+0	6.420730E+5
1.954000E-2	0.000000E+0	6.403240E+5
1.956000E-2	0.000000E+0	6.416630E+5
1.958000E-2	0.000000E+0	6.407460E+5
1.960000E-2	0.000000E+0	6.412970E+5
1.962000E-2	0.000000E+0	6.405760E+5
1.964000E-2	0.000000E+0	6.416310E+5
1.966000E-2	0.000000E+0	6.419460E+5
1.968000E-2	0.000000E+0	6.412340E+5
1.970000E-2	0.000000E+0	6.404870E+5
1.972000E-2	0.000000E+0	6.411230E+5
1.974000E-2	0.000000E+0	6.409590E+5
1.976000E-2	0.000000E+0	6.397870E+5
1.978000E-2	0.000000E+0	6.404530E+5
1.980000E-2	0.000000E+0	6.411190E+5
1.982000E-2	0.000000E+0	6.403420E+5
1.984000E-2	0.000000E+0	6.412890E+5
1.986000E-2	0.000000E+0	6.403490E+5
1.988000E-2	0.000000E+0	6.402160E+5
1.990000E-2	0.000000E+0	6.404550E+5
1.992000E-2	0.000000E+0	6.404550E+5
1.994000E-2	0.000000E+0	6.425450E+5
1.996000E-2	0.000000E+0	6.403140E+5
1.998000E-2	0.000000E+0	6.408770E+5
