

live time:  181871.720000
real time:  252001.536000
sweeps:  9093586.000000
0.000000E+0	0.000000E+0	0.000000E+0
2.000000E-5	0.000000E+0	3.987040E+5
4.000000E-5	0.000000E+0	3.989200E+5
6.000000E-5	0.000000E+0	3.987270E+5
8.000000E-5	0.000000E+0	3.989490E+5
1.000000E-4	0.000000E+0	3.976430E+5
1.200000E-4	0.000000E+0	3.992690E+5
1.400000E-4	0.000000E+0	3.991850E+5
1.600000E-4	0.000000E+0	3.989550E+5
1.800000E-4	0.000000E+0	3.986710E+5
2.000000E-4	0.000000E+0	3.985660E+5
2.200000E-4	0.000000E+0	3.989500E+5
2.400000E-4	0.000000E+0	3.975910E+5
2.600000E-4	0.000000E+0	3.975500E+5
2.800000E-4	0.000000E+0	3.983730E+5
3.000000E-4	0.000000E+0	3.999470E+5
3.200000E-4	0.000000E+0	3.986990E+5
3.400000E-4	0.000000E+0	3.986400E+5
3.600000E-4	0.000000E+0	3.993470E+5
3.800000E-4	0.000000E+0	3.984000E+5
4.000000E-4	0.000000E+0	3.979080E+5
4.200000E-4	0.000000E+0	3.985240E+5
4.400000E-4	0.000000E+0	3.982130E+5
4.600000E-4	0.000000E+0	3.995430E+5
4.800000E-4	0.000000E+0	3.982260E+5
5.000000E-4	0.000000E+0	3.986870E+5
5.200000E-4	0.000000E+0	3.990260E+5
5.400000E-4	0.000000E+0	3.983610E+5
5.600000E-4	0.000000E+0	3.979540E+5
5.800000E-4	0.000000E+0	3.987340E+5
6.000000E-4	0.000000E+0	3.992650E+5
6.200000E-4	0.000000E+0	3.982320E+5
6.400000E-4	0.000000E+0	3.999630E+5
6.600000E-4	0.000000E+0	3.977130E+5
6.800000E-4	0.000000E+0	3.982790E+5
7.000000E-4	0.000000E+0	3.988630E+5
7.200000E-4	0.000000E+0	3.997490E+5
7.400000E-4	0.000000E+0	3.980250E+5
7.600000E-4	0.000000E+0	3.981430E+5
7.800000E-4	0.000000E+0	3.974670E+5
8.000000E-4	0.000000E+0	3.992090E+5
8.200000E-4	0.000000E+0	3.984790E+5
8.400000E-4	0.000000E+0	3.982990E+5
8.600000E-4	0.000000E+0	3.996070E+5
8.800000E-4	0.000000E+0	3.982980E+5
9.000000E-4	0.000000E+0	3.996970E+5
9.200000E-4	0.000000E+0	3.982980E+5
9.400000E-4	0.000000E+0	3.990220E+5
9.600000E-4	0.000000E+0	3.977800E+5
9.800000E-4	0.000000E+0	4.000350E+5
1.000000E-3	0.000000E+0	3.990670E+5
1.020000E-3	0.000000E+0	3.985700E+5
1.040000E-3	0.000000E+0	3.985060E+5
1.060000E-3	0.000000E+0	3.982010E+5
1.080000E-3	0.000000E+0	3.983210E+5
1.100000E-3	0.000000E+0	3.977100E+5
1.120000E-3	0.000000E+0	3.991770E+5
1.140000E-3	0.000000E+0	3.979110E+5
1.160000E-3	0.000000E+0	3.984290E+5
1.180000E-3	0.000000E+0	3.983450E+5
1.200000E-3	0.000000E+0	3.988230E+5
1.220000E-3	0.000000E+0	3.991470E+5
1.240000E-3	0.000000E+0	3.986830E+5
1.260000E-3	0.000000E+0	3.982270E+5
1.280000E-3	0.000000E+0	3.987230E+5
1.300000E-3	0.000000E+0	3.972400E+5
1.320000E-3	0.000000E+0	3.998120E+5
1.340000E-3	0.000000E+0	3.988170E+5
1.360000E-3	0.000000E+0	3.978480E+5
1.380000E-3	0.000000E+0	3.997890E+5
1.400000E-3	0.000000E+0	3.986400E+5
1.420000E-3	0.000000E+0	3.989300E+5
1.440000E-3	0.000000E+0	3.984580E+5
1.460000E-3	0.000000E+0	3.974190E+5
1.480000E-3	0.000000E+0	3.996320E+5
1.500000E-3	0.000000E+0	3.987760E+5
1.520000E-3	0.000000E+0	3.984780E+5
1.540000E-3	0.000000E+0	3.989060E+5
1.560000E-3	0.000000E+0	3.989370E+5
1.580000E-3	0.000000E+0	3.988730E+5
1.600000E-3	0.000000E+0	3.983290E+5
1.620000E-3	0.000000E+0	3.982620E+5
1.640000E-3	0.000000E+0	3.977440E+5
1.660000E-3	0.000000E+0	3.988340E+5
1.680000E-3	0.000000E+0	3.984160E+5
1.700000E-3	0.000000E+0	3.978510E+5
1.720000E-3	0.000000E+0	3.988940E+5
1.740000E-3	0.000000E+0	3.997810E+5
1.760000E-3	0.000000E+0	3.992640E+5
1.780000E-3	0.000000E+0	3.996250E+5
1.800000E-3	0.000000E+0	3.995340E+5
1.820000E-3	0.000000E+0	3.981490E+5
1.840000E-3	0.000000E+0	3.979140E+5
1.860000E-3	0.000000E+0	3.987830E+5
1.880000E-3	0.000000E+0	3.985670E+5
1.900000E-3	0.000000E+0	3.977690E+5
1.920000E-3	0.000000E+0	3.985170E+5
1.940000E-3	0.000000E+0	3.982990E+5
1.960000E-3	0.000000E+0	3.987290E+5
1.980000E-3	0.000000E+0	3.991160E+5
2.000000E-3	0.000000E+0	3.980740E+5
2.020000E-3	0.000000E+0	3.987680E+5
2.040000E-3	0.000000E+0	3.983010E+5
2.060000E-3	0.000000E+0	3.993310E+5
2.080000E-3	0.000000E+0	3.996560E+5
2.100000E-3	0.000000E+0	3.997460E+5
2.120000E-3	0.000000E+0	3.994750E+5
2.140000E-3	0.000000E+0	3.972490E+5
2.160000E-3	0.000000E+0	3.977550E+5
2.180000E-3	0.000000E+0	3.987000E+5
2.200000E-3	0.000000E+0	3.993460E+5
2.220000E-3	0.000000E+0	3.992240E+5
2.240000E-3	0.000000E+0	3.982680E+5
2.260000E-3	0.000000E+0	3.988230E+5
2.280000E-3	0.000000E+0	3.988670E+5
2.300000E-3	0.000000E+0	3.990020E+5
2.320000E-3	0.000000E+0	3.987280E+5
2.340000E-3	0.000000E+0	3.983740E+5
2.360000E-3	0.000000E+0	3.985950E+5
2.380000E-3	0.000000E+0	3.998440E+5
2.400000E-3	0.000000E+0	3.973130E+5
2.420000E-3	0.000000E+0	3.984010E+5
2.440000E-3	0.000000E+0	3.978770E+5
2.460000E-3	0.000000E+0	3.987530E+5
2.480000E-3	0.000000E+0	4.001040E+5
2.500000E-3	0.000000E+0	3.983150E+5
2.520000E-3	0.000000E+0	3.992190E+5
2.540000E-3	0.000000E+0	3.975710E+5
2.560000E-3	0.000000E+0	3.988770E+5
2.580000E-3	0.000000E+0	3.981850E+5
2.600000E-3	0.000000E+0	3.993780E+5
2.620000E-3	0.000000E+0	3.983600E+5
2.640000E-3	0.000000E+0	3.975030E+5
2.660000E-3	0.000000E+0	3.991550E+5
2.680000E-3	0.000000E+0	3.981870E+5
2.700000E-3	0.000000E+0	3.986280E+5
2.720000E-3	0.000000E+0	3.969860E+5
2.740000E-3	0.000000E+0	3.987700E+5
2.760000E-3	0.000000E+0	3.982260E+5
2.780000E-3	0.000000E+0	3.986320E+5
2.800000E-3	0.000000E+0	3.984680E+5
2.820000E-3	0.000000E+0	3.982710E+5
2.840000E-3	0.000000E+0	3.977760E+5
2.860000E-3	0.000000E+0	3.997330E+5
2.880000E-3	0.000000E+0	3.987680E+5
2.900000E-3	0.000000E+0	3.992240E+5
2.920000E-3	0.000000E+0	3.977060E+5
2.940000E-3	0.000000E+0	3.988190E+5
2.960000E-3	0.000000E+0	3.985140E+5
2.980000E-3	0.000000E+0	3.975830E+5
3.000000E-3	0.000000E+0	3.987260E+5
3.020000E-3	0.000000E+0	3.984940E+5
3.040000E-3	0.000000E+0	3.992780E+5
3.060000E-3	0.000000E+0	4.002680E+5
3.080000E-3	0.000000E+0	3.985900E+5
3.100000E-3	0.000000E+0	3.976890E+5
3.120000E-3	0.000000E+0	3.989360E+5
3.140000E-3	0.000000E+0	3.990080E+5
3.160000E-3	0.000000E+0	3.983110E+5
3.180000E-3	0.000000E+0	3.989700E+5
3.200000E-3	0.000000E+0	3.983660E+5
3.220000E-3	0.000000E+0	3.990300E+5
3.240000E-3	0.000000E+0	3.996180E+5
3.260000E-3	0.000000E+0	3.991050E+5
3.280000E-3	0.000000E+0	3.988030E+5
3.300000E-3	0.000000E+0	3.980820E+5
3.320000E-3	0.000000E+0	3.986150E+5
3.340000E-3	0.000000E+0	3.979220E+5
3.360000E-3	0.000000E+0	3.976950E+5
3.380000E-3	0.000000E+0	3.975740E+5
3.400000E-3	0.000000E+0	3.985840E+5
3.420000E-3	0.000000E+0	3.995530E+5
3.440000E-3	0.000000E+0	3.978640E+5
3.460000E-3	0.000000E+0	3.991330E+5
3.480000E-3	0.000000E+0	3.980860E+5
3.500000E-3	0.000000E+0	3.986860E+5
3.520000E-3	0.000000E+0	3.980660E+5
3.540000E-3	0.000000E+0	3.984810E+5
3.560000E-3	0.000000E+0	3.983670E+5
3.580000E-3	0.000000E+0	3.975780E+5
3.600000E-3	0.000000E+0	3.982250E+5
3.620000E-3	0.000000E+0	3.967340E+5
3.640000E-3	0.000000E+0	3.991630E+5
3.660000E-3	0.000000E+0	3.984950E+5
3.680000E-3	0.000000E+0	3.982020E+5
3.700000E-3	0.000000E+0	3.977520E+5
3.720000E-3	0.000000E+0	3.985160E+5
3.740000E-3	0.000000E+0	3.980210E+5
3.760000E-3	0.000000E+0	3.983950E+5
3.780000E-3	0.000000E+0	3.978440E+5
3.800000E-3	0.000000E+0	3.978590E+5
3.820000E-3	0.000000E+0	3.978750E+5
3.840000E-3	0.000000E+0	3.985110E+5
3.860000E-3	0.000000E+0	3.981220E+5
3.880000E-3	0.000000E+0	3.976250E+5
3.900000E-3	0.000000E+0	3.991040E+5
3.920000E-3	0.000000E+0	4.000420E+5
3.940000E-3	0.000000E+0	3.991800E+5
3.960000E-3	0.000000E+0	3.991580E+5
3.980000E-3	0.000000E+0	3.987470E+5
4.000000E-3	0.000000E+0	3.985180E+5
4.020000E-3	0.000000E+0	3.991350E+5
4.040000E-3	0.000000E+0	3.979860E+5
4.060000E-3	0.000000E+0	3.989830E+5
4.080000E-3	0.000000E+0	3.989910E+5
4.100000E-3	0.000000E+0	3.990420E+5
4.120000E-3	0.000000E+0	3.983840E+5
4.140000E-3	0.000000E+0	3.977880E+5
4.160000E-3	0.000000E+0	3.992290E+5
4.180000E-3	0.000000E+0	3.977540E+5
4.200000E-3	0.000000E+0	3.989240E+5
4.220000E-3	0.000000E+0	3.983510E+5
4.240000E-3	0.000000E+0	3.983150E+5
4.260000E-3	0.000000E+0	3.977250E+5
4.280000E-3	0.000000E+0	3.993370E+5
4.300000E-3	0.000000E+0	3.989360E+5
4.320000E-3	0.000000E+0	3.981770E+5
4.340000E-3	0.000000E+0	3.978420E+5
4.360000E-3	0.000000E+0	3.980810E+5
4.380000E-3	0.000000E+0	3.980490E+5
4.400000E-3	0.000000E+0	3.988760E+5
4.420000E-3	0.000000E+0	3.982540E+5
4.440000E-3	0.000000E+0	3.981270E+5
4.460000E-3	0.000000E+0	3.978890E+5
4.480000E-3	0.000000E+0	3.977910E+5
4.500000E-3	0.000000E+0	3.985250E+5
4.520000E-3	0.000000E+0	3.974480E+5
4.540000E-3	0.000000E+0	3.975300E+5
4.560000E-3	0.000000E+0	3.975180E+5
4.580000E-3	0.000000E+0	3.984760E+5
4.600000E-3	0.000000E+0	3.981650E+5
4.620000E-3	0.000000E+0	3.977070E+5
4.640000E-3	0.000000E+0	3.984650E+5
4.660000E-3	0.000000E+0	3.985470E+5
4.680000E-3	0.000000E+0	3.980310E+5
4.700000E-3	0.000000E+0	3.987590E+5
4.720000E-3	0.000000E+0	3.985530E+5
4.740000E-3	0.000000E+0	3.975210E+5
4.760000E-3	0.000000E+0	3.991200E+5
4.780000E-3	0.000000E+0	3.975520E+5
4.800000E-3	0.000000E+0	3.977450E+5
4.820000E-3	0.000000E+0	3.975710E+5
4.840000E-3	0.000000E+0	3.975980E+5
4.860000E-3	0.000000E+0	3.963340E+5
4.880000E-3	0.000000E+0	3.956510E+5
4.900000E-3	0.000000E+0	3.958280E+5
4.920000E-3	0.000000E+0	3.931580E+5
4.940000E-3	0.000000E+0	3.922740E+5
4.960000E-3	0.000000E+0	3.923560E+5
4.980000E-3	0.000000E+0	3.927650E+5
5.000000E-3	0.000000E+0	3.908350E+5
5.020000E-3	0.000000E+0	3.902640E+5
5.040000E-3	0.000000E+0	3.883620E+5
5.060000E-3	0.000000E+0	3.876800E+5
5.080000E-3	0.000000E+0	3.872910E+5
5.100000E-3	0.000000E+0	3.876890E+5
5.120000E-3	0.000000E+0	3.873960E+5
5.140000E-3	0.000000E+0	3.886770E+5
5.160000E-3	0.000000E+0	3.900750E+5
5.180000E-3	0.000000E+0	3.911550E+5
5.200000E-3	0.000000E+0	3.923580E+5
5.220000E-3	0.000000E+0	3.931520E+5
5.240000E-3	0.000000E+0	3.932070E+5
5.260000E-3	0.000000E+0	3.958630E+5
5.280000E-3	0.000000E+0	3.940050E+5
5.300000E-3	0.000000E+0	3.958330E+5
5.320000E-3	0.000000E+0	3.973280E+5
5.340000E-3	0.000000E+0	3.971950E+5
5.360000E-3	0.000000E+0	3.980420E+5
5.380000E-3	0.000000E+0	3.968280E+5
5.400000E-3	0.000000E+0	3.987520E+5
5.420000E-3	0.000000E+0	3.975920E+5
5.440000E-3	0.000000E+0	3.972770E+5
5.460000E-3	0.000000E+0	3.966230E+5
5.480000E-3	0.000000E+0	3.965450E+5
5.500000E-3	0.000000E+0	3.971920E+5
5.520000E-3	0.000000E+0	3.959560E+5
5.540000E-3	0.000000E+0	3.958120E+5
5.560000E-3	0.000000E+0	3.937290E+5
5.580000E-3	0.000000E+0	3.934720E+5
5.600000E-3	0.000000E+0	3.913840E+5
5.620000E-3	0.000000E+0	3.920280E+5
5.640000E-3	0.000000E+0	3.929880E+5
5.660000E-3	0.000000E+0	3.911730E+5
5.680000E-3	0.000000E+0	3.908690E+5
5.700000E-3	0.000000E+0	3.893660E+5
5.720000E-3	0.000000E+0	3.882220E+5
5.740000E-3	0.000000E+0	3.884510E+5
5.760000E-3	0.000000E+0	3.887700E+5
5.780000E-3	0.000000E+0	3.890480E+5
5.800000E-3	0.000000E+0	3.897200E+5
5.820000E-3	0.000000E+0	3.914170E+5
5.840000E-3	0.000000E+0	3.925070E+5
5.860000E-3	0.000000E+0	3.930690E+5
5.880000E-3	0.000000E+0	3.946450E+5
5.900000E-3	0.000000E+0	3.958450E+5
5.920000E-3	0.000000E+0	3.970390E+5
5.940000E-3	0.000000E+0	3.960680E+5
5.960000E-3	0.000000E+0	3.967880E+5
5.980000E-3	0.000000E+0	3.978150E+5
6.000000E-3	0.000000E+0	3.977420E+5
6.020000E-3	0.000000E+0	3.976460E+5
6.040000E-3	0.000000E+0	3.981410E+5
6.060000E-3	0.000000E+0	3.979120E+5
6.080000E-3	0.000000E+0	3.980260E+5
6.100000E-3	0.000000E+0	3.973120E+5
6.120000E-3	0.000000E+0	3.985560E+5
6.140000E-3	0.000000E+0	3.980780E+5
6.160000E-3	0.000000E+0	3.976840E+5
6.180000E-3	0.000000E+0	3.984740E+5
6.200000E-3	0.000000E+0	3.980660E+5
6.220000E-3	0.000000E+0	3.986770E+5
6.240000E-3	0.000000E+0	3.973110E+5
6.260000E-3	0.000000E+0	3.977860E+5
6.280000E-3	0.000000E+0	3.998960E+5
6.300000E-3	0.000000E+0	3.992940E+5
6.320000E-3	0.000000E+0	3.988680E+5
6.340000E-3	0.000000E+0	3.987080E+5
6.360000E-3	0.000000E+0	3.978970E+5
6.380000E-3	0.000000E+0	3.989990E+5
6.400000E-3	0.000000E+0	3.979860E+5
6.420000E-3	0.000000E+0	3.976910E+5
6.440000E-3	0.000000E+0	3.999580E+5
6.460000E-3	0.000000E+0	3.983770E+5
6.480000E-3	0.000000E+0	3.979760E+5
6.500000E-3	0.000000E+0	3.980000E+5
6.520000E-3	0.000000E+0	3.983910E+5
6.540000E-3	0.000000E+0	3.978180E+5
6.560000E-3	0.000000E+0	3.990820E+5
6.580000E-3	0.000000E+0	3.979800E+5
6.600000E-3	0.000000E+0	3.990570E+5
6.620000E-3	0.000000E+0	3.984010E+5
6.640000E-3	0.000000E+0	3.981270E+5
6.660000E-3	0.000000E+0	3.976980E+5
6.680000E-3	0.000000E+0	3.983210E+5
6.700000E-3	0.000000E+0	3.986790E+5
6.720000E-3	0.000000E+0	3.984820E+5
6.740000E-3	0.000000E+0	3.991860E+5
6.760000E-3	0.000000E+0	3.993240E+5
6.780000E-3	0.000000E+0	3.978300E+5
6.800000E-3	0.000000E+0	3.986830E+5
6.820000E-3	0.000000E+0	3.986000E+5
6.840000E-3	0.000000E+0	3.980820E+5
6.860000E-3	0.000000E+0	3.985660E+5
6.880000E-3	0.000000E+0	3.995030E+5
6.900000E-3	0.000000E+0	3.974620E+5
6.920000E-3	0.000000E+0	3.975630E+5
6.940000E-3	0.000000E+0	3.986000E+5
6.960000E-3	0.000000E+0	3.969960E+5
6.980000E-3	0.000000E+0	3.985820E+5
7.000000E-3	0.000000E+0	3.982970E+5
7.020000E-3	0.000000E+0	3.988240E+5
7.040000E-3	0.000000E+0	3.985900E+5
7.060000E-3	0.000000E+0	3.988010E+5
7.080000E-3	0.000000E+0	3.985990E+5
7.100000E-3	0.000000E+0	3.984740E+5
7.120000E-3	0.000000E+0	3.986670E+5
7.140000E-3	0.000000E+0	3.985710E+5
7.160000E-3	0.000000E+0	3.989560E+5
7.180000E-3	0.000000E+0	3.979000E+5
7.200000E-3	0.000000E+0	3.987540E+5
7.220000E-3	0.000000E+0	3.989230E+5
7.240000E-3	0.000000E+0	3.986310E+5
7.260000E-3	0.000000E+0	3.981230E+5
7.280000E-3	0.000000E+0	3.983500E+5
7.300000E-3	0.000000E+0	3.979950E+5
7.320000E-3	0.000000E+0	3.990570E+5
7.340000E-3	0.000000E+0	3.992890E+5
7.360000E-3	0.000000E+0	3.981920E+5
7.380000E-3	0.000000E+0	3.991430E+5
7.400000E-3	0.000000E+0	3.984670E+5
7.420000E-3	0.000000E+0	3.985000E+5
7.440000E-3	0.000000E+0	3.985390E+5
7.460000E-3	0.000000E+0	3.992120E+5
7.480000E-3	0.000000E+0	3.980400E+5
7.500000E-3	0.000000E+0	3.990000E+5
7.520000E-3	0.000000E+0	3.989420E+5
7.540000E-3	0.000000E+0	3.985680E+5
7.560000E-3	0.000000E+0	3.992010E+5
7.580000E-3	0.000000E+0	3.987800E+5
7.600000E-3	0.000000E+0	3.979670E+5
7.620000E-3	0.000000E+0	3.987480E+5
7.640000E-3	0.000000E+0	3.994180E+5
7.660000E-3	0.000000E+0	3.982590E+5
7.680000E-3	0.000000E+0	3.985460E+5
7.700000E-3	0.000000E+0	3.978360E+5
7.720000E-3	0.000000E+0	3.987390E+5
7.740000E-3	0.000000E+0	3.979670E+5
7.760000E-3	0.000000E+0	3.983320E+5
7.780000E-3	0.000000E+0	3.995580E+5
7.800000E-3	0.000000E+0	3.983450E+5
7.820000E-3	0.000000E+0	3.981290E+5
7.840000E-3	0.000000E+0	3.996220E+5
7.860000E-3	0.000000E+0	3.984830E+5
7.880000E-3	0.000000E+0	3.984990E+5
7.900000E-3	0.000000E+0	3.982490E+5
7.920000E-3	0.000000E+0	3.982790E+5
7.940000E-3	0.000000E+0	3.995390E+5
7.960000E-3	0.000000E+0	3.997450E+5
7.980000E-3	0.000000E+0	3.996710E+5
8.000000E-3	0.000000E+0	3.988450E+5
8.020000E-3	0.000000E+0	3.986740E+5
8.040000E-3	0.000000E+0	3.975930E+5
8.060000E-3	0.000000E+0	3.980090E+5
8.080000E-3	0.000000E+0	3.990180E+5
8.100000E-3	0.000000E+0	3.993870E+5
8.120000E-3	0.000000E+0	3.986350E+5
8.140000E-3	0.000000E+0	3.978150E+5
8.160000E-3	0.000000E+0	3.988110E+5
8.180000E-3	0.000000E+0	3.981740E+5
8.200000E-3	0.000000E+0	3.989190E+5
8.220000E-3	0.000000E+0	3.980830E+5
8.240000E-3	0.000000E+0	3.990220E+5
8.260000E-3	0.000000E+0	4.000840E+5
8.280000E-3	0.000000E+0	3.977750E+5
8.300000E-3	0.000000E+0	3.986820E+5
8.320000E-3	0.000000E+0	3.978430E+5
8.340000E-3	0.000000E+0	3.980640E+5
8.360000E-3	0.000000E+0	3.979930E+5
8.380000E-3	0.000000E+0	3.967950E+5
8.400000E-3	0.000000E+0	3.980560E+5
8.420000E-3	0.000000E+0	3.984540E+5
8.440000E-3	0.000000E+0	3.991790E+5
8.460000E-3	0.000000E+0	3.989720E+5
8.480000E-3	0.000000E+0	3.995940E+5
8.500000E-3	0.000000E+0	3.976450E+5
8.520000E-3	0.000000E+0	3.992660E+5
8.540000E-3	0.000000E+0	3.989960E+5
8.560000E-3	0.000000E+0	3.986350E+5
8.580000E-3	0.000000E+0	3.998550E+5
8.600000E-3	0.000000E+0	3.983600E+5
8.620000E-3	0.000000E+0	3.993830E+5
8.640000E-3	0.000000E+0	3.984400E+5
8.660000E-3	0.000000E+0	3.982550E+5
8.680000E-3	0.000000E+0	3.988780E+5
8.700000E-3	0.000000E+0	3.969850E+5
8.720000E-3	0.000000E+0	3.992160E+5
8.740000E-3	0.000000E+0	3.978330E+5
8.760000E-3	0.000000E+0	3.985990E+5
8.780000E-3	0.000000E+0	3.987520E+5
8.800000E-3	0.000000E+0	3.993080E+5
8.820000E-3	0.000000E+0	3.990300E+5
8.840000E-3	0.000000E+0	3.980920E+5
8.860000E-3	0.000000E+0	4.000490E+5
8.880000E-3	0.000000E+0	3.980280E+5
8.900000E-3	0.000000E+0	3.985260E+5
8.920000E-3	0.000000E+0	3.974650E+5
8.940000E-3	0.000000E+0	3.977930E+5
8.960000E-3	0.000000E+0	3.994730E+5
8.980000E-3	0.000000E+0	3.985140E+5
9.000000E-3	0.000000E+0	3.982300E+5
9.020000E-3	0.000000E+0	3.974110E+5
9.040000E-3	0.000000E+0	3.989620E+5
9.060000E-3	0.000000E+0	4.005540E+5
9.080000E-3	0.000000E+0	3.985920E+5
9.100000E-3	0.000000E+0	3.993280E+5
9.120000E-3	0.000000E+0	3.980440E+5
9.140000E-3	0.000000E+0	3.987450E+5
9.160000E-3	0.000000E+0	3.988930E+5
9.180000E-3	0.000000E+0	3.975960E+5
9.200000E-3	0.000000E+0	3.985090E+5
9.220000E-3	0.000000E+0	3.984490E+5
9.240000E-3	0.000000E+0	3.992800E+5
9.260000E-3	0.000000E+0	3.998230E+5
9.280000E-3	0.000000E+0	3.997520E+5
9.300000E-3	0.000000E+0	3.992750E+5
9.320000E-3	0.000000E+0	3.983170E+5
9.340000E-3	0.000000E+0	3.985520E+5
9.360000E-3	0.000000E+0	3.983340E+5
9.380000E-3	0.000000E+0	3.995960E+5
9.400000E-3	0.000000E+0	3.991700E+5
9.420000E-3	0.000000E+0	3.997920E+5
9.440000E-3	0.000000E+0	3.982240E+5
9.460000E-3	0.000000E+0	3.996120E+5
9.480000E-3	0.000000E+0	3.985770E+5
9.500000E-3	0.000000E+0	3.975190E+5
9.520000E-3	0.000000E+0	3.992910E+5
9.540000E-3	0.000000E+0	3.976440E+5
9.560000E-3	0.000000E+0	3.984130E+5
9.580000E-3	0.000000E+0	3.986500E+5
9.600000E-3	0.000000E+0	3.987550E+5
9.620000E-3	0.000000E+0	3.980730E+5
9.640000E-3	0.000000E+0	3.983070E+5
9.660000E-3	0.000000E+0	3.993120E+5
9.680000E-3	0.000000E+0	3.974680E+5
9.700000E-3	0.000000E+0	3.980920E+5
9.720000E-3	0.000000E+0	3.992120E+5
9.740000E-3	0.000000E+0	3.985780E+5
9.760000E-3	0.000000E+0	3.983840E+5
9.780000E-3	0.000000E+0	3.990820E+5
9.800000E-3	0.000000E+0	3.992830E+5
9.820000E-3	0.000000E+0	3.993760E+5
9.840000E-3	0.000000E+0	3.988910E+5
9.860000E-3	0.000000E+0	3.981750E+5
9.880000E-3	0.000000E+0	3.996610E+5
9.900000E-3	0.000000E+0	3.999790E+5
9.920000E-3	0.000000E+0	3.980090E+5
9.940000E-3	0.000000E+0	3.978110E+5
9.960000E-3	0.000000E+0	3.978340E+5
9.980000E-3	0.000000E+0	3.995980E+5
1.000000E-2	0.000000E+0	3.979130E+5
1.002000E-2	0.000000E+0	3.985890E+5
1.004000E-2	0.000000E+0	3.990840E+5
1.006000E-2	0.000000E+0	3.991160E+5
1.008000E-2	0.000000E+0	3.982850E+5
1.010000E-2	0.000000E+0	3.986370E+5
1.012000E-2	0.000000E+0	3.998690E+5
1.014000E-2	0.000000E+0	4.001690E+5
1.016000E-2	0.000000E+0	3.993420E+5
1.018000E-2	0.000000E+0	3.990640E+5
1.020000E-2	0.000000E+0	3.993860E+5
1.022000E-2	0.000000E+0	3.984940E+5
1.024000E-2	0.000000E+0	3.980170E+5
1.026000E-2	0.000000E+0	3.999240E+5
1.028000E-2	0.000000E+0	3.980880E+5
1.030000E-2	0.000000E+0	3.992480E+5
1.032000E-2	0.000000E+0	3.981980E+5
1.034000E-2	0.000000E+0	3.993920E+5
1.036000E-2	0.000000E+0	3.989380E+5
1.038000E-2	0.000000E+0	3.993390E+5
1.040000E-2	0.000000E+0	3.981760E+5
1.042000E-2	0.000000E+0	3.984710E+5
1.044000E-2	0.000000E+0	3.983020E+5
1.046000E-2	0.000000E+0	3.994910E+5
1.048000E-2	0.000000E+0	3.996910E+5
1.050000E-2	0.000000E+0	3.986520E+5
1.052000E-2	0.000000E+0	3.994180E+5
1.054000E-2	0.000000E+0	4.002180E+5
1.056000E-2	0.000000E+0	3.981800E+5
1.058000E-2	0.000000E+0	3.992320E+5
1.060000E-2	0.000000E+0	3.982410E+5
1.062000E-2	0.000000E+0	3.984770E+5
1.064000E-2	0.000000E+0	3.990830E+5
1.066000E-2	0.000000E+0	3.989560E+5
1.068000E-2	0.000000E+0	3.993180E+5
1.070000E-2	0.000000E+0	3.982100E+5
1.072000E-2	0.000000E+0	3.987890E+5
1.074000E-2	0.000000E+0	3.993060E+5
1.076000E-2	0.000000E+0	3.998380E+5
1.078000E-2	0.000000E+0	3.998070E+5
1.080000E-2	0.000000E+0	3.997060E+5
1.082000E-2	0.000000E+0	4.004140E+5
1.084000E-2	0.000000E+0	3.985490E+5
1.086000E-2	0.000000E+0	3.990090E+5
1.088000E-2	0.000000E+0	3.988850E+5
1.090000E-2	0.000000E+0	3.993450E+5
1.092000E-2	0.000000E+0	3.986040E+5
1.094000E-2	0.000000E+0	3.983230E+5
1.096000E-2	0.000000E+0	3.984620E+5
1.098000E-2	0.000000E+0	3.992390E+5
1.100000E-2	0.000000E+0	3.990420E+5
1.102000E-2	0.000000E+0	3.978370E+5
1.104000E-2	0.000000E+0	3.994210E+5
1.106000E-2	0.000000E+0	3.989370E+5
1.108000E-2	0.000000E+0	3.994600E+5
1.110000E-2	0.000000E+0	3.988160E+5
1.112000E-2	0.000000E+0	3.987380E+5
1.114000E-2	0.000000E+0	3.993500E+5
1.116000E-2	0.000000E+0	3.969770E+5
1.118000E-2	0.000000E+0	3.989450E+5
1.120000E-2	0.000000E+0	3.988560E+5
1.122000E-2	0.000000E+0	4.003290E+5
1.124000E-2	0.000000E+0	4.000390E+5
1.126000E-2	0.000000E+0	3.977720E+5
1.128000E-2	0.000000E+0	3.979070E+5
1.130000E-2	0.000000E+0	3.986990E+5
1.132000E-2	0.000000E+0	3.998080E+5
1.134000E-2	0.000000E+0	3.982270E+5
1.136000E-2	0.000000E+0	3.997190E+5
1.138000E-2	0.000000E+0	3.984600E+5
1.140000E-2	0.000000E+0	4.001010E+5
1.142000E-2	0.000000E+0	3.987230E+5
1.144000E-2	0.000000E+0	3.998220E+5
1.146000E-2	0.000000E+0	3.987600E+5
1.148000E-2	0.000000E+0	3.986520E+5
1.150000E-2	0.000000E+0	3.983590E+5
1.152000E-2	0.000000E+0	3.982390E+5
1.154000E-2	0.000000E+0	3.983300E+5
1.156000E-2	0.000000E+0	3.994400E+5
1.158000E-2	0.000000E+0	3.981030E+5
1.160000E-2	0.000000E+0	3.988390E+5
1.162000E-2	0.000000E+0	3.985990E+5
1.164000E-2	0.000000E+0	4.000320E+5
1.166000E-2	0.000000E+0	4.007610E+5
1.168000E-2	0.000000E+0	4.000130E+5
1.170000E-2	0.000000E+0	3.999500E+5
1.172000E-2	0.000000E+0	3.996190E+5
1.174000E-2	0.000000E+0	3.986740E+5
1.176000E-2	0.000000E+0	3.992300E+5
1.178000E-2	0.000000E+0	3.983550E+5
1.180000E-2	0.000000E+0	3.992550E+5
1.182000E-2	0.000000E+0	3.996880E+5
1.184000E-2	0.000000E+0	3.994770E+5
1.186000E-2	0.000000E+0	3.982590E+5
1.188000E-2	0.000000E+0	3.983340E+5
1.190000E-2	0.000000E+0	3.979240E+5
1.192000E-2	0.000000E+0	3.984940E+5
1.194000E-2	0.000000E+0	4.000580E+5
1.196000E-2	0.000000E+0	3.988180E+5
1.198000E-2	0.000000E+0	3.992200E+5
1.200000E-2	0.000000E+0	3.984580E+5
1.202000E-2	0.000000E+0	3.989900E+5
1.204000E-2	0.000000E+0	3.987970E+5
1.206000E-2	0.000000E+0	3.988070E+5
1.208000E-2	0.000000E+0	4.000200E+5
1.210000E-2	0.000000E+0	3.995240E+5
1.212000E-2	0.000000E+0	3.990070E+5
1.214000E-2	0.000000E+0	3.980000E+5
1.216000E-2	0.000000E+0	3.982680E+5
1.218000E-2	0.000000E+0	3.990580E+5
1.220000E-2	0.000000E+0	3.977560E+5
1.222000E-2	0.000000E+0	3.993990E+5
1.224000E-2	0.000000E+0	3.989840E+5
1.226000E-2	0.000000E+0	3.986690E+5
1.228000E-2	0.000000E+0	3.994650E+5
1.230000E-2	0.000000E+0	3.994080E+5
1.232000E-2	0.000000E+0	3.994620E+5
1.234000E-2	0.000000E+0	3.990630E+5
1.236000E-2	0.000000E+0	3.987000E+5
1.238000E-2	0.000000E+0	3.997750E+5
1.240000E-2	0.000000E+0	3.997950E+5
1.242000E-2	0.000000E+0	3.992320E+5
1.244000E-2	0.000000E+0	3.995960E+5
1.246000E-2	0.000000E+0	3.985780E+5
1.248000E-2	0.000000E+0	3.993230E+5
1.250000E-2	0.000000E+0	3.984970E+5
1.252000E-2	0.000000E+0	4.002700E+5
1.254000E-2	0.000000E+0	3.992600E+5
1.256000E-2	0.000000E+0	3.987020E+5
1.258000E-2	0.000000E+0	3.998950E+5
1.260000E-2	0.000000E+0	3.996410E+5
1.262000E-2	0.000000E+0	3.979820E+5
1.264000E-2	0.000000E+0	3.980510E+5
1.266000E-2	0.000000E+0	4.002980E+5
1.268000E-2	0.000000E+0	3.992060E+5
1.270000E-2	0.000000E+0	3.984530E+5
1.272000E-2	0.000000E+0	3.998080E+5
1.274000E-2	0.000000E+0	3.988950E+5
1.276000E-2	0.000000E+0	3.990360E+5
1.278000E-2	0.000000E+0	3.984450E+5
1.280000E-2	0.000000E+0	3.983410E+5
1.282000E-2	0.000000E+0	3.981600E+5
1.284000E-2	0.000000E+0	3.988340E+5
1.286000E-2	0.000000E+0	3.996760E+5
1.288000E-2	0.000000E+0	4.001380E+5
1.290000E-2	0.000000E+0	3.987900E+5
1.292000E-2	0.000000E+0	3.992520E+5
1.294000E-2	0.000000E+0	3.979330E+5
1.296000E-2	0.000000E+0	3.986170E+5
1.298000E-2	0.000000E+0	3.988470E+5
1.300000E-2	0.000000E+0	3.991150E+5
1.302000E-2	0.000000E+0	3.996660E+5
1.304000E-2	0.000000E+0	3.990210E+5
1.306000E-2	0.000000E+0	3.983500E+5
1.308000E-2	0.000000E+0	4.001540E+5
1.310000E-2	0.000000E+0	3.991440E+5
1.312000E-2	0.000000E+0	3.994730E+5
1.314000E-2	0.000000E+0	4.000030E+5
1.316000E-2	0.000000E+0	3.993360E+5
1.318000E-2	0.000000E+0	3.985030E+5
1.320000E-2	0.000000E+0	3.991510E+5
1.322000E-2	0.000000E+0	3.994610E+5
1.324000E-2	0.000000E+0	3.980930E+5
1.326000E-2	0.000000E+0	3.997670E+5
1.328000E-2	0.000000E+0	3.997640E+5
1.330000E-2	0.000000E+0	3.981670E+5
1.332000E-2	0.000000E+0	3.981950E+5
1.334000E-2	0.000000E+0	3.984820E+5
1.336000E-2	0.000000E+0	3.989900E+5
1.338000E-2	0.000000E+0	3.993250E+5
1.340000E-2	0.000000E+0	3.981030E+5
1.342000E-2	0.000000E+0	3.980800E+5
1.344000E-2	0.000000E+0	3.982670E+5
1.346000E-2	0.000000E+0	3.981430E+5
1.348000E-2	0.000000E+0	3.991890E+5
1.350000E-2	0.000000E+0	3.990400E+5
1.352000E-2	0.000000E+0	3.998120E+5
1.354000E-2	0.000000E+0	3.992460E+5
1.356000E-2	0.000000E+0	3.993440E+5
1.358000E-2	0.000000E+0	3.988110E+5
1.360000E-2	0.000000E+0	3.985700E+5
1.362000E-2	0.000000E+0	3.990030E+5
1.364000E-2	0.000000E+0	3.977200E+5
1.366000E-2	0.000000E+0	3.988300E+5
1.368000E-2	0.000000E+0	3.994090E+5
1.370000E-2	0.000000E+0	3.996150E+5
1.372000E-2	0.000000E+0	3.985540E+5
1.374000E-2	0.000000E+0	3.988420E+5
1.376000E-2	0.000000E+0	3.983940E+5
1.378000E-2	0.000000E+0	3.983610E+5
1.380000E-2	0.000000E+0	3.992840E+5
1.382000E-2	0.000000E+0	3.982530E+5
1.384000E-2	0.000000E+0	3.982750E+5
1.386000E-2	0.000000E+0	3.991710E+5
1.388000E-2	0.000000E+0	3.990330E+5
1.390000E-2	0.000000E+0	3.996270E+5
1.392000E-2	0.000000E+0	3.998340E+5
1.394000E-2	0.000000E+0	3.991080E+5
1.396000E-2	0.000000E+0	3.990780E+5
1.398000E-2	0.000000E+0	3.998980E+5
1.400000E-2	0.000000E+0	3.994870E+5
1.402000E-2	0.000000E+0	3.982950E+5
1.404000E-2	0.000000E+0	4.002080E+5
1.406000E-2	0.000000E+0	3.984540E+5
1.408000E-2	0.000000E+0	3.983660E+5
1.410000E-2	0.000000E+0	3.988060E+5
1.412000E-2	0.000000E+0	3.989530E+5
1.414000E-2	0.000000E+0	3.986040E+5
1.416000E-2	0.000000E+0	3.983430E+5
1.418000E-2	0.000000E+0	3.987920E+5
1.420000E-2	0.000000E+0	3.988800E+5
1.422000E-2	0.000000E+0	3.988600E+5
1.424000E-2	0.000000E+0	3.977520E+5
1.426000E-2	0.000000E+0	3.973460E+5
1.428000E-2	0.000000E+0	3.983960E+5
1.430000E-2	0.000000E+0	3.985840E+5
1.432000E-2	0.000000E+0	3.988700E+5
1.434000E-2	0.000000E+0	3.982400E+5
1.436000E-2	0.000000E+0	3.992410E+5
1.438000E-2	0.000000E+0	3.990240E+5
1.440000E-2	0.000000E+0	4.001510E+5
1.442000E-2	0.000000E+0	3.990150E+5
1.444000E-2	0.000000E+0	3.976530E+5
1.446000E-2	0.000000E+0	3.993210E+5
1.448000E-2	0.000000E+0	3.991500E+5
1.450000E-2	0.000000E+0	3.987220E+5
1.452000E-2	0.000000E+0	3.993610E+5
1.454000E-2	0.000000E+0	3.985560E+5
1.456000E-2	0.000000E+0	3.996150E+5
1.458000E-2	0.000000E+0	3.978170E+5
1.460000E-2	0.000000E+0	3.995070E+5
1.462000E-2	0.000000E+0	3.975200E+5
1.464000E-2	0.000000E+0	3.993960E+5
1.466000E-2	0.000000E+0	3.986370E+5
1.468000E-2	0.000000E+0	3.998120E+5
1.470000E-2	0.000000E+0	3.986310E+5
1.472000E-2	0.000000E+0	3.981800E+5
1.474000E-2	0.000000E+0	3.986420E+5
1.476000E-2	0.000000E+0	4.000400E+5
1.478000E-2	0.000000E+0	3.994220E+5
1.480000E-2	0.000000E+0	3.981950E+5
1.482000E-2	0.000000E+0	3.979650E+5
1.484000E-2	0.000000E+0	3.998700E+5
1.486000E-2	0.000000E+0	3.983350E+5
1.488000E-2	0.000000E+0	3.981800E+5
1.490000E-2	0.000000E+0	3.974470E+5
1.492000E-2	0.000000E+0	3.969190E+5
1.494000E-2	0.000000E+0	3.945940E+5
1.496000E-2	0.000000E+0	3.939680E+5
1.498000E-2	0.000000E+0	3.942290E+5
1.500000E-2	0.000000E+0	3.932380E+5
1.502000E-2	0.000000E+0	3.928260E+5
1.504000E-2	0.000000E+0	3.915010E+5
1.506000E-2	0.000000E+0	3.912920E+5
1.508000E-2	0.000000E+0	3.902410E+5
1.510000E-2	0.000000E+0	3.887900E+5
1.512000E-2	0.000000E+0	3.884850E+5
1.514000E-2	0.000000E+0	3.883110E+5
1.516000E-2	0.000000E+0	3.884950E+5
1.518000E-2	0.000000E+0	3.895900E+5
1.520000E-2	0.000000E+0	3.908670E+5
1.522000E-2	0.000000E+0	3.926230E+5
1.524000E-2	0.000000E+0	3.947150E+5
1.526000E-2	0.000000E+0	3.945800E+5
1.528000E-2	0.000000E+0	3.967280E+5
1.530000E-2	0.000000E+0	3.956470E+5
1.532000E-2	0.000000E+0	3.969100E+5
1.534000E-2	0.000000E+0	3.978030E+5
1.536000E-2	0.000000E+0	3.976520E+5
1.538000E-2	0.000000E+0	3.987480E+5
1.540000E-2	0.000000E+0	3.981200E+5
1.542000E-2	0.000000E+0	3.982530E+5
1.544000E-2	0.000000E+0	3.977300E+5
1.546000E-2	0.000000E+0	3.979590E+5
1.548000E-2	0.000000E+0	3.978670E+5
1.550000E-2	0.000000E+0	3.973680E+5
1.552000E-2	0.000000E+0	3.983020E+5
1.554000E-2	0.000000E+0	3.972700E+5
1.556000E-2	0.000000E+0	3.955070E+5
1.558000E-2	0.000000E+0	3.943190E+5
1.560000E-2	0.000000E+0	3.949070E+5
1.562000E-2	0.000000E+0	3.934220E+5
1.564000E-2	0.000000E+0	3.930860E+5
1.566000E-2	0.000000E+0	3.921750E+5
1.568000E-2	0.000000E+0	3.915860E+5
1.570000E-2	0.000000E+0	3.911830E+5
1.572000E-2	0.000000E+0	3.897930E+5
1.574000E-2	0.000000E+0	3.892020E+5
1.576000E-2	0.000000E+0	3.893220E+5
1.578000E-2	0.000000E+0	3.867190E+5
1.580000E-2	0.000000E+0	3.884680E+5
1.582000E-2	0.000000E+0	3.891770E+5
1.584000E-2	0.000000E+0	3.902730E+5
1.586000E-2	0.000000E+0	3.917870E+5
1.588000E-2	0.000000E+0	3.935060E+5
1.590000E-2	0.000000E+0	3.941950E+5
1.592000E-2	0.000000E+0	3.950120E+5
1.594000E-2	0.000000E+0	3.951360E+5
1.596000E-2	0.000000E+0	3.967090E+5
1.598000E-2	0.000000E+0	3.980310E+5
1.600000E-2	0.000000E+0	3.993680E+5
1.602000E-2	0.000000E+0	3.981070E+5
1.604000E-2	0.000000E+0	3.980230E+5
1.606000E-2	0.000000E+0	3.982130E+5
1.608000E-2	0.000000E+0	3.981890E+5
1.610000E-2	0.000000E+0	3.993260E+5
1.612000E-2	0.000000E+0	3.992490E+5
1.614000E-2	0.000000E+0	3.986890E+5
1.616000E-2	0.000000E+0	3.997980E+5
1.618000E-2	0.000000E+0	3.988510E+5
1.620000E-2	0.000000E+0	3.983700E+5
1.622000E-2	0.000000E+0	3.984500E+5
1.624000E-2	0.000000E+0	3.985140E+5
1.626000E-2	0.000000E+0	3.984830E+5
1.628000E-2	0.000000E+0	4.000520E+5
1.630000E-2	0.000000E+0	3.988200E+5
1.632000E-2	0.000000E+0	3.996170E+5
1.634000E-2	0.000000E+0	3.993710E+5
1.636000E-2	0.000000E+0	3.997140E+5
1.638000E-2	0.000000E+0	3.990860E+5
1.640000E-2	0.000000E+0	3.992500E+5
1.642000E-2	0.000000E+0	3.987760E+5
1.644000E-2	0.000000E+0	3.983610E+5
1.646000E-2	0.000000E+0	3.989960E+5
1.648000E-2	0.000000E+0	3.978420E+5
1.650000E-2	0.000000E+0	3.989190E+5
1.652000E-2	0.000000E+0	3.996200E+5
1.654000E-2	0.000000E+0	3.985730E+5
1.656000E-2	0.000000E+0	3.984170E+5
1.658000E-2	0.000000E+0	3.991210E+5
1.660000E-2	0.000000E+0	3.992450E+5
1.662000E-2	0.000000E+0	3.984120E+5
1.664000E-2	0.000000E+0	3.988530E+5
1.666000E-2	0.000000E+0	3.990020E+5
1.668000E-2	0.000000E+0	3.981910E+5
1.670000E-2	0.000000E+0	3.985200E+5
1.672000E-2	0.000000E+0	3.992070E+5
1.674000E-2	0.000000E+0	3.983110E+5
1.676000E-2	0.000000E+0	3.978990E+5
1.678000E-2	0.000000E+0	3.976170E+5
1.680000E-2	0.000000E+0	3.988740E+5
1.682000E-2	0.000000E+0	3.983760E+5
1.684000E-2	0.000000E+0	3.992850E+5
1.686000E-2	0.000000E+0	3.999670E+5
1.688000E-2	0.000000E+0	3.988690E+5
1.690000E-2	0.000000E+0	3.987430E+5
1.692000E-2	0.000000E+0	3.990330E+5
1.694000E-2	0.000000E+0	3.986190E+5
1.696000E-2	0.000000E+0	3.977230E+5
1.698000E-2	0.000000E+0	3.980160E+5
1.700000E-2	0.000000E+0	3.992580E+5
1.702000E-2	0.000000E+0	3.990920E+5
1.704000E-2	0.000000E+0	3.992140E+5
1.706000E-2	0.000000E+0	4.004350E+5
1.708000E-2	0.000000E+0	3.988790E+5
1.710000E-2	0.000000E+0	3.993480E+5
1.712000E-2	0.000000E+0	3.987040E+5
1.714000E-2	0.000000E+0	3.986190E+5
1.716000E-2	0.000000E+0	3.993350E+5
1.718000E-2	0.000000E+0	3.987200E+5
1.720000E-2	0.000000E+0	3.994510E+5
1.722000E-2	0.000000E+0	3.995860E+5
1.724000E-2	0.000000E+0	3.984310E+5
1.726000E-2	0.000000E+0	3.984360E+5
1.728000E-2	0.000000E+0	3.989160E+5
1.730000E-2	0.000000E+0	3.984590E+5
1.732000E-2	0.000000E+0	3.981160E+5
1.734000E-2	0.000000E+0	3.989360E+5
1.736000E-2	0.000000E+0	4.002170E+5
1.738000E-2	0.000000E+0	3.997550E+5
1.740000E-2	0.000000E+0	3.992310E+5
1.742000E-2	0.000000E+0	3.977770E+5
1.744000E-2	0.000000E+0	3.991970E+5
1.746000E-2	0.000000E+0	3.992130E+5
1.748000E-2	0.000000E+0	3.988320E+5
1.750000E-2	0.000000E+0	3.991740E+5
1.752000E-2	0.000000E+0	3.995100E+5
1.754000E-2	0.000000E+0	3.983250E+5
1.756000E-2	0.000000E+0	3.982470E+5
1.758000E-2	0.000000E+0	3.995820E+5
1.760000E-2	0.000000E+0	3.986240E+5
1.762000E-2	0.000000E+0	3.991850E+5
1.764000E-2	0.000000E+0	3.998190E+5
1.766000E-2	0.000000E+0	3.991400E+5
1.768000E-2	0.000000E+0	3.992650E+5
1.770000E-2	0.000000E+0	3.989150E+5
1.772000E-2	0.000000E+0	4.000170E+5
1.774000E-2	0.000000E+0	3.988480E+5
1.776000E-2	0.000000E+0	3.982290E+5
1.778000E-2	0.000000E+0	3.995430E+5
1.780000E-2	0.000000E+0	3.982590E+5
1.782000E-2	0.000000E+0	3.990080E+5
1.784000E-2	0.000000E+0	3.984240E+5
1.786000E-2	0.000000E+0	3.987760E+5
1.788000E-2	0.000000E+0	3.986270E+5
1.790000E-2	0.000000E+0	3.994960E+5
1.792000E-2	0.000000E+0	3.983690E+5
1.794000E-2	0.000000E+0	3.992540E+5
1.796000E-2	0.000000E+0	3.995040E+5
1.798000E-2	0.000000E+0	3.999020E+5
1.800000E-2	0.000000E+0	3.981320E+5
1.802000E-2	0.000000E+0	3.987110E+5
1.804000E-2	0.000000E+0	3.979880E+5
1.806000E-2	0.000000E+0	3.987990E+5
1.808000E-2	0.000000E+0	3.990170E+5
1.810000E-2	0.000000E+0	3.992770E+5
1.812000E-2	0.000000E+0	3.995810E+5
1.814000E-2	0.000000E+0	3.997600E+5
1.816000E-2	0.000000E+0	3.997120E+5
1.818000E-2	0.000000E+0	3.988820E+5
1.820000E-2	0.000000E+0	3.998430E+5
1.822000E-2	0.000000E+0	3.983670E+5
1.824000E-2	0.000000E+0	3.989190E+5
1.826000E-2	0.000000E+0	3.995560E+5
1.828000E-2	0.000000E+0	3.987680E+5
1.830000E-2	0.000000E+0	3.981820E+5
1.832000E-2	0.000000E+0	3.993340E+5
1.834000E-2	0.000000E+0	3.984890E+5
1.836000E-2	0.000000E+0	4.000370E+5
1.838000E-2	0.000000E+0	3.987220E+5
1.840000E-2	0.000000E+0	3.986370E+5
1.842000E-2	0.000000E+0	3.983530E+5
1.844000E-2	0.000000E+0	3.983540E+5
1.846000E-2	0.000000E+0	3.978060E+5
1.848000E-2	0.000000E+0	3.998110E+5
1.850000E-2	0.000000E+0	3.993840E+5
1.852000E-2	0.000000E+0	3.997910E+5
1.854000E-2	0.000000E+0	4.004430E+5
1.856000E-2	0.000000E+0	3.984610E+5
1.858000E-2	0.000000E+0	3.987480E+5
1.860000E-2	0.000000E+0	3.992850E+5
1.862000E-2	0.000000E+0	3.985520E+5
1.864000E-2	0.000000E+0	3.979450E+5
1.866000E-2	0.000000E+0	3.991840E+5
1.868000E-2	0.000000E+0	3.982220E+5
1.870000E-2	0.000000E+0	3.988600E+5
1.872000E-2	0.000000E+0	3.995260E+5
1.874000E-2	0.000000E+0	3.974710E+5
1.876000E-2	0.000000E+0	3.985660E+5
1.878000E-2	0.000000E+0	3.986270E+5
1.880000E-2	0.000000E+0	3.985110E+5
1.882000E-2	0.000000E+0	3.988050E+5
1.884000E-2	0.000000E+0	3.996110E+5
1.886000E-2	0.000000E+0	3.992430E+5
1.888000E-2	0.000000E+0	3.980560E+5
1.890000E-2	0.000000E+0	3.985510E+5
1.892000E-2	0.000000E+0	3.999320E+5
1.894000E-2	0.000000E+0	3.992630E+5
1.896000E-2	0.000000E+0	3.988890E+5
1.898000E-2	0.000000E+0	3.993090E+5
1.900000E-2	0.000000E+0	3.980690E+5
1.902000E-2	0.000000E+0	3.986220E+5
1.904000E-2	0.000000E+0	3.995810E+5
1.906000E-2	0.000000E+0	3.991250E+5
1.908000E-2	0.000000E+0	3.990180E+5
1.910000E-2	0.000000E+0	3.978210E+5
1.912000E-2	0.000000E+0	3.981800E+5
1.914000E-2	0.000000E+0	3.988540E+5
1.916000E-2	0.000000E+0	3.980360E+5
1.918000E-2	0.000000E+0	3.982170E+5
1.920000E-2	0.000000E+0	3.993470E+5
1.922000E-2	0.000000E+0	3.988170E+5
1.924000E-2	0.000000E+0	3.987270E+5
1.926000E-2	0.000000E+0	3.998120E+5
1.928000E-2	0.000000E+0	3.997560E+5
1.930000E-2	0.000000E+0	3.988150E+5
1.932000E-2	0.000000E+0	3.985380E+5
1.934000E-2	0.000000E+0	3.991260E+5
1.936000E-2	0.000000E+0	3.983630E+5
1.938000E-2	0.000000E+0	3.994700E+5
1.940000E-2	0.000000E+0	3.979690E+5
1.942000E-2	0.000000E+0	4.005840E+5
1.944000E-2	0.000000E+0	3.997280E+5
1.946000E-2	0.000000E+0	3.982690E+5
1.948000E-2	0.000000E+0	3.992200E+5
1.950000E-2	0.000000E+0	3.988230E+5
1.952000E-2	0.000000E+0	3.999040E+5
1.954000E-2	0.000000E+0	3.991870E+5
1.956000E-2	0.000000E+0	3.994950E+5
1.958000E-2	0.000000E+0	3.989200E+5
1.960000E-2	0.000000E+0	3.991950E+5
1.962000E-2	0.000000E+0	3.981340E+5
1.964000E-2	0.000000E+0	3.996290E+5
1.966000E-2	0.000000E+0	3.993730E+5
1.968000E-2	0.000000E+0	3.989250E+5
1.970000E-2	0.000000E+0	3.986020E+5
1.972000E-2	0.000000E+0	3.992610E+5
1.974000E-2	0.000000E+0	3.991710E+5
1.976000E-2	0.000000E+0	3.979650E+5
1.978000E-2	0.000000E+0	3.986890E+5
1.980000E-2	0.000000E+0	3.995500E+5
1.982000E-2	0.000000E+0	3.986440E+5
1.984000E-2	0.000000E+0	3.989770E+5
1.986000E-2	0.000000E+0	3.983600E+5
1.988000E-2	0.000000E+0	3.978690E+5
1.990000E-2	0.000000E+0	3.992140E+5
1.992000E-2	0.000000E+0	3.982810E+5
1.994000E-2	0.000000E+0	4.001630E+5
1.996000E-2	0.000000E+0	3.979720E+5
1.998000E-2	0.000000E+0	3.994220E+5
