

live time:  272820.520000
real time:  381607.191000
sweeps:  13641026.000000
0.000000E+0	0.000000E+0	0.000000E+0
2.000000E-5	0.000000E+0	5.968170E+5
4.000000E-5	0.000000E+0	5.976030E+5
6.000000E-5	0.000000E+0	5.965580E+5
8.000000E-5	0.000000E+0	5.984320E+5
1.000000E-4	0.000000E+0	5.961320E+5
1.200000E-4	0.000000E+0	5.979300E+5
1.400000E-4	0.000000E+0	5.972720E+5
1.600000E-4	0.000000E+0	5.982280E+5
1.800000E-4	0.000000E+0	5.976910E+5
2.000000E-4	0.000000E+0	5.971580E+5
2.200000E-4	0.000000E+0	5.978940E+5
2.400000E-4	0.000000E+0	5.960170E+5
2.600000E-4	0.000000E+0	5.967430E+5
2.800000E-4	0.000000E+0	5.966960E+5
3.000000E-4	0.000000E+0	5.986550E+5
3.200000E-4	0.000000E+0	5.973450E+5
3.400000E-4	0.000000E+0	5.961040E+5
3.600000E-4	0.000000E+0	5.978400E+5
3.800000E-4	0.000000E+0	5.960730E+5
4.000000E-4	0.000000E+0	5.961600E+5
4.200000E-4	0.000000E+0	5.973000E+5
4.400000E-4	0.000000E+0	5.969980E+5
4.600000E-4	0.000000E+0	5.983100E+5
4.800000E-4	0.000000E+0	5.963220E+5
5.000000E-4	0.000000E+0	5.969800E+5
5.200000E-4	0.000000E+0	5.975890E+5
5.400000E-4	0.000000E+0	5.966580E+5
5.600000E-4	0.000000E+0	5.961450E+5
5.800000E-4	0.000000E+0	5.974730E+5
6.000000E-4	0.000000E+0	5.980410E+5
6.200000E-4	0.000000E+0	5.965010E+5
6.400000E-4	0.000000E+0	5.974420E+5
6.600000E-4	0.000000E+0	5.958540E+5
6.800000E-4	0.000000E+0	5.960290E+5
7.000000E-4	0.000000E+0	5.972240E+5
7.200000E-4	0.000000E+0	5.978370E+5
7.400000E-4	0.000000E+0	5.965830E+5
7.600000E-4	0.000000E+0	5.965400E+5
7.800000E-4	0.000000E+0	5.960200E+5
8.000000E-4	0.000000E+0	5.974320E+5
8.200000E-4	0.000000E+0	5.962530E+5
8.400000E-4	0.000000E+0	5.963920E+5
8.600000E-4	0.000000E+0	5.974700E+5
8.800000E-4	0.000000E+0	5.956640E+5
9.000000E-4	0.000000E+0	5.982410E+5
9.200000E-4	0.000000E+0	5.964400E+5
9.400000E-4	0.000000E+0	5.972910E+5
9.600000E-4	0.000000E+0	5.961100E+5
9.800000E-4	0.000000E+0	5.978370E+5
1.000000E-3	0.000000E+0	5.970640E+5
1.020000E-3	0.000000E+0	5.969410E+5
1.040000E-3	0.000000E+0	5.967660E+5
1.060000E-3	0.000000E+0	5.969650E+5
1.080000E-3	0.000000E+0	5.967580E+5
1.100000E-3	0.000000E+0	5.968150E+5
1.120000E-3	0.000000E+0	5.975700E+5
1.140000E-3	0.000000E+0	5.957800E+5
1.160000E-3	0.000000E+0	5.966290E+5
1.180000E-3	0.000000E+0	5.959530E+5
1.200000E-3	0.000000E+0	5.976350E+5
1.220000E-3	0.000000E+0	5.980880E+5
1.240000E-3	0.000000E+0	5.972840E+5
1.260000E-3	0.000000E+0	5.972200E+5
1.280000E-3	0.000000E+0	5.971180E+5
1.300000E-3	0.000000E+0	5.957830E+5
1.320000E-3	0.000000E+0	5.984340E+5
1.340000E-3	0.000000E+0	5.967920E+5
1.360000E-3	0.000000E+0	5.959220E+5
1.380000E-3	0.000000E+0	5.975560E+5
1.400000E-3	0.000000E+0	5.971460E+5
1.420000E-3	0.000000E+0	5.972990E+5
1.440000E-3	0.000000E+0	5.967460E+5
1.460000E-3	0.000000E+0	5.959370E+5
1.480000E-3	0.000000E+0	5.974460E+5
1.500000E-3	0.000000E+0	5.968510E+5
1.520000E-3	0.000000E+0	5.958090E+5
1.540000E-3	0.000000E+0	5.975070E+5
1.560000E-3	0.000000E+0	5.963810E+5
1.580000E-3	0.000000E+0	5.975950E+5
1.600000E-3	0.000000E+0	5.967070E+5
1.620000E-3	0.000000E+0	5.961380E+5
1.640000E-3	0.000000E+0	5.957330E+5
1.660000E-3	0.000000E+0	5.972610E+5
1.680000E-3	0.000000E+0	5.971320E+5
1.700000E-3	0.000000E+0	5.957320E+5
1.720000E-3	0.000000E+0	5.976710E+5
1.740000E-3	0.000000E+0	5.980440E+5
1.760000E-3	0.000000E+0	5.964640E+5
1.780000E-3	0.000000E+0	5.984000E+5
1.800000E-3	0.000000E+0	5.980520E+5
1.820000E-3	0.000000E+0	5.961290E+5
1.840000E-3	0.000000E+0	5.957550E+5
1.860000E-3	0.000000E+0	5.968560E+5
1.880000E-3	0.000000E+0	5.969790E+5
1.900000E-3	0.000000E+0	5.960820E+5
1.920000E-3	0.000000E+0	5.968910E+5
1.940000E-3	0.000000E+0	5.967140E+5
1.960000E-3	0.000000E+0	5.972810E+5
1.980000E-3	0.000000E+0	5.975980E+5
2.000000E-3	0.000000E+0	5.961620E+5
2.020000E-3	0.000000E+0	5.966770E+5
2.040000E-3	0.000000E+0	5.963500E+5
2.060000E-3	0.000000E+0	5.981370E+5
2.080000E-3	0.000000E+0	5.983590E+5
2.100000E-3	0.000000E+0	5.976210E+5
2.120000E-3	0.000000E+0	5.976280E+5
2.140000E-3	0.000000E+0	5.955970E+5
2.160000E-3	0.000000E+0	5.961520E+5
2.180000E-3	0.000000E+0	5.969010E+5
2.200000E-3	0.000000E+0	5.977870E+5
2.220000E-3	0.000000E+0	5.977510E+5
2.240000E-3	0.000000E+0	5.968380E+5
2.260000E-3	0.000000E+0	5.971880E+5
2.280000E-3	0.000000E+0	5.971440E+5
2.300000E-3	0.000000E+0	5.978970E+5
2.320000E-3	0.000000E+0	5.967630E+5
2.340000E-3	0.000000E+0	5.970450E+5
2.360000E-3	0.000000E+0	5.972450E+5
2.380000E-3	0.000000E+0	5.988790E+5
2.400000E-3	0.000000E+0	5.952390E+5
2.420000E-3	0.000000E+0	5.965430E+5
2.440000E-3	0.000000E+0	5.966180E+5
2.460000E-3	0.000000E+0	5.973770E+5
2.480000E-3	0.000000E+0	5.986880E+5
2.500000E-3	0.000000E+0	5.970120E+5
2.520000E-3	0.000000E+0	5.970520E+5
2.540000E-3	0.000000E+0	5.961270E+5
2.560000E-3	0.000000E+0	5.971230E+5
2.580000E-3	0.000000E+0	5.966190E+5
2.600000E-3	0.000000E+0	5.983170E+5
2.620000E-3	0.000000E+0	5.970510E+5
2.640000E-3	0.000000E+0	5.949730E+5
2.660000E-3	0.000000E+0	5.981160E+5
2.680000E-3	0.000000E+0	5.969060E+5
2.700000E-3	0.000000E+0	5.973930E+5
2.720000E-3	0.000000E+0	5.951330E+5
2.740000E-3	0.000000E+0	5.962780E+5
2.760000E-3	0.000000E+0	5.966290E+5
2.780000E-3	0.000000E+0	5.968870E+5
2.800000E-3	0.000000E+0	5.975740E+5
2.820000E-3	0.000000E+0	5.961710E+5
2.840000E-3	0.000000E+0	5.956930E+5
2.860000E-3	0.000000E+0	5.975570E+5
2.880000E-3	0.000000E+0	5.969230E+5
2.900000E-3	0.000000E+0	5.966760E+5
2.920000E-3	0.000000E+0	5.958670E+5
2.940000E-3	0.000000E+0	5.973570E+5
2.960000E-3	0.000000E+0	5.972290E+5
2.980000E-3	0.000000E+0	5.968380E+5
3.000000E-3	0.000000E+0	5.968260E+5
3.020000E-3	0.000000E+0	5.972690E+5
3.040000E-3	0.000000E+0	5.978110E+5
3.060000E-3	0.000000E+0	5.985290E+5
3.080000E-3	0.000000E+0	5.964130E+5
3.100000E-3	0.000000E+0	5.966450E+5
3.120000E-3	0.000000E+0	5.973330E+5
3.140000E-3	0.000000E+0	5.977430E+5
3.160000E-3	0.000000E+0	5.957280E+5
3.180000E-3	0.000000E+0	5.972770E+5
3.200000E-3	0.000000E+0	5.970170E+5
3.220000E-3	0.000000E+0	5.974980E+5
3.240000E-3	0.000000E+0	5.980390E+5
3.260000E-3	0.000000E+0	5.973100E+5
3.280000E-3	0.000000E+0	5.968870E+5
3.300000E-3	0.000000E+0	5.966640E+5
3.320000E-3	0.000000E+0	5.971810E+5
3.340000E-3	0.000000E+0	5.960470E+5
3.360000E-3	0.000000E+0	5.965770E+5
3.380000E-3	0.000000E+0	5.955720E+5
3.400000E-3	0.000000E+0	5.964330E+5
3.420000E-3	0.000000E+0	5.986120E+5
3.440000E-3	0.000000E+0	5.964260E+5
3.460000E-3	0.000000E+0	5.972630E+5
3.480000E-3	0.000000E+0	5.962370E+5
3.500000E-3	0.000000E+0	5.970310E+5
3.520000E-3	0.000000E+0	5.958940E+5
3.540000E-3	0.000000E+0	5.967200E+5
3.560000E-3	0.000000E+0	5.966230E+5
3.580000E-3	0.000000E+0	5.964160E+5
3.600000E-3	0.000000E+0	5.964100E+5
3.620000E-3	0.000000E+0	5.944000E+5
3.640000E-3	0.000000E+0	5.979630E+5
3.660000E-3	0.000000E+0	5.966460E+5
3.680000E-3	0.000000E+0	5.968360E+5
3.700000E-3	0.000000E+0	5.963260E+5
3.720000E-3	0.000000E+0	5.962410E+5
3.740000E-3	0.000000E+0	5.966740E+5
3.760000E-3	0.000000E+0	5.966290E+5
3.780000E-3	0.000000E+0	5.959670E+5
3.800000E-3	0.000000E+0	5.956780E+5
3.820000E-3	0.000000E+0	5.964190E+5
3.840000E-3	0.000000E+0	5.966280E+5
3.860000E-3	0.000000E+0	5.966930E+5
3.880000E-3	0.000000E+0	5.955870E+5
3.900000E-3	0.000000E+0	5.968350E+5
3.920000E-3	0.000000E+0	5.984510E+5
3.940000E-3	0.000000E+0	5.972010E+5
3.960000E-3	0.000000E+0	5.976260E+5
3.980000E-3	0.000000E+0	5.972710E+5
4.000000E-3	0.000000E+0	5.963830E+5
4.020000E-3	0.000000E+0	5.977900E+5
4.040000E-3	0.000000E+0	5.966530E+5
4.060000E-3	0.000000E+0	5.972620E+5
4.080000E-3	0.000000E+0	5.971960E+5
4.100000E-3	0.000000E+0	5.967490E+5
4.120000E-3	0.000000E+0	5.968120E+5
4.140000E-3	0.000000E+0	5.961190E+5
4.160000E-3	0.000000E+0	5.968210E+5
4.180000E-3	0.000000E+0	5.958790E+5
4.200000E-3	0.000000E+0	5.968320E+5
4.220000E-3	0.000000E+0	5.964670E+5
4.240000E-3	0.000000E+0	5.959670E+5
4.260000E-3	0.000000E+0	5.958650E+5
4.280000E-3	0.000000E+0	5.968800E+5
4.300000E-3	0.000000E+0	5.966840E+5
4.320000E-3	0.000000E+0	5.963110E+5
4.340000E-3	0.000000E+0	5.964750E+5
4.360000E-3	0.000000E+0	5.969220E+5
4.380000E-3	0.000000E+0	5.964890E+5
4.400000E-3	0.000000E+0	5.976050E+5
4.420000E-3	0.000000E+0	5.966330E+5
4.440000E-3	0.000000E+0	5.965100E+5
4.460000E-3	0.000000E+0	5.970790E+5
4.480000E-3	0.000000E+0	5.955260E+5
4.500000E-3	0.000000E+0	5.965480E+5
4.520000E-3	0.000000E+0	5.961490E+5
4.540000E-3	0.000000E+0	5.953080E+5
4.560000E-3	0.000000E+0	5.962800E+5
4.580000E-3	0.000000E+0	5.967530E+5
4.600000E-3	0.000000E+0	5.968690E+5
4.620000E-3	0.000000E+0	5.958370E+5
4.640000E-3	0.000000E+0	5.965040E+5
4.660000E-3	0.000000E+0	5.969130E+5
4.680000E-3	0.000000E+0	5.963470E+5
4.700000E-3	0.000000E+0	5.968270E+5
4.720000E-3	0.000000E+0	5.962360E+5
4.740000E-3	0.000000E+0	5.955410E+5
4.760000E-3	0.000000E+0	5.970830E+5
4.780000E-3	0.000000E+0	5.950690E+5
4.800000E-3	0.000000E+0	5.953020E+5
4.820000E-3	0.000000E+0	5.948520E+5
4.840000E-3	0.000000E+0	5.949960E+5
4.860000E-3	0.000000E+0	5.929340E+5
4.880000E-3	0.000000E+0	5.920100E+5
4.900000E-3	0.000000E+0	5.919550E+5
4.920000E-3	0.000000E+0	5.884890E+5
4.940000E-3	0.000000E+0	5.874110E+5
4.960000E-3	0.000000E+0	5.867990E+5
4.980000E-3	0.000000E+0	5.876070E+5
5.000000E-3	0.000000E+0	5.855620E+5
5.020000E-3	0.000000E+0	5.834310E+5
5.040000E-3	0.000000E+0	5.812030E+5
5.060000E-3	0.000000E+0	5.792700E+5
5.080000E-3	0.000000E+0	5.810620E+5
5.100000E-3	0.000000E+0	5.810530E+5
5.120000E-3	0.000000E+0	5.803860E+5
5.140000E-3	0.000000E+0	5.824460E+5
5.160000E-3	0.000000E+0	5.849750E+5
5.180000E-3	0.000000E+0	5.862670E+5
5.200000E-3	0.000000E+0	5.877930E+5
5.220000E-3	0.000000E+0	5.899600E+5
5.240000E-3	0.000000E+0	5.891420E+5
5.260000E-3	0.000000E+0	5.934380E+5
5.280000E-3	0.000000E+0	5.907330E+5
5.300000E-3	0.000000E+0	5.930860E+5
5.320000E-3	0.000000E+0	5.947830E+5
5.340000E-3	0.000000E+0	5.951030E+5
5.360000E-3	0.000000E+0	5.960760E+5
5.380000E-3	0.000000E+0	5.945790E+5
5.400000E-3	0.000000E+0	5.965240E+5
5.420000E-3	0.000000E+0	5.958950E+5
5.440000E-3	0.000000E+0	5.954540E+5
5.460000E-3	0.000000E+0	5.942930E+5
5.480000E-3	0.000000E+0	5.943400E+5
5.500000E-3	0.000000E+0	5.944070E+5
5.520000E-3	0.000000E+0	5.921950E+5
5.540000E-3	0.000000E+0	5.914300E+5
5.560000E-3	0.000000E+0	5.883110E+5
5.580000E-3	0.000000E+0	5.878010E+5
5.600000E-3	0.000000E+0	5.863850E+5
5.620000E-3	0.000000E+0	5.868080E+5
5.640000E-3	0.000000E+0	5.872470E+5
5.660000E-3	0.000000E+0	5.847510E+5
5.680000E-3	0.000000E+0	5.842630E+5
5.700000E-3	0.000000E+0	5.807320E+5
5.720000E-3	0.000000E+0	5.806530E+5
5.740000E-3	0.000000E+0	5.822320E+5
5.760000E-3	0.000000E+0	5.825570E+5
5.780000E-3	0.000000E+0	5.831750E+5
5.800000E-3	0.000000E+0	5.855430E+5
5.820000E-3	0.000000E+0	5.877930E+5
5.840000E-3	0.000000E+0	5.887700E+5
5.860000E-3	0.000000E+0	5.887000E+5
5.880000E-3	0.000000E+0	5.908570E+5
5.900000E-3	0.000000E+0	5.928540E+5
5.920000E-3	0.000000E+0	5.949220E+5
5.940000E-3	0.000000E+0	5.943870E+5
5.960000E-3	0.000000E+0	5.946070E+5
5.980000E-3	0.000000E+0	5.963720E+5
6.000000E-3	0.000000E+0	5.957140E+5
6.020000E-3	0.000000E+0	5.956130E+5
6.040000E-3	0.000000E+0	5.959090E+5
6.060000E-3	0.000000E+0	5.963830E+5
6.080000E-3	0.000000E+0	5.965770E+5
6.100000E-3	0.000000E+0	5.948690E+5
6.120000E-3	0.000000E+0	5.961010E+5
6.140000E-3	0.000000E+0	5.963440E+5
6.160000E-3	0.000000E+0	5.955830E+5
6.180000E-3	0.000000E+0	5.969380E+5
6.200000E-3	0.000000E+0	5.962640E+5
6.220000E-3	0.000000E+0	5.967690E+5
6.240000E-3	0.000000E+0	5.958620E+5
6.260000E-3	0.000000E+0	5.971770E+5
6.280000E-3	0.000000E+0	5.977510E+5
6.300000E-3	0.000000E+0	5.974070E+5
6.320000E-3	0.000000E+0	5.967910E+5
6.340000E-3	0.000000E+0	5.967630E+5
6.360000E-3	0.000000E+0	5.960350E+5
6.380000E-3	0.000000E+0	5.979710E+5
6.400000E-3	0.000000E+0	5.965120E+5
6.420000E-3	0.000000E+0	5.953560E+5
6.440000E-3	0.000000E+0	5.985800E+5
6.460000E-3	0.000000E+0	5.956500E+5
6.480000E-3	0.000000E+0	5.960000E+5
6.500000E-3	0.000000E+0	5.958480E+5
6.520000E-3	0.000000E+0	5.969350E+5
6.540000E-3	0.000000E+0	5.963270E+5
6.560000E-3	0.000000E+0	5.973370E+5
6.580000E-3	0.000000E+0	5.956430E+5
6.600000E-3	0.000000E+0	5.972760E+5
6.620000E-3	0.000000E+0	5.967060E+5
6.640000E-3	0.000000E+0	5.970990E+5
6.660000E-3	0.000000E+0	5.958280E+5
6.680000E-3	0.000000E+0	5.968640E+5
6.700000E-3	0.000000E+0	5.973540E+5
6.720000E-3	0.000000E+0	5.969140E+5
6.740000E-3	0.000000E+0	5.965990E+5
6.760000E-3	0.000000E+0	5.976480E+5
6.780000E-3	0.000000E+0	5.962120E+5
6.800000E-3	0.000000E+0	5.973190E+5
6.820000E-3	0.000000E+0	5.968630E+5
6.840000E-3	0.000000E+0	5.966400E+5
6.860000E-3	0.000000E+0	5.971480E+5
6.880000E-3	0.000000E+0	5.975370E+5
6.900000E-3	0.000000E+0	5.964630E+5
6.920000E-3	0.000000E+0	5.953980E+5
6.940000E-3	0.000000E+0	5.968780E+5
6.960000E-3	0.000000E+0	5.951020E+5
6.980000E-3	0.000000E+0	5.964860E+5
7.000000E-3	0.000000E+0	5.962920E+5
7.020000E-3	0.000000E+0	5.970560E+5
7.040000E-3	0.000000E+0	5.970010E+5
7.060000E-3	0.000000E+0	5.973010E+5
7.080000E-3	0.000000E+0	5.964390E+5
7.100000E-3	0.000000E+0	5.956100E+5
7.120000E-3	0.000000E+0	5.973100E+5
7.140000E-3	0.000000E+0	5.958970E+5
7.160000E-3	0.000000E+0	5.963860E+5
7.180000E-3	0.000000E+0	5.960670E+5
7.200000E-3	0.000000E+0	5.965920E+5
7.220000E-3	0.000000E+0	5.980590E+5
7.240000E-3	0.000000E+0	5.964590E+5
7.260000E-3	0.000000E+0	5.968330E+5
7.280000E-3	0.000000E+0	5.968160E+5
7.300000E-3	0.000000E+0	5.969160E+5
7.320000E-3	0.000000E+0	5.967040E+5
7.340000E-3	0.000000E+0	5.979750E+5
7.360000E-3	0.000000E+0	5.966110E+5
7.380000E-3	0.000000E+0	5.977900E+5
7.400000E-3	0.000000E+0	5.973040E+5
7.420000E-3	0.000000E+0	5.964180E+5
7.440000E-3	0.000000E+0	5.967450E+5
7.460000E-3	0.000000E+0	5.965310E+5
7.480000E-3	0.000000E+0	5.960010E+5
7.500000E-3	0.000000E+0	5.980080E+5
7.520000E-3	0.000000E+0	5.970820E+5
7.540000E-3	0.000000E+0	5.967570E+5
7.560000E-3	0.000000E+0	5.971880E+5
7.580000E-3	0.000000E+0	5.967290E+5
7.600000E-3	0.000000E+0	5.969050E+5
7.620000E-3	0.000000E+0	5.973950E+5
7.640000E-3	0.000000E+0	5.978600E+5
7.660000E-3	0.000000E+0	5.965220E+5
7.680000E-3	0.000000E+0	5.968730E+5
7.700000E-3	0.000000E+0	5.966330E+5
7.720000E-3	0.000000E+0	5.977370E+5
7.740000E-3	0.000000E+0	5.963190E+5
7.760000E-3	0.000000E+0	5.974440E+5
7.780000E-3	0.000000E+0	5.981770E+5
7.800000E-3	0.000000E+0	5.966390E+5
7.820000E-3	0.000000E+0	5.964680E+5
7.840000E-3	0.000000E+0	5.984280E+5
7.860000E-3	0.000000E+0	5.967820E+5
7.880000E-3	0.000000E+0	5.959920E+5
7.900000E-3	0.000000E+0	5.969010E+5
7.920000E-3	0.000000E+0	5.965920E+5
7.940000E-3	0.000000E+0	5.977700E+5
7.960000E-3	0.000000E+0	5.986730E+5
7.980000E-3	0.000000E+0	5.979440E+5
8.000000E-3	0.000000E+0	5.972000E+5
8.020000E-3	0.000000E+0	5.968690E+5
8.040000E-3	0.000000E+0	5.952820E+5
8.060000E-3	0.000000E+0	5.957740E+5
8.080000E-3	0.000000E+0	5.974310E+5
8.100000E-3	0.000000E+0	5.983930E+5
8.120000E-3	0.000000E+0	5.976050E+5
8.140000E-3	0.000000E+0	5.962800E+5
8.160000E-3	0.000000E+0	5.965370E+5
8.180000E-3	0.000000E+0	5.964650E+5
8.200000E-3	0.000000E+0	5.969680E+5
8.220000E-3	0.000000E+0	5.971420E+5
8.240000E-3	0.000000E+0	5.977500E+5
8.260000E-3	0.000000E+0	5.985170E+5
8.280000E-3	0.000000E+0	5.960210E+5
8.300000E-3	0.000000E+0	5.972930E+5
8.320000E-3	0.000000E+0	5.963370E+5
8.340000E-3	0.000000E+0	5.958180E+5
8.360000E-3	0.000000E+0	5.962990E+5
8.380000E-3	0.000000E+0	5.958280E+5
8.400000E-3	0.000000E+0	5.958890E+5
8.420000E-3	0.000000E+0	5.969070E+5
8.440000E-3	0.000000E+0	5.978240E+5
8.460000E-3	0.000000E+0	5.980750E+5
8.480000E-3	0.000000E+0	5.981030E+5
8.500000E-3	0.000000E+0	5.959150E+5
8.520000E-3	0.000000E+0	5.970240E+5
8.540000E-3	0.000000E+0	5.978160E+5
8.560000E-3	0.000000E+0	5.971570E+5
8.580000E-3	0.000000E+0	5.979940E+5
8.600000E-3	0.000000E+0	5.976240E+5
8.620000E-3	0.000000E+0	5.990250E+5
8.640000E-3	0.000000E+0	5.970530E+5
8.660000E-3	0.000000E+0	5.963700E+5
8.680000E-3	0.000000E+0	5.972830E+5
8.700000E-3	0.000000E+0	5.953190E+5
8.720000E-3	0.000000E+0	5.979200E+5
8.740000E-3	0.000000E+0	5.955290E+5
8.760000E-3	0.000000E+0	5.965470E+5
8.780000E-3	0.000000E+0	5.971270E+5
8.800000E-3	0.000000E+0	5.978200E+5
8.820000E-3	0.000000E+0	5.972820E+5
8.840000E-3	0.000000E+0	5.962740E+5
8.860000E-3	0.000000E+0	5.988460E+5
8.880000E-3	0.000000E+0	5.961690E+5
8.900000E-3	0.000000E+0	5.972510E+5
8.920000E-3	0.000000E+0	5.964030E+5
8.940000E-3	0.000000E+0	5.950240E+5
8.960000E-3	0.000000E+0	5.977220E+5
8.980000E-3	0.000000E+0	5.962810E+5
9.000000E-3	0.000000E+0	5.969040E+5
9.020000E-3	0.000000E+0	5.952590E+5
9.040000E-3	0.000000E+0	5.968790E+5
9.060000E-3	0.000000E+0	5.993500E+5
9.080000E-3	0.000000E+0	5.964350E+5
9.100000E-3	0.000000E+0	5.983860E+5
9.120000E-3	0.000000E+0	5.956160E+5
9.140000E-3	0.000000E+0	5.975880E+5
9.160000E-3	0.000000E+0	5.970090E+5
9.180000E-3	0.000000E+0	5.956290E+5
9.200000E-3	0.000000E+0	5.964880E+5
9.220000E-3	0.000000E+0	5.972590E+5
9.240000E-3	0.000000E+0	5.973640E+5
9.260000E-3	0.000000E+0	5.984060E+5
9.280000E-3	0.000000E+0	5.973040E+5
9.300000E-3	0.000000E+0	5.974950E+5
9.320000E-3	0.000000E+0	5.965640E+5
9.340000E-3	0.000000E+0	5.971210E+5
9.360000E-3	0.000000E+0	5.970710E+5
9.380000E-3	0.000000E+0	5.980660E+5
9.400000E-3	0.000000E+0	5.977170E+5
9.420000E-3	0.000000E+0	5.981800E+5
9.440000E-3	0.000000E+0	5.965430E+5
9.460000E-3	0.000000E+0	5.977310E+5
9.480000E-3	0.000000E+0	5.969970E+5
9.500000E-3	0.000000E+0	5.960020E+5
9.520000E-3	0.000000E+0	5.981640E+5
9.540000E-3	0.000000E+0	5.952410E+5
9.560000E-3	0.000000E+0	5.966690E+5
9.580000E-3	0.000000E+0	5.972490E+5
9.600000E-3	0.000000E+0	5.972420E+5
9.620000E-3	0.000000E+0	5.974510E+5
9.640000E-3	0.000000E+0	5.961280E+5
9.660000E-3	0.000000E+0	5.983100E+5
9.680000E-3	0.000000E+0	5.963370E+5
9.700000E-3	0.000000E+0	5.967800E+5
9.720000E-3	0.000000E+0	5.968580E+5
9.740000E-3	0.000000E+0	5.973810E+5
9.760000E-3	0.000000E+0	5.968900E+5
9.780000E-3	0.000000E+0	5.974820E+5
9.800000E-3	0.000000E+0	5.972470E+5
9.820000E-3	0.000000E+0	5.973090E+5
9.840000E-3	0.000000E+0	5.969880E+5
9.860000E-3	0.000000E+0	5.961990E+5
9.880000E-3	0.000000E+0	5.982320E+5
9.900000E-3	0.000000E+0	5.986030E+5
9.920000E-3	0.000000E+0	5.973780E+5
9.940000E-3	0.000000E+0	5.959430E+5
9.960000E-3	0.000000E+0	5.963470E+5
9.980000E-3	0.000000E+0	5.979780E+5
1.000000E-2	0.000000E+0	5.974740E+5
1.002000E-2	0.000000E+0	5.966060E+5
1.004000E-2	0.000000E+0	5.979060E+5
1.006000E-2	0.000000E+0	5.959350E+5
1.008000E-2	0.000000E+0	5.967510E+5
1.010000E-2	0.000000E+0	5.965190E+5
1.012000E-2	0.000000E+0	5.982330E+5
1.014000E-2	0.000000E+0	5.990080E+5
1.016000E-2	0.000000E+0	5.977030E+5
1.018000E-2	0.000000E+0	5.971850E+5
1.020000E-2	0.000000E+0	5.976820E+5
1.022000E-2	0.000000E+0	5.973100E+5
1.024000E-2	0.000000E+0	5.967420E+5
1.026000E-2	0.000000E+0	5.982970E+5
1.028000E-2	0.000000E+0	5.972610E+5
1.030000E-2	0.000000E+0	5.977220E+5
1.032000E-2	0.000000E+0	5.964010E+5
1.034000E-2	0.000000E+0	5.981760E+5
1.036000E-2	0.000000E+0	5.971900E+5
1.038000E-2	0.000000E+0	5.978600E+5
1.040000E-2	0.000000E+0	5.964470E+5
1.042000E-2	0.000000E+0	5.975030E+5
1.044000E-2	0.000000E+0	5.973410E+5
1.046000E-2	0.000000E+0	5.981560E+5
1.048000E-2	0.000000E+0	5.985890E+5
1.050000E-2	0.000000E+0	5.966370E+5
1.052000E-2	0.000000E+0	5.984930E+5
1.054000E-2	0.000000E+0	5.984620E+5
1.056000E-2	0.000000E+0	5.969120E+5
1.058000E-2	0.000000E+0	5.989290E+5
1.060000E-2	0.000000E+0	5.964070E+5
1.062000E-2	0.000000E+0	5.968980E+5
1.064000E-2	0.000000E+0	5.980080E+5
1.066000E-2	0.000000E+0	5.969470E+5
1.068000E-2	0.000000E+0	5.974940E+5
1.070000E-2	0.000000E+0	5.962760E+5
1.072000E-2	0.000000E+0	5.969230E+5
1.074000E-2	0.000000E+0	5.978490E+5
1.076000E-2	0.000000E+0	5.970650E+5
1.078000E-2	0.000000E+0	5.982620E+5
1.080000E-2	0.000000E+0	5.985390E+5
1.082000E-2	0.000000E+0	5.986260E+5
1.084000E-2	0.000000E+0	5.972830E+5
1.086000E-2	0.000000E+0	5.978630E+5
1.088000E-2	0.000000E+0	5.971440E+5
1.090000E-2	0.000000E+0	5.974440E+5
1.092000E-2	0.000000E+0	5.974150E+5
1.094000E-2	0.000000E+0	5.963340E+5
1.096000E-2	0.000000E+0	5.972630E+5
1.098000E-2	0.000000E+0	5.979220E+5
1.100000E-2	0.000000E+0	5.977950E+5
1.102000E-2	0.000000E+0	5.964940E+5
1.104000E-2	0.000000E+0	5.980210E+5
1.106000E-2	0.000000E+0	5.973720E+5
1.108000E-2	0.000000E+0	5.978870E+5
1.110000E-2	0.000000E+0	5.969010E+5
1.112000E-2	0.000000E+0	5.965330E+5
1.114000E-2	0.000000E+0	5.981240E+5
1.116000E-2	0.000000E+0	5.956500E+5
1.118000E-2	0.000000E+0	5.972070E+5
1.120000E-2	0.000000E+0	5.965640E+5
1.122000E-2	0.000000E+0	5.987130E+5
1.124000E-2	0.000000E+0	5.990390E+5
1.126000E-2	0.000000E+0	5.961240E+5
1.128000E-2	0.000000E+0	5.959860E+5
1.130000E-2	0.000000E+0	5.973540E+5
1.132000E-2	0.000000E+0	5.984950E+5
1.134000E-2	0.000000E+0	5.960170E+5
1.136000E-2	0.000000E+0	5.981190E+5
1.138000E-2	0.000000E+0	5.972850E+5
1.140000E-2	0.000000E+0	5.983840E+5
1.142000E-2	0.000000E+0	5.965110E+5
1.144000E-2	0.000000E+0	5.983600E+5
1.146000E-2	0.000000E+0	5.969900E+5
1.148000E-2	0.000000E+0	5.973380E+5
1.150000E-2	0.000000E+0	5.970950E+5
1.152000E-2	0.000000E+0	5.969740E+5
1.154000E-2	0.000000E+0	5.964930E+5
1.156000E-2	0.000000E+0	5.974230E+5
1.158000E-2	0.000000E+0	5.966600E+5
1.160000E-2	0.000000E+0	5.980330E+5
1.162000E-2	0.000000E+0	5.976340E+5
1.164000E-2	0.000000E+0	5.981190E+5
1.166000E-2	0.000000E+0	5.991230E+5
1.168000E-2	0.000000E+0	5.977240E+5
1.170000E-2	0.000000E+0	5.984490E+5
1.172000E-2	0.000000E+0	5.981280E+5
1.174000E-2	0.000000E+0	5.975970E+5
1.176000E-2	0.000000E+0	5.974220E+5
1.178000E-2	0.000000E+0	5.957470E+5
1.180000E-2	0.000000E+0	5.975200E+5
1.182000E-2	0.000000E+0	5.982600E+5
1.184000E-2	0.000000E+0	5.987580E+5
1.186000E-2	0.000000E+0	5.966450E+5
1.188000E-2	0.000000E+0	5.964200E+5
1.190000E-2	0.000000E+0	5.967390E+5
1.192000E-2	0.000000E+0	5.963970E+5
1.194000E-2	0.000000E+0	5.988220E+5
1.196000E-2	0.000000E+0	5.975170E+5
1.198000E-2	0.000000E+0	5.970550E+5
1.200000E-2	0.000000E+0	5.973700E+5
1.202000E-2	0.000000E+0	5.974490E+5
1.204000E-2	0.000000E+0	5.970190E+5
1.206000E-2	0.000000E+0	5.976460E+5
1.208000E-2	0.000000E+0	5.982480E+5
1.210000E-2	0.000000E+0	5.978840E+5
1.212000E-2	0.000000E+0	5.968570E+5
1.214000E-2	0.000000E+0	5.961810E+5
1.216000E-2	0.000000E+0	5.971540E+5
1.218000E-2	0.000000E+0	5.968440E+5
1.220000E-2	0.000000E+0	5.970770E+5
1.222000E-2	0.000000E+0	5.977850E+5
1.224000E-2	0.000000E+0	5.977660E+5
1.226000E-2	0.000000E+0	5.965860E+5
1.228000E-2	0.000000E+0	5.973320E+5
1.230000E-2	0.000000E+0	5.974810E+5
1.232000E-2	0.000000E+0	5.975640E+5
1.234000E-2	0.000000E+0	5.981350E+5
1.236000E-2	0.000000E+0	5.976560E+5
1.238000E-2	0.000000E+0	5.989650E+5
1.240000E-2	0.000000E+0	5.978580E+5
1.242000E-2	0.000000E+0	5.977920E+5
1.244000E-2	0.000000E+0	5.981180E+5
1.246000E-2	0.000000E+0	5.975180E+5
1.248000E-2	0.000000E+0	5.974480E+5
1.250000E-2	0.000000E+0	5.968290E+5
1.252000E-2	0.000000E+0	5.994640E+5
1.254000E-2	0.000000E+0	5.979580E+5
1.256000E-2	0.000000E+0	5.964080E+5
1.258000E-2	0.000000E+0	5.982550E+5
1.260000E-2	0.000000E+0	5.986510E+5
1.262000E-2	0.000000E+0	5.963860E+5
1.264000E-2	0.000000E+0	5.964000E+5
1.266000E-2	0.000000E+0	5.995290E+5
1.268000E-2	0.000000E+0	5.977260E+5
1.270000E-2	0.000000E+0	5.970510E+5
1.272000E-2	0.000000E+0	5.984410E+5
1.274000E-2	0.000000E+0	5.969930E+5
1.276000E-2	0.000000E+0	5.978390E+5
1.278000E-2	0.000000E+0	5.970840E+5
1.280000E-2	0.000000E+0	5.966580E+5
1.282000E-2	0.000000E+0	5.965070E+5
1.284000E-2	0.000000E+0	5.972770E+5
1.286000E-2	0.000000E+0	5.979420E+5
1.288000E-2	0.000000E+0	5.981870E+5
1.290000E-2	0.000000E+0	5.972900E+5
1.292000E-2	0.000000E+0	5.975310E+5
1.294000E-2	0.000000E+0	5.968870E+5
1.296000E-2	0.000000E+0	5.975680E+5
1.298000E-2	0.000000E+0	5.974910E+5
1.300000E-2	0.000000E+0	5.976180E+5
1.302000E-2	0.000000E+0	5.984780E+5
1.304000E-2	0.000000E+0	5.976540E+5
1.306000E-2	0.000000E+0	5.964720E+5
1.308000E-2	0.000000E+0	5.987400E+5
1.310000E-2	0.000000E+0	5.980110E+5
1.312000E-2	0.000000E+0	5.970720E+5
1.314000E-2	0.000000E+0	5.984810E+5
1.316000E-2	0.000000E+0	5.973140E+5
1.318000E-2	0.000000E+0	5.971460E+5
1.320000E-2	0.000000E+0	5.978550E+5
1.322000E-2	0.000000E+0	5.976890E+5
1.324000E-2	0.000000E+0	5.962340E+5
1.326000E-2	0.000000E+0	5.983340E+5
1.328000E-2	0.000000E+0	5.983050E+5
1.330000E-2	0.000000E+0	5.958070E+5
1.332000E-2	0.000000E+0	5.972240E+5
1.334000E-2	0.000000E+0	5.968150E+5
1.336000E-2	0.000000E+0	5.976810E+5
1.338000E-2	0.000000E+0	5.980400E+5
1.340000E-2	0.000000E+0	5.970450E+5
1.342000E-2	0.000000E+0	5.964060E+5
1.344000E-2	0.000000E+0	5.971120E+5
1.346000E-2	0.000000E+0	5.963180E+5
1.348000E-2	0.000000E+0	5.975610E+5
1.350000E-2	0.000000E+0	5.983890E+5
1.352000E-2	0.000000E+0	5.977100E+5
1.354000E-2	0.000000E+0	5.974110E+5
1.356000E-2	0.000000E+0	5.982230E+5
1.358000E-2	0.000000E+0	5.968790E+5
1.360000E-2	0.000000E+0	5.970660E+5
1.362000E-2	0.000000E+0	5.977230E+5
1.364000E-2	0.000000E+0	5.958370E+5
1.366000E-2	0.000000E+0	5.970120E+5
1.368000E-2	0.000000E+0	5.976900E+5
1.370000E-2	0.000000E+0	5.983080E+5
1.372000E-2	0.000000E+0	5.966060E+5
1.374000E-2	0.000000E+0	5.980820E+5
1.376000E-2	0.000000E+0	5.971450E+5
1.378000E-2	0.000000E+0	5.966910E+5
1.380000E-2	0.000000E+0	5.976490E+5
1.382000E-2	0.000000E+0	5.961510E+5
1.384000E-2	0.000000E+0	5.968900E+5
1.386000E-2	0.000000E+0	5.977970E+5
1.388000E-2	0.000000E+0	5.972570E+5
1.390000E-2	0.000000E+0	5.984600E+5
1.392000E-2	0.000000E+0	5.984320E+5
1.394000E-2	0.000000E+0	5.980900E+5
1.396000E-2	0.000000E+0	5.975620E+5
1.398000E-2	0.000000E+0	5.983870E+5
1.400000E-2	0.000000E+0	5.982790E+5
1.402000E-2	0.000000E+0	5.966390E+5
1.404000E-2	0.000000E+0	5.988650E+5
1.406000E-2	0.000000E+0	5.970910E+5
1.408000E-2	0.000000E+0	5.970260E+5
1.410000E-2	0.000000E+0	5.981000E+5
1.412000E-2	0.000000E+0	5.967540E+5
1.414000E-2	0.000000E+0	5.965280E+5
1.416000E-2	0.000000E+0	5.964980E+5
1.418000E-2	0.000000E+0	5.966630E+5
1.420000E-2	0.000000E+0	5.977730E+5
1.422000E-2	0.000000E+0	5.978510E+5
1.424000E-2	0.000000E+0	5.959250E+5
1.426000E-2	0.000000E+0	5.962680E+5
1.428000E-2	0.000000E+0	5.973140E+5
1.430000E-2	0.000000E+0	5.975600E+5
1.432000E-2	0.000000E+0	5.970790E+5
1.434000E-2	0.000000E+0	5.975970E+5
1.436000E-2	0.000000E+0	5.977880E+5
1.438000E-2	0.000000E+0	5.974230E+5
1.440000E-2	0.000000E+0	5.989060E+5
1.442000E-2	0.000000E+0	5.976470E+5
1.444000E-2	0.000000E+0	5.959840E+5
1.446000E-2	0.000000E+0	5.977420E+5
1.448000E-2	0.000000E+0	5.985000E+5
1.450000E-2	0.000000E+0	5.971950E+5
1.452000E-2	0.000000E+0	5.975700E+5
1.454000E-2	0.000000E+0	5.969940E+5
1.456000E-2	0.000000E+0	5.982500E+5
1.458000E-2	0.000000E+0	5.963100E+5
1.460000E-2	0.000000E+0	5.976820E+5
1.462000E-2	0.000000E+0	5.956250E+5
1.464000E-2	0.000000E+0	5.977420E+5
1.466000E-2	0.000000E+0	5.970220E+5
1.468000E-2	0.000000E+0	5.984820E+5
1.470000E-2	0.000000E+0	5.971330E+5
1.472000E-2	0.000000E+0	5.968370E+5
1.474000E-2	0.000000E+0	5.978750E+5
1.476000E-2	0.000000E+0	5.980410E+5
1.478000E-2	0.000000E+0	5.980660E+5
1.480000E-2	0.000000E+0	5.959540E+5
1.482000E-2	0.000000E+0	5.962290E+5
1.484000E-2	0.000000E+0	5.981980E+5
1.486000E-2	0.000000E+0	5.959570E+5
1.488000E-2	0.000000E+0	5.957510E+5
1.490000E-2	0.000000E+0	5.952990E+5
1.492000E-2	0.000000E+0	5.936500E+5
1.494000E-2	0.000000E+0	5.912880E+5
1.496000E-2	0.000000E+0	5.897350E+5
1.498000E-2	0.000000E+0	5.892650E+5
1.500000E-2	0.000000E+0	5.884130E+5
1.502000E-2	0.000000E+0	5.881370E+5
1.504000E-2	0.000000E+0	5.865010E+5
1.506000E-2	0.000000E+0	5.856650E+5
1.508000E-2	0.000000E+0	5.830620E+5
1.510000E-2	0.000000E+0	5.817510E+5
1.512000E-2	0.000000E+0	5.813310E+5
1.514000E-2	0.000000E+0	5.827690E+5
1.516000E-2	0.000000E+0	5.828260E+5
1.518000E-2	0.000000E+0	5.840740E+5
1.520000E-2	0.000000E+0	5.869100E+5
1.522000E-2	0.000000E+0	5.883610E+5
1.524000E-2	0.000000E+0	5.917530E+5
1.526000E-2	0.000000E+0	5.911540E+5
1.528000E-2	0.000000E+0	5.934790E+5
1.530000E-2	0.000000E+0	5.930930E+5
1.532000E-2	0.000000E+0	5.952520E+5
1.534000E-2	0.000000E+0	5.949030E+5
1.536000E-2	0.000000E+0	5.954430E+5
1.538000E-2	0.000000E+0	5.971730E+5
1.540000E-2	0.000000E+0	5.968070E+5
1.542000E-2	0.000000E+0	5.964700E+5
1.544000E-2	0.000000E+0	5.957850E+5
1.546000E-2	0.000000E+0	5.958150E+5
1.548000E-2	0.000000E+0	5.955540E+5
1.550000E-2	0.000000E+0	5.953960E+5
1.552000E-2	0.000000E+0	5.965380E+5
1.554000E-2	0.000000E+0	5.947950E+5
1.556000E-2	0.000000E+0	5.929240E+5
1.558000E-2	0.000000E+0	5.907460E+5
1.560000E-2	0.000000E+0	5.899280E+5
1.562000E-2	0.000000E+0	5.887860E+5
1.564000E-2	0.000000E+0	5.877020E+5
1.566000E-2	0.000000E+0	5.881920E+5
1.568000E-2	0.000000E+0	5.867980E+5
1.570000E-2	0.000000E+0	5.851640E+5
1.572000E-2	0.000000E+0	5.822440E+5
1.574000E-2	0.000000E+0	5.809770E+5
1.576000E-2	0.000000E+0	5.823200E+5
1.578000E-2	0.000000E+0	5.797660E+5
1.580000E-2	0.000000E+0	5.826370E+5
1.582000E-2	0.000000E+0	5.843510E+5
1.584000E-2	0.000000E+0	5.856530E+5
1.586000E-2	0.000000E+0	5.875420E+5
1.588000E-2	0.000000E+0	5.897100E+5
1.590000E-2	0.000000E+0	5.911260E+5
1.592000E-2	0.000000E+0	5.924560E+5
1.594000E-2	0.000000E+0	5.919400E+5
1.596000E-2	0.000000E+0	5.943580E+5
1.598000E-2	0.000000E+0	5.960600E+5
1.600000E-2	0.000000E+0	5.967540E+5
1.602000E-2	0.000000E+0	5.963860E+5
1.604000E-2	0.000000E+0	5.962350E+5
1.606000E-2	0.000000E+0	5.969340E+5
1.608000E-2	0.000000E+0	5.969710E+5
1.610000E-2	0.000000E+0	5.976710E+5
1.612000E-2	0.000000E+0	5.970740E+5
1.614000E-2	0.000000E+0	5.967510E+5
1.616000E-2	0.000000E+0	5.990870E+5
1.618000E-2	0.000000E+0	5.969100E+5
1.620000E-2	0.000000E+0	5.970110E+5
1.622000E-2	0.000000E+0	5.973660E+5
1.624000E-2	0.000000E+0	5.970880E+5
1.626000E-2	0.000000E+0	5.968690E+5
1.628000E-2	0.000000E+0	5.982970E+5
1.630000E-2	0.000000E+0	5.971880E+5
1.632000E-2	0.000000E+0	5.975830E+5
1.634000E-2	0.000000E+0	5.978470E+5
1.636000E-2	0.000000E+0	5.985520E+5
1.638000E-2	0.000000E+0	5.967630E+5
1.640000E-2	0.000000E+0	5.981890E+5
1.642000E-2	0.000000E+0	5.974080E+5
1.644000E-2	0.000000E+0	5.971410E+5
1.646000E-2	0.000000E+0	5.969960E+5
1.648000E-2	0.000000E+0	5.967180E+5
1.650000E-2	0.000000E+0	5.969600E+5
1.652000E-2	0.000000E+0	5.979040E+5
1.654000E-2	0.000000E+0	5.967280E+5
1.656000E-2	0.000000E+0	5.968370E+5
1.658000E-2	0.000000E+0	5.971020E+5
1.660000E-2	0.000000E+0	5.970340E+5
1.662000E-2	0.000000E+0	5.975520E+5
1.664000E-2	0.000000E+0	5.975780E+5
1.666000E-2	0.000000E+0	5.968000E+5
1.668000E-2	0.000000E+0	5.968060E+5
1.670000E-2	0.000000E+0	5.976010E+5
1.672000E-2	0.000000E+0	5.983380E+5
1.674000E-2	0.000000E+0	5.970640E+5
1.676000E-2	0.000000E+0	5.963770E+5
1.678000E-2	0.000000E+0	5.961770E+5
1.680000E-2	0.000000E+0	5.978720E+5
1.682000E-2	0.000000E+0	5.977740E+5
1.684000E-2	0.000000E+0	5.980740E+5
1.686000E-2	0.000000E+0	5.991800E+5
1.688000E-2	0.000000E+0	5.976150E+5
1.690000E-2	0.000000E+0	5.974760E+5
1.692000E-2	0.000000E+0	5.979870E+5
1.694000E-2	0.000000E+0	5.973090E+5
1.696000E-2	0.000000E+0	5.966450E+5
1.698000E-2	0.000000E+0	5.972100E+5
1.700000E-2	0.000000E+0	5.982720E+5
1.702000E-2	0.000000E+0	5.976460E+5
1.704000E-2	0.000000E+0	5.983260E+5
1.706000E-2	0.000000E+0	5.980330E+5
1.708000E-2	0.000000E+0	5.970910E+5
1.710000E-2	0.000000E+0	5.981760E+5
1.712000E-2	0.000000E+0	5.973150E+5
1.714000E-2	0.000000E+0	5.966630E+5
1.716000E-2	0.000000E+0	5.978970E+5
1.718000E-2	0.000000E+0	5.974090E+5
1.720000E-2	0.000000E+0	5.979010E+5
1.722000E-2	0.000000E+0	5.979750E+5
1.724000E-2	0.000000E+0	5.974630E+5
1.726000E-2	0.000000E+0	5.970970E+5
1.728000E-2	0.000000E+0	5.970890E+5
1.730000E-2	0.000000E+0	5.976640E+5
1.732000E-2	0.000000E+0	5.967120E+5
1.734000E-2	0.000000E+0	5.977020E+5
1.736000E-2	0.000000E+0	5.989350E+5
1.738000E-2	0.000000E+0	5.980740E+5
1.740000E-2	0.000000E+0	5.987640E+5
1.742000E-2	0.000000E+0	5.970460E+5
1.744000E-2	0.000000E+0	5.966380E+5
1.746000E-2	0.000000E+0	5.971310E+5
1.748000E-2	0.000000E+0	5.980760E+5
1.750000E-2	0.000000E+0	5.978330E+5
1.752000E-2	0.000000E+0	5.983090E+5
1.754000E-2	0.000000E+0	5.973590E+5
1.756000E-2	0.000000E+0	5.967400E+5
1.758000E-2	0.000000E+0	5.975670E+5
1.760000E-2	0.000000E+0	5.975370E+5
1.762000E-2	0.000000E+0	5.977190E+5
1.764000E-2	0.000000E+0	5.982490E+5
1.766000E-2	0.000000E+0	5.970870E+5
1.768000E-2	0.000000E+0	5.978270E+5
1.770000E-2	0.000000E+0	5.974600E+5
1.772000E-2	0.000000E+0	5.987930E+5
1.774000E-2	0.000000E+0	5.974790E+5
1.776000E-2	0.000000E+0	5.973020E+5
1.778000E-2	0.000000E+0	5.984910E+5
1.780000E-2	0.000000E+0	5.960420E+5
1.782000E-2	0.000000E+0	5.978100E+5
1.784000E-2	0.000000E+0	5.969640E+5
1.786000E-2	0.000000E+0	5.973700E+5
1.788000E-2	0.000000E+0	5.975490E+5
1.790000E-2	0.000000E+0	5.975620E+5
1.792000E-2	0.000000E+0	5.961670E+5
1.794000E-2	0.000000E+0	5.975730E+5
1.796000E-2	0.000000E+0	5.973800E+5
1.798000E-2	0.000000E+0	5.982380E+5
1.800000E-2	0.000000E+0	5.961370E+5
1.802000E-2	0.000000E+0	5.973640E+5
1.804000E-2	0.000000E+0	5.967140E+5
1.806000E-2	0.000000E+0	5.968570E+5
1.808000E-2	0.000000E+0	5.970670E+5
1.810000E-2	0.000000E+0	5.979020E+5
1.812000E-2	0.000000E+0	5.989630E+5
1.814000E-2	0.000000E+0	5.988180E+5
1.816000E-2	0.000000E+0	5.976010E+5
1.818000E-2	0.000000E+0	5.965230E+5
1.820000E-2	0.000000E+0	5.982210E+5
1.822000E-2	0.000000E+0	5.971710E+5
1.824000E-2	0.000000E+0	5.977880E+5
1.826000E-2	0.000000E+0	5.981560E+5
1.828000E-2	0.000000E+0	5.967290E+5
1.830000E-2	0.000000E+0	5.965070E+5
1.832000E-2	0.000000E+0	5.982330E+5
1.834000E-2	0.000000E+0	5.967320E+5
1.836000E-2	0.000000E+0	5.984900E+5
1.838000E-2	0.000000E+0	5.965720E+5
1.840000E-2	0.000000E+0	5.971740E+5
1.842000E-2	0.000000E+0	5.964960E+5
1.844000E-2	0.000000E+0	5.965520E+5
1.846000E-2	0.000000E+0	5.962110E+5
1.848000E-2	0.000000E+0	5.985600E+5
1.850000E-2	0.000000E+0	5.978080E+5
1.852000E-2	0.000000E+0	5.974480E+5
1.854000E-2	0.000000E+0	5.993040E+5
1.856000E-2	0.000000E+0	5.957790E+5
1.858000E-2	0.000000E+0	5.962650E+5
1.860000E-2	0.000000E+0	5.974270E+5
1.862000E-2	0.000000E+0	5.966180E+5
1.864000E-2	0.000000E+0	5.961080E+5
1.866000E-2	0.000000E+0	5.979220E+5
1.868000E-2	0.000000E+0	5.974460E+5
1.870000E-2	0.000000E+0	5.973710E+5
1.872000E-2	0.000000E+0	5.974420E+5
1.874000E-2	0.000000E+0	5.951710E+5
1.876000E-2	0.000000E+0	5.971840E+5
1.878000E-2	0.000000E+0	5.975450E+5
1.880000E-2	0.000000E+0	5.965430E+5
1.882000E-2	0.000000E+0	5.968770E+5
1.884000E-2	0.000000E+0	5.981700E+5
1.886000E-2	0.000000E+0	5.972400E+5
1.888000E-2	0.000000E+0	5.965230E+5
1.890000E-2	0.000000E+0	5.970910E+5
1.892000E-2	0.000000E+0	5.985750E+5
1.894000E-2	0.000000E+0	5.973620E+5
1.896000E-2	0.000000E+0	5.975540E+5
1.898000E-2	0.000000E+0	5.983780E+5
1.900000E-2	0.000000E+0	5.969130E+5
1.902000E-2	0.000000E+0	5.962170E+5
1.904000E-2	0.000000E+0	5.976080E+5
1.906000E-2	0.000000E+0	5.982270E+5
1.908000E-2	0.000000E+0	5.976650E+5
1.910000E-2	0.000000E+0	5.965690E+5
1.912000E-2	0.000000E+0	5.962100E+5
1.914000E-2	0.000000E+0	5.975120E+5
1.916000E-2	0.000000E+0	5.967580E+5
1.918000E-2	0.000000E+0	5.965100E+5
1.920000E-2	0.000000E+0	5.979630E+5
1.922000E-2	0.000000E+0	5.977100E+5
1.924000E-2	0.000000E+0	5.977930E+5
1.926000E-2	0.000000E+0	5.979730E+5
1.928000E-2	0.000000E+0	5.981150E+5
1.930000E-2	0.000000E+0	5.972310E+5
1.932000E-2	0.000000E+0	5.970120E+5
1.934000E-2	0.000000E+0	5.972740E+5
1.936000E-2	0.000000E+0	5.970060E+5
1.938000E-2	0.000000E+0	5.978370E+5
1.940000E-2	0.000000E+0	5.956890E+5
1.942000E-2	0.000000E+0	5.984510E+5
1.944000E-2	0.000000E+0	5.982020E+5
1.946000E-2	0.000000E+0	5.960970E+5
1.948000E-2	0.000000E+0	5.974110E+5
1.950000E-2	0.000000E+0	5.976470E+5
1.952000E-2	0.000000E+0	5.983470E+5
1.954000E-2	0.000000E+0	5.970130E+5
1.956000E-2	0.000000E+0	5.983820E+5
1.958000E-2	0.000000E+0	5.967670E+5
1.960000E-2	0.000000E+0	5.977950E+5
1.962000E-2	0.000000E+0	5.970700E+5
1.964000E-2	0.000000E+0	5.981240E+5
1.966000E-2	0.000000E+0	5.984470E+5
1.968000E-2	0.000000E+0	5.974410E+5
1.970000E-2	0.000000E+0	5.971500E+5
1.972000E-2	0.000000E+0	5.976540E+5
1.974000E-2	0.000000E+0	5.977140E+5
1.976000E-2	0.000000E+0	5.958540E+5
1.978000E-2	0.000000E+0	5.967070E+5
1.980000E-2	0.000000E+0	5.979600E+5
1.982000E-2	0.000000E+0	5.967340E+5
1.984000E-2	0.000000E+0	5.975290E+5
1.986000E-2	0.000000E+0	5.964960E+5
1.988000E-2	0.000000E+0	5.963140E+5
1.990000E-2	0.000000E+0	5.969670E+5
1.992000E-2	0.000000E+0	5.969930E+5
1.994000E-2	0.000000E+0	5.989310E+5
1.996000E-2	0.000000E+0	5.966890E+5
1.998000E-2	0.000000E+0	5.973400E+5
