

live time:  164135.660000
real time:  226800.117000
sweeps:  8206783.000000
0.000000E+0	0.000000E+0	0.000000E+0
2.000000E-5	0.000000E+0	3.598360E+5
4.000000E-5	0.000000E+0	3.603250E+5
6.000000E-5	0.000000E+0	3.598600E+5
8.000000E-5	0.000000E+0	3.603640E+5
1.000000E-4	0.000000E+0	3.588360E+5
1.200000E-4	0.000000E+0	3.600920E+5
1.400000E-4	0.000000E+0	3.604510E+5
1.600000E-4	0.000000E+0	3.602800E+5
1.800000E-4	0.000000E+0	3.596590E+5
2.000000E-4	0.000000E+0	3.598460E+5
2.200000E-4	0.000000E+0	3.600840E+5
2.400000E-4	0.000000E+0	3.587780E+5
2.600000E-4	0.000000E+0	3.590670E+5
2.800000E-4	0.000000E+0	3.596650E+5
3.000000E-4	0.000000E+0	3.609460E+5
3.200000E-4	0.000000E+0	3.601520E+5
3.400000E-4	0.000000E+0	3.597920E+5
3.600000E-4	0.000000E+0	3.606950E+5
3.800000E-4	0.000000E+0	3.595530E+5
4.000000E-4	0.000000E+0	3.592040E+5
4.200000E-4	0.000000E+0	3.597460E+5
4.400000E-4	0.000000E+0	3.597070E+5
4.600000E-4	0.000000E+0	3.604230E+5
4.800000E-4	0.000000E+0	3.595860E+5
5.000000E-4	0.000000E+0	3.601010E+5
5.200000E-4	0.000000E+0	3.601720E+5
5.400000E-4	0.000000E+0	3.596890E+5
5.600000E-4	0.000000E+0	3.591410E+5
5.800000E-4	0.000000E+0	3.598340E+5
6.000000E-4	0.000000E+0	3.602340E+5
6.200000E-4	0.000000E+0	3.596240E+5
6.400000E-4	0.000000E+0	3.610590E+5
6.600000E-4	0.000000E+0	3.588290E+5
6.800000E-4	0.000000E+0	3.596820E+5
7.000000E-4	0.000000E+0	3.601380E+5
7.200000E-4	0.000000E+0	3.612030E+5
7.400000E-4	0.000000E+0	3.593670E+5
7.600000E-4	0.000000E+0	3.596740E+5
7.800000E-4	0.000000E+0	3.585280E+5
8.000000E-4	0.000000E+0	3.603340E+5
8.200000E-4	0.000000E+0	3.601160E+5
8.400000E-4	0.000000E+0	3.596560E+5
8.600000E-4	0.000000E+0	3.607850E+5
8.800000E-4	0.000000E+0	3.594060E+5
9.000000E-4	0.000000E+0	3.609740E+5
9.200000E-4	0.000000E+0	3.593690E+5
9.400000E-4	0.000000E+0	3.599220E+5
9.600000E-4	0.000000E+0	3.590570E+5
9.800000E-4	0.000000E+0	3.611180E+5
1.000000E-3	0.000000E+0	3.605800E+5
1.020000E-3	0.000000E+0	3.597720E+5
1.040000E-3	0.000000E+0	3.599520E+5
1.060000E-3	0.000000E+0	3.596660E+5
1.080000E-3	0.000000E+0	3.597900E+5
1.100000E-3	0.000000E+0	3.590240E+5
1.120000E-3	0.000000E+0	3.604970E+5
1.140000E-3	0.000000E+0	3.590570E+5
1.160000E-3	0.000000E+0	3.595210E+5
1.180000E-3	0.000000E+0	3.594490E+5
1.200000E-3	0.000000E+0	3.604250E+5
1.220000E-3	0.000000E+0	3.603280E+5
1.240000E-3	0.000000E+0	3.598180E+5
1.260000E-3	0.000000E+0	3.596620E+5
1.280000E-3	0.000000E+0	3.604400E+5
1.300000E-3	0.000000E+0	3.588710E+5
1.320000E-3	0.000000E+0	3.604970E+5
1.340000E-3	0.000000E+0	3.599460E+5
1.360000E-3	0.000000E+0	3.592850E+5
1.380000E-3	0.000000E+0	3.609650E+5
1.400000E-3	0.000000E+0	3.598210E+5
1.420000E-3	0.000000E+0	3.601620E+5
1.440000E-3	0.000000E+0	3.598170E+5
1.460000E-3	0.000000E+0	3.587810E+5
1.480000E-3	0.000000E+0	3.607190E+5
1.500000E-3	0.000000E+0	3.601120E+5
1.520000E-3	0.000000E+0	3.599170E+5
1.540000E-3	0.000000E+0	3.601560E+5
1.560000E-3	0.000000E+0	3.600760E+5
1.580000E-3	0.000000E+0	3.598300E+5
1.600000E-3	0.000000E+0	3.595740E+5
1.620000E-3	0.000000E+0	3.596340E+5
1.640000E-3	0.000000E+0	3.589590E+5
1.660000E-3	0.000000E+0	3.607360E+5
1.680000E-3	0.000000E+0	3.594460E+5
1.700000E-3	0.000000E+0	3.591750E+5
1.720000E-3	0.000000E+0	3.600120E+5
1.740000E-3	0.000000E+0	3.609530E+5
1.760000E-3	0.000000E+0	3.601780E+5
1.780000E-3	0.000000E+0	3.610370E+5
1.800000E-3	0.000000E+0	3.609040E+5
1.820000E-3	0.000000E+0	3.595920E+5
1.840000E-3	0.000000E+0	3.591200E+5
1.860000E-3	0.000000E+0	3.600260E+5
1.880000E-3	0.000000E+0	3.597870E+5
1.900000E-3	0.000000E+0	3.592350E+5
1.920000E-3	0.000000E+0	3.595830E+5
1.940000E-3	0.000000E+0	3.599690E+5
1.960000E-3	0.000000E+0	3.597520E+5
1.980000E-3	0.000000E+0	3.603630E+5
2.000000E-3	0.000000E+0	3.594960E+5
2.020000E-3	0.000000E+0	3.599700E+5
2.040000E-3	0.000000E+0	3.596560E+5
2.060000E-3	0.000000E+0	3.606230E+5
2.080000E-3	0.000000E+0	3.610970E+5
2.100000E-3	0.000000E+0	3.610560E+5
2.120000E-3	0.000000E+0	3.605030E+5
2.140000E-3	0.000000E+0	3.589800E+5
2.160000E-3	0.000000E+0	3.589140E+5
2.180000E-3	0.000000E+0	3.601230E+5
2.200000E-3	0.000000E+0	3.603850E+5
2.220000E-3	0.000000E+0	3.607180E+5
2.240000E-3	0.000000E+0	3.594150E+5
2.260000E-3	0.000000E+0	3.602880E+5
2.280000E-3	0.000000E+0	3.601350E+5
2.300000E-3	0.000000E+0	3.603490E+5
2.320000E-3	0.000000E+0	3.599040E+5
2.340000E-3	0.000000E+0	3.598350E+5
2.360000E-3	0.000000E+0	3.598780E+5
2.380000E-3	0.000000E+0	3.610680E+5
2.400000E-3	0.000000E+0	3.587580E+5
2.420000E-3	0.000000E+0	3.595620E+5
2.440000E-3	0.000000E+0	3.591100E+5
2.460000E-3	0.000000E+0	3.597310E+5
2.480000E-3	0.000000E+0	3.613680E+5
2.500000E-3	0.000000E+0	3.597820E+5
2.520000E-3	0.000000E+0	3.603580E+5
2.540000E-3	0.000000E+0	3.590670E+5
2.560000E-3	0.000000E+0	3.596970E+5
2.580000E-3	0.000000E+0	3.590210E+5
2.600000E-3	0.000000E+0	3.606480E+5
2.620000E-3	0.000000E+0	3.594050E+5
2.640000E-3	0.000000E+0	3.587670E+5
2.660000E-3	0.000000E+0	3.603800E+5
2.680000E-3	0.000000E+0	3.596790E+5
2.700000E-3	0.000000E+0	3.597140E+5
2.720000E-3	0.000000E+0	3.582860E+5
2.740000E-3	0.000000E+0	3.601970E+5
2.760000E-3	0.000000E+0	3.596430E+5
2.780000E-3	0.000000E+0	3.602460E+5
2.800000E-3	0.000000E+0	3.595530E+5
2.820000E-3	0.000000E+0	3.596070E+5
2.840000E-3	0.000000E+0	3.591980E+5
2.860000E-3	0.000000E+0	3.606380E+5
2.880000E-3	0.000000E+0	3.599730E+5
2.900000E-3	0.000000E+0	3.601220E+5
2.920000E-3	0.000000E+0	3.590440E+5
2.940000E-3	0.000000E+0	3.598460E+5
2.960000E-3	0.000000E+0	3.598230E+5
2.980000E-3	0.000000E+0	3.589260E+5
3.000000E-3	0.000000E+0	3.601130E+5
3.020000E-3	0.000000E+0	3.601250E+5
3.040000E-3	0.000000E+0	3.605640E+5
3.060000E-3	0.000000E+0	3.616630E+5
3.080000E-3	0.000000E+0	3.595720E+5
3.100000E-3	0.000000E+0	3.589440E+5
3.120000E-3	0.000000E+0	3.604250E+5
3.140000E-3	0.000000E+0	3.602670E+5
3.160000E-3	0.000000E+0	3.597790E+5
3.180000E-3	0.000000E+0	3.602130E+5
3.200000E-3	0.000000E+0	3.601200E+5
3.220000E-3	0.000000E+0	3.604820E+5
3.240000E-3	0.000000E+0	3.606090E+5
3.260000E-3	0.000000E+0	3.601510E+5
3.280000E-3	0.000000E+0	3.598310E+5
3.300000E-3	0.000000E+0	3.589600E+5
3.320000E-3	0.000000E+0	3.599010E+5
3.340000E-3	0.000000E+0	3.594020E+5
3.360000E-3	0.000000E+0	3.590380E+5
3.380000E-3	0.000000E+0	3.591060E+5
3.400000E-3	0.000000E+0	3.600160E+5
3.420000E-3	0.000000E+0	3.605280E+5
3.440000E-3	0.000000E+0	3.592430E+5
3.460000E-3	0.000000E+0	3.605650E+5
3.480000E-3	0.000000E+0	3.595260E+5
3.500000E-3	0.000000E+0	3.601440E+5
3.520000E-3	0.000000E+0	3.593300E+5
3.540000E-3	0.000000E+0	3.598090E+5
3.560000E-3	0.000000E+0	3.597090E+5
3.580000E-3	0.000000E+0	3.591030E+5
3.600000E-3	0.000000E+0	3.592300E+5
3.620000E-3	0.000000E+0	3.584760E+5
3.640000E-3	0.000000E+0	3.602440E+5
3.660000E-3	0.000000E+0	3.595000E+5
3.680000E-3	0.000000E+0	3.594620E+5
3.700000E-3	0.000000E+0	3.591590E+5
3.720000E-3	0.000000E+0	3.600110E+5
3.740000E-3	0.000000E+0	3.593350E+5
3.760000E-3	0.000000E+0	3.595460E+5
3.780000E-3	0.000000E+0	3.590740E+5
3.800000E-3	0.000000E+0	3.593820E+5
3.820000E-3	0.000000E+0	3.589780E+5
3.840000E-3	0.000000E+0	3.596660E+5
3.860000E-3	0.000000E+0	3.595530E+5
3.880000E-3	0.000000E+0	3.589220E+5
3.900000E-3	0.000000E+0	3.605250E+5
3.920000E-3	0.000000E+0	3.606860E+5
3.940000E-3	0.000000E+0	3.605480E+5
3.960000E-3	0.000000E+0	3.605850E+5
3.980000E-3	0.000000E+0	3.597840E+5
4.000000E-3	0.000000E+0	3.600520E+5
4.020000E-3	0.000000E+0	3.602750E+5
4.040000E-3	0.000000E+0	3.593630E+5
4.060000E-3	0.000000E+0	3.604340E+5
4.080000E-3	0.000000E+0	3.598790E+5
4.100000E-3	0.000000E+0	3.600250E+5
4.120000E-3	0.000000E+0	3.597560E+5
4.140000E-3	0.000000E+0	3.591270E+5
4.160000E-3	0.000000E+0	3.607200E+5
4.180000E-3	0.000000E+0	3.592590E+5
4.200000E-3	0.000000E+0	3.600090E+5
4.220000E-3	0.000000E+0	3.597780E+5
4.240000E-3	0.000000E+0	3.596850E+5
4.260000E-3	0.000000E+0	3.592690E+5
4.280000E-3	0.000000E+0	3.605140E+5
4.300000E-3	0.000000E+0	3.598300E+5
4.320000E-3	0.000000E+0	3.592850E+5
4.340000E-3	0.000000E+0	3.592590E+5
4.360000E-3	0.000000E+0	3.594090E+5
4.380000E-3	0.000000E+0	3.591800E+5
4.400000E-3	0.000000E+0	3.598650E+5
4.420000E-3	0.000000E+0	3.596380E+5
4.440000E-3	0.000000E+0	3.592850E+5
4.460000E-3	0.000000E+0	3.595240E+5
4.480000E-3	0.000000E+0	3.592300E+5
4.500000E-3	0.000000E+0	3.597290E+5
4.520000E-3	0.000000E+0	3.590310E+5
4.540000E-3	0.000000E+0	3.591750E+5
4.560000E-3	0.000000E+0	3.586540E+5
4.580000E-3	0.000000E+0	3.593930E+5
4.600000E-3	0.000000E+0	3.594990E+5
4.620000E-3	0.000000E+0	3.588980E+5
4.640000E-3	0.000000E+0	3.598400E+5
4.660000E-3	0.000000E+0	3.595390E+5
4.680000E-3	0.000000E+0	3.596250E+5
4.700000E-3	0.000000E+0	3.600130E+5
4.720000E-3	0.000000E+0	3.599290E+5
4.740000E-3	0.000000E+0	3.584590E+5
4.760000E-3	0.000000E+0	3.600010E+5
4.780000E-3	0.000000E+0	3.589080E+5
4.800000E-3	0.000000E+0	3.593180E+5
4.820000E-3	0.000000E+0	3.589050E+5
4.840000E-3	0.000000E+0	3.591400E+5
4.860000E-3	0.000000E+0	3.580230E+5
4.880000E-3	0.000000E+0	3.571600E+5
4.900000E-3	0.000000E+0	3.573140E+5
4.920000E-3	0.000000E+0	3.553500E+5
4.940000E-3	0.000000E+0	3.542050E+5
4.960000E-3	0.000000E+0	3.546110E+5
4.980000E-3	0.000000E+0	3.547380E+5
5.000000E-3	0.000000E+0	3.530270E+5
5.020000E-3	0.000000E+0	3.527540E+5
5.040000E-3	0.000000E+0	3.510660E+5
5.060000E-3	0.000000E+0	3.501190E+5
5.080000E-3	0.000000E+0	3.495710E+5
5.100000E-3	0.000000E+0	3.496860E+5
5.120000E-3	0.000000E+0	3.493030E+5
5.140000E-3	0.000000E+0	3.506870E+5
5.160000E-3	0.000000E+0	3.516970E+5
5.180000E-3	0.000000E+0	3.529240E+5
5.200000E-3	0.000000E+0	3.538270E+5
5.220000E-3	0.000000E+0	3.547040E+5
5.240000E-3	0.000000E+0	3.550050E+5
5.260000E-3	0.000000E+0	3.574030E+5
5.280000E-3	0.000000E+0	3.559510E+5
5.300000E-3	0.000000E+0	3.573950E+5
5.320000E-3	0.000000E+0	3.589030E+5
5.340000E-3	0.000000E+0	3.585870E+5
5.360000E-3	0.000000E+0	3.597590E+5
5.380000E-3	0.000000E+0	3.585160E+5
5.400000E-3	0.000000E+0	3.598570E+5
5.420000E-3	0.000000E+0	3.588570E+5
5.440000E-3	0.000000E+0	3.585240E+5
5.460000E-3	0.000000E+0	3.582660E+5
5.480000E-3	0.000000E+0	3.577540E+5
5.500000E-3	0.000000E+0	3.585800E+5
5.520000E-3	0.000000E+0	3.574640E+5
5.540000E-3	0.000000E+0	3.572990E+5
5.560000E-3	0.000000E+0	3.557100E+5
5.580000E-3	0.000000E+0	3.554280E+5
5.600000E-3	0.000000E+0	3.537040E+5
5.620000E-3	0.000000E+0	3.538720E+5
5.640000E-3	0.000000E+0	3.548850E+5
5.660000E-3	0.000000E+0	3.530600E+5
5.680000E-3	0.000000E+0	3.528770E+5
5.700000E-3	0.000000E+0	3.513440E+5
5.720000E-3	0.000000E+0	3.506160E+5
5.740000E-3	0.000000E+0	3.502890E+5
5.760000E-3	0.000000E+0	3.506060E+5
5.780000E-3	0.000000E+0	3.512460E+5
5.800000E-3	0.000000E+0	3.517640E+5
5.820000E-3	0.000000E+0	3.528780E+5
5.840000E-3	0.000000E+0	3.538900E+5
5.860000E-3	0.000000E+0	3.547160E+5
5.880000E-3	0.000000E+0	3.561210E+5
5.900000E-3	0.000000E+0	3.574860E+5
5.920000E-3	0.000000E+0	3.582260E+5
5.940000E-3	0.000000E+0	3.573980E+5
5.960000E-3	0.000000E+0	3.580690E+5
5.980000E-3	0.000000E+0	3.592520E+5
6.000000E-3	0.000000E+0	3.587650E+5
6.020000E-3	0.000000E+0	3.594460E+5
6.040000E-3	0.000000E+0	3.596110E+5
6.060000E-3	0.000000E+0	3.593690E+5
6.080000E-3	0.000000E+0	3.594340E+5
6.100000E-3	0.000000E+0	3.591460E+5
6.120000E-3	0.000000E+0	3.598620E+5
6.140000E-3	0.000000E+0	3.594350E+5
6.160000E-3	0.000000E+0	3.590490E+5
6.180000E-3	0.000000E+0	3.598300E+5
6.200000E-3	0.000000E+0	3.594790E+5
6.220000E-3	0.000000E+0	3.598570E+5
6.240000E-3	0.000000E+0	3.591020E+5
6.260000E-3	0.000000E+0	3.590990E+5
6.280000E-3	0.000000E+0	3.608990E+5
6.300000E-3	0.000000E+0	3.602610E+5
6.320000E-3	0.000000E+0	3.597390E+5
6.340000E-3	0.000000E+0	3.600710E+5
6.360000E-3	0.000000E+0	3.590960E+5
6.380000E-3	0.000000E+0	3.598630E+5
6.400000E-3	0.000000E+0	3.593420E+5
6.420000E-3	0.000000E+0	3.590870E+5
6.440000E-3	0.000000E+0	3.609310E+5
6.460000E-3	0.000000E+0	3.597350E+5
6.480000E-3	0.000000E+0	3.594550E+5
6.500000E-3	0.000000E+0	3.591820E+5
6.520000E-3	0.000000E+0	3.599490E+5
6.540000E-3	0.000000E+0	3.592540E+5
6.560000E-3	0.000000E+0	3.602420E+5
6.580000E-3	0.000000E+0	3.593500E+5
6.600000E-3	0.000000E+0	3.603220E+5
6.620000E-3	0.000000E+0	3.595540E+5
6.640000E-3	0.000000E+0	3.591730E+5
6.660000E-3	0.000000E+0	3.590280E+5
6.680000E-3	0.000000E+0	3.597040E+5
6.700000E-3	0.000000E+0	3.600680E+5
6.720000E-3	0.000000E+0	3.597710E+5
6.740000E-3	0.000000E+0	3.600490E+5
6.760000E-3	0.000000E+0	3.605070E+5
6.780000E-3	0.000000E+0	3.589760E+5
6.800000E-3	0.000000E+0	3.601480E+5
6.820000E-3	0.000000E+0	3.599330E+5
6.840000E-3	0.000000E+0	3.595830E+5
6.860000E-3	0.000000E+0	3.598940E+5
6.880000E-3	0.000000E+0	3.602740E+5
6.900000E-3	0.000000E+0	3.585370E+5
6.920000E-3	0.000000E+0	3.589200E+5
6.940000E-3	0.000000E+0	3.597660E+5
6.960000E-3	0.000000E+0	3.580650E+5
6.980000E-3	0.000000E+0	3.594320E+5
7.000000E-3	0.000000E+0	3.594390E+5
7.020000E-3	0.000000E+0	3.598130E+5
7.040000E-3	0.000000E+0	3.598420E+5
7.060000E-3	0.000000E+0	3.600770E+5
7.080000E-3	0.000000E+0	3.598590E+5
7.100000E-3	0.000000E+0	3.594180E+5
7.120000E-3	0.000000E+0	3.599990E+5
7.140000E-3	0.000000E+0	3.597960E+5
7.160000E-3	0.000000E+0	3.603820E+5
7.180000E-3	0.000000E+0	3.592680E+5
7.200000E-3	0.000000E+0	3.600410E+5
7.220000E-3	0.000000E+0	3.601040E+5
7.240000E-3	0.000000E+0	3.599530E+5
7.260000E-3	0.000000E+0	3.595780E+5
7.280000E-3	0.000000E+0	3.595510E+5
7.300000E-3	0.000000E+0	3.592870E+5
7.320000E-3	0.000000E+0	3.600210E+5
7.340000E-3	0.000000E+0	3.602640E+5
7.360000E-3	0.000000E+0	3.599480E+5
7.380000E-3	0.000000E+0	3.602240E+5
7.400000E-3	0.000000E+0	3.593860E+5
7.420000E-3	0.000000E+0	3.596590E+5
7.440000E-3	0.000000E+0	3.597720E+5
7.460000E-3	0.000000E+0	3.602440E+5
7.480000E-3	0.000000E+0	3.597060E+5
7.500000E-3	0.000000E+0	3.603220E+5
7.520000E-3	0.000000E+0	3.603790E+5
7.540000E-3	0.000000E+0	3.599840E+5
7.560000E-3	0.000000E+0	3.604840E+5
7.580000E-3	0.000000E+0	3.599570E+5
7.600000E-3	0.000000E+0	3.592480E+5
7.620000E-3	0.000000E+0	3.602580E+5
7.640000E-3	0.000000E+0	3.608410E+5
7.660000E-3	0.000000E+0	3.595050E+5
7.680000E-3	0.000000E+0	3.593390E+5
7.700000E-3	0.000000E+0	3.592190E+5
7.720000E-3	0.000000E+0	3.598970E+5
7.740000E-3	0.000000E+0	3.595150E+5
7.760000E-3	0.000000E+0	3.592020E+5
7.780000E-3	0.000000E+0	3.610210E+5
7.800000E-3	0.000000E+0	3.595970E+5
7.820000E-3	0.000000E+0	3.597040E+5
7.840000E-3	0.000000E+0	3.608110E+5
7.860000E-3	0.000000E+0	3.597160E+5
7.880000E-3	0.000000E+0	3.596950E+5
7.900000E-3	0.000000E+0	3.596070E+5
7.920000E-3	0.000000E+0	3.592880E+5
7.940000E-3	0.000000E+0	3.609000E+5
7.960000E-3	0.000000E+0	3.607210E+5
7.980000E-3	0.000000E+0	3.608850E+5
8.000000E-3	0.000000E+0	3.604180E+5
8.020000E-3	0.000000E+0	3.600490E+5
8.040000E-3	0.000000E+0	3.586500E+5
8.060000E-3	0.000000E+0	3.593540E+5
8.080000E-3	0.000000E+0	3.602800E+5
8.100000E-3	0.000000E+0	3.602620E+5
8.120000E-3	0.000000E+0	3.597790E+5
8.140000E-3	0.000000E+0	3.592900E+5
8.160000E-3	0.000000E+0	3.600080E+5
8.180000E-3	0.000000E+0	3.595920E+5
8.200000E-3	0.000000E+0	3.600190E+5
8.220000E-3	0.000000E+0	3.596090E+5
8.240000E-3	0.000000E+0	3.600100E+5
8.260000E-3	0.000000E+0	3.613870E+5
8.280000E-3	0.000000E+0	3.591870E+5
8.300000E-3	0.000000E+0	3.601430E+5
8.320000E-3	0.000000E+0	3.592180E+5
8.340000E-3	0.000000E+0	3.596610E+5
8.360000E-3	0.000000E+0	3.597870E+5
8.380000E-3	0.000000E+0	3.582520E+5
8.400000E-3	0.000000E+0	3.593540E+5
8.420000E-3	0.000000E+0	3.598770E+5
8.440000E-3	0.000000E+0	3.603050E+5
8.460000E-3	0.000000E+0	3.603070E+5
8.480000E-3	0.000000E+0	3.610490E+5
8.500000E-3	0.000000E+0	3.588880E+5
8.520000E-3	0.000000E+0	3.606180E+5
8.540000E-3	0.000000E+0	3.600610E+5
8.560000E-3	0.000000E+0	3.598160E+5
8.580000E-3	0.000000E+0	3.613170E+5
8.600000E-3	0.000000E+0	3.593910E+5
8.620000E-3	0.000000E+0	3.609160E+5
8.640000E-3	0.000000E+0	3.596550E+5
8.660000E-3	0.000000E+0	3.596660E+5
8.680000E-3	0.000000E+0	3.599500E+5
8.700000E-3	0.000000E+0	3.582800E+5
8.720000E-3	0.000000E+0	3.603680E+5
8.740000E-3	0.000000E+0	3.590460E+5
8.760000E-3	0.000000E+0	3.597700E+5
8.780000E-3	0.000000E+0	3.602240E+5
8.800000E-3	0.000000E+0	3.607080E+5
8.820000E-3	0.000000E+0	3.601150E+5
8.840000E-3	0.000000E+0	3.594730E+5
8.860000E-3	0.000000E+0	3.610260E+5
8.880000E-3	0.000000E+0	3.594850E+5
8.900000E-3	0.000000E+0	3.605310E+5
8.920000E-3	0.000000E+0	3.589570E+5
8.940000E-3	0.000000E+0	3.590810E+5
8.960000E-3	0.000000E+0	3.604100E+5
8.980000E-3	0.000000E+0	3.594980E+5
9.000000E-3	0.000000E+0	3.591150E+5
9.020000E-3	0.000000E+0	3.588360E+5
9.040000E-3	0.000000E+0	3.601530E+5
9.060000E-3	0.000000E+0	3.616300E+5
9.080000E-3	0.000000E+0	3.601110E+5
9.100000E-3	0.000000E+0	3.606140E+5
9.120000E-3	0.000000E+0	3.593930E+5
9.140000E-3	0.000000E+0	3.600330E+5
9.160000E-3	0.000000E+0	3.605040E+5
9.180000E-3	0.000000E+0	3.588620E+5
9.200000E-3	0.000000E+0	3.596260E+5
9.220000E-3	0.000000E+0	3.599220E+5
9.240000E-3	0.000000E+0	3.602500E+5
9.260000E-3	0.000000E+0	3.607390E+5
9.280000E-3	0.000000E+0	3.611840E+5
9.300000E-3	0.000000E+0	3.601200E+5
9.320000E-3	0.000000E+0	3.595510E+5
9.340000E-3	0.000000E+0	3.601510E+5
9.360000E-3	0.000000E+0	3.593890E+5
9.380000E-3	0.000000E+0	3.607970E+5
9.400000E-3	0.000000E+0	3.605950E+5
9.420000E-3	0.000000E+0	3.608700E+5
9.440000E-3	0.000000E+0	3.596900E+5
9.460000E-3	0.000000E+0	3.610230E+5
9.480000E-3	0.000000E+0	3.599260E+5
9.500000E-3	0.000000E+0	3.588230E+5
9.520000E-3	0.000000E+0	3.606530E+5
9.540000E-3	0.000000E+0	3.589540E+5
9.560000E-3	0.000000E+0	3.594750E+5
9.580000E-3	0.000000E+0	3.599890E+5
9.600000E-3	0.000000E+0	3.604330E+5
9.620000E-3	0.000000E+0	3.596410E+5
9.640000E-3	0.000000E+0	3.594110E+5
9.660000E-3	0.000000E+0	3.601090E+5
9.680000E-3	0.000000E+0	3.586650E+5
9.700000E-3	0.000000E+0	3.594190E+5
9.720000E-3	0.000000E+0	3.602200E+5
9.740000E-3	0.000000E+0	3.599750E+5
9.760000E-3	0.000000E+0	3.597090E+5
9.780000E-3	0.000000E+0	3.601810E+5
9.800000E-3	0.000000E+0	3.604100E+5
9.820000E-3	0.000000E+0	3.609470E+5
9.840000E-3	0.000000E+0	3.599110E+5
9.860000E-3	0.000000E+0	3.596570E+5
9.880000E-3	0.000000E+0	3.606870E+5
9.900000E-3	0.000000E+0	3.607220E+5
9.920000E-3	0.000000E+0	3.590230E+5
9.940000E-3	0.000000E+0	3.587670E+5
9.960000E-3	0.000000E+0	3.592340E+5
9.980000E-3	0.000000E+0	3.607110E+5
1.000000E-2	0.000000E+0	3.594180E+5
1.002000E-2	0.000000E+0	3.599120E+5
1.004000E-2	0.000000E+0	3.604550E+5
1.006000E-2	0.000000E+0	3.606480E+5
1.008000E-2	0.000000E+0	3.597450E+5
1.010000E-2	0.000000E+0	3.597390E+5
1.012000E-2	0.000000E+0	3.610010E+5
1.014000E-2	0.000000E+0	3.616170E+5
1.016000E-2	0.000000E+0	3.605260E+5
1.018000E-2	0.000000E+0	3.599250E+5
1.020000E-2	0.000000E+0	3.607520E+5
1.022000E-2	0.000000E+0	3.599120E+5
1.024000E-2	0.000000E+0	3.595860E+5
1.026000E-2	0.000000E+0	3.612230E+5
1.028000E-2	0.000000E+0	3.598620E+5
1.030000E-2	0.000000E+0	3.605300E+5
1.032000E-2	0.000000E+0	3.594300E+5
1.034000E-2	0.000000E+0	3.605770E+5
1.036000E-2	0.000000E+0	3.599940E+5
1.038000E-2	0.000000E+0	3.604470E+5
1.040000E-2	0.000000E+0	3.596370E+5
1.042000E-2	0.000000E+0	3.599860E+5
1.044000E-2	0.000000E+0	3.599060E+5
1.046000E-2	0.000000E+0	3.604590E+5
1.048000E-2	0.000000E+0	3.607010E+5
1.050000E-2	0.000000E+0	3.598690E+5
1.052000E-2	0.000000E+0	3.603650E+5
1.054000E-2	0.000000E+0	3.613540E+5
1.056000E-2	0.000000E+0	3.593990E+5
1.058000E-2	0.000000E+0	3.605900E+5
1.060000E-2	0.000000E+0	3.594820E+5
1.062000E-2	0.000000E+0	3.598000E+5
1.064000E-2	0.000000E+0	3.600670E+5
1.066000E-2	0.000000E+0	3.599510E+5
1.068000E-2	0.000000E+0	3.604520E+5
1.070000E-2	0.000000E+0	3.592180E+5
1.072000E-2	0.000000E+0	3.601030E+5
1.074000E-2	0.000000E+0	3.605890E+5
1.076000E-2	0.000000E+0	3.608920E+5
1.078000E-2	0.000000E+0	3.608500E+5
1.080000E-2	0.000000E+0	3.607800E+5
1.082000E-2	0.000000E+0	3.614410E+5
1.084000E-2	0.000000E+0	3.598740E+5
1.086000E-2	0.000000E+0	3.601730E+5
1.088000E-2	0.000000E+0	3.600890E+5
1.090000E-2	0.000000E+0	3.604750E+5
1.092000E-2	0.000000E+0	3.597660E+5
1.094000E-2	0.000000E+0	3.596480E+5
1.096000E-2	0.000000E+0	3.593830E+5
1.098000E-2	0.000000E+0	3.602500E+5
1.100000E-2	0.000000E+0	3.601040E+5
1.102000E-2	0.000000E+0	3.592330E+5
1.104000E-2	0.000000E+0	3.607480E+5
1.106000E-2	0.000000E+0	3.600870E+5
1.108000E-2	0.000000E+0	3.606830E+5
1.110000E-2	0.000000E+0	3.597320E+5
1.112000E-2	0.000000E+0	3.599650E+5
1.114000E-2	0.000000E+0	3.602970E+5
1.116000E-2	0.000000E+0	3.578680E+5
1.118000E-2	0.000000E+0	3.603420E+5
1.120000E-2	0.000000E+0	3.602990E+5
1.122000E-2	0.000000E+0	3.615070E+5
1.124000E-2	0.000000E+0	3.609460E+5
1.126000E-2	0.000000E+0	3.591540E+5
1.128000E-2	0.000000E+0	3.594270E+5
1.130000E-2	0.000000E+0	3.598950E+5
1.132000E-2	0.000000E+0	3.608520E+5
1.134000E-2	0.000000E+0	3.594360E+5
1.136000E-2	0.000000E+0	3.610430E+5
1.138000E-2	0.000000E+0	3.597660E+5
1.140000E-2	0.000000E+0	3.613720E+5
1.142000E-2	0.000000E+0	3.597960E+5
1.144000E-2	0.000000E+0	3.608180E+5
1.146000E-2	0.000000E+0	3.598720E+5
1.148000E-2	0.000000E+0	3.603870E+5
1.150000E-2	0.000000E+0	3.597690E+5
1.152000E-2	0.000000E+0	3.593840E+5
1.154000E-2	0.000000E+0	3.596910E+5
1.156000E-2	0.000000E+0	3.604760E+5
1.158000E-2	0.000000E+0	3.594250E+5
1.160000E-2	0.000000E+0	3.600130E+5
1.162000E-2	0.000000E+0	3.601210E+5
1.164000E-2	0.000000E+0	3.615960E+5
1.166000E-2	0.000000E+0	3.618750E+5
1.168000E-2	0.000000E+0	3.610150E+5
1.170000E-2	0.000000E+0	3.611470E+5
1.172000E-2	0.000000E+0	3.607690E+5
1.174000E-2	0.000000E+0	3.601810E+5
1.176000E-2	0.000000E+0	3.603950E+5
1.178000E-2	0.000000E+0	3.595910E+5
1.180000E-2	0.000000E+0	3.605320E+5
1.182000E-2	0.000000E+0	3.607270E+5
1.184000E-2	0.000000E+0	3.602110E+5
1.186000E-2	0.000000E+0	3.596960E+5
1.188000E-2	0.000000E+0	3.594070E+5
1.190000E-2	0.000000E+0	3.592720E+5
1.192000E-2	0.000000E+0	3.597050E+5
1.194000E-2	0.000000E+0	3.611540E+5
1.196000E-2	0.000000E+0	3.597180E+5
1.198000E-2	0.000000E+0	3.607740E+5
1.200000E-2	0.000000E+0	3.597610E+5
1.202000E-2	0.000000E+0	3.604600E+5
1.204000E-2	0.000000E+0	3.600120E+5
1.206000E-2	0.000000E+0	3.601840E+5
1.208000E-2	0.000000E+0	3.612000E+5
1.210000E-2	0.000000E+0	3.605060E+5
1.212000E-2	0.000000E+0	3.606460E+5
1.214000E-2	0.000000E+0	3.590430E+5
1.216000E-2	0.000000E+0	3.598370E+5
1.218000E-2	0.000000E+0	3.600750E+5
1.220000E-2	0.000000E+0	3.590910E+5
1.222000E-2	0.000000E+0	3.604100E+5
1.224000E-2	0.000000E+0	3.603080E+5
1.226000E-2	0.000000E+0	3.600990E+5
1.228000E-2	0.000000E+0	3.605420E+5
1.230000E-2	0.000000E+0	3.603970E+5
1.232000E-2	0.000000E+0	3.605680E+5
1.234000E-2	0.000000E+0	3.602710E+5
1.236000E-2	0.000000E+0	3.597170E+5
1.238000E-2	0.000000E+0	3.608480E+5
1.240000E-2	0.000000E+0	3.608990E+5
1.242000E-2	0.000000E+0	3.604790E+5
1.244000E-2	0.000000E+0	3.609920E+5
1.246000E-2	0.000000E+0	3.598430E+5
1.248000E-2	0.000000E+0	3.607100E+5
1.250000E-2	0.000000E+0	3.599060E+5
1.252000E-2	0.000000E+0	3.612790E+5
1.254000E-2	0.000000E+0	3.604010E+5
1.256000E-2	0.000000E+0	3.598870E+5
1.258000E-2	0.000000E+0	3.613860E+5
1.260000E-2	0.000000E+0	3.611410E+5
1.262000E-2	0.000000E+0	3.594650E+5
1.264000E-2	0.000000E+0	3.592650E+5
1.266000E-2	0.000000E+0	3.612450E+5
1.268000E-2	0.000000E+0	3.605990E+5
1.270000E-2	0.000000E+0	3.598740E+5
1.272000E-2	0.000000E+0	3.609600E+5
1.274000E-2	0.000000E+0	3.600130E+5
1.276000E-2	0.000000E+0	3.607350E+5
1.278000E-2	0.000000E+0	3.596290E+5
1.280000E-2	0.000000E+0	3.594910E+5
1.282000E-2	0.000000E+0	3.596680E+5
1.284000E-2	0.000000E+0	3.601820E+5
1.286000E-2	0.000000E+0	3.606510E+5
1.288000E-2	0.000000E+0	3.612840E+5
1.290000E-2	0.000000E+0	3.599480E+5
1.292000E-2	0.000000E+0	3.605120E+5
1.294000E-2	0.000000E+0	3.593200E+5
1.296000E-2	0.000000E+0	3.601080E+5
1.298000E-2	0.000000E+0	3.603450E+5
1.300000E-2	0.000000E+0	3.602960E+5
1.302000E-2	0.000000E+0	3.608360E+5
1.304000E-2	0.000000E+0	3.604210E+5
1.306000E-2	0.000000E+0	3.597720E+5
1.308000E-2	0.000000E+0	3.611340E+5
1.310000E-2	0.000000E+0	3.604060E+5
1.312000E-2	0.000000E+0	3.605760E+5
1.314000E-2	0.000000E+0	3.611780E+5
1.316000E-2	0.000000E+0	3.604780E+5
1.318000E-2	0.000000E+0	3.594440E+5
1.320000E-2	0.000000E+0	3.601970E+5
1.322000E-2	0.000000E+0	3.606320E+5
1.324000E-2	0.000000E+0	3.595300E+5
1.326000E-2	0.000000E+0	3.612260E+5
1.328000E-2	0.000000E+0	3.608950E+5
1.330000E-2	0.000000E+0	3.594780E+5
1.332000E-2	0.000000E+0	3.597070E+5
1.334000E-2	0.000000E+0	3.602530E+5
1.336000E-2	0.000000E+0	3.606690E+5
1.338000E-2	0.000000E+0	3.604640E+5
1.340000E-2	0.000000E+0	3.591190E+5
1.342000E-2	0.000000E+0	3.594150E+5
1.344000E-2	0.000000E+0	3.593400E+5
1.346000E-2	0.000000E+0	3.590820E+5
1.348000E-2	0.000000E+0	3.605570E+5
1.350000E-2	0.000000E+0	3.601030E+5
1.352000E-2	0.000000E+0	3.612530E+5
1.354000E-2	0.000000E+0	3.607890E+5
1.356000E-2	0.000000E+0	3.605370E+5
1.358000E-2	0.000000E+0	3.600230E+5
1.360000E-2	0.000000E+0	3.596760E+5
1.362000E-2	0.000000E+0	3.604200E+5
1.364000E-2	0.000000E+0	3.591170E+5
1.366000E-2	0.000000E+0	3.601480E+5
1.368000E-2	0.000000E+0	3.606910E+5
1.370000E-2	0.000000E+0	3.607030E+5
1.372000E-2	0.000000E+0	3.598430E+5
1.374000E-2	0.000000E+0	3.600050E+5
1.376000E-2	0.000000E+0	3.596850E+5
1.378000E-2	0.000000E+0	3.594570E+5
1.380000E-2	0.000000E+0	3.603470E+5
1.382000E-2	0.000000E+0	3.594140E+5
1.384000E-2	0.000000E+0	3.596230E+5
1.386000E-2	0.000000E+0	3.601920E+5
1.388000E-2	0.000000E+0	3.600590E+5
1.390000E-2	0.000000E+0	3.604610E+5
1.392000E-2	0.000000E+0	3.613590E+5
1.394000E-2	0.000000E+0	3.600130E+5
1.396000E-2	0.000000E+0	3.603580E+5
1.398000E-2	0.000000E+0	3.610530E+5
1.400000E-2	0.000000E+0	3.608420E+5
1.402000E-2	0.000000E+0	3.596940E+5
1.404000E-2	0.000000E+0	3.613460E+5
1.406000E-2	0.000000E+0	3.598500E+5
1.408000E-2	0.000000E+0	3.598170E+5
1.410000E-2	0.000000E+0	3.600150E+5
1.412000E-2	0.000000E+0	3.601020E+5
1.414000E-2	0.000000E+0	3.598950E+5
1.416000E-2	0.000000E+0	3.595690E+5
1.418000E-2	0.000000E+0	3.599830E+5
1.420000E-2	0.000000E+0	3.602320E+5
1.422000E-2	0.000000E+0	3.600340E+5
1.424000E-2	0.000000E+0	3.588620E+5
1.426000E-2	0.000000E+0	3.588860E+5
1.428000E-2	0.000000E+0	3.596620E+5
1.430000E-2	0.000000E+0	3.599860E+5
1.432000E-2	0.000000E+0	3.604180E+5
1.434000E-2	0.000000E+0	3.596320E+5
1.436000E-2	0.000000E+0	3.603430E+5
1.438000E-2	0.000000E+0	3.602740E+5
1.440000E-2	0.000000E+0	3.609480E+5
1.442000E-2	0.000000E+0	3.600330E+5
1.444000E-2	0.000000E+0	3.589230E+5
1.446000E-2	0.000000E+0	3.604850E+5
1.448000E-2	0.000000E+0	3.604760E+5
1.450000E-2	0.000000E+0	3.601200E+5
1.452000E-2	0.000000E+0	3.602410E+5
1.454000E-2	0.000000E+0	3.598420E+5
1.456000E-2	0.000000E+0	3.607220E+5
1.458000E-2	0.000000E+0	3.592920E+5
1.460000E-2	0.000000E+0	3.611000E+5
1.462000E-2	0.000000E+0	3.588370E+5
1.464000E-2	0.000000E+0	3.606800E+5
1.466000E-2	0.000000E+0	3.599590E+5
1.468000E-2	0.000000E+0	3.608660E+5
1.470000E-2	0.000000E+0	3.598510E+5
1.472000E-2	0.000000E+0	3.594470E+5
1.474000E-2	0.000000E+0	3.599990E+5
1.476000E-2	0.000000E+0	3.611210E+5
1.478000E-2	0.000000E+0	3.609290E+5
1.480000E-2	0.000000E+0	3.598150E+5
1.482000E-2	0.000000E+0	3.590800E+5
1.484000E-2	0.000000E+0	3.609860E+5
1.486000E-2	0.000000E+0	3.597130E+5
1.488000E-2	0.000000E+0	3.593740E+5
1.490000E-2	0.000000E+0	3.587930E+5
1.492000E-2	0.000000E+0	3.582870E+5
1.494000E-2	0.000000E+0	3.566040E+5
1.496000E-2	0.000000E+0	3.557600E+5
1.498000E-2	0.000000E+0	3.560520E+5
1.500000E-2	0.000000E+0	3.551100E+5
1.502000E-2	0.000000E+0	3.546260E+5
1.504000E-2	0.000000E+0	3.535820E+5
1.506000E-2	0.000000E+0	3.535120E+5
1.508000E-2	0.000000E+0	3.525580E+5
1.510000E-2	0.000000E+0	3.511460E+5
1.512000E-2	0.000000E+0	3.503850E+5
1.514000E-2	0.000000E+0	3.505430E+5
1.516000E-2	0.000000E+0	3.508900E+5
1.518000E-2	0.000000E+0	3.515810E+5
1.520000E-2	0.000000E+0	3.525720E+5
1.522000E-2	0.000000E+0	3.540550E+5
1.524000E-2	0.000000E+0	3.561290E+5
1.526000E-2	0.000000E+0	3.563170E+5
1.528000E-2	0.000000E+0	3.581030E+5
1.530000E-2	0.000000E+0	3.573370E+5
1.532000E-2	0.000000E+0	3.583780E+5
1.534000E-2	0.000000E+0	3.592990E+5
1.536000E-2	0.000000E+0	3.585970E+5
1.538000E-2	0.000000E+0	3.600640E+5
1.540000E-2	0.000000E+0	3.593490E+5
1.542000E-2	0.000000E+0	3.594380E+5
1.544000E-2	0.000000E+0	3.590130E+5
1.546000E-2	0.000000E+0	3.592000E+5
1.548000E-2	0.000000E+0	3.591700E+5
1.550000E-2	0.000000E+0	3.587170E+5
1.552000E-2	0.000000E+0	3.597520E+5
1.554000E-2	0.000000E+0	3.587560E+5
1.556000E-2	0.000000E+0	3.569120E+5
1.558000E-2	0.000000E+0	3.561380E+5
1.560000E-2	0.000000E+0	3.568720E+5
1.562000E-2	0.000000E+0	3.553820E+5
1.564000E-2	0.000000E+0	3.546050E+5
1.566000E-2	0.000000E+0	3.537370E+5
1.568000E-2	0.000000E+0	3.532120E+5
1.570000E-2	0.000000E+0	3.530730E+5
1.572000E-2	0.000000E+0	3.523400E+5
1.574000E-2	0.000000E+0	3.517520E+5
1.576000E-2	0.000000E+0	3.513300E+5
1.578000E-2	0.000000E+0	3.489740E+5
1.580000E-2	0.000000E+0	3.505950E+5
1.582000E-2	0.000000E+0	3.509740E+5
1.584000E-2	0.000000E+0	3.522660E+5
1.586000E-2	0.000000E+0	3.534420E+5
1.588000E-2	0.000000E+0	3.551030E+5
1.590000E-2	0.000000E+0	3.557910E+5
1.592000E-2	0.000000E+0	3.564160E+5
1.594000E-2	0.000000E+0	3.566480E+5
1.596000E-2	0.000000E+0	3.580310E+5
1.598000E-2	0.000000E+0	3.594350E+5
1.600000E-2	0.000000E+0	3.605580E+5
1.602000E-2	0.000000E+0	3.596650E+5
1.604000E-2	0.000000E+0	3.591680E+5
1.606000E-2	0.000000E+0	3.590510E+5
1.608000E-2	0.000000E+0	3.594940E+5
1.610000E-2	0.000000E+0	3.603950E+5
1.612000E-2	0.000000E+0	3.602690E+5
1.614000E-2	0.000000E+0	3.600770E+5
1.616000E-2	0.000000E+0	3.606850E+5
1.618000E-2	0.000000E+0	3.599210E+5
1.620000E-2	0.000000E+0	3.597250E+5
1.622000E-2	0.000000E+0	3.595980E+5
1.624000E-2	0.000000E+0	3.594810E+5
1.626000E-2	0.000000E+0	3.598210E+5
1.628000E-2	0.000000E+0	3.613670E+5
1.630000E-2	0.000000E+0	3.598890E+5
1.632000E-2	0.000000E+0	3.605240E+5
1.634000E-2	0.000000E+0	3.606090E+5
1.636000E-2	0.000000E+0	3.611370E+5
1.638000E-2	0.000000E+0	3.604110E+5
1.640000E-2	0.000000E+0	3.601470E+5
1.642000E-2	0.000000E+0	3.599000E+5
1.644000E-2	0.000000E+0	3.596800E+5
1.646000E-2	0.000000E+0	3.602600E+5
1.648000E-2	0.000000E+0	3.589840E+5
1.650000E-2	0.000000E+0	3.601790E+5
1.652000E-2	0.000000E+0	3.609850E+5
1.654000E-2	0.000000E+0	3.599740E+5
1.656000E-2	0.000000E+0	3.598000E+5
1.658000E-2	0.000000E+0	3.603290E+5
1.660000E-2	0.000000E+0	3.604390E+5
1.662000E-2	0.000000E+0	3.597500E+5
1.664000E-2	0.000000E+0	3.603480E+5
1.666000E-2	0.000000E+0	3.603110E+5
1.668000E-2	0.000000E+0	3.592610E+5
1.670000E-2	0.000000E+0	3.596770E+5
1.672000E-2	0.000000E+0	3.604030E+5
1.674000E-2	0.000000E+0	3.594810E+5
1.676000E-2	0.000000E+0	3.596050E+5
1.678000E-2	0.000000E+0	3.589820E+5
1.680000E-2	0.000000E+0	3.603720E+5
1.682000E-2	0.000000E+0	3.598460E+5
1.684000E-2	0.000000E+0	3.605870E+5
1.686000E-2	0.000000E+0	3.610870E+5
1.688000E-2	0.000000E+0	3.603010E+5
1.690000E-2	0.000000E+0	3.597010E+5
1.692000E-2	0.000000E+0	3.603000E+5
1.694000E-2	0.000000E+0	3.597500E+5
1.696000E-2	0.000000E+0	3.589720E+5
1.698000E-2	0.000000E+0	3.592590E+5
1.700000E-2	0.000000E+0	3.600930E+5
1.702000E-2	0.000000E+0	3.604640E+5
1.704000E-2	0.000000E+0	3.604690E+5
1.706000E-2	0.000000E+0	3.616220E+5
1.708000E-2	0.000000E+0	3.601390E+5
1.710000E-2	0.000000E+0	3.603330E+5
1.712000E-2	0.000000E+0	3.600510E+5
1.714000E-2	0.000000E+0	3.597190E+5
1.716000E-2	0.000000E+0	3.605670E+5
1.718000E-2	0.000000E+0	3.599730E+5
1.720000E-2	0.000000E+0	3.606840E+5
1.722000E-2	0.000000E+0	3.609660E+5
1.724000E-2	0.000000E+0	3.600480E+5
1.726000E-2	0.000000E+0	3.596380E+5
1.728000E-2	0.000000E+0	3.597900E+5
1.730000E-2	0.000000E+0	3.599030E+5
1.732000E-2	0.000000E+0	3.594260E+5
1.734000E-2	0.000000E+0	3.599800E+5
1.736000E-2	0.000000E+0	3.612450E+5
1.738000E-2	0.000000E+0	3.611220E+5
1.740000E-2	0.000000E+0	3.604300E+5
1.742000E-2	0.000000E+0	3.588040E+5
1.744000E-2	0.000000E+0	3.605320E+5
1.746000E-2	0.000000E+0	3.603370E+5
1.748000E-2	0.000000E+0	3.602160E+5
1.750000E-2	0.000000E+0	3.600000E+5
1.752000E-2	0.000000E+0	3.606110E+5
1.754000E-2	0.000000E+0	3.593140E+5
1.756000E-2	0.000000E+0	3.595270E+5
1.758000E-2	0.000000E+0	3.607770E+5
1.760000E-2	0.000000E+0	3.602040E+5
1.762000E-2	0.000000E+0	3.605670E+5
1.764000E-2	0.000000E+0	3.609300E+5
1.766000E-2	0.000000E+0	3.604020E+5
1.768000E-2	0.000000E+0	3.605430E+5
1.770000E-2	0.000000E+0	3.601470E+5
1.772000E-2	0.000000E+0	3.614690E+5
1.774000E-2	0.000000E+0	3.600550E+5
1.776000E-2	0.000000E+0	3.596200E+5
1.778000E-2	0.000000E+0	3.607820E+5
1.780000E-2	0.000000E+0	3.598480E+5
1.782000E-2	0.000000E+0	3.602250E+5
1.784000E-2	0.000000E+0	3.595520E+5
1.786000E-2	0.000000E+0	3.603500E+5
1.788000E-2	0.000000E+0	3.597420E+5
1.790000E-2	0.000000E+0	3.605290E+5
1.792000E-2	0.000000E+0	3.596370E+5
1.794000E-2	0.000000E+0	3.603940E+5
1.796000E-2	0.000000E+0	3.607500E+5
1.798000E-2	0.000000E+0	3.609910E+5
1.800000E-2	0.000000E+0	3.594060E+5
1.802000E-2	0.000000E+0	3.599350E+5
1.804000E-2	0.000000E+0	3.595220E+5
1.806000E-2	0.000000E+0	3.599530E+5
1.808000E-2	0.000000E+0	3.599370E+5
1.810000E-2	0.000000E+0	3.605870E+5
1.812000E-2	0.000000E+0	3.608870E+5
1.814000E-2	0.000000E+0	3.609820E+5
1.816000E-2	0.000000E+0	3.609890E+5
1.818000E-2	0.000000E+0	3.598470E+5
1.820000E-2	0.000000E+0	3.610770E+5
1.822000E-2	0.000000E+0	3.596520E+5
1.824000E-2	0.000000E+0	3.602330E+5
1.826000E-2	0.000000E+0	3.606040E+5
1.828000E-2	0.000000E+0	3.599730E+5
1.830000E-2	0.000000E+0	3.595570E+5
1.832000E-2	0.000000E+0	3.602730E+5
1.834000E-2	0.000000E+0	3.596080E+5
1.836000E-2	0.000000E+0	3.609160E+5
1.838000E-2	0.000000E+0	3.600220E+5
1.840000E-2	0.000000E+0	3.597940E+5
1.842000E-2	0.000000E+0	3.598460E+5
1.844000E-2	0.000000E+0	3.598260E+5
1.846000E-2	0.000000E+0	3.591140E+5
1.848000E-2	0.000000E+0	3.610360E+5
1.850000E-2	0.000000E+0	3.607180E+5
1.852000E-2	0.000000E+0	3.609770E+5
1.854000E-2	0.000000E+0	3.614220E+5
1.856000E-2	0.000000E+0	3.593560E+5
1.858000E-2	0.000000E+0	3.598530E+5
1.860000E-2	0.000000E+0	3.605370E+5
1.862000E-2	0.000000E+0	3.599020E+5
1.864000E-2	0.000000E+0	3.592410E+5
1.866000E-2	0.000000E+0	3.603220E+5
1.868000E-2	0.000000E+0	3.595440E+5
1.870000E-2	0.000000E+0	3.602800E+5
1.872000E-2	0.000000E+0	3.609990E+5
1.874000E-2	0.000000E+0	3.587070E+5
1.876000E-2	0.000000E+0	3.599510E+5
1.878000E-2	0.000000E+0	3.599400E+5
1.880000E-2	0.000000E+0	3.599610E+5
1.882000E-2	0.000000E+0	3.599240E+5
1.884000E-2	0.000000E+0	3.603940E+5
1.886000E-2	0.000000E+0	3.606930E+5
1.888000E-2	0.000000E+0	3.594600E+5
1.890000E-2	0.000000E+0	3.595450E+5
1.892000E-2	0.000000E+0	3.613270E+5
1.894000E-2	0.000000E+0	3.601550E+5
1.896000E-2	0.000000E+0	3.603620E+5
1.898000E-2	0.000000E+0	3.602330E+5
1.900000E-2	0.000000E+0	3.595390E+5
1.902000E-2	0.000000E+0	3.599250E+5
1.904000E-2	0.000000E+0	3.603160E+5
1.906000E-2	0.000000E+0	3.605100E+5
1.908000E-2	0.000000E+0	3.603110E+5
1.910000E-2	0.000000E+0	3.590420E+5
1.912000E-2	0.000000E+0	3.595970E+5
1.914000E-2	0.000000E+0	3.601500E+5
1.916000E-2	0.000000E+0	3.590060E+5
1.918000E-2	0.000000E+0	3.595620E+5
1.920000E-2	0.000000E+0	3.605650E+5
1.922000E-2	0.000000E+0	3.598580E+5
1.924000E-2	0.000000E+0	3.598840E+5
1.926000E-2	0.000000E+0	3.607330E+5
1.928000E-2	0.000000E+0	3.610530E+5
1.930000E-2	0.000000E+0	3.599050E+5
1.932000E-2	0.000000E+0	3.596840E+5
1.934000E-2	0.000000E+0	3.602860E+5
1.936000E-2	0.000000E+0	3.597110E+5
1.938000E-2	0.000000E+0	3.606690E+5
1.940000E-2	0.000000E+0	3.592260E+5
1.942000E-2	0.000000E+0	3.615700E+5
1.944000E-2	0.000000E+0	3.609090E+5
1.946000E-2	0.000000E+0	3.593780E+5
1.948000E-2	0.000000E+0	3.603920E+5
1.950000E-2	0.000000E+0	3.601500E+5
1.952000E-2	0.000000E+0	3.609950E+5
1.954000E-2	0.000000E+0	3.604140E+5
1.956000E-2	0.000000E+0	3.606960E+5
1.958000E-2	0.000000E+0	3.602970E+5
1.960000E-2	0.000000E+0	3.604520E+5
1.962000E-2	0.000000E+0	3.596140E+5
1.964000E-2	0.000000E+0	3.608650E+5
1.966000E-2	0.000000E+0	3.604080E+5
1.968000E-2	0.000000E+0	3.599480E+5
1.970000E-2	0.000000E+0	3.601020E+5
1.972000E-2	0.000000E+0	3.602980E+5
1.974000E-2	0.000000E+0	3.603890E+5
1.976000E-2	0.000000E+0	3.590390E+5
1.978000E-2	0.000000E+0	3.598270E+5
1.980000E-2	0.000000E+0	3.606150E+5
1.982000E-2	0.000000E+0	3.599720E+5
1.984000E-2	0.000000E+0	3.604360E+5
1.986000E-2	0.000000E+0	3.595800E+5
1.988000E-2	0.000000E+0	3.590830E+5
1.990000E-2	0.000000E+0	3.600740E+5
1.992000E-2	0.000000E+0	3.595960E+5
1.994000E-2	0.000000E+0	3.610480E+5
1.996000E-2	0.000000E+0	3.592390E+5
1.998000E-2	0.000000E+0	3.604030E+5
