

live time:  252675.280000
real time:  352800.223000
sweeps:  12633764.000000
0.000000E+0	0.000000E+0	0.000000E+0
2.000000E-5	0.000000E+0	5.530220E+5
4.000000E-5	0.000000E+0	5.534560E+5
6.000000E-5	0.000000E+0	5.529410E+5
8.000000E-5	0.000000E+0	5.544050E+5
1.000000E-4	0.000000E+0	5.520020E+5
1.200000E-4	0.000000E+0	5.538270E+5
1.400000E-4	0.000000E+0	5.537190E+5
1.600000E-4	0.000000E+0	5.541020E+5
1.800000E-4	0.000000E+0	5.537900E+5
2.000000E-4	0.000000E+0	5.536250E+5
2.200000E-4	0.000000E+0	5.540830E+5
2.400000E-4	0.000000E+0	5.521640E+5
2.600000E-4	0.000000E+0	5.528640E+5
2.800000E-4	0.000000E+0	5.528020E+5
3.000000E-4	0.000000E+0	5.546670E+5
3.200000E-4	0.000000E+0	5.531800E+5
3.400000E-4	0.000000E+0	5.522650E+5
3.600000E-4	0.000000E+0	5.540300E+5
3.800000E-4	0.000000E+0	5.524300E+5
4.000000E-4	0.000000E+0	5.521880E+5
4.200000E-4	0.000000E+0	5.529800E+5
4.400000E-4	0.000000E+0	5.528750E+5
4.600000E-4	0.000000E+0	5.544330E+5
4.800000E-4	0.000000E+0	5.525370E+5
5.000000E-4	0.000000E+0	5.530890E+5
5.200000E-4	0.000000E+0	5.536420E+5
5.400000E-4	0.000000E+0	5.528250E+5
5.600000E-4	0.000000E+0	5.520390E+5
5.800000E-4	0.000000E+0	5.532960E+5
6.000000E-4	0.000000E+0	5.541930E+5
6.200000E-4	0.000000E+0	5.527870E+5
6.400000E-4	0.000000E+0	5.535430E+5
6.600000E-4	0.000000E+0	5.521370E+5
6.800000E-4	0.000000E+0	5.522980E+5
7.000000E-4	0.000000E+0	5.535610E+5
7.200000E-4	0.000000E+0	5.544020E+5
7.400000E-4	0.000000E+0	5.526800E+5
7.600000E-4	0.000000E+0	5.526890E+5
7.800000E-4	0.000000E+0	5.521790E+5
8.000000E-4	0.000000E+0	5.536590E+5
8.200000E-4	0.000000E+0	5.525760E+5
8.400000E-4	0.000000E+0	5.526150E+5
8.600000E-4	0.000000E+0	5.533840E+5
8.800000E-4	0.000000E+0	5.520560E+5
9.000000E-4	0.000000E+0	5.547050E+5
9.200000E-4	0.000000E+0	5.525010E+5
9.400000E-4	0.000000E+0	5.535280E+5
9.600000E-4	0.000000E+0	5.522890E+5
9.800000E-4	0.000000E+0	5.542530E+5
1.000000E-3	0.000000E+0	5.530090E+5
1.020000E-3	0.000000E+0	5.527830E+5
1.040000E-3	0.000000E+0	5.530340E+5
1.060000E-3	0.000000E+0	5.529490E+5
1.080000E-3	0.000000E+0	5.527350E+5
1.100000E-3	0.000000E+0	5.531960E+5
1.120000E-3	0.000000E+0	5.536920E+5
1.140000E-3	0.000000E+0	5.517690E+5
1.160000E-3	0.000000E+0	5.526790E+5
1.180000E-3	0.000000E+0	5.524250E+5
1.200000E-3	0.000000E+0	5.535280E+5
1.220000E-3	0.000000E+0	5.542980E+5
1.240000E-3	0.000000E+0	5.536840E+5
1.260000E-3	0.000000E+0	5.534460E+5
1.280000E-3	0.000000E+0	5.534450E+5
1.300000E-3	0.000000E+0	5.516940E+5
1.320000E-3	0.000000E+0	5.542190E+5
1.340000E-3	0.000000E+0	5.532220E+5
1.360000E-3	0.000000E+0	5.523630E+5
1.380000E-3	0.000000E+0	5.536480E+5
1.400000E-3	0.000000E+0	5.529940E+5
1.420000E-3	0.000000E+0	5.535880E+5
1.440000E-3	0.000000E+0	5.529590E+5
1.460000E-3	0.000000E+0	5.523030E+5
1.480000E-3	0.000000E+0	5.535730E+5
1.500000E-3	0.000000E+0	5.529220E+5
1.520000E-3	0.000000E+0	5.521180E+5
1.540000E-3	0.000000E+0	5.535850E+5
1.560000E-3	0.000000E+0	5.527420E+5
1.580000E-3	0.000000E+0	5.536160E+5
1.600000E-3	0.000000E+0	5.527270E+5
1.620000E-3	0.000000E+0	5.526020E+5
1.640000E-3	0.000000E+0	5.520880E+5
1.660000E-3	0.000000E+0	5.532810E+5
1.680000E-3	0.000000E+0	5.532710E+5
1.700000E-3	0.000000E+0	5.518020E+5
1.720000E-3	0.000000E+0	5.537940E+5
1.740000E-3	0.000000E+0	5.542690E+5
1.760000E-3	0.000000E+0	5.531560E+5
1.780000E-3	0.000000E+0	5.544200E+5
1.800000E-3	0.000000E+0	5.542550E+5
1.820000E-3	0.000000E+0	5.524960E+5
1.840000E-3	0.000000E+0	5.520810E+5
1.860000E-3	0.000000E+0	5.528100E+5
1.880000E-3	0.000000E+0	5.529410E+5
1.900000E-3	0.000000E+0	5.519690E+5
1.920000E-3	0.000000E+0	5.530810E+5
1.940000E-3	0.000000E+0	5.527030E+5
1.960000E-3	0.000000E+0	5.532880E+5
1.980000E-3	0.000000E+0	5.535850E+5
2.000000E-3	0.000000E+0	5.523310E+5
2.020000E-3	0.000000E+0	5.527220E+5
2.040000E-3	0.000000E+0	5.526710E+5
2.060000E-3	0.000000E+0	5.542670E+5
2.080000E-3	0.000000E+0	5.544530E+5
2.100000E-3	0.000000E+0	5.538980E+5
2.120000E-3	0.000000E+0	5.537540E+5
2.140000E-3	0.000000E+0	5.517630E+5
2.160000E-3	0.000000E+0	5.522650E+5
2.180000E-3	0.000000E+0	5.532090E+5
2.200000E-3	0.000000E+0	5.541370E+5
2.220000E-3	0.000000E+0	5.539420E+5
2.240000E-3	0.000000E+0	5.527790E+5
2.260000E-3	0.000000E+0	5.534960E+5
2.280000E-3	0.000000E+0	5.531950E+5
2.300000E-3	0.000000E+0	5.538340E+5
2.320000E-3	0.000000E+0	5.527810E+5
2.340000E-3	0.000000E+0	5.530660E+5
2.360000E-3	0.000000E+0	5.530910E+5
2.380000E-3	0.000000E+0	5.551610E+5
2.400000E-3	0.000000E+0	5.515620E+5
2.420000E-3	0.000000E+0	5.526760E+5
2.440000E-3	0.000000E+0	5.527160E+5
2.460000E-3	0.000000E+0	5.535990E+5
2.480000E-3	0.000000E+0	5.546680E+5
2.500000E-3	0.000000E+0	5.529980E+5
2.520000E-3	0.000000E+0	5.534250E+5
2.540000E-3	0.000000E+0	5.522150E+5
2.560000E-3	0.000000E+0	5.532280E+5
2.580000E-3	0.000000E+0	5.526930E+5
2.600000E-3	0.000000E+0	5.541100E+5
2.620000E-3	0.000000E+0	5.529930E+5
2.640000E-3	0.000000E+0	5.515290E+5
2.660000E-3	0.000000E+0	5.540410E+5
2.680000E-3	0.000000E+0	5.528650E+5
2.700000E-3	0.000000E+0	5.535920E+5
2.720000E-3	0.000000E+0	5.514700E+5
2.740000E-3	0.000000E+0	5.527170E+5
2.760000E-3	0.000000E+0	5.527440E+5
2.780000E-3	0.000000E+0	5.529340E+5
2.800000E-3	0.000000E+0	5.535440E+5
2.820000E-3	0.000000E+0	5.525140E+5
2.840000E-3	0.000000E+0	5.519950E+5
2.860000E-3	0.000000E+0	5.537790E+5
2.880000E-3	0.000000E+0	5.528540E+5
2.900000E-3	0.000000E+0	5.527910E+5
2.920000E-3	0.000000E+0	5.517440E+5
2.940000E-3	0.000000E+0	5.530870E+5
2.960000E-3	0.000000E+0	5.531220E+5
2.980000E-3	0.000000E+0	5.527430E+5
3.000000E-3	0.000000E+0	5.529770E+5
3.020000E-3	0.000000E+0	5.532690E+5
3.040000E-3	0.000000E+0	5.539860E+5
3.060000E-3	0.000000E+0	5.550050E+5
3.080000E-3	0.000000E+0	5.524890E+5
3.100000E-3	0.000000E+0	5.522980E+5
3.120000E-3	0.000000E+0	5.533740E+5
3.140000E-3	0.000000E+0	5.538880E+5
3.160000E-3	0.000000E+0	5.521010E+5
3.180000E-3	0.000000E+0	5.532670E+5
3.200000E-3	0.000000E+0	5.528320E+5
3.220000E-3	0.000000E+0	5.533750E+5
3.240000E-3	0.000000E+0	5.543070E+5
3.260000E-3	0.000000E+0	5.533490E+5
3.280000E-3	0.000000E+0	5.532970E+5
3.300000E-3	0.000000E+0	5.527080E+5
3.320000E-3	0.000000E+0	5.533930E+5
3.340000E-3	0.000000E+0	5.523490E+5
3.360000E-3	0.000000E+0	5.528990E+5
3.380000E-3	0.000000E+0	5.517280E+5
3.400000E-3	0.000000E+0	5.526160E+5
3.420000E-3	0.000000E+0	5.546070E+5
3.440000E-3	0.000000E+0	5.526220E+5
3.460000E-3	0.000000E+0	5.534790E+5
3.480000E-3	0.000000E+0	5.522770E+5
3.500000E-3	0.000000E+0	5.532290E+5
3.520000E-3	0.000000E+0	5.519450E+5
3.540000E-3	0.000000E+0	5.529650E+5
3.560000E-3	0.000000E+0	5.530560E+5
3.580000E-3	0.000000E+0	5.525330E+5
3.600000E-3	0.000000E+0	5.523660E+5
3.620000E-3	0.000000E+0	5.507360E+5
3.640000E-3	0.000000E+0	5.540480E+5
3.660000E-3	0.000000E+0	5.527870E+5
3.680000E-3	0.000000E+0	5.528450E+5
3.700000E-3	0.000000E+0	5.525010E+5
3.720000E-3	0.000000E+0	5.524710E+5
3.740000E-3	0.000000E+0	5.526290E+5
3.760000E-3	0.000000E+0	5.526880E+5
3.780000E-3	0.000000E+0	5.518830E+5
3.800000E-3	0.000000E+0	5.519970E+5
3.820000E-3	0.000000E+0	5.523250E+5
3.840000E-3	0.000000E+0	5.527380E+5
3.860000E-3	0.000000E+0	5.526790E+5
3.880000E-3	0.000000E+0	5.517790E+5
3.900000E-3	0.000000E+0	5.531080E+5
3.920000E-3	0.000000E+0	5.547920E+5
3.940000E-3	0.000000E+0	5.534410E+5
3.960000E-3	0.000000E+0	5.535970E+5
3.980000E-3	0.000000E+0	5.533670E+5
4.000000E-3	0.000000E+0	5.523880E+5
4.020000E-3	0.000000E+0	5.538220E+5
4.040000E-3	0.000000E+0	5.528070E+5
4.060000E-3	0.000000E+0	5.531550E+5
4.080000E-3	0.000000E+0	5.531400E+5
4.100000E-3	0.000000E+0	5.529630E+5
4.120000E-3	0.000000E+0	5.529210E+5
4.140000E-3	0.000000E+0	5.520780E+5
4.160000E-3	0.000000E+0	5.529810E+5
4.180000E-3	0.000000E+0	5.518820E+5
4.200000E-3	0.000000E+0	5.535180E+5
4.220000E-3	0.000000E+0	5.527340E+5
4.240000E-3	0.000000E+0	5.522680E+5
4.260000E-3	0.000000E+0	5.520890E+5
4.280000E-3	0.000000E+0	5.534250E+5
4.300000E-3	0.000000E+0	5.531650E+5
4.320000E-3	0.000000E+0	5.523880E+5
4.340000E-3	0.000000E+0	5.525210E+5
4.360000E-3	0.000000E+0	5.531380E+5
4.380000E-3	0.000000E+0	5.523470E+5
4.400000E-3	0.000000E+0	5.537830E+5
4.420000E-3	0.000000E+0	5.527510E+5
4.440000E-3	0.000000E+0	5.525270E+5
4.460000E-3	0.000000E+0	5.529570E+5
4.480000E-3	0.000000E+0	5.518140E+5
4.500000E-3	0.000000E+0	5.528010E+5
4.520000E-3	0.000000E+0	5.524000E+5
4.540000E-3	0.000000E+0	5.514080E+5
4.560000E-3	0.000000E+0	5.523020E+5
4.580000E-3	0.000000E+0	5.530760E+5
4.600000E-3	0.000000E+0	5.529890E+5
4.620000E-3	0.000000E+0	5.521100E+5
4.640000E-3	0.000000E+0	5.528000E+5
4.660000E-3	0.000000E+0	5.533850E+5
4.680000E-3	0.000000E+0	5.524900E+5
4.700000E-3	0.000000E+0	5.532150E+5
4.720000E-3	0.000000E+0	5.526950E+5
4.740000E-3	0.000000E+0	5.520350E+5
4.760000E-3	0.000000E+0	5.534560E+5
4.780000E-3	0.000000E+0	5.513010E+5
4.800000E-3	0.000000E+0	5.517720E+5
4.820000E-3	0.000000E+0	5.513890E+5
4.840000E-3	0.000000E+0	5.512400E+5
4.860000E-3	0.000000E+0	5.496950E+5
4.880000E-3	0.000000E+0	5.486580E+5
4.900000E-3	0.000000E+0	5.484290E+5
4.920000E-3	0.000000E+0	5.450910E+5
4.940000E-3	0.000000E+0	5.445890E+5
4.960000E-3	0.000000E+0	5.441110E+5
4.980000E-3	0.000000E+0	5.445620E+5
5.000000E-3	0.000000E+0	5.425250E+5
5.020000E-3	0.000000E+0	5.407020E+5
5.040000E-3	0.000000E+0	5.385980E+5
5.060000E-3	0.000000E+0	5.366130E+5
5.080000E-3	0.000000E+0	5.376790E+5
5.100000E-3	0.000000E+0	5.380280E+5
5.120000E-3	0.000000E+0	5.375410E+5
5.140000E-3	0.000000E+0	5.393800E+5
5.160000E-3	0.000000E+0	5.421370E+5
5.180000E-3	0.000000E+0	5.429330E+5
5.200000E-3	0.000000E+0	5.444160E+5
5.220000E-3	0.000000E+0	5.464680E+5
5.240000E-3	0.000000E+0	5.457710E+5
5.260000E-3	0.000000E+0	5.495510E+5
5.280000E-3	0.000000E+0	5.470650E+5
5.300000E-3	0.000000E+0	5.495720E+5
5.320000E-3	0.000000E+0	5.507710E+5
5.340000E-3	0.000000E+0	5.517130E+5
5.360000E-3	0.000000E+0	5.518880E+5
5.380000E-3	0.000000E+0	5.511330E+5
5.400000E-3	0.000000E+0	5.528610E+5
5.420000E-3	0.000000E+0	5.520260E+5
5.440000E-3	0.000000E+0	5.513950E+5
5.460000E-3	0.000000E+0	5.505630E+5
5.480000E-3	0.000000E+0	5.506280E+5
5.500000E-3	0.000000E+0	5.508320E+5
5.520000E-3	0.000000E+0	5.485280E+5
5.540000E-3	0.000000E+0	5.484610E+5
5.560000E-3	0.000000E+0	5.453030E+5
5.580000E-3	0.000000E+0	5.450740E+5
5.600000E-3	0.000000E+0	5.434910E+5
5.620000E-3	0.000000E+0	5.436670E+5
5.640000E-3	0.000000E+0	5.442090E+5
5.660000E-3	0.000000E+0	5.420640E+5
5.680000E-3	0.000000E+0	5.413660E+5
5.700000E-3	0.000000E+0	5.383050E+5
5.720000E-3	0.000000E+0	5.382100E+5
5.740000E-3	0.000000E+0	5.391380E+5
5.760000E-3	0.000000E+0	5.395220E+5
5.780000E-3	0.000000E+0	5.402170E+5
5.800000E-3	0.000000E+0	5.421780E+5
5.820000E-3	0.000000E+0	5.439320E+5
5.840000E-3	0.000000E+0	5.454220E+5
5.860000E-3	0.000000E+0	5.455400E+5
5.880000E-3	0.000000E+0	5.476770E+5
5.900000E-3	0.000000E+0	5.494080E+5
5.920000E-3	0.000000E+0	5.512810E+5
5.940000E-3	0.000000E+0	5.506550E+5
5.960000E-3	0.000000E+0	5.508370E+5
5.980000E-3	0.000000E+0	5.524340E+5
6.000000E-3	0.000000E+0	5.517460E+5
6.020000E-3	0.000000E+0	5.516890E+5
6.040000E-3	0.000000E+0	5.521720E+5
6.060000E-3	0.000000E+0	5.523140E+5
6.080000E-3	0.000000E+0	5.525970E+5
6.100000E-3	0.000000E+0	5.510590E+5
6.120000E-3	0.000000E+0	5.522350E+5
6.140000E-3	0.000000E+0	5.524730E+5
6.160000E-3	0.000000E+0	5.515650E+5
6.180000E-3	0.000000E+0	5.534350E+5
6.200000E-3	0.000000E+0	5.523190E+5
6.220000E-3	0.000000E+0	5.528530E+5
6.240000E-3	0.000000E+0	5.518900E+5
6.260000E-3	0.000000E+0	5.527490E+5
6.280000E-3	0.000000E+0	5.538710E+5
6.300000E-3	0.000000E+0	5.538030E+5
6.320000E-3	0.000000E+0	5.531320E+5
6.340000E-3	0.000000E+0	5.525540E+5
6.360000E-3	0.000000E+0	5.525470E+5
6.380000E-3	0.000000E+0	5.539800E+5
6.400000E-3	0.000000E+0	5.525020E+5
6.420000E-3	0.000000E+0	5.513920E+5
6.440000E-3	0.000000E+0	5.548040E+5
6.460000E-3	0.000000E+0	5.518170E+5
6.480000E-3	0.000000E+0	5.522870E+5
6.500000E-3	0.000000E+0	5.521680E+5
6.520000E-3	0.000000E+0	5.533170E+5
6.540000E-3	0.000000E+0	5.525720E+5
6.560000E-3	0.000000E+0	5.534160E+5
6.580000E-3	0.000000E+0	5.520330E+5
6.600000E-3	0.000000E+0	5.536030E+5
6.620000E-3	0.000000E+0	5.529620E+5
6.640000E-3	0.000000E+0	5.530850E+5
6.660000E-3	0.000000E+0	5.520670E+5
6.680000E-3	0.000000E+0	5.528200E+5
6.700000E-3	0.000000E+0	5.533630E+5
6.720000E-3	0.000000E+0	5.527510E+5
6.740000E-3	0.000000E+0	5.527880E+5
6.760000E-3	0.000000E+0	5.538700E+5
6.780000E-3	0.000000E+0	5.520990E+5
6.800000E-3	0.000000E+0	5.537370E+5
6.820000E-3	0.000000E+0	5.529490E+5
6.840000E-3	0.000000E+0	5.529420E+5
6.860000E-3	0.000000E+0	5.532860E+5
6.880000E-3	0.000000E+0	5.538680E+5
6.900000E-3	0.000000E+0	5.527210E+5
6.920000E-3	0.000000E+0	5.515500E+5
6.940000E-3	0.000000E+0	5.529470E+5
6.960000E-3	0.000000E+0	5.509320E+5
6.980000E-3	0.000000E+0	5.528130E+5
7.000000E-3	0.000000E+0	5.524010E+5
7.020000E-3	0.000000E+0	5.535310E+5
7.040000E-3	0.000000E+0	5.532610E+5
7.060000E-3	0.000000E+0	5.534170E+5
7.080000E-3	0.000000E+0	5.528680E+5
7.100000E-3	0.000000E+0	5.519500E+5
7.120000E-3	0.000000E+0	5.535300E+5
7.140000E-3	0.000000E+0	5.523820E+5
7.160000E-3	0.000000E+0	5.526530E+5
7.180000E-3	0.000000E+0	5.519650E+5
7.200000E-3	0.000000E+0	5.527340E+5
7.220000E-3	0.000000E+0	5.538000E+5
7.240000E-3	0.000000E+0	5.526060E+5
7.260000E-3	0.000000E+0	5.529800E+5
7.280000E-3	0.000000E+0	5.527840E+5
7.300000E-3	0.000000E+0	5.530080E+5
7.320000E-3	0.000000E+0	5.528640E+5
7.340000E-3	0.000000E+0	5.539980E+5
7.360000E-3	0.000000E+0	5.527130E+5
7.380000E-3	0.000000E+0	5.539390E+5
7.400000E-3	0.000000E+0	5.532850E+5
7.420000E-3	0.000000E+0	5.526890E+5
7.440000E-3	0.000000E+0	5.527930E+5
7.460000E-3	0.000000E+0	5.526710E+5
7.480000E-3	0.000000E+0	5.524380E+5
7.500000E-3	0.000000E+0	5.541750E+5
7.520000E-3	0.000000E+0	5.533440E+5
7.540000E-3	0.000000E+0	5.529360E+5
7.560000E-3	0.000000E+0	5.536360E+5
7.580000E-3	0.000000E+0	5.532400E+5
7.600000E-3	0.000000E+0	5.529690E+5
7.620000E-3	0.000000E+0	5.534460E+5
7.640000E-3	0.000000E+0	5.540760E+5
7.660000E-3	0.000000E+0	5.528030E+5
7.680000E-3	0.000000E+0	5.529480E+5
7.700000E-3	0.000000E+0	5.525960E+5
7.720000E-3	0.000000E+0	5.536590E+5
7.740000E-3	0.000000E+0	5.523270E+5
7.760000E-3	0.000000E+0	5.533450E+5
7.780000E-3	0.000000E+0	5.540080E+5
7.800000E-3	0.000000E+0	5.528100E+5
7.820000E-3	0.000000E+0	5.526530E+5
7.840000E-3	0.000000E+0	5.546420E+5
7.860000E-3	0.000000E+0	5.529540E+5
7.880000E-3	0.000000E+0	5.526520E+5
7.900000E-3	0.000000E+0	5.532200E+5
7.920000E-3	0.000000E+0	5.527860E+5
7.940000E-3	0.000000E+0	5.540890E+5
7.960000E-3	0.000000E+0	5.547900E+5
7.980000E-3	0.000000E+0	5.539200E+5
8.000000E-3	0.000000E+0	5.534260E+5
8.020000E-3	0.000000E+0	5.534370E+5
8.040000E-3	0.000000E+0	5.518700E+5
8.060000E-3	0.000000E+0	5.522540E+5
8.080000E-3	0.000000E+0	5.535790E+5
8.100000E-3	0.000000E+0	5.544840E+5
8.120000E-3	0.000000E+0	5.536690E+5
8.140000E-3	0.000000E+0	5.524920E+5
8.160000E-3	0.000000E+0	5.526870E+5
8.180000E-3	0.000000E+0	5.525250E+5
8.200000E-3	0.000000E+0	5.531040E+5
8.220000E-3	0.000000E+0	5.532270E+5
8.240000E-3	0.000000E+0	5.535630E+5
8.260000E-3	0.000000E+0	5.547960E+5
8.280000E-3	0.000000E+0	5.520820E+5
8.300000E-3	0.000000E+0	5.531890E+5
8.320000E-3	0.000000E+0	5.521190E+5
8.340000E-3	0.000000E+0	5.519810E+5
8.360000E-3	0.000000E+0	5.527330E+5
8.380000E-3	0.000000E+0	5.518070E+5
8.400000E-3	0.000000E+0	5.520570E+5
8.420000E-3	0.000000E+0	5.527840E+5
8.440000E-3	0.000000E+0	5.535460E+5
8.460000E-3	0.000000E+0	5.539140E+5
8.480000E-3	0.000000E+0	5.539130E+5
8.500000E-3	0.000000E+0	5.520440E+5
8.520000E-3	0.000000E+0	5.530970E+5
8.540000E-3	0.000000E+0	5.536370E+5
8.560000E-3	0.000000E+0	5.534040E+5
8.580000E-3	0.000000E+0	5.544760E+5
8.600000E-3	0.000000E+0	5.535760E+5
8.620000E-3	0.000000E+0	5.548490E+5
8.640000E-3	0.000000E+0	5.531450E+5
8.660000E-3	0.000000E+0	5.524140E+5
8.680000E-3	0.000000E+0	5.535280E+5
8.700000E-3	0.000000E+0	5.515980E+5
8.720000E-3	0.000000E+0	5.539060E+5
8.740000E-3	0.000000E+0	5.517340E+5
8.760000E-3	0.000000E+0	5.530520E+5
8.780000E-3	0.000000E+0	5.534030E+5
8.800000E-3	0.000000E+0	5.538310E+5
8.820000E-3	0.000000E+0	5.534370E+5
8.840000E-3	0.000000E+0	5.525420E+5
8.860000E-3	0.000000E+0	5.548900E+5
8.880000E-3	0.000000E+0	5.524870E+5
8.900000E-3	0.000000E+0	5.532570E+5
8.920000E-3	0.000000E+0	5.525400E+5
8.940000E-3	0.000000E+0	5.514800E+5
8.960000E-3	0.000000E+0	5.539150E+5
8.980000E-3	0.000000E+0	5.524730E+5
9.000000E-3	0.000000E+0	5.533230E+5
9.020000E-3	0.000000E+0	5.514590E+5
9.040000E-3	0.000000E+0	5.531540E+5
9.060000E-3	0.000000E+0	5.557340E+5
9.080000E-3	0.000000E+0	5.525660E+5
9.100000E-3	0.000000E+0	5.544550E+5
9.120000E-3	0.000000E+0	5.517220E+5
9.140000E-3	0.000000E+0	5.538700E+5
9.160000E-3	0.000000E+0	5.531450E+5
9.180000E-3	0.000000E+0	5.521680E+5
9.200000E-3	0.000000E+0	5.530610E+5
9.220000E-3	0.000000E+0	5.532240E+5
9.240000E-3	0.000000E+0	5.533690E+5
9.260000E-3	0.000000E+0	5.543210E+5
9.280000E-3	0.000000E+0	5.538860E+5
9.300000E-3	0.000000E+0	5.538910E+5
9.320000E-3	0.000000E+0	5.526880E+5
9.340000E-3	0.000000E+0	5.528890E+5
9.360000E-3	0.000000E+0	5.536460E+5
9.380000E-3	0.000000E+0	5.542430E+5
9.400000E-3	0.000000E+0	5.535940E+5
9.420000E-3	0.000000E+0	5.545280E+5
9.440000E-3	0.000000E+0	5.523940E+5
9.460000E-3	0.000000E+0	5.541620E+5
9.480000E-3	0.000000E+0	5.531760E+5
9.500000E-3	0.000000E+0	5.521710E+5
9.520000E-3	0.000000E+0	5.539540E+5
9.540000E-3	0.000000E+0	5.516740E+5
9.560000E-3	0.000000E+0	5.530500E+5
9.580000E-3	0.000000E+0	5.531350E+5
9.600000E-3	0.000000E+0	5.534380E+5
9.620000E-3	0.000000E+0	5.533810E+5
9.640000E-3	0.000000E+0	5.525700E+5
9.660000E-3	0.000000E+0	5.543120E+5
9.680000E-3	0.000000E+0	5.523240E+5
9.700000E-3	0.000000E+0	5.525440E+5
9.720000E-3	0.000000E+0	5.529920E+5
9.740000E-3	0.000000E+0	5.531010E+5
9.760000E-3	0.000000E+0	5.531620E+5
9.780000E-3	0.000000E+0	5.537260E+5
9.800000E-3	0.000000E+0	5.530070E+5
9.820000E-3	0.000000E+0	5.537140E+5
9.840000E-3	0.000000E+0	5.529950E+5
9.860000E-3	0.000000E+0	5.524240E+5
9.880000E-3	0.000000E+0	5.542970E+5
9.900000E-3	0.000000E+0	5.550420E+5
9.920000E-3	0.000000E+0	5.531180E+5
9.940000E-3	0.000000E+0	5.521810E+5
9.960000E-3	0.000000E+0	5.525120E+5
9.980000E-3	0.000000E+0	5.539850E+5
1.000000E-2	0.000000E+0	5.533860E+5
1.002000E-2	0.000000E+0	5.530950E+5
1.004000E-2	0.000000E+0	5.539340E+5
1.006000E-2	0.000000E+0	5.523740E+5
1.008000E-2	0.000000E+0	5.529620E+5
1.010000E-2	0.000000E+0	5.526940E+5
1.012000E-2	0.000000E+0	5.542600E+5
1.014000E-2	0.000000E+0	5.550310E+5
1.016000E-2	0.000000E+0	5.541390E+5
1.018000E-2	0.000000E+0	5.535190E+5
1.020000E-2	0.000000E+0	5.539920E+5
1.022000E-2	0.000000E+0	5.533640E+5
1.024000E-2	0.000000E+0	5.525510E+5
1.026000E-2	0.000000E+0	5.544770E+5
1.028000E-2	0.000000E+0	5.534080E+5
1.030000E-2	0.000000E+0	5.540060E+5
1.032000E-2	0.000000E+0	5.526640E+5
1.034000E-2	0.000000E+0	5.543860E+5
1.036000E-2	0.000000E+0	5.530750E+5
1.038000E-2	0.000000E+0	5.540130E+5
1.040000E-2	0.000000E+0	5.527510E+5
1.042000E-2	0.000000E+0	5.535350E+5
1.044000E-2	0.000000E+0	5.533030E+5
1.046000E-2	0.000000E+0	5.541040E+5
1.048000E-2	0.000000E+0	5.546410E+5
1.050000E-2	0.000000E+0	5.529190E+5
1.052000E-2	0.000000E+0	5.540080E+5
1.054000E-2	0.000000E+0	5.545890E+5
1.056000E-2	0.000000E+0	5.533360E+5
1.058000E-2	0.000000E+0	5.545960E+5
1.060000E-2	0.000000E+0	5.527760E+5
1.062000E-2	0.000000E+0	5.529680E+5
1.064000E-2	0.000000E+0	5.538170E+5
1.066000E-2	0.000000E+0	5.530830E+5
1.068000E-2	0.000000E+0	5.533980E+5
1.070000E-2	0.000000E+0	5.522900E+5
1.072000E-2	0.000000E+0	5.531450E+5
1.074000E-2	0.000000E+0	5.538120E+5
1.076000E-2	0.000000E+0	5.535470E+5
1.078000E-2	0.000000E+0	5.542480E+5
1.080000E-2	0.000000E+0	5.543860E+5
1.082000E-2	0.000000E+0	5.548290E+5
1.084000E-2	0.000000E+0	5.536540E+5
1.086000E-2	0.000000E+0	5.538510E+5
1.088000E-2	0.000000E+0	5.534310E+5
1.090000E-2	0.000000E+0	5.535150E+5
1.092000E-2	0.000000E+0	5.537090E+5
1.094000E-2	0.000000E+0	5.525860E+5
1.096000E-2	0.000000E+0	5.532770E+5
1.098000E-2	0.000000E+0	5.541030E+5
1.100000E-2	0.000000E+0	5.541540E+5
1.102000E-2	0.000000E+0	5.526320E+5
1.104000E-2	0.000000E+0	5.540930E+5
1.106000E-2	0.000000E+0	5.531380E+5
1.108000E-2	0.000000E+0	5.541180E+5
1.110000E-2	0.000000E+0	5.532430E+5
1.112000E-2	0.000000E+0	5.528060E+5
1.114000E-2	0.000000E+0	5.539980E+5
1.116000E-2	0.000000E+0	5.518890E+5
1.118000E-2	0.000000E+0	5.534010E+5
1.120000E-2	0.000000E+0	5.526850E+5
1.122000E-2	0.000000E+0	5.549680E+5
1.124000E-2	0.000000E+0	5.548130E+5
1.126000E-2	0.000000E+0	5.522690E+5
1.128000E-2	0.000000E+0	5.520420E+5
1.130000E-2	0.000000E+0	5.537090E+5
1.132000E-2	0.000000E+0	5.547880E+5
1.134000E-2	0.000000E+0	5.523300E+5
1.136000E-2	0.000000E+0	5.547860E+5
1.138000E-2	0.000000E+0	5.530860E+5
1.140000E-2	0.000000E+0	5.547240E+5
1.142000E-2	0.000000E+0	5.525620E+5
1.144000E-2	0.000000E+0	5.544780E+5
1.146000E-2	0.000000E+0	5.528050E+5
1.148000E-2	0.000000E+0	5.533630E+5
1.150000E-2	0.000000E+0	5.532920E+5
1.152000E-2	0.000000E+0	5.530330E+5
1.154000E-2	0.000000E+0	5.528720E+5
1.156000E-2	0.000000E+0	5.539310E+5
1.158000E-2	0.000000E+0	5.528010E+5
1.160000E-2	0.000000E+0	5.539050E+5
1.162000E-2	0.000000E+0	5.539580E+5
1.164000E-2	0.000000E+0	5.544400E+5
1.166000E-2	0.000000E+0	5.551550E+5
1.168000E-2	0.000000E+0	5.537950E+5
1.170000E-2	0.000000E+0	5.544510E+5
1.172000E-2	0.000000E+0	5.541710E+5
1.174000E-2	0.000000E+0	5.533490E+5
1.176000E-2	0.000000E+0	5.536130E+5
1.178000E-2	0.000000E+0	5.521890E+5
1.180000E-2	0.000000E+0	5.534140E+5
1.182000E-2	0.000000E+0	5.542520E+5
1.184000E-2	0.000000E+0	5.545290E+5
1.186000E-2	0.000000E+0	5.526590E+5
1.188000E-2	0.000000E+0	5.523730E+5
1.190000E-2	0.000000E+0	5.525880E+5
1.192000E-2	0.000000E+0	5.524570E+5
1.194000E-2	0.000000E+0	5.548990E+5
1.196000E-2	0.000000E+0	5.534530E+5
1.198000E-2	0.000000E+0	5.537140E+5
1.200000E-2	0.000000E+0	5.533430E+5
1.202000E-2	0.000000E+0	5.533190E+5
1.204000E-2	0.000000E+0	5.529520E+5
1.206000E-2	0.000000E+0	5.536850E+5
1.208000E-2	0.000000E+0	5.543890E+5
1.210000E-2	0.000000E+0	5.536740E+5
1.212000E-2	0.000000E+0	5.530850E+5
1.214000E-2	0.000000E+0	5.521750E+5
1.216000E-2	0.000000E+0	5.530850E+5
1.218000E-2	0.000000E+0	5.530870E+5
1.220000E-2	0.000000E+0	5.526980E+5
1.222000E-2	0.000000E+0	5.537740E+5
1.224000E-2	0.000000E+0	5.536730E+5
1.226000E-2	0.000000E+0	5.530930E+5
1.228000E-2	0.000000E+0	5.534850E+5
1.230000E-2	0.000000E+0	5.535360E+5
1.232000E-2	0.000000E+0	5.540130E+5
1.234000E-2	0.000000E+0	5.542630E+5
1.236000E-2	0.000000E+0	5.532960E+5
1.238000E-2	0.000000E+0	5.546800E+5
1.240000E-2	0.000000E+0	5.541030E+5
1.242000E-2	0.000000E+0	5.540370E+5
1.244000E-2	0.000000E+0	5.542490E+5
1.246000E-2	0.000000E+0	5.538700E+5
1.248000E-2	0.000000E+0	5.534030E+5
1.250000E-2	0.000000E+0	5.531380E+5
1.252000E-2	0.000000E+0	5.552370E+5
1.254000E-2	0.000000E+0	5.540370E+5
1.256000E-2	0.000000E+0	5.526450E+5
1.258000E-2	0.000000E+0	5.545440E+5
1.260000E-2	0.000000E+0	5.545880E+5
1.262000E-2	0.000000E+0	5.527240E+5
1.264000E-2	0.000000E+0	5.526520E+5
1.266000E-2	0.000000E+0	5.554670E+5
1.268000E-2	0.000000E+0	5.537960E+5
1.270000E-2	0.000000E+0	5.530650E+5
1.272000E-2	0.000000E+0	5.544040E+5
1.274000E-2	0.000000E+0	5.530460E+5
1.276000E-2	0.000000E+0	5.536470E+5
1.278000E-2	0.000000E+0	5.531940E+5
1.280000E-2	0.000000E+0	5.529140E+5
1.282000E-2	0.000000E+0	5.528900E+5
1.284000E-2	0.000000E+0	5.535660E+5
1.286000E-2	0.000000E+0	5.541530E+5
1.288000E-2	0.000000E+0	5.539610E+5
1.290000E-2	0.000000E+0	5.534120E+5
1.292000E-2	0.000000E+0	5.537410E+5
1.294000E-2	0.000000E+0	5.527300E+5
1.296000E-2	0.000000E+0	5.538540E+5
1.298000E-2	0.000000E+0	5.538090E+5
1.300000E-2	0.000000E+0	5.536780E+5
1.302000E-2	0.000000E+0	5.543740E+5
1.304000E-2	0.000000E+0	5.539790E+5
1.306000E-2	0.000000E+0	5.527590E+5
1.308000E-2	0.000000E+0	5.550170E+5
1.310000E-2	0.000000E+0	5.541770E+5
1.312000E-2	0.000000E+0	5.536300E+5
1.314000E-2	0.000000E+0	5.545740E+5
1.316000E-2	0.000000E+0	5.535200E+5
1.318000E-2	0.000000E+0	5.533290E+5
1.320000E-2	0.000000E+0	5.541670E+5
1.322000E-2	0.000000E+0	5.539550E+5
1.324000E-2	0.000000E+0	5.525690E+5
1.326000E-2	0.000000E+0	5.545270E+5
1.328000E-2	0.000000E+0	5.544790E+5
1.330000E-2	0.000000E+0	5.517830E+5
1.332000E-2	0.000000E+0	5.531170E+5
1.334000E-2	0.000000E+0	5.530690E+5
1.336000E-2	0.000000E+0	5.537230E+5
1.338000E-2	0.000000E+0	5.540490E+5
1.340000E-2	0.000000E+0	5.533980E+5
1.342000E-2	0.000000E+0	5.522180E+5
1.344000E-2	0.000000E+0	5.533060E+5
1.346000E-2	0.000000E+0	5.526900E+5
1.348000E-2	0.000000E+0	5.541890E+5
1.350000E-2	0.000000E+0	5.539900E+5
1.352000E-2	0.000000E+0	5.541740E+5
1.354000E-2	0.000000E+0	5.534930E+5
1.356000E-2	0.000000E+0	5.544700E+5
1.358000E-2	0.000000E+0	5.532910E+5
1.360000E-2	0.000000E+0	5.533720E+5
1.362000E-2	0.000000E+0	5.541080E+5
1.364000E-2	0.000000E+0	5.517890E+5
1.366000E-2	0.000000E+0	5.532440E+5
1.368000E-2	0.000000E+0	5.541520E+5
1.370000E-2	0.000000E+0	5.545270E+5
1.372000E-2	0.000000E+0	5.528640E+5
1.374000E-2	0.000000E+0	5.540720E+5
1.376000E-2	0.000000E+0	5.531300E+5
1.378000E-2	0.000000E+0	5.527850E+5
1.380000E-2	0.000000E+0	5.538420E+5
1.382000E-2	0.000000E+0	5.521750E+5
1.384000E-2	0.000000E+0	5.532290E+5
1.386000E-2	0.000000E+0	5.537370E+5
1.388000E-2	0.000000E+0	5.533630E+5
1.390000E-2	0.000000E+0	5.544750E+5
1.392000E-2	0.000000E+0	5.546790E+5
1.394000E-2	0.000000E+0	5.541310E+5
1.396000E-2	0.000000E+0	5.534280E+5
1.398000E-2	0.000000E+0	5.546410E+5
1.400000E-2	0.000000E+0	5.545950E+5
1.402000E-2	0.000000E+0	5.527450E+5
1.404000E-2	0.000000E+0	5.547570E+5
1.406000E-2	0.000000E+0	5.530190E+5
1.408000E-2	0.000000E+0	5.533020E+5
1.410000E-2	0.000000E+0	5.540320E+5
1.412000E-2	0.000000E+0	5.530840E+5
1.414000E-2	0.000000E+0	5.525700E+5
1.416000E-2	0.000000E+0	5.526610E+5
1.418000E-2	0.000000E+0	5.528080E+5
1.420000E-2	0.000000E+0	5.540990E+5
1.422000E-2	0.000000E+0	5.538460E+5
1.424000E-2	0.000000E+0	5.520850E+5
1.426000E-2	0.000000E+0	5.524700E+5
1.428000E-2	0.000000E+0	5.530840E+5
1.430000E-2	0.000000E+0	5.535790E+5
1.432000E-2	0.000000E+0	5.529950E+5
1.434000E-2	0.000000E+0	5.534650E+5
1.436000E-2	0.000000E+0	5.539990E+5
1.438000E-2	0.000000E+0	5.536730E+5
1.440000E-2	0.000000E+0	5.551900E+5
1.442000E-2	0.000000E+0	5.535290E+5
1.444000E-2	0.000000E+0	5.521990E+5
1.446000E-2	0.000000E+0	5.539570E+5
1.448000E-2	0.000000E+0	5.541170E+5
1.450000E-2	0.000000E+0	5.533610E+5
1.452000E-2	0.000000E+0	5.538320E+5
1.454000E-2	0.000000E+0	5.533310E+5
1.456000E-2	0.000000E+0	5.541820E+5
1.458000E-2	0.000000E+0	5.524910E+5
1.460000E-2	0.000000E+0	5.537600E+5
1.462000E-2	0.000000E+0	5.515210E+5
1.464000E-2	0.000000E+0	5.540240E+5
1.466000E-2	0.000000E+0	5.530690E+5
1.468000E-2	0.000000E+0	5.550580E+5
1.470000E-2	0.000000E+0	5.529560E+5
1.472000E-2	0.000000E+0	5.527240E+5
1.474000E-2	0.000000E+0	5.537350E+5
1.476000E-2	0.000000E+0	5.543890E+5
1.478000E-2	0.000000E+0	5.543640E+5
1.480000E-2	0.000000E+0	5.523880E+5
1.482000E-2	0.000000E+0	5.523030E+5
1.484000E-2	0.000000E+0	5.545380E+5
1.486000E-2	0.000000E+0	5.525870E+5
1.488000E-2	0.000000E+0	5.520660E+5
1.490000E-2	0.000000E+0	5.514430E+5
1.492000E-2	0.000000E+0	5.505380E+5
1.494000E-2	0.000000E+0	5.476390E+5
1.496000E-2	0.000000E+0	5.461800E+5
1.498000E-2	0.000000E+0	5.460390E+5
1.500000E-2	0.000000E+0	5.451980E+5
1.502000E-2	0.000000E+0	5.449980E+5
1.504000E-2	0.000000E+0	5.433600E+5
1.506000E-2	0.000000E+0	5.424800E+5
1.508000E-2	0.000000E+0	5.404910E+5
1.510000E-2	0.000000E+0	5.390670E+5
1.512000E-2	0.000000E+0	5.382450E+5
1.514000E-2	0.000000E+0	5.395990E+5
1.516000E-2	0.000000E+0	5.398870E+5
1.518000E-2	0.000000E+0	5.411040E+5
1.520000E-2	0.000000E+0	5.438810E+5
1.522000E-2	0.000000E+0	5.448180E+5
1.524000E-2	0.000000E+0	5.483860E+5
1.526000E-2	0.000000E+0	5.480280E+5
1.528000E-2	0.000000E+0	5.496540E+5
1.530000E-2	0.000000E+0	5.494030E+5
1.532000E-2	0.000000E+0	5.514900E+5
1.534000E-2	0.000000E+0	5.512220E+5
1.536000E-2	0.000000E+0	5.516430E+5
1.538000E-2	0.000000E+0	5.532610E+5
1.540000E-2	0.000000E+0	5.525660E+5
1.542000E-2	0.000000E+0	5.527110E+5
1.544000E-2	0.000000E+0	5.519290E+5
1.546000E-2	0.000000E+0	5.518730E+5
1.548000E-2	0.000000E+0	5.518540E+5
1.550000E-2	0.000000E+0	5.513510E+5
1.552000E-2	0.000000E+0	5.527770E+5
1.554000E-2	0.000000E+0	5.510360E+5
1.556000E-2	0.000000E+0	5.490470E+5
1.558000E-2	0.000000E+0	5.471810E+5
1.560000E-2	0.000000E+0	5.465430E+5
1.562000E-2	0.000000E+0	5.455450E+5
1.564000E-2	0.000000E+0	5.442860E+5
1.566000E-2	0.000000E+0	5.450830E+5
1.568000E-2	0.000000E+0	5.436340E+5
1.570000E-2	0.000000E+0	5.424330E+5
1.572000E-2	0.000000E+0	5.400770E+5
1.574000E-2	0.000000E+0	5.383930E+5
1.576000E-2	0.000000E+0	5.396260E+5
1.578000E-2	0.000000E+0	5.371060E+5
1.580000E-2	0.000000E+0	5.394170E+5
1.582000E-2	0.000000E+0	5.412620E+5
1.584000E-2	0.000000E+0	5.422310E+5
1.586000E-2	0.000000E+0	5.443680E+5
1.588000E-2	0.000000E+0	5.465530E+5
1.590000E-2	0.000000E+0	5.475760E+5
1.592000E-2	0.000000E+0	5.490700E+5
1.594000E-2	0.000000E+0	5.484970E+5
1.596000E-2	0.000000E+0	5.507290E+5
1.598000E-2	0.000000E+0	5.525970E+5
1.600000E-2	0.000000E+0	5.529330E+5
1.602000E-2	0.000000E+0	5.524860E+5
1.604000E-2	0.000000E+0	5.522490E+5
1.606000E-2	0.000000E+0	5.528020E+5
1.608000E-2	0.000000E+0	5.530490E+5
1.610000E-2	0.000000E+0	5.537940E+5
1.612000E-2	0.000000E+0	5.535780E+5
1.614000E-2	0.000000E+0	5.530180E+5
1.616000E-2	0.000000E+0	5.550530E+5
1.618000E-2	0.000000E+0	5.532260E+5
1.620000E-2	0.000000E+0	5.534850E+5
1.622000E-2	0.000000E+0	5.537690E+5
1.624000E-2	0.000000E+0	5.532990E+5
1.626000E-2	0.000000E+0	5.533090E+5
1.628000E-2	0.000000E+0	5.545610E+5
1.630000E-2	0.000000E+0	5.532560E+5
1.632000E-2	0.000000E+0	5.537530E+5
1.634000E-2	0.000000E+0	5.537880E+5
1.636000E-2	0.000000E+0	5.543400E+5
1.638000E-2	0.000000E+0	5.531970E+5
1.640000E-2	0.000000E+0	5.543110E+5
1.642000E-2	0.000000E+0	5.535480E+5
1.644000E-2	0.000000E+0	5.531760E+5
1.646000E-2	0.000000E+0	5.535050E+5
1.648000E-2	0.000000E+0	5.529520E+5
1.650000E-2	0.000000E+0	5.530640E+5
1.652000E-2	0.000000E+0	5.542900E+5
1.654000E-2	0.000000E+0	5.529750E+5
1.656000E-2	0.000000E+0	5.527500E+5
1.658000E-2	0.000000E+0	5.531270E+5
1.660000E-2	0.000000E+0	5.532430E+5
1.662000E-2	0.000000E+0	5.534700E+5
1.664000E-2	0.000000E+0	5.536090E+5
1.666000E-2	0.000000E+0	5.530420E+5
1.668000E-2	0.000000E+0	5.529010E+5
1.670000E-2	0.000000E+0	5.533010E+5
1.672000E-2	0.000000E+0	5.543160E+5
1.674000E-2	0.000000E+0	5.533800E+5
1.676000E-2	0.000000E+0	5.522790E+5
1.678000E-2	0.000000E+0	5.524260E+5
1.680000E-2	0.000000E+0	5.537230E+5
1.682000E-2	0.000000E+0	5.537840E+5
1.684000E-2	0.000000E+0	5.541320E+5
1.686000E-2	0.000000E+0	5.555140E+5
1.688000E-2	0.000000E+0	5.536160E+5
1.690000E-2	0.000000E+0	5.536640E+5
1.692000E-2	0.000000E+0	5.538990E+5
1.694000E-2	0.000000E+0	5.533740E+5
1.696000E-2	0.000000E+0	5.527780E+5
1.698000E-2	0.000000E+0	5.531490E+5
1.700000E-2	0.000000E+0	5.544320E+5
1.702000E-2	0.000000E+0	5.536130E+5
1.704000E-2	0.000000E+0	5.544570E+5
1.706000E-2	0.000000E+0	5.540940E+5
1.708000E-2	0.000000E+0	5.532370E+5
1.710000E-2	0.000000E+0	5.544980E+5
1.712000E-2	0.000000E+0	5.534640E+5
1.714000E-2	0.000000E+0	5.526100E+5
1.716000E-2	0.000000E+0	5.542970E+5
1.718000E-2	0.000000E+0	5.535420E+5
1.720000E-2	0.000000E+0	5.539900E+5
1.722000E-2	0.000000E+0	5.545130E+5
1.724000E-2	0.000000E+0	5.534830E+5
1.726000E-2	0.000000E+0	5.531010E+5
1.728000E-2	0.000000E+0	5.528970E+5
1.730000E-2	0.000000E+0	5.534710E+5
1.732000E-2	0.000000E+0	5.531560E+5
1.734000E-2	0.000000E+0	5.538900E+5
1.736000E-2	0.000000E+0	5.548060E+5
1.738000E-2	0.000000E+0	5.543440E+5
1.740000E-2	0.000000E+0	5.545410E+5
1.742000E-2	0.000000E+0	5.528510E+5
1.744000E-2	0.000000E+0	5.534090E+5
1.746000E-2	0.000000E+0	5.531650E+5
1.748000E-2	0.000000E+0	5.535670E+5
1.750000E-2	0.000000E+0	5.540010E+5
1.752000E-2	0.000000E+0	5.543980E+5
1.754000E-2	0.000000E+0	5.532310E+5
1.756000E-2	0.000000E+0	5.527210E+5
1.758000E-2	0.000000E+0	5.534980E+5
1.760000E-2	0.000000E+0	5.538430E+5
1.762000E-2	0.000000E+0	5.540130E+5
1.764000E-2	0.000000E+0	5.541700E+5
1.766000E-2	0.000000E+0	5.531340E+5
1.768000E-2	0.000000E+0	5.540270E+5
1.770000E-2	0.000000E+0	5.534920E+5
1.772000E-2	0.000000E+0	5.548880E+5
1.774000E-2	0.000000E+0	5.534440E+5
1.776000E-2	0.000000E+0	5.532690E+5
1.778000E-2	0.000000E+0	5.544210E+5
1.780000E-2	0.000000E+0	5.521100E+5
1.782000E-2	0.000000E+0	5.535750E+5
1.784000E-2	0.000000E+0	5.533420E+5
1.786000E-2	0.000000E+0	5.532610E+5
1.788000E-2	0.000000E+0	5.539370E+5
1.790000E-2	0.000000E+0	5.540330E+5
1.792000E-2	0.000000E+0	5.526370E+5
1.794000E-2	0.000000E+0	5.534130E+5
1.796000E-2	0.000000E+0	5.538340E+5
1.798000E-2	0.000000E+0	5.540470E+5
1.800000E-2	0.000000E+0	5.518750E+5
1.802000E-2	0.000000E+0	5.532320E+5
1.804000E-2	0.000000E+0	5.522160E+5
1.806000E-2	0.000000E+0	5.530740E+5
1.808000E-2	0.000000E+0	5.530610E+5
1.810000E-2	0.000000E+0	5.541130E+5
1.812000E-2	0.000000E+0	5.547830E+5
1.814000E-2	0.000000E+0	5.549580E+5
1.816000E-2	0.000000E+0	5.540710E+5
1.818000E-2	0.000000E+0	5.524140E+5
1.820000E-2	0.000000E+0	5.544210E+5
1.822000E-2	0.000000E+0	5.533220E+5
1.824000E-2	0.000000E+0	5.535950E+5
1.826000E-2	0.000000E+0	5.542130E+5
1.828000E-2	0.000000E+0	5.529410E+5
1.830000E-2	0.000000E+0	5.525500E+5
1.832000E-2	0.000000E+0	5.541380E+5
1.834000E-2	0.000000E+0	5.527670E+5
1.836000E-2	0.000000E+0	5.547380E+5
1.838000E-2	0.000000E+0	5.528440E+5
1.840000E-2	0.000000E+0	5.531910E+5
1.842000E-2	0.000000E+0	5.527400E+5
1.844000E-2	0.000000E+0	5.526970E+5
1.846000E-2	0.000000E+0	5.520230E+5
1.848000E-2	0.000000E+0	5.545170E+5
1.850000E-2	0.000000E+0	5.538960E+5
1.852000E-2	0.000000E+0	5.536780E+5
1.854000E-2	0.000000E+0	5.552420E+5
1.856000E-2	0.000000E+0	5.519560E+5
1.858000E-2	0.000000E+0	5.525770E+5
1.860000E-2	0.000000E+0	5.537130E+5
1.862000E-2	0.000000E+0	5.528630E+5
1.864000E-2	0.000000E+0	5.523550E+5
1.866000E-2	0.000000E+0	5.538980E+5
1.868000E-2	0.000000E+0	5.536790E+5
1.870000E-2	0.000000E+0	5.538500E+5
1.872000E-2	0.000000E+0	5.538760E+5
1.874000E-2	0.000000E+0	5.515620E+5
1.876000E-2	0.000000E+0	5.533690E+5
1.878000E-2	0.000000E+0	5.532630E+5
1.880000E-2	0.000000E+0	5.531190E+5
1.882000E-2	0.000000E+0	5.532960E+5
1.884000E-2	0.000000E+0	5.541290E+5
1.886000E-2	0.000000E+0	5.530860E+5
1.888000E-2	0.000000E+0	5.527940E+5
1.890000E-2	0.000000E+0	5.531240E+5
1.892000E-2	0.000000E+0	5.545750E+5
1.894000E-2	0.000000E+0	5.534060E+5
1.896000E-2	0.000000E+0	5.538280E+5
1.898000E-2	0.000000E+0	5.543470E+5
1.900000E-2	0.000000E+0	5.528380E+5
1.902000E-2	0.000000E+0	5.525880E+5
1.904000E-2	0.000000E+0	5.536250E+5
1.906000E-2	0.000000E+0	5.544120E+5
1.908000E-2	0.000000E+0	5.537320E+5
1.910000E-2	0.000000E+0	5.522260E+5
1.912000E-2	0.000000E+0	5.523510E+5
1.914000E-2	0.000000E+0	5.535870E+5
1.916000E-2	0.000000E+0	5.530140E+5
1.918000E-2	0.000000E+0	5.529180E+5
1.920000E-2	0.000000E+0	5.543310E+5
1.922000E-2	0.000000E+0	5.535610E+5
1.924000E-2	0.000000E+0	5.537630E+5
1.926000E-2	0.000000E+0	5.541150E+5
1.928000E-2	0.000000E+0	5.541240E+5
1.930000E-2	0.000000E+0	5.533530E+5
1.932000E-2	0.000000E+0	5.532370E+5
1.934000E-2	0.000000E+0	5.534510E+5
1.936000E-2	0.000000E+0	5.530730E+5
1.938000E-2	0.000000E+0	5.540440E+5
1.940000E-2	0.000000E+0	5.517550E+5
1.942000E-2	0.000000E+0	5.546400E+5
1.944000E-2	0.000000E+0	5.541680E+5
1.946000E-2	0.000000E+0	5.522340E+5
1.948000E-2	0.000000E+0	5.537050E+5
1.950000E-2	0.000000E+0	5.536710E+5
1.952000E-2	0.000000E+0	5.543550E+5
1.954000E-2	0.000000E+0	5.532960E+5
1.956000E-2	0.000000E+0	5.547090E+5
1.958000E-2	0.000000E+0	5.529150E+5
1.960000E-2	0.000000E+0	5.539330E+5
1.962000E-2	0.000000E+0	5.527770E+5
1.964000E-2	0.000000E+0	5.541980E+5
1.966000E-2	0.000000E+0	5.544650E+5
1.968000E-2	0.000000E+0	5.535470E+5
1.970000E-2	0.000000E+0	5.534310E+5
1.972000E-2	0.000000E+0	5.535300E+5
1.974000E-2	0.000000E+0	5.537440E+5
1.976000E-2	0.000000E+0	5.518180E+5
1.978000E-2	0.000000E+0	5.529890E+5
1.980000E-2	0.000000E+0	5.537830E+5
1.982000E-2	0.000000E+0	5.527370E+5
1.984000E-2	0.000000E+0	5.534940E+5
1.986000E-2	0.000000E+0	5.524640E+5
1.988000E-2	0.000000E+0	5.522360E+5
1.990000E-2	0.000000E+0	5.532180E+5
1.992000E-2	0.000000E+0	5.531960E+5
1.994000E-2	0.000000E+0	5.550830E+5
1.996000E-2	0.000000E+0	5.530100E+5
1.998000E-2	0.000000E+0	5.535000E+5
