

live time:  255192.820000
real time:  356400.882000
sweeps:  12759641.000000
0.000000E+0	0.000000E+0	0.000000E+0
2.000000E-5	0.000000E+0	5.584350E+5
4.000000E-5	0.000000E+0	5.590270E+5
6.000000E-5	0.000000E+0	5.583640E+5
8.000000E-5	0.000000E+0	5.599550E+5
1.000000E-4	0.000000E+0	5.575440E+5
1.200000E-4	0.000000E+0	5.593240E+5
1.400000E-4	0.000000E+0	5.591110E+5
1.600000E-4	0.000000E+0	5.596350E+5
1.800000E-4	0.000000E+0	5.591530E+5
2.000000E-4	0.000000E+0	5.590850E+5
2.200000E-4	0.000000E+0	5.595800E+5
2.400000E-4	0.000000E+0	5.576470E+5
2.600000E-4	0.000000E+0	5.583470E+5
2.800000E-4	0.000000E+0	5.582810E+5
3.000000E-4	0.000000E+0	5.599910E+5
3.200000E-4	0.000000E+0	5.586410E+5
3.400000E-4	0.000000E+0	5.576750E+5
3.600000E-4	0.000000E+0	5.594810E+5
3.800000E-4	0.000000E+0	5.578110E+5
4.000000E-4	0.000000E+0	5.577500E+5
4.200000E-4	0.000000E+0	5.584420E+5
4.400000E-4	0.000000E+0	5.583630E+5
4.600000E-4	0.000000E+0	5.599170E+5
4.800000E-4	0.000000E+0	5.579600E+5
5.000000E-4	0.000000E+0	5.586620E+5
5.200000E-4	0.000000E+0	5.591680E+5
5.400000E-4	0.000000E+0	5.583470E+5
5.600000E-4	0.000000E+0	5.575130E+5
5.800000E-4	0.000000E+0	5.587500E+5
6.000000E-4	0.000000E+0	5.597500E+5
6.200000E-4	0.000000E+0	5.583850E+5
6.400000E-4	0.000000E+0	5.589930E+5
6.600000E-4	0.000000E+0	5.575120E+5
6.800000E-4	0.000000E+0	5.577240E+5
7.000000E-4	0.000000E+0	5.590520E+5
7.200000E-4	0.000000E+0	5.599490E+5
7.400000E-4	0.000000E+0	5.581940E+5
7.600000E-4	0.000000E+0	5.580900E+5
7.800000E-4	0.000000E+0	5.575950E+5
8.000000E-4	0.000000E+0	5.591210E+5
8.200000E-4	0.000000E+0	5.579360E+5
8.400000E-4	0.000000E+0	5.582120E+5
8.600000E-4	0.000000E+0	5.588930E+5
8.800000E-4	0.000000E+0	5.575770E+5
9.000000E-4	0.000000E+0	5.601620E+5
9.200000E-4	0.000000E+0	5.580260E+5
9.400000E-4	0.000000E+0	5.591570E+5
9.600000E-4	0.000000E+0	5.577470E+5
9.800000E-4	0.000000E+0	5.597240E+5
1.000000E-3	0.000000E+0	5.584090E+5
1.020000E-3	0.000000E+0	5.582290E+5
1.040000E-3	0.000000E+0	5.584940E+5
1.060000E-3	0.000000E+0	5.586420E+5
1.080000E-3	0.000000E+0	5.582460E+5
1.100000E-3	0.000000E+0	5.585300E+5
1.120000E-3	0.000000E+0	5.591620E+5
1.140000E-3	0.000000E+0	5.572540E+5
1.160000E-3	0.000000E+0	5.581420E+5
1.180000E-3	0.000000E+0	5.579090E+5
1.200000E-3	0.000000E+0	5.590900E+5
1.220000E-3	0.000000E+0	5.598380E+5
1.240000E-3	0.000000E+0	5.591860E+5
1.260000E-3	0.000000E+0	5.587990E+5
1.280000E-3	0.000000E+0	5.589860E+5
1.300000E-3	0.000000E+0	5.573150E+5
1.320000E-3	0.000000E+0	5.595810E+5
1.340000E-3	0.000000E+0	5.586730E+5
1.360000E-3	0.000000E+0	5.578650E+5
1.380000E-3	0.000000E+0	5.591440E+5
1.400000E-3	0.000000E+0	5.586010E+5
1.420000E-3	0.000000E+0	5.591900E+5
1.440000E-3	0.000000E+0	5.584000E+5
1.460000E-3	0.000000E+0	5.579060E+5
1.480000E-3	0.000000E+0	5.589890E+5
1.500000E-3	0.000000E+0	5.584820E+5
1.520000E-3	0.000000E+0	5.575040E+5
1.540000E-3	0.000000E+0	5.590300E+5
1.560000E-3	0.000000E+0	5.580260E+5
1.580000E-3	0.000000E+0	5.591770E+5
1.600000E-3	0.000000E+0	5.581400E+5
1.620000E-3	0.000000E+0	5.579860E+5
1.640000E-3	0.000000E+0	5.575430E+5
1.660000E-3	0.000000E+0	5.587530E+5
1.680000E-3	0.000000E+0	5.588010E+5
1.700000E-3	0.000000E+0	5.572650E+5
1.720000E-3	0.000000E+0	5.592100E+5
1.740000E-3	0.000000E+0	5.596690E+5
1.760000E-3	0.000000E+0	5.586240E+5
1.780000E-3	0.000000E+0	5.599410E+5
1.800000E-3	0.000000E+0	5.596860E+5
1.820000E-3	0.000000E+0	5.579540E+5
1.840000E-3	0.000000E+0	5.573570E+5
1.860000E-3	0.000000E+0	5.583630E+5
1.880000E-3	0.000000E+0	5.584560E+5
1.900000E-3	0.000000E+0	5.574880E+5
1.920000E-3	0.000000E+0	5.587030E+5
1.940000E-3	0.000000E+0	5.581250E+5
1.960000E-3	0.000000E+0	5.587660E+5
1.980000E-3	0.000000E+0	5.590910E+5
2.000000E-3	0.000000E+0	5.578370E+5
2.020000E-3	0.000000E+0	5.581920E+5
2.040000E-3	0.000000E+0	5.581270E+5
2.060000E-3	0.000000E+0	5.597320E+5
2.080000E-3	0.000000E+0	5.600020E+5
2.100000E-3	0.000000E+0	5.593680E+5
2.120000E-3	0.000000E+0	5.592380E+5
2.140000E-3	0.000000E+0	5.573940E+5
2.160000E-3	0.000000E+0	5.576960E+5
2.180000E-3	0.000000E+0	5.586480E+5
2.200000E-3	0.000000E+0	5.595430E+5
2.220000E-3	0.000000E+0	5.594450E+5
2.240000E-3	0.000000E+0	5.583380E+5
2.260000E-3	0.000000E+0	5.589670E+5
2.280000E-3	0.000000E+0	5.586470E+5
2.300000E-3	0.000000E+0	5.594380E+5
2.320000E-3	0.000000E+0	5.582900E+5
2.340000E-3	0.000000E+0	5.585500E+5
2.360000E-3	0.000000E+0	5.586660E+5
2.380000E-3	0.000000E+0	5.606590E+5
2.400000E-3	0.000000E+0	5.570580E+5
2.420000E-3	0.000000E+0	5.581540E+5
2.440000E-3	0.000000E+0	5.582500E+5
2.460000E-3	0.000000E+0	5.591020E+5
2.480000E-3	0.000000E+0	5.601030E+5
2.500000E-3	0.000000E+0	5.586090E+5
2.520000E-3	0.000000E+0	5.587480E+5
2.540000E-3	0.000000E+0	5.576720E+5
2.560000E-3	0.000000E+0	5.586120E+5
2.580000E-3	0.000000E+0	5.582080E+5
2.600000E-3	0.000000E+0	5.596780E+5
2.620000E-3	0.000000E+0	5.584470E+5
2.640000E-3	0.000000E+0	5.570510E+5
2.660000E-3	0.000000E+0	5.595390E+5
2.680000E-3	0.000000E+0	5.584510E+5
2.700000E-3	0.000000E+0	5.589600E+5
2.720000E-3	0.000000E+0	5.568900E+5
2.740000E-3	0.000000E+0	5.581590E+5
2.760000E-3	0.000000E+0	5.582270E+5
2.780000E-3	0.000000E+0	5.584300E+5
2.800000E-3	0.000000E+0	5.590170E+5
2.820000E-3	0.000000E+0	5.580710E+5
2.840000E-3	0.000000E+0	5.574200E+5
2.860000E-3	0.000000E+0	5.591810E+5
2.880000E-3	0.000000E+0	5.584250E+5
2.900000E-3	0.000000E+0	5.582380E+5
2.920000E-3	0.000000E+0	5.572200E+5
2.940000E-3	0.000000E+0	5.585900E+5
2.960000E-3	0.000000E+0	5.585550E+5
2.980000E-3	0.000000E+0	5.583040E+5
3.000000E-3	0.000000E+0	5.585130E+5
3.020000E-3	0.000000E+0	5.588560E+5
3.040000E-3	0.000000E+0	5.595000E+5
3.060000E-3	0.000000E+0	5.605080E+5
3.080000E-3	0.000000E+0	5.579260E+5
3.100000E-3	0.000000E+0	5.580320E+5
3.120000E-3	0.000000E+0	5.588430E+5
3.140000E-3	0.000000E+0	5.593900E+5
3.160000E-3	0.000000E+0	5.576370E+5
3.180000E-3	0.000000E+0	5.587060E+5
3.200000E-3	0.000000E+0	5.584390E+5
3.220000E-3	0.000000E+0	5.588770E+5
3.240000E-3	0.000000E+0	5.598560E+5
3.260000E-3	0.000000E+0	5.588010E+5
3.280000E-3	0.000000E+0	5.587650E+5
3.300000E-3	0.000000E+0	5.583790E+5
3.320000E-3	0.000000E+0	5.587320E+5
3.340000E-3	0.000000E+0	5.578130E+5
3.360000E-3	0.000000E+0	5.582770E+5
3.380000E-3	0.000000E+0	5.572580E+5
3.400000E-3	0.000000E+0	5.579390E+5
3.420000E-3	0.000000E+0	5.602030E+5
3.440000E-3	0.000000E+0	5.581620E+5
3.460000E-3	0.000000E+0	5.589570E+5
3.480000E-3	0.000000E+0	5.578930E+5
3.500000E-3	0.000000E+0	5.587050E+5
3.520000E-3	0.000000E+0	5.575110E+5
3.540000E-3	0.000000E+0	5.583870E+5
3.560000E-3	0.000000E+0	5.584700E+5
3.580000E-3	0.000000E+0	5.581540E+5
3.600000E-3	0.000000E+0	5.578900E+5
3.620000E-3	0.000000E+0	5.562790E+5
3.640000E-3	0.000000E+0	5.594940E+5
3.660000E-3	0.000000E+0	5.581320E+5
3.680000E-3	0.000000E+0	5.584390E+5
3.700000E-3	0.000000E+0	5.579660E+5
3.720000E-3	0.000000E+0	5.579750E+5
3.740000E-3	0.000000E+0	5.581540E+5
3.760000E-3	0.000000E+0	5.583430E+5
3.780000E-3	0.000000E+0	5.573830E+5
3.800000E-3	0.000000E+0	5.574870E+5
3.820000E-3	0.000000E+0	5.577550E+5
3.840000E-3	0.000000E+0	5.581510E+5
3.860000E-3	0.000000E+0	5.581410E+5
3.880000E-3	0.000000E+0	5.572690E+5
3.900000E-3	0.000000E+0	5.585770E+5
3.920000E-3	0.000000E+0	5.602000E+5
3.940000E-3	0.000000E+0	5.588520E+5
3.960000E-3	0.000000E+0	5.590320E+5
3.980000E-3	0.000000E+0	5.589290E+5
4.000000E-3	0.000000E+0	5.579640E+5
4.020000E-3	0.000000E+0	5.592540E+5
4.040000E-3	0.000000E+0	5.582720E+5
4.060000E-3	0.000000E+0	5.586780E+5
4.080000E-3	0.000000E+0	5.587270E+5
4.100000E-3	0.000000E+0	5.584180E+5
4.120000E-3	0.000000E+0	5.584560E+5
4.140000E-3	0.000000E+0	5.574100E+5
4.160000E-3	0.000000E+0	5.584800E+5
4.180000E-3	0.000000E+0	5.573680E+5
4.200000E-3	0.000000E+0	5.590250E+5
4.220000E-3	0.000000E+0	5.581390E+5
4.240000E-3	0.000000E+0	5.577060E+5
4.260000E-3	0.000000E+0	5.576240E+5
4.280000E-3	0.000000E+0	5.589030E+5
4.300000E-3	0.000000E+0	5.586440E+5
4.320000E-3	0.000000E+0	5.578680E+5
4.340000E-3	0.000000E+0	5.580130E+5
4.360000E-3	0.000000E+0	5.585650E+5
4.380000E-3	0.000000E+0	5.578670E+5
4.400000E-3	0.000000E+0	5.591960E+5
4.420000E-3	0.000000E+0	5.582580E+5
4.440000E-3	0.000000E+0	5.581620E+5
4.460000E-3	0.000000E+0	5.585850E+5
4.480000E-3	0.000000E+0	5.572760E+5
4.500000E-3	0.000000E+0	5.582200E+5
4.520000E-3	0.000000E+0	5.579280E+5
4.540000E-3	0.000000E+0	5.568610E+5
4.560000E-3	0.000000E+0	5.578000E+5
4.580000E-3	0.000000E+0	5.585810E+5
4.600000E-3	0.000000E+0	5.585330E+5
4.620000E-3	0.000000E+0	5.576400E+5
4.640000E-3	0.000000E+0	5.583460E+5
4.660000E-3	0.000000E+0	5.587280E+5
4.680000E-3	0.000000E+0	5.578540E+5
4.700000E-3	0.000000E+0	5.586690E+5
4.720000E-3	0.000000E+0	5.581960E+5
4.740000E-3	0.000000E+0	5.575170E+5
4.760000E-3	0.000000E+0	5.588660E+5
4.780000E-3	0.000000E+0	5.568120E+5
4.800000E-3	0.000000E+0	5.572620E+5
4.820000E-3	0.000000E+0	5.568800E+5
4.840000E-3	0.000000E+0	5.567040E+5
4.860000E-3	0.000000E+0	5.551170E+5
4.880000E-3	0.000000E+0	5.540280E+5
4.900000E-3	0.000000E+0	5.539030E+5
4.920000E-3	0.000000E+0	5.506400E+5
4.940000E-3	0.000000E+0	5.499360E+5
4.960000E-3	0.000000E+0	5.494040E+5
4.980000E-3	0.000000E+0	5.499780E+5
5.000000E-3	0.000000E+0	5.478760E+5
5.020000E-3	0.000000E+0	5.459590E+5
5.040000E-3	0.000000E+0	5.439000E+5
5.060000E-3	0.000000E+0	5.419380E+5
5.080000E-3	0.000000E+0	5.432060E+5
5.100000E-3	0.000000E+0	5.433940E+5
5.120000E-3	0.000000E+0	5.429420E+5
5.140000E-3	0.000000E+0	5.447270E+5
5.160000E-3	0.000000E+0	5.474660E+5
5.180000E-3	0.000000E+0	5.483650E+5
5.200000E-3	0.000000E+0	5.498140E+5
5.220000E-3	0.000000E+0	5.519230E+5
5.240000E-3	0.000000E+0	5.513240E+5
5.260000E-3	0.000000E+0	5.551140E+5
5.280000E-3	0.000000E+0	5.524470E+5
5.300000E-3	0.000000E+0	5.548850E+5
5.320000E-3	0.000000E+0	5.562010E+5
5.340000E-3	0.000000E+0	5.570150E+5
5.360000E-3	0.000000E+0	5.573660E+5
5.380000E-3	0.000000E+0	5.564870E+5
5.400000E-3	0.000000E+0	5.583980E+5
5.420000E-3	0.000000E+0	5.574820E+5
5.440000E-3	0.000000E+0	5.568510E+5
5.460000E-3	0.000000E+0	5.559550E+5
5.480000E-3	0.000000E+0	5.561030E+5
5.500000E-3	0.000000E+0	5.564050E+5
5.520000E-3	0.000000E+0	5.539630E+5
5.540000E-3	0.000000E+0	5.538670E+5
5.560000E-3	0.000000E+0	5.506520E+5
5.580000E-3	0.000000E+0	5.502900E+5
5.600000E-3	0.000000E+0	5.487380E+5
5.620000E-3	0.000000E+0	5.491030E+5
5.640000E-3	0.000000E+0	5.496050E+5
5.660000E-3	0.000000E+0	5.474060E+5
5.680000E-3	0.000000E+0	5.467310E+5
5.700000E-3	0.000000E+0	5.436850E+5
5.720000E-3	0.000000E+0	5.434880E+5
5.740000E-3	0.000000E+0	5.445310E+5
5.760000E-3	0.000000E+0	5.449330E+5
5.780000E-3	0.000000E+0	5.456230E+5
5.800000E-3	0.000000E+0	5.476000E+5
5.820000E-3	0.000000E+0	5.494040E+5
5.840000E-3	0.000000E+0	5.509570E+5
5.860000E-3	0.000000E+0	5.510000E+5
5.880000E-3	0.000000E+0	5.530460E+5
5.900000E-3	0.000000E+0	5.548310E+5
5.920000E-3	0.000000E+0	5.567110E+5
5.940000E-3	0.000000E+0	5.561980E+5
5.960000E-3	0.000000E+0	5.563790E+5
5.980000E-3	0.000000E+0	5.579240E+5
6.000000E-3	0.000000E+0	5.572620E+5
6.020000E-3	0.000000E+0	5.571370E+5
6.040000E-3	0.000000E+0	5.576420E+5
6.060000E-3	0.000000E+0	5.578180E+5
6.080000E-3	0.000000E+0	5.579740E+5
6.100000E-3	0.000000E+0	5.564830E+5
6.120000E-3	0.000000E+0	5.577510E+5
6.140000E-3	0.000000E+0	5.579150E+5
6.160000E-3	0.000000E+0	5.571120E+5
6.180000E-3	0.000000E+0	5.588200E+5
6.200000E-3	0.000000E+0	5.578120E+5
6.220000E-3	0.000000E+0	5.583470E+5
6.240000E-3	0.000000E+0	5.573020E+5
6.260000E-3	0.000000E+0	5.582960E+5
6.280000E-3	0.000000E+0	5.592800E+5
6.300000E-3	0.000000E+0	5.592710E+5
6.320000E-3	0.000000E+0	5.585880E+5
6.340000E-3	0.000000E+0	5.580660E+5
6.360000E-3	0.000000E+0	5.579610E+5
6.380000E-3	0.000000E+0	5.595520E+5
6.400000E-3	0.000000E+0	5.579930E+5
6.420000E-3	0.000000E+0	5.567880E+5
6.440000E-3	0.000000E+0	5.602820E+5
6.460000E-3	0.000000E+0	5.573210E+5
6.480000E-3	0.000000E+0	5.576950E+5
6.500000E-3	0.000000E+0	5.576270E+5
6.520000E-3	0.000000E+0	5.587920E+5
6.540000E-3	0.000000E+0	5.579600E+5
6.560000E-3	0.000000E+0	5.589630E+5
6.580000E-3	0.000000E+0	5.573960E+5
6.600000E-3	0.000000E+0	5.591340E+5
6.620000E-3	0.000000E+0	5.584730E+5
6.640000E-3	0.000000E+0	5.585440E+5
6.660000E-3	0.000000E+0	5.575700E+5
6.680000E-3	0.000000E+0	5.584120E+5
6.700000E-3	0.000000E+0	5.589040E+5
6.720000E-3	0.000000E+0	5.583350E+5
6.740000E-3	0.000000E+0	5.583700E+5
6.760000E-3	0.000000E+0	5.593060E+5
6.780000E-3	0.000000E+0	5.576560E+5
6.800000E-3	0.000000E+0	5.590580E+5
6.820000E-3	0.000000E+0	5.584780E+5
6.840000E-3	0.000000E+0	5.584600E+5
6.860000E-3	0.000000E+0	5.587160E+5
6.880000E-3	0.000000E+0	5.592350E+5
6.900000E-3	0.000000E+0	5.583070E+5
6.920000E-3	0.000000E+0	5.569970E+5
6.940000E-3	0.000000E+0	5.583770E+5
6.960000E-3	0.000000E+0	5.564680E+5
6.980000E-3	0.000000E+0	5.581720E+5
7.000000E-3	0.000000E+0	5.578380E+5
7.020000E-3	0.000000E+0	5.590130E+5
7.040000E-3	0.000000E+0	5.587660E+5
7.060000E-3	0.000000E+0	5.589700E+5
7.080000E-3	0.000000E+0	5.583210E+5
7.100000E-3	0.000000E+0	5.572790E+5
7.120000E-3	0.000000E+0	5.589350E+5
7.140000E-3	0.000000E+0	5.578590E+5
7.160000E-3	0.000000E+0	5.580690E+5
7.180000E-3	0.000000E+0	5.575500E+5
7.200000E-3	0.000000E+0	5.582600E+5
7.220000E-3	0.000000E+0	5.593240E+5
7.240000E-3	0.000000E+0	5.580660E+5
7.260000E-3	0.000000E+0	5.584590E+5
7.280000E-3	0.000000E+0	5.583430E+5
7.300000E-3	0.000000E+0	5.584150E+5
7.320000E-3	0.000000E+0	5.583010E+5
7.340000E-3	0.000000E+0	5.594420E+5
7.360000E-3	0.000000E+0	5.582200E+5
7.380000E-3	0.000000E+0	5.593720E+5
7.400000E-3	0.000000E+0	5.588150E+5
7.420000E-3	0.000000E+0	5.582150E+5
7.440000E-3	0.000000E+0	5.582390E+5
7.460000E-3	0.000000E+0	5.581810E+5
7.480000E-3	0.000000E+0	5.578960E+5
7.500000E-3	0.000000E+0	5.597300E+5
7.520000E-3	0.000000E+0	5.589370E+5
7.540000E-3	0.000000E+0	5.583210E+5
7.560000E-3	0.000000E+0	5.591670E+5
7.580000E-3	0.000000E+0	5.585880E+5
7.600000E-3	0.000000E+0	5.585020E+5
7.620000E-3	0.000000E+0	5.589920E+5
7.640000E-3	0.000000E+0	5.595240E+5
7.660000E-3	0.000000E+0	5.583360E+5
7.680000E-3	0.000000E+0	5.584930E+5
7.700000E-3	0.000000E+0	5.580090E+5
7.720000E-3	0.000000E+0	5.592100E+5
7.740000E-3	0.000000E+0	5.577400E+5
7.760000E-3	0.000000E+0	5.589180E+5
7.780000E-3	0.000000E+0	5.596310E+5
7.800000E-3	0.000000E+0	5.583590E+5
7.820000E-3	0.000000E+0	5.581940E+5
7.840000E-3	0.000000E+0	5.601630E+5
7.860000E-3	0.000000E+0	5.583870E+5
7.880000E-3	0.000000E+0	5.581240E+5
7.900000E-3	0.000000E+0	5.587010E+5
7.920000E-3	0.000000E+0	5.582850E+5
7.940000E-3	0.000000E+0	5.595930E+5
7.960000E-3	0.000000E+0	5.601920E+5
7.980000E-3	0.000000E+0	5.592860E+5
8.000000E-3	0.000000E+0	5.588890E+5
8.020000E-3	0.000000E+0	5.589620E+5
8.040000E-3	0.000000E+0	5.572980E+5
8.060000E-3	0.000000E+0	5.575630E+5
8.080000E-3	0.000000E+0	5.591080E+5
8.100000E-3	0.000000E+0	5.600230E+5
8.120000E-3	0.000000E+0	5.591740E+5
8.140000E-3	0.000000E+0	5.580320E+5
8.160000E-3	0.000000E+0	5.581730E+5
8.180000E-3	0.000000E+0	5.580590E+5
8.200000E-3	0.000000E+0	5.585910E+5
8.220000E-3	0.000000E+0	5.587000E+5
8.240000E-3	0.000000E+0	5.591630E+5
8.260000E-3	0.000000E+0	5.602630E+5
8.280000E-3	0.000000E+0	5.575370E+5
8.300000E-3	0.000000E+0	5.587340E+5
8.320000E-3	0.000000E+0	5.576420E+5
8.340000E-3	0.000000E+0	5.574050E+5
8.360000E-3	0.000000E+0	5.581980E+5
8.380000E-3	0.000000E+0	5.573420E+5
8.400000E-3	0.000000E+0	5.575800E+5
8.420000E-3	0.000000E+0	5.584150E+5
8.440000E-3	0.000000E+0	5.591460E+5
8.460000E-3	0.000000E+0	5.593920E+5
8.480000E-3	0.000000E+0	5.594400E+5
8.500000E-3	0.000000E+0	5.575290E+5
8.520000E-3	0.000000E+0	5.585050E+5
8.540000E-3	0.000000E+0	5.592000E+5
8.560000E-3	0.000000E+0	5.589080E+5
8.580000E-3	0.000000E+0	5.600020E+5
8.600000E-3	0.000000E+0	5.590990E+5
8.620000E-3	0.000000E+0	5.603810E+5
8.640000E-3	0.000000E+0	5.585510E+5
8.660000E-3	0.000000E+0	5.579290E+5
8.680000E-3	0.000000E+0	5.590090E+5
8.700000E-3	0.000000E+0	5.570210E+5
8.720000E-3	0.000000E+0	5.594640E+5
8.740000E-3	0.000000E+0	5.572390E+5
8.760000E-3	0.000000E+0	5.585160E+5
8.780000E-3	0.000000E+0	5.587940E+5
8.800000E-3	0.000000E+0	5.592820E+5
8.820000E-3	0.000000E+0	5.588280E+5
8.840000E-3	0.000000E+0	5.579840E+5
8.860000E-3	0.000000E+0	5.604800E+5
8.880000E-3	0.000000E+0	5.580320E+5
8.900000E-3	0.000000E+0	5.585610E+5
8.920000E-3	0.000000E+0	5.581450E+5
8.940000E-3	0.000000E+0	5.569530E+5
8.960000E-3	0.000000E+0	5.592930E+5
8.980000E-3	0.000000E+0	5.579730E+5
9.000000E-3	0.000000E+0	5.587890E+5
9.020000E-3	0.000000E+0	5.569150E+5
9.040000E-3	0.000000E+0	5.586520E+5
9.060000E-3	0.000000E+0	5.611470E+5
9.080000E-3	0.000000E+0	5.580440E+5
9.100000E-3	0.000000E+0	5.598750E+5
9.120000E-3	0.000000E+0	5.570830E+5
9.140000E-3	0.000000E+0	5.592200E+5
9.160000E-3	0.000000E+0	5.585010E+5
9.180000E-3	0.000000E+0	5.575970E+5
9.200000E-3	0.000000E+0	5.585080E+5
9.220000E-3	0.000000E+0	5.587300E+5
9.240000E-3	0.000000E+0	5.587870E+5
9.260000E-3	0.000000E+0	5.597630E+5
9.280000E-3	0.000000E+0	5.592790E+5
9.300000E-3	0.000000E+0	5.592750E+5
9.320000E-3	0.000000E+0	5.582780E+5
9.340000E-3	0.000000E+0	5.583920E+5
9.360000E-3	0.000000E+0	5.590640E+5
9.380000E-3	0.000000E+0	5.596520E+5
9.400000E-3	0.000000E+0	5.591660E+5
9.420000E-3	0.000000E+0	5.600770E+5
9.440000E-3	0.000000E+0	5.578550E+5
9.460000E-3	0.000000E+0	5.595990E+5
9.480000E-3	0.000000E+0	5.586820E+5
9.500000E-3	0.000000E+0	5.576610E+5
9.520000E-3	0.000000E+0	5.595260E+5
9.540000E-3	0.000000E+0	5.571790E+5
9.560000E-3	0.000000E+0	5.585140E+5
9.580000E-3	0.000000E+0	5.586410E+5
9.600000E-3	0.000000E+0	5.589140E+5
9.620000E-3	0.000000E+0	5.589410E+5
9.640000E-3	0.000000E+0	5.579920E+5
9.660000E-3	0.000000E+0	5.598200E+5
9.680000E-3	0.000000E+0	5.577650E+5
9.700000E-3	0.000000E+0	5.580960E+5
9.720000E-3	0.000000E+0	5.583840E+5
9.740000E-3	0.000000E+0	5.587530E+5
9.760000E-3	0.000000E+0	5.586020E+5
9.780000E-3	0.000000E+0	5.592560E+5
9.800000E-3	0.000000E+0	5.585250E+5
9.820000E-3	0.000000E+0	5.591030E+5
9.840000E-3	0.000000E+0	5.584330E+5
9.860000E-3	0.000000E+0	5.578040E+5
9.880000E-3	0.000000E+0	5.596770E+5
9.900000E-3	0.000000E+0	5.604060E+5
9.920000E-3	0.000000E+0	5.586890E+5
9.940000E-3	0.000000E+0	5.576870E+5
9.960000E-3	0.000000E+0	5.580430E+5
9.980000E-3	0.000000E+0	5.593770E+5
1.000000E-2	0.000000E+0	5.588570E+5
1.002000E-2	0.000000E+0	5.585910E+5
1.004000E-2	0.000000E+0	5.594700E+5
1.006000E-2	0.000000E+0	5.578790E+5
1.008000E-2	0.000000E+0	5.582730E+5
1.010000E-2	0.000000E+0	5.581830E+5
1.012000E-2	0.000000E+0	5.597770E+5
1.014000E-2	0.000000E+0	5.605070E+5
1.016000E-2	0.000000E+0	5.595210E+5
1.018000E-2	0.000000E+0	5.589390E+5
1.020000E-2	0.000000E+0	5.594700E+5
1.022000E-2	0.000000E+0	5.588110E+5
1.024000E-2	0.000000E+0	5.580590E+5
1.026000E-2	0.000000E+0	5.599120E+5
1.028000E-2	0.000000E+0	5.588770E+5
1.030000E-2	0.000000E+0	5.594520E+5
1.032000E-2	0.000000E+0	5.580860E+5
1.034000E-2	0.000000E+0	5.599170E+5
1.036000E-2	0.000000E+0	5.585760E+5
1.038000E-2	0.000000E+0	5.593150E+5
1.040000E-2	0.000000E+0	5.582350E+5
1.042000E-2	0.000000E+0	5.590160E+5
1.044000E-2	0.000000E+0	5.588960E+5
1.046000E-2	0.000000E+0	5.595500E+5
1.048000E-2	0.000000E+0	5.602840E+5
1.050000E-2	0.000000E+0	5.583330E+5
1.052000E-2	0.000000E+0	5.595890E+5
1.054000E-2	0.000000E+0	5.601100E+5
1.056000E-2	0.000000E+0	5.587560E+5
1.058000E-2	0.000000E+0	5.601610E+5
1.060000E-2	0.000000E+0	5.582770E+5
1.062000E-2	0.000000E+0	5.585600E+5
1.064000E-2	0.000000E+0	5.592770E+5
1.066000E-2	0.000000E+0	5.586370E+5
1.068000E-2	0.000000E+0	5.588230E+5
1.070000E-2	0.000000E+0	5.577290E+5
1.072000E-2	0.000000E+0	5.587140E+5
1.074000E-2	0.000000E+0	5.592600E+5
1.076000E-2	0.000000E+0	5.589490E+5
1.078000E-2	0.000000E+0	5.596940E+5
1.080000E-2	0.000000E+0	5.598340E+5
1.082000E-2	0.000000E+0	5.603220E+5
1.084000E-2	0.000000E+0	5.590850E+5
1.086000E-2	0.000000E+0	5.593790E+5
1.088000E-2	0.000000E+0	5.588440E+5
1.090000E-2	0.000000E+0	5.589460E+5
1.092000E-2	0.000000E+0	5.591840E+5
1.094000E-2	0.000000E+0	5.580900E+5
1.096000E-2	0.000000E+0	5.588320E+5
1.098000E-2	0.000000E+0	5.595620E+5
1.100000E-2	0.000000E+0	5.596170E+5
1.102000E-2	0.000000E+0	5.581320E+5
1.104000E-2	0.000000E+0	5.595120E+5
1.106000E-2	0.000000E+0	5.586170E+5
1.108000E-2	0.000000E+0	5.595950E+5
1.110000E-2	0.000000E+0	5.586890E+5
1.112000E-2	0.000000E+0	5.582560E+5
1.114000E-2	0.000000E+0	5.593980E+5
1.116000E-2	0.000000E+0	5.574520E+5
1.118000E-2	0.000000E+0	5.588720E+5
1.120000E-2	0.000000E+0	5.581410E+5
1.122000E-2	0.000000E+0	5.604240E+5
1.124000E-2	0.000000E+0	5.602290E+5
1.126000E-2	0.000000E+0	5.577380E+5
1.128000E-2	0.000000E+0	5.575910E+5
1.130000E-2	0.000000E+0	5.591300E+5
1.132000E-2	0.000000E+0	5.603420E+5
1.134000E-2	0.000000E+0	5.577760E+5
1.136000E-2	0.000000E+0	5.601280E+5
1.138000E-2	0.000000E+0	5.586230E+5
1.140000E-2	0.000000E+0	5.602180E+5
1.142000E-2	0.000000E+0	5.580390E+5
1.144000E-2	0.000000E+0	5.599810E+5
1.146000E-2	0.000000E+0	5.583830E+5
1.148000E-2	0.000000E+0	5.588200E+5
1.150000E-2	0.000000E+0	5.586490E+5
1.152000E-2	0.000000E+0	5.584200E+5
1.154000E-2	0.000000E+0	5.582780E+5
1.156000E-2	0.000000E+0	5.592670E+5
1.158000E-2	0.000000E+0	5.583140E+5
1.160000E-2	0.000000E+0	5.592190E+5
1.162000E-2	0.000000E+0	5.593490E+5
1.164000E-2	0.000000E+0	5.599570E+5
1.166000E-2	0.000000E+0	5.606880E+5
1.168000E-2	0.000000E+0	5.593270E+5
1.170000E-2	0.000000E+0	5.598300E+5
1.172000E-2	0.000000E+0	5.596660E+5
1.174000E-2	0.000000E+0	5.588620E+5
1.176000E-2	0.000000E+0	5.591260E+5
1.178000E-2	0.000000E+0	5.576620E+5
1.180000E-2	0.000000E+0	5.588510E+5
1.182000E-2	0.000000E+0	5.598090E+5
1.184000E-2	0.000000E+0	5.600600E+5
1.186000E-2	0.000000E+0	5.580620E+5
1.188000E-2	0.000000E+0	5.579960E+5
1.190000E-2	0.000000E+0	5.580690E+5
1.192000E-2	0.000000E+0	5.579120E+5
1.194000E-2	0.000000E+0	5.603110E+5
1.196000E-2	0.000000E+0	5.590160E+5
1.198000E-2	0.000000E+0	5.591180E+5
1.200000E-2	0.000000E+0	5.589160E+5
1.202000E-2	0.000000E+0	5.588280E+5
1.204000E-2	0.000000E+0	5.584970E+5
1.206000E-2	0.000000E+0	5.591630E+5
1.208000E-2	0.000000E+0	5.599120E+5
1.210000E-2	0.000000E+0	5.591860E+5
1.212000E-2	0.000000E+0	5.586090E+5
1.214000E-2	0.000000E+0	5.577480E+5
1.216000E-2	0.000000E+0	5.586960E+5
1.218000E-2	0.000000E+0	5.586280E+5
1.220000E-2	0.000000E+0	5.581330E+5
1.222000E-2	0.000000E+0	5.592120E+5
1.224000E-2	0.000000E+0	5.592340E+5
1.226000E-2	0.000000E+0	5.585490E+5
1.228000E-2	0.000000E+0	5.589970E+5
1.230000E-2	0.000000E+0	5.589750E+5
1.232000E-2	0.000000E+0	5.595190E+5
1.234000E-2	0.000000E+0	5.596210E+5
1.236000E-2	0.000000E+0	5.589690E+5
1.238000E-2	0.000000E+0	5.601120E+5
1.240000E-2	0.000000E+0	5.596300E+5
1.242000E-2	0.000000E+0	5.594040E+5
1.244000E-2	0.000000E+0	5.596770E+5
1.246000E-2	0.000000E+0	5.592180E+5
1.248000E-2	0.000000E+0	5.588200E+5
1.250000E-2	0.000000E+0	5.584990E+5
1.252000E-2	0.000000E+0	5.608470E+5
1.254000E-2	0.000000E+0	5.595640E+5
1.256000E-2	0.000000E+0	5.581370E+5
1.258000E-2	0.000000E+0	5.599860E+5
1.260000E-2	0.000000E+0	5.599830E+5
1.262000E-2	0.000000E+0	5.580860E+5
1.264000E-2	0.000000E+0	5.582180E+5
1.266000E-2	0.000000E+0	5.609920E+5
1.268000E-2	0.000000E+0	5.593690E+5
1.270000E-2	0.000000E+0	5.585600E+5
1.272000E-2	0.000000E+0	5.599320E+5
1.274000E-2	0.000000E+0	5.586300E+5
1.276000E-2	0.000000E+0	5.591310E+5
1.278000E-2	0.000000E+0	5.586140E+5
1.280000E-2	0.000000E+0	5.583010E+5
1.282000E-2	0.000000E+0	5.584570E+5
1.284000E-2	0.000000E+0	5.591080E+5
1.286000E-2	0.000000E+0	5.596700E+5
1.288000E-2	0.000000E+0	5.594930E+5
1.290000E-2	0.000000E+0	5.589420E+5
1.292000E-2	0.000000E+0	5.592890E+5
1.294000E-2	0.000000E+0	5.582480E+5
1.296000E-2	0.000000E+0	5.594150E+5
1.298000E-2	0.000000E+0	5.592600E+5
1.300000E-2	0.000000E+0	5.591660E+5
1.302000E-2	0.000000E+0	5.598320E+5
1.304000E-2	0.000000E+0	5.593950E+5
1.306000E-2	0.000000E+0	5.582250E+5
1.308000E-2	0.000000E+0	5.604500E+5
1.310000E-2	0.000000E+0	5.596990E+5
1.312000E-2	0.000000E+0	5.591650E+5
1.314000E-2	0.000000E+0	5.602300E+5
1.316000E-2	0.000000E+0	5.591020E+5
1.318000E-2	0.000000E+0	5.587740E+5
1.320000E-2	0.000000E+0	5.596480E+5
1.322000E-2	0.000000E+0	5.593430E+5
1.324000E-2	0.000000E+0	5.580330E+5
1.326000E-2	0.000000E+0	5.600140E+5
1.328000E-2	0.000000E+0	5.599800E+5
1.330000E-2	0.000000E+0	5.572760E+5
1.332000E-2	0.000000E+0	5.587390E+5
1.334000E-2	0.000000E+0	5.585400E+5
1.336000E-2	0.000000E+0	5.591900E+5
1.338000E-2	0.000000E+0	5.594910E+5
1.340000E-2	0.000000E+0	5.589240E+5
1.342000E-2	0.000000E+0	5.578040E+5
1.344000E-2	0.000000E+0	5.586920E+5
1.346000E-2	0.000000E+0	5.582330E+5
1.348000E-2	0.000000E+0	5.596050E+5
1.350000E-2	0.000000E+0	5.594960E+5
1.352000E-2	0.000000E+0	5.595990E+5
1.354000E-2	0.000000E+0	5.590980E+5
1.356000E-2	0.000000E+0	5.598230E+5
1.358000E-2	0.000000E+0	5.587410E+5
1.360000E-2	0.000000E+0	5.587950E+5
1.362000E-2	0.000000E+0	5.595300E+5
1.364000E-2	0.000000E+0	5.572600E+5
1.366000E-2	0.000000E+0	5.587730E+5
1.368000E-2	0.000000E+0	5.596860E+5
1.370000E-2	0.000000E+0	5.600180E+5
1.372000E-2	0.000000E+0	5.582790E+5
1.374000E-2	0.000000E+0	5.595670E+5
1.376000E-2	0.000000E+0	5.585340E+5
1.378000E-2	0.000000E+0	5.583720E+5
1.380000E-2	0.000000E+0	5.593670E+5
1.382000E-2	0.000000E+0	5.578040E+5
1.384000E-2	0.000000E+0	5.587550E+5
1.386000E-2	0.000000E+0	5.591770E+5
1.388000E-2	0.000000E+0	5.588290E+5
1.390000E-2	0.000000E+0	5.599810E+5
1.392000E-2	0.000000E+0	5.601620E+5
1.394000E-2	0.000000E+0	5.596870E+5
1.396000E-2	0.000000E+0	5.589230E+5
1.398000E-2	0.000000E+0	5.601270E+5
1.400000E-2	0.000000E+0	5.600790E+5
1.402000E-2	0.000000E+0	5.582640E+5
1.404000E-2	0.000000E+0	5.603900E+5
1.406000E-2	0.000000E+0	5.585030E+5
1.408000E-2	0.000000E+0	5.588560E+5
1.410000E-2	0.000000E+0	5.594550E+5
1.412000E-2	0.000000E+0	5.584610E+5
1.414000E-2	0.000000E+0	5.580100E+5
1.416000E-2	0.000000E+0	5.580620E+5
1.418000E-2	0.000000E+0	5.583090E+5
1.420000E-2	0.000000E+0	5.597320E+5
1.422000E-2	0.000000E+0	5.594710E+5
1.424000E-2	0.000000E+0	5.576730E+5
1.426000E-2	0.000000E+0	5.579030E+5
1.428000E-2	0.000000E+0	5.586420E+5
1.430000E-2	0.000000E+0	5.590340E+5
1.432000E-2	0.000000E+0	5.585260E+5
1.434000E-2	0.000000E+0	5.590960E+5
1.436000E-2	0.000000E+0	5.596170E+5
1.438000E-2	0.000000E+0	5.590680E+5
1.440000E-2	0.000000E+0	5.607810E+5
1.442000E-2	0.000000E+0	5.591280E+5
1.444000E-2	0.000000E+0	5.577860E+5
1.446000E-2	0.000000E+0	5.593940E+5
1.448000E-2	0.000000E+0	5.597230E+5
1.450000E-2	0.000000E+0	5.588230E+5
1.452000E-2	0.000000E+0	5.593520E+5
1.454000E-2	0.000000E+0	5.588700E+5
1.456000E-2	0.000000E+0	5.597260E+5
1.458000E-2	0.000000E+0	5.578310E+5
1.460000E-2	0.000000E+0	5.592490E+5
1.462000E-2	0.000000E+0	5.571150E+5
1.464000E-2	0.000000E+0	5.595310E+5
1.466000E-2	0.000000E+0	5.586850E+5
1.468000E-2	0.000000E+0	5.604930E+5
1.470000E-2	0.000000E+0	5.584140E+5
1.472000E-2	0.000000E+0	5.582140E+5
1.474000E-2	0.000000E+0	5.591740E+5
1.476000E-2	0.000000E+0	5.598520E+5
1.478000E-2	0.000000E+0	5.598860E+5
1.480000E-2	0.000000E+0	5.579700E+5
1.482000E-2	0.000000E+0	5.577290E+5
1.484000E-2	0.000000E+0	5.600470E+5
1.486000E-2	0.000000E+0	5.579630E+5
1.488000E-2	0.000000E+0	5.575860E+5
1.490000E-2	0.000000E+0	5.568430E+5
1.492000E-2	0.000000E+0	5.558110E+5
1.494000E-2	0.000000E+0	5.531380E+5
1.496000E-2	0.000000E+0	5.516360E+5
1.498000E-2	0.000000E+0	5.515260E+5
1.500000E-2	0.000000E+0	5.507050E+5
1.502000E-2	0.000000E+0	5.504930E+5
1.504000E-2	0.000000E+0	5.487480E+5
1.506000E-2	0.000000E+0	5.479400E+5
1.508000E-2	0.000000E+0	5.459030E+5
1.510000E-2	0.000000E+0	5.443620E+5
1.512000E-2	0.000000E+0	5.435200E+5
1.514000E-2	0.000000E+0	5.450270E+5
1.516000E-2	0.000000E+0	5.452150E+5
1.518000E-2	0.000000E+0	5.464220E+5
1.520000E-2	0.000000E+0	5.491150E+5
1.522000E-2	0.000000E+0	5.502440E+5
1.524000E-2	0.000000E+0	5.539260E+5
1.526000E-2	0.000000E+0	5.534680E+5
1.528000E-2	0.000000E+0	5.550720E+5
1.530000E-2	0.000000E+0	5.549280E+5
1.532000E-2	0.000000E+0	5.568800E+5
1.534000E-2	0.000000E+0	5.565530E+5
1.536000E-2	0.000000E+0	5.571920E+5
1.538000E-2	0.000000E+0	5.587710E+5
1.540000E-2	0.000000E+0	5.581080E+5
1.542000E-2	0.000000E+0	5.582090E+5
1.544000E-2	0.000000E+0	5.574000E+5
1.546000E-2	0.000000E+0	5.573920E+5
1.548000E-2	0.000000E+0	5.574510E+5
1.550000E-2	0.000000E+0	5.568700E+5
1.552000E-2	0.000000E+0	5.582150E+5
1.554000E-2	0.000000E+0	5.566360E+5
1.556000E-2	0.000000E+0	5.545650E+5
1.558000E-2	0.000000E+0	5.525380E+5
1.560000E-2	0.000000E+0	5.519260E+5
1.562000E-2	0.000000E+0	5.509150E+5
1.564000E-2	0.000000E+0	5.497850E+5
1.566000E-2	0.000000E+0	5.504820E+5
1.568000E-2	0.000000E+0	5.489360E+5
1.570000E-2	0.000000E+0	5.476980E+5
1.572000E-2	0.000000E+0	5.453950E+5
1.574000E-2	0.000000E+0	5.437950E+5
1.576000E-2	0.000000E+0	5.449280E+5
1.578000E-2	0.000000E+0	5.423170E+5
1.580000E-2	0.000000E+0	5.448760E+5
1.582000E-2	0.000000E+0	5.465370E+5
1.584000E-2	0.000000E+0	5.476110E+5
1.586000E-2	0.000000E+0	5.498300E+5
1.588000E-2	0.000000E+0	5.521240E+5
1.590000E-2	0.000000E+0	5.530020E+5
1.592000E-2	0.000000E+0	5.545500E+5
1.594000E-2	0.000000E+0	5.539980E+5
1.596000E-2	0.000000E+0	5.561740E+5
1.598000E-2	0.000000E+0	5.580990E+5
1.600000E-2	0.000000E+0	5.584800E+5
1.602000E-2	0.000000E+0	5.579300E+5
1.604000E-2	0.000000E+0	5.576400E+5
1.606000E-2	0.000000E+0	5.582640E+5
1.608000E-2	0.000000E+0	5.586010E+5
1.610000E-2	0.000000E+0	5.593100E+5
1.612000E-2	0.000000E+0	5.590810E+5
1.614000E-2	0.000000E+0	5.583820E+5
1.616000E-2	0.000000E+0	5.606690E+5
1.618000E-2	0.000000E+0	5.586700E+5
1.620000E-2	0.000000E+0	5.589760E+5
1.622000E-2	0.000000E+0	5.593270E+5
1.624000E-2	0.000000E+0	5.586850E+5
1.626000E-2	0.000000E+0	5.587860E+5
1.628000E-2	0.000000E+0	5.601370E+5
1.630000E-2	0.000000E+0	5.586930E+5
1.632000E-2	0.000000E+0	5.592220E+5
1.634000E-2	0.000000E+0	5.591920E+5
1.636000E-2	0.000000E+0	5.599270E+5
1.638000E-2	0.000000E+0	5.587790E+5
1.640000E-2	0.000000E+0	5.597210E+5
1.642000E-2	0.000000E+0	5.590620E+5
1.644000E-2	0.000000E+0	5.587360E+5
1.646000E-2	0.000000E+0	5.588760E+5
1.648000E-2	0.000000E+0	5.583960E+5
1.650000E-2	0.000000E+0	5.585180E+5
1.652000E-2	0.000000E+0	5.596700E+5
1.654000E-2	0.000000E+0	5.585700E+5
1.656000E-2	0.000000E+0	5.583470E+5
1.658000E-2	0.000000E+0	5.586130E+5
1.660000E-2	0.000000E+0	5.587650E+5
1.662000E-2	0.000000E+0	5.589080E+5
1.664000E-2	0.000000E+0	5.590600E+5
1.666000E-2	0.000000E+0	5.585760E+5
1.668000E-2	0.000000E+0	5.582980E+5
1.670000E-2	0.000000E+0	5.588610E+5
1.672000E-2	0.000000E+0	5.598790E+5
1.674000E-2	0.000000E+0	5.588810E+5
1.676000E-2	0.000000E+0	5.577130E+5
1.678000E-2	0.000000E+0	5.580290E+5
1.680000E-2	0.000000E+0	5.592870E+5
1.682000E-2	0.000000E+0	5.592850E+5
1.684000E-2	0.000000E+0	5.595830E+5
1.686000E-2	0.000000E+0	5.610060E+5
1.688000E-2	0.000000E+0	5.591030E+5
1.690000E-2	0.000000E+0	5.591710E+5
1.692000E-2	0.000000E+0	5.594730E+5
1.694000E-2	0.000000E+0	5.589090E+5
1.696000E-2	0.000000E+0	5.583730E+5
1.698000E-2	0.000000E+0	5.586350E+5
1.700000E-2	0.000000E+0	5.598720E+5
1.702000E-2	0.000000E+0	5.591380E+5
1.704000E-2	0.000000E+0	5.598640E+5
1.706000E-2	0.000000E+0	5.597470E+5
1.708000E-2	0.000000E+0	5.587440E+5
1.710000E-2	0.000000E+0	5.600160E+5
1.712000E-2	0.000000E+0	5.590100E+5
1.714000E-2	0.000000E+0	5.580270E+5
1.716000E-2	0.000000E+0	5.596950E+5
1.718000E-2	0.000000E+0	5.590450E+5
1.720000E-2	0.000000E+0	5.595120E+5
1.722000E-2	0.000000E+0	5.600450E+5
1.724000E-2	0.000000E+0	5.589780E+5
1.726000E-2	0.000000E+0	5.586400E+5
1.728000E-2	0.000000E+0	5.584380E+5
1.730000E-2	0.000000E+0	5.588640E+5
1.732000E-2	0.000000E+0	5.586030E+5
1.734000E-2	0.000000E+0	5.593910E+5
1.736000E-2	0.000000E+0	5.603080E+5
1.738000E-2	0.000000E+0	5.597620E+5
1.740000E-2	0.000000E+0	5.602430E+5
1.742000E-2	0.000000E+0	5.584700E+5
1.744000E-2	0.000000E+0	5.588840E+5
1.746000E-2	0.000000E+0	5.586710E+5
1.748000E-2	0.000000E+0	5.591500E+5
1.750000E-2	0.000000E+0	5.595180E+5
1.752000E-2	0.000000E+0	5.599040E+5
1.754000E-2	0.000000E+0	5.586590E+5
1.756000E-2	0.000000E+0	5.581560E+5
1.758000E-2	0.000000E+0	5.590200E+5
1.760000E-2	0.000000E+0	5.592540E+5
1.762000E-2	0.000000E+0	5.594770E+5
1.764000E-2	0.000000E+0	5.596950E+5
1.766000E-2	0.000000E+0	5.586610E+5
1.768000E-2	0.000000E+0	5.594650E+5
1.770000E-2	0.000000E+0	5.590120E+5
1.772000E-2	0.000000E+0	5.603450E+5
1.774000E-2	0.000000E+0	5.589280E+5
1.776000E-2	0.000000E+0	5.588080E+5
1.778000E-2	0.000000E+0	5.600060E+5
1.780000E-2	0.000000E+0	5.576200E+5
1.782000E-2	0.000000E+0	5.591700E+5
1.784000E-2	0.000000E+0	5.588020E+5
1.786000E-2	0.000000E+0	5.588110E+5
1.788000E-2	0.000000E+0	5.594540E+5
1.790000E-2	0.000000E+0	5.594270E+5
1.792000E-2	0.000000E+0	5.581000E+5
1.794000E-2	0.000000E+0	5.589560E+5
1.796000E-2	0.000000E+0	5.593580E+5
1.798000E-2	0.000000E+0	5.596310E+5
1.800000E-2	0.000000E+0	5.574010E+5
1.802000E-2	0.000000E+0	5.588410E+5
1.804000E-2	0.000000E+0	5.578380E+5
1.806000E-2	0.000000E+0	5.585360E+5
1.808000E-2	0.000000E+0	5.585840E+5
1.810000E-2	0.000000E+0	5.597050E+5
1.812000E-2	0.000000E+0	5.603540E+5
1.814000E-2	0.000000E+0	5.603380E+5
1.816000E-2	0.000000E+0	5.593960E+5
1.818000E-2	0.000000E+0	5.579720E+5
1.820000E-2	0.000000E+0	5.599360E+5
1.822000E-2	0.000000E+0	5.587740E+5
1.824000E-2	0.000000E+0	5.591800E+5
1.826000E-2	0.000000E+0	5.595740E+5
1.828000E-2	0.000000E+0	5.584810E+5
1.830000E-2	0.000000E+0	5.579360E+5
1.832000E-2	0.000000E+0	5.595400E+5
1.834000E-2	0.000000E+0	5.582350E+5
1.836000E-2	0.000000E+0	5.600460E+5
1.838000E-2	0.000000E+0	5.584000E+5
1.840000E-2	0.000000E+0	5.586920E+5
1.842000E-2	0.000000E+0	5.582810E+5
1.844000E-2	0.000000E+0	5.581870E+5
1.846000E-2	0.000000E+0	5.575040E+5
1.848000E-2	0.000000E+0	5.599660E+5
1.850000E-2	0.000000E+0	5.592930E+5
1.852000E-2	0.000000E+0	5.591850E+5
1.854000E-2	0.000000E+0	5.608040E+5
1.856000E-2	0.000000E+0	5.573730E+5
1.858000E-2	0.000000E+0	5.581010E+5
1.860000E-2	0.000000E+0	5.590540E+5
1.862000E-2	0.000000E+0	5.584020E+5
1.864000E-2	0.000000E+0	5.579090E+5
1.866000E-2	0.000000E+0	5.593630E+5
1.868000E-2	0.000000E+0	5.592210E+5
1.870000E-2	0.000000E+0	5.592580E+5
1.872000E-2	0.000000E+0	5.593770E+5
1.874000E-2	0.000000E+0	5.568890E+5
1.876000E-2	0.000000E+0	5.588900E+5
1.878000E-2	0.000000E+0	5.588120E+5
1.880000E-2	0.000000E+0	5.584940E+5
1.882000E-2	0.000000E+0	5.586870E+5
1.884000E-2	0.000000E+0	5.597560E+5
1.886000E-2	0.000000E+0	5.585880E+5
1.888000E-2	0.000000E+0	5.582260E+5
1.890000E-2	0.000000E+0	5.585700E+5
1.892000E-2	0.000000E+0	5.601080E+5
1.894000E-2	0.000000E+0	5.588570E+5
1.896000E-2	0.000000E+0	5.591880E+5
1.898000E-2	0.000000E+0	5.599260E+5
1.900000E-2	0.000000E+0	5.584110E+5
1.902000E-2	0.000000E+0	5.581130E+5
1.904000E-2	0.000000E+0	5.591020E+5
1.906000E-2	0.000000E+0	5.598500E+5
1.908000E-2	0.000000E+0	5.591020E+5
1.910000E-2	0.000000E+0	5.578640E+5
1.912000E-2	0.000000E+0	5.579840E+5
1.914000E-2	0.000000E+0	5.590460E+5
1.916000E-2	0.000000E+0	5.585090E+5
1.918000E-2	0.000000E+0	5.584940E+5
1.920000E-2	0.000000E+0	5.598370E+5
1.922000E-2	0.000000E+0	5.589720E+5
1.924000E-2	0.000000E+0	5.592710E+5
1.926000E-2	0.000000E+0	5.595590E+5
1.928000E-2	0.000000E+0	5.596180E+5
1.930000E-2	0.000000E+0	5.588950E+5
1.932000E-2	0.000000E+0	5.587450E+5
1.934000E-2	0.000000E+0	5.588880E+5
1.936000E-2	0.000000E+0	5.586860E+5
1.938000E-2	0.000000E+0	5.594690E+5
1.940000E-2	0.000000E+0	5.572140E+5
1.942000E-2	0.000000E+0	5.600580E+5
1.944000E-2	0.000000E+0	5.597030E+5
1.946000E-2	0.000000E+0	5.576750E+5
1.948000E-2	0.000000E+0	5.590950E+5
1.950000E-2	0.000000E+0	5.591300E+5
1.952000E-2	0.000000E+0	5.599050E+5
1.954000E-2	0.000000E+0	5.586710E+5
1.956000E-2	0.000000E+0	5.601690E+5
1.958000E-2	0.000000E+0	5.584060E+5
1.960000E-2	0.000000E+0	5.593770E+5
1.962000E-2	0.000000E+0	5.582260E+5
1.964000E-2	0.000000E+0	5.597580E+5
1.966000E-2	0.000000E+0	5.598800E+5
1.968000E-2	0.000000E+0	5.589970E+5
1.970000E-2	0.000000E+0	5.588450E+5
1.972000E-2	0.000000E+0	5.590680E+5
1.974000E-2	0.000000E+0	5.592630E+5
1.976000E-2	0.000000E+0	5.572110E+5
1.978000E-2	0.000000E+0	5.583420E+5
1.980000E-2	0.000000E+0	5.594190E+5
1.982000E-2	0.000000E+0	5.582970E+5
1.984000E-2	0.000000E+0	5.590570E+5
1.986000E-2	0.000000E+0	5.580280E+5
1.988000E-2	0.000000E+0	5.577380E+5
1.990000E-2	0.000000E+0	5.587520E+5
1.992000E-2	0.000000E+0	5.586040E+5
1.994000E-2	0.000000E+0	5.605130E+5
1.996000E-2	0.000000E+0	5.584260E+5
1.998000E-2	0.000000E+0	5.589210E+5
