

live time:  96021.920000
real time:  133201.832000
sweeps:  4801096.000000
0.000000E+0	0.000000E+0	0.000000E+0
2.000000E-5	0.000000E+0	2.104140E+5
4.000000E-5	0.000000E+0	2.114090E+5
6.000000E-5	0.000000E+0	2.104740E+5
8.000000E-5	0.000000E+0	2.112560E+5
1.000000E-4	0.000000E+0	2.106060E+5
1.200000E-4	0.000000E+0	2.105540E+5
1.400000E-4	0.000000E+0	2.109060E+5
1.600000E-4	0.000000E+0	2.111220E+5
1.800000E-4	0.000000E+0	2.108310E+5
2.000000E-4	0.000000E+0	2.111780E+5
2.200000E-4	0.000000E+0	2.108500E+5
2.400000E-4	0.000000E+0	2.101940E+5
2.600000E-4	0.000000E+0	2.104070E+5
2.800000E-4	0.000000E+0	2.109030E+5
3.000000E-4	0.000000E+0	2.114450E+5
3.200000E-4	0.000000E+0	2.111520E+5
3.400000E-4	0.000000E+0	2.106580E+5
3.600000E-4	0.000000E+0	2.107710E+5
3.800000E-4	0.000000E+0	2.101380E+5
4.000000E-4	0.000000E+0	2.104480E+5
4.200000E-4	0.000000E+0	2.109210E+5
4.400000E-4	0.000000E+0	2.100730E+5
4.600000E-4	0.000000E+0	2.115740E+5
4.800000E-4	0.000000E+0	2.104870E+5
5.000000E-4	0.000000E+0	2.109290E+5
5.200000E-4	0.000000E+0	2.108440E+5
5.400000E-4	0.000000E+0	2.108430E+5
5.600000E-4	0.000000E+0	2.102540E+5
5.800000E-4	0.000000E+0	2.110170E+5
6.000000E-4	0.000000E+0	2.110720E+5
6.200000E-4	0.000000E+0	2.102110E+5
6.400000E-4	0.000000E+0	2.111640E+5
6.600000E-4	0.000000E+0	2.102900E+5
6.800000E-4	0.000000E+0	2.102880E+5
7.000000E-4	0.000000E+0	2.109660E+5
7.200000E-4	0.000000E+0	2.115250E+5
7.400000E-4	0.000000E+0	2.100850E+5
7.600000E-4	0.000000E+0	2.107510E+5
7.800000E-4	0.000000E+0	2.100870E+5
8.000000E-4	0.000000E+0	2.108820E+5
8.200000E-4	0.000000E+0	2.112990E+5
8.400000E-4	0.000000E+0	2.109780E+5
8.600000E-4	0.000000E+0	2.112240E+5
8.800000E-4	0.000000E+0	2.099550E+5
9.000000E-4	0.000000E+0	2.115470E+5
9.200000E-4	0.000000E+0	2.105920E+5
9.400000E-4	0.000000E+0	2.108490E+5
9.600000E-4	0.000000E+0	2.098480E+5
9.800000E-4	0.000000E+0	2.115980E+5
1.000000E-3	0.000000E+0	2.109950E+5
1.020000E-3	0.000000E+0	2.107560E+5
1.040000E-3	0.000000E+0	2.104350E+5
1.060000E-3	0.000000E+0	2.104470E+5
1.080000E-3	0.000000E+0	2.106910E+5
1.100000E-3	0.000000E+0	2.103160E+5
1.120000E-3	0.000000E+0	2.109810E+5
1.140000E-3	0.000000E+0	2.104680E+5
1.160000E-3	0.000000E+0	2.098720E+5
1.180000E-3	0.000000E+0	2.104590E+5
1.200000E-3	0.000000E+0	2.111070E+5
1.220000E-3	0.000000E+0	2.115610E+5
1.240000E-3	0.000000E+0	2.108250E+5
1.260000E-3	0.000000E+0	2.104580E+5
1.280000E-3	0.000000E+0	2.114130E+5
1.300000E-3	0.000000E+0	2.100320E+5
1.320000E-3	0.000000E+0	2.110700E+5
1.340000E-3	0.000000E+0	2.106040E+5
1.360000E-3	0.000000E+0	2.103440E+5
1.380000E-3	0.000000E+0	2.111100E+5
1.400000E-3	0.000000E+0	2.104200E+5
1.420000E-3	0.000000E+0	2.112790E+5
1.440000E-3	0.000000E+0	2.101910E+5
1.460000E-3	0.000000E+0	2.099470E+5
1.480000E-3	0.000000E+0	2.108330E+5
1.500000E-3	0.000000E+0	2.111770E+5
1.520000E-3	0.000000E+0	2.107740E+5
1.540000E-3	0.000000E+0	2.111490E+5
1.560000E-3	0.000000E+0	2.103140E+5
1.580000E-3	0.000000E+0	2.107430E+5
1.600000E-3	0.000000E+0	2.106510E+5
1.620000E-3	0.000000E+0	2.104080E+5
1.640000E-3	0.000000E+0	2.101500E+5
1.660000E-3	0.000000E+0	2.115770E+5
1.680000E-3	0.000000E+0	2.100630E+5
1.700000E-3	0.000000E+0	2.100480E+5
1.720000E-3	0.000000E+0	2.109890E+5
1.740000E-3	0.000000E+0	2.115640E+5
1.760000E-3	0.000000E+0	2.114740E+5
1.780000E-3	0.000000E+0	2.115250E+5
1.800000E-3	0.000000E+0	2.112640E+5
1.820000E-3	0.000000E+0	2.105340E+5
1.840000E-3	0.000000E+0	2.107040E+5
1.860000E-3	0.000000E+0	2.110050E+5
1.880000E-3	0.000000E+0	2.109130E+5
1.900000E-3	0.000000E+0	2.104860E+5
1.920000E-3	0.000000E+0	2.109800E+5
1.940000E-3	0.000000E+0	2.106260E+5
1.960000E-3	0.000000E+0	2.110720E+5
1.980000E-3	0.000000E+0	2.113830E+5
2.000000E-3	0.000000E+0	2.105380E+5
2.020000E-3	0.000000E+0	2.105720E+5
2.040000E-3	0.000000E+0	2.105560E+5
2.060000E-3	0.000000E+0	2.112790E+5
2.080000E-3	0.000000E+0	2.114470E+5
2.100000E-3	0.000000E+0	2.118350E+5
2.120000E-3	0.000000E+0	2.108040E+5
2.140000E-3	0.000000E+0	2.109860E+5
2.160000E-3	0.000000E+0	2.104660E+5
2.180000E-3	0.000000E+0	2.112730E+5
2.200000E-3	0.000000E+0	2.109770E+5
2.220000E-3	0.000000E+0	2.111260E+5
2.240000E-3	0.000000E+0	2.107920E+5
2.260000E-3	0.000000E+0	2.112460E+5
2.280000E-3	0.000000E+0	2.107300E+5
2.300000E-3	0.000000E+0	2.111850E+5
2.320000E-3	0.000000E+0	2.104870E+5
2.340000E-3	0.000000E+0	2.109240E+5
2.360000E-3	0.000000E+0	2.107710E+5
2.380000E-3	0.000000E+0	2.110220E+5
2.400000E-3	0.000000E+0	2.101400E+5
2.420000E-3	0.000000E+0	2.106080E+5
2.440000E-3	0.000000E+0	2.096580E+5
2.460000E-3	0.000000E+0	2.104550E+5
2.480000E-3	0.000000E+0	2.114160E+5
2.500000E-3	0.000000E+0	2.110640E+5
2.520000E-3	0.000000E+0	2.111740E+5
2.540000E-3	0.000000E+0	2.105600E+5
2.560000E-3	0.000000E+0	2.104960E+5
2.580000E-3	0.000000E+0	2.103600E+5
2.600000E-3	0.000000E+0	2.117450E+5
2.620000E-3	0.000000E+0	2.104040E+5
2.640000E-3	0.000000E+0	2.105250E+5
2.660000E-3	0.000000E+0	2.113350E+5
2.680000E-3	0.000000E+0	2.109230E+5
2.700000E-3	0.000000E+0	2.111270E+5
2.720000E-3	0.000000E+0	2.108590E+5
2.740000E-3	0.000000E+0	2.115140E+5
2.760000E-3	0.000000E+0	2.109860E+5
2.780000E-3	0.000000E+0	2.110100E+5
2.800000E-3	0.000000E+0	2.103080E+5
2.820000E-3	0.000000E+0	2.106330E+5
2.840000E-3	0.000000E+0	2.102410E+5
2.860000E-3	0.000000E+0	2.115980E+5
2.880000E-3	0.000000E+0	2.111960E+5
2.900000E-3	0.000000E+0	2.113850E+5
2.920000E-3	0.000000E+0	2.104610E+5
2.940000E-3	0.000000E+0	2.109660E+5
2.960000E-3	0.000000E+0	2.113300E+5
2.980000E-3	0.000000E+0	2.101620E+5
3.000000E-3	0.000000E+0	2.109190E+5
3.020000E-3	0.000000E+0	2.109440E+5
3.040000E-3	0.000000E+0	2.111600E+5
3.060000E-3	0.000000E+0	2.120480E+5
3.080000E-3	0.000000E+0	2.109720E+5
3.100000E-3	0.000000E+0	2.102550E+5
3.120000E-3	0.000000E+0	2.108510E+5
3.140000E-3	0.000000E+0	2.107920E+5
3.160000E-3	0.000000E+0	2.108380E+5
3.180000E-3	0.000000E+0	2.114290E+5
3.200000E-3	0.000000E+0	2.109630E+5
3.220000E-3	0.000000E+0	2.111040E+5
3.240000E-3	0.000000E+0	2.105120E+5
3.260000E-3	0.000000E+0	2.109380E+5
3.280000E-3	0.000000E+0	2.103840E+5
3.300000E-3	0.000000E+0	2.104970E+5
3.320000E-3	0.000000E+0	2.108220E+5
3.340000E-3	0.000000E+0	2.110610E+5
3.360000E-3	0.000000E+0	2.104500E+5
3.380000E-3	0.000000E+0	2.106180E+5
3.400000E-3	0.000000E+0	2.108340E+5
3.420000E-3	0.000000E+0	2.111480E+5
3.440000E-3	0.000000E+0	2.104600E+5
3.460000E-3	0.000000E+0	2.112270E+5
3.480000E-3	0.000000E+0	2.106580E+5
3.500000E-3	0.000000E+0	2.114410E+5
3.520000E-3	0.000000E+0	2.105310E+5
3.540000E-3	0.000000E+0	2.106850E+5
3.560000E-3	0.000000E+0	2.106650E+5
3.580000E-3	0.000000E+0	2.108510E+5
3.600000E-3	0.000000E+0	2.102910E+5
3.620000E-3	0.000000E+0	2.094400E+5
3.640000E-3	0.000000E+0	2.111550E+5
3.660000E-3	0.000000E+0	2.108540E+5
3.680000E-3	0.000000E+0	2.107400E+5
3.700000E-3	0.000000E+0	2.102970E+5
3.720000E-3	0.000000E+0	2.107060E+5
3.740000E-3	0.000000E+0	2.108690E+5
3.760000E-3	0.000000E+0	2.108520E+5
3.780000E-3	0.000000E+0	2.107280E+5
3.800000E-3	0.000000E+0	2.106130E+5
3.820000E-3	0.000000E+0	2.103330E+5
3.840000E-3	0.000000E+0	2.106590E+5
3.860000E-3	0.000000E+0	2.107050E+5
3.880000E-3	0.000000E+0	2.104000E+5
3.900000E-3	0.000000E+0	2.108720E+5
3.920000E-3	0.000000E+0	2.121160E+5
3.940000E-3	0.000000E+0	2.113840E+5
3.960000E-3	0.000000E+0	2.109800E+5
3.980000E-3	0.000000E+0	2.106950E+5
4.000000E-3	0.000000E+0	2.112250E+5
4.020000E-3	0.000000E+0	2.107130E+5
4.040000E-3	0.000000E+0	2.103730E+5
4.060000E-3	0.000000E+0	2.112150E+5
4.080000E-3	0.000000E+0	2.112240E+5
4.100000E-3	0.000000E+0	2.108260E+5
4.120000E-3	0.000000E+0	2.104870E+5
4.140000E-3	0.000000E+0	2.109570E+5
4.160000E-3	0.000000E+0	2.112510E+5
4.180000E-3	0.000000E+0	2.100390E+5
4.200000E-3	0.000000E+0	2.102960E+5
4.220000E-3	0.000000E+0	2.102080E+5
4.240000E-3	0.000000E+0	2.107390E+5
4.260000E-3	0.000000E+0	2.101860E+5
4.280000E-3	0.000000E+0	2.109600E+5
4.300000E-3	0.000000E+0	2.105630E+5
4.320000E-3	0.000000E+0	2.107290E+5
4.340000E-3	0.000000E+0	2.103580E+5
4.360000E-3	0.000000E+0	2.108530E+5
4.380000E-3	0.000000E+0	2.096160E+5
4.400000E-3	0.000000E+0	2.113450E+5
4.420000E-3	0.000000E+0	2.108470E+5
4.440000E-3	0.000000E+0	2.098330E+5
4.460000E-3	0.000000E+0	2.103300E+5
4.480000E-3	0.000000E+0	2.101250E+5
4.500000E-3	0.000000E+0	2.104440E+5
4.520000E-3	0.000000E+0	2.102490E+5
4.540000E-3	0.000000E+0	2.106230E+5
4.560000E-3	0.000000E+0	2.100570E+5
4.580000E-3	0.000000E+0	2.105970E+5
4.600000E-3	0.000000E+0	2.101730E+5
4.620000E-3	0.000000E+0	2.103290E+5
4.640000E-3	0.000000E+0	2.107020E+5
4.660000E-3	0.000000E+0	2.106740E+5
4.680000E-3	0.000000E+0	2.104920E+5
4.700000E-3	0.000000E+0	2.109540E+5
4.720000E-3	0.000000E+0	2.112180E+5
4.740000E-3	0.000000E+0	2.094070E+5
4.760000E-3	0.000000E+0	2.111230E+5
4.780000E-3	0.000000E+0	2.098950E+5
4.800000E-3	0.000000E+0	2.108050E+5
4.820000E-3	0.000000E+0	2.104440E+5
4.840000E-3	0.000000E+0	2.110210E+5
4.860000E-3	0.000000E+0	2.098820E+5
4.880000E-3	0.000000E+0	2.091710E+5
4.900000E-3	0.000000E+0	2.094590E+5
4.920000E-3	0.000000E+0	2.083050E+5
4.940000E-3	0.000000E+0	2.079950E+5
4.960000E-3	0.000000E+0	2.074830E+5
4.980000E-3	0.000000E+0	2.079920E+5
5.000000E-3	0.000000E+0	2.072570E+5
5.020000E-3	0.000000E+0	2.075450E+5
5.040000E-3	0.000000E+0	2.064370E+5
5.060000E-3	0.000000E+0	2.051110E+5
5.080000E-3	0.000000E+0	2.043330E+5
5.100000E-3	0.000000E+0	2.044750E+5
5.120000E-3	0.000000E+0	2.044990E+5
5.140000E-3	0.000000E+0	2.050730E+5
5.160000E-3	0.000000E+0	2.055440E+5
5.180000E-3	0.000000E+0	2.061060E+5
5.200000E-3	0.000000E+0	2.068440E+5
5.220000E-3	0.000000E+0	2.077400E+5
5.240000E-3	0.000000E+0	2.079040E+5
5.260000E-3	0.000000E+0	2.092300E+5
5.280000E-3	0.000000E+0	2.082920E+5
5.300000E-3	0.000000E+0	2.095750E+5
5.320000E-3	0.000000E+0	2.098890E+5
5.340000E-3	0.000000E+0	2.100120E+5
5.360000E-3	0.000000E+0	2.106310E+5
5.380000E-3	0.000000E+0	2.103340E+5
5.400000E-3	0.000000E+0	2.112670E+5
5.420000E-3	0.000000E+0	2.106250E+5
5.440000E-3	0.000000E+0	2.095750E+5
5.460000E-3	0.000000E+0	2.098820E+5
5.480000E-3	0.000000E+0	2.101410E+5
5.500000E-3	0.000000E+0	2.101770E+5
5.520000E-3	0.000000E+0	2.095390E+5
5.540000E-3	0.000000E+0	2.098160E+5
5.560000E-3	0.000000E+0	2.091950E+5
5.580000E-3	0.000000E+0	2.089500E+5
5.600000E-3	0.000000E+0	2.076450E+5
5.620000E-3	0.000000E+0	2.067250E+5
5.640000E-3	0.000000E+0	2.069710E+5
5.660000E-3	0.000000E+0	2.075840E+5
5.680000E-3	0.000000E+0	2.076590E+5
5.700000E-3	0.000000E+0	2.060660E+5
5.720000E-3	0.000000E+0	2.056270E+5
5.740000E-3	0.000000E+0	2.045070E+5
5.760000E-3	0.000000E+0	2.050180E+5
5.780000E-3	0.000000E+0	2.056300E+5
5.800000E-3	0.000000E+0	2.053900E+5
5.820000E-3	0.000000E+0	2.062540E+5
5.840000E-3	0.000000E+0	2.071780E+5
5.860000E-3	0.000000E+0	2.073620E+5
5.880000E-3	0.000000E+0	2.086430E+5
5.900000E-3	0.000000E+0	2.095230E+5
5.920000E-3	0.000000E+0	2.095570E+5
5.940000E-3	0.000000E+0	2.087480E+5
5.960000E-3	0.000000E+0	2.095060E+5
5.980000E-3	0.000000E+0	2.101750E+5
6.000000E-3	0.000000E+0	2.103220E+5
6.020000E-3	0.000000E+0	2.108880E+5
6.040000E-3	0.000000E+0	2.107730E+5
6.060000E-3	0.000000E+0	2.100730E+5
6.080000E-3	0.000000E+0	2.103680E+5
6.100000E-3	0.000000E+0	2.104010E+5
6.120000E-3	0.000000E+0	2.107130E+5
6.140000E-3	0.000000E+0	2.101790E+5
6.160000E-3	0.000000E+0	2.108390E+5
6.180000E-3	0.000000E+0	2.110680E+5
6.200000E-3	0.000000E+0	2.102910E+5
6.220000E-3	0.000000E+0	2.108520E+5
6.240000E-3	0.000000E+0	2.097010E+5
6.260000E-3	0.000000E+0	2.106430E+5
6.280000E-3	0.000000E+0	2.116990E+5
6.300000E-3	0.000000E+0	2.103860E+5
6.320000E-3	0.000000E+0	2.108600E+5
6.340000E-3	0.000000E+0	2.107240E+5
6.360000E-3	0.000000E+0	2.098440E+5
6.380000E-3	0.000000E+0	2.111710E+5
6.400000E-3	0.000000E+0	2.103360E+5
6.420000E-3	0.000000E+0	2.108290E+5
6.440000E-3	0.000000E+0	2.114280E+5
6.460000E-3	0.000000E+0	2.106430E+5
6.480000E-3	0.000000E+0	2.103950E+5
6.500000E-3	0.000000E+0	2.105040E+5
6.520000E-3	0.000000E+0	2.109430E+5
6.540000E-3	0.000000E+0	2.099850E+5
6.560000E-3	0.000000E+0	2.113990E+5
6.580000E-3	0.000000E+0	2.108220E+5
6.600000E-3	0.000000E+0	2.111790E+5
6.620000E-3	0.000000E+0	2.106490E+5
6.640000E-3	0.000000E+0	2.103600E+5
6.660000E-3	0.000000E+0	2.099330E+5
6.680000E-3	0.000000E+0	2.105590E+5
6.700000E-3	0.000000E+0	2.107770E+5
6.720000E-3	0.000000E+0	2.104870E+5
6.740000E-3	0.000000E+0	2.108110E+5
6.760000E-3	0.000000E+0	2.109690E+5
6.780000E-3	0.000000E+0	2.102080E+5
6.800000E-3	0.000000E+0	2.111660E+5
6.820000E-3	0.000000E+0	2.106590E+5
6.840000E-3	0.000000E+0	2.105550E+5
6.860000E-3	0.000000E+0	2.107460E+5
6.880000E-3	0.000000E+0	2.111590E+5
6.900000E-3	0.000000E+0	2.103870E+5
6.920000E-3	0.000000E+0	2.110270E+5
6.940000E-3	0.000000E+0	2.104270E+5
6.960000E-3	0.000000E+0	2.101290E+5
6.980000E-3	0.000000E+0	2.108060E+5
7.000000E-3	0.000000E+0	2.104070E+5
7.020000E-3	0.000000E+0	2.102220E+5
7.040000E-3	0.000000E+0	2.106980E+5
7.060000E-3	0.000000E+0	2.107040E+5
7.080000E-3	0.000000E+0	2.108230E+5
7.100000E-3	0.000000E+0	2.109030E+5
7.120000E-3	0.000000E+0	2.105270E+5
7.140000E-3	0.000000E+0	2.105910E+5
7.160000E-3	0.000000E+0	2.112200E+5
7.180000E-3	0.000000E+0	2.099090E+5
7.200000E-3	0.000000E+0	2.107640E+5
7.220000E-3	0.000000E+0	2.109970E+5
7.240000E-3	0.000000E+0	2.105930E+5
7.260000E-3	0.000000E+0	2.100510E+5
7.280000E-3	0.000000E+0	2.102700E+5
7.300000E-3	0.000000E+0	2.102240E+5
7.320000E-3	0.000000E+0	2.114170E+5
7.340000E-3	0.000000E+0	2.110270E+5
7.360000E-3	0.000000E+0	2.106170E+5
7.380000E-3	0.000000E+0	2.112930E+5
7.400000E-3	0.000000E+0	2.105760E+5
7.420000E-3	0.000000E+0	2.104980E+5
7.440000E-3	0.000000E+0	2.107530E+5
7.460000E-3	0.000000E+0	2.110160E+5
7.480000E-3	0.000000E+0	2.108750E+5
7.500000E-3	0.000000E+0	2.115920E+5
7.520000E-3	0.000000E+0	2.113480E+5
7.540000E-3	0.000000E+0	2.109370E+5
7.560000E-3	0.000000E+0	2.113770E+5
7.580000E-3	0.000000E+0	2.105000E+5
7.600000E-3	0.000000E+0	2.102110E+5
7.620000E-3	0.000000E+0	2.108010E+5
7.640000E-3	0.000000E+0	2.119850E+5
7.660000E-3	0.000000E+0	2.105460E+5
7.680000E-3	0.000000E+0	2.107260E+5
7.700000E-3	0.000000E+0	2.104190E+5
7.720000E-3	0.000000E+0	2.109280E+5
7.740000E-3	0.000000E+0	2.105120E+5
7.760000E-3	0.000000E+0	2.098070E+5
7.780000E-3	0.000000E+0	2.115510E+5
7.800000E-3	0.000000E+0	2.108520E+5
7.820000E-3	0.000000E+0	2.111400E+5
7.840000E-3	0.000000E+0	2.114820E+5
7.860000E-3	0.000000E+0	2.108560E+5
7.880000E-3	0.000000E+0	2.107920E+5
7.900000E-3	0.000000E+0	2.109540E+5
7.920000E-3	0.000000E+0	2.100190E+5
7.940000E-3	0.000000E+0	2.112470E+5
7.960000E-3	0.000000E+0	2.109740E+5
7.980000E-3	0.000000E+0	2.114080E+5
8.000000E-3	0.000000E+0	2.110460E+5
8.020000E-3	0.000000E+0	2.114880E+5
8.040000E-3	0.000000E+0	2.101740E+5
8.060000E-3	0.000000E+0	2.108410E+5
8.080000E-3	0.000000E+0	2.104390E+5
8.100000E-3	0.000000E+0	2.105930E+5
8.120000E-3	0.000000E+0	2.112040E+5
8.140000E-3	0.000000E+0	2.105310E+5
8.160000E-3	0.000000E+0	2.109030E+5
8.180000E-3	0.000000E+0	2.105440E+5
8.200000E-3	0.000000E+0	2.106830E+5
8.220000E-3	0.000000E+0	2.105570E+5
8.240000E-3	0.000000E+0	2.103760E+5
8.260000E-3	0.000000E+0	2.119460E+5
8.280000E-3	0.000000E+0	2.101770E+5
8.300000E-3	0.000000E+0	2.108570E+5
8.320000E-3	0.000000E+0	2.105990E+5
8.340000E-3	0.000000E+0	2.111200E+5
8.360000E-3	0.000000E+0	2.106290E+5
8.380000E-3	0.000000E+0	2.097600E+5
8.400000E-3	0.000000E+0	2.106010E+5
8.420000E-3	0.000000E+0	2.111740E+5
8.440000E-3	0.000000E+0	2.111650E+5
8.460000E-3	0.000000E+0	2.108670E+5
8.480000E-3	0.000000E+0	2.117090E+5
8.500000E-3	0.000000E+0	2.096730E+5
8.520000E-3	0.000000E+0	2.110090E+5
8.540000E-3	0.000000E+0	2.109670E+5
8.560000E-3	0.000000E+0	2.107510E+5
8.580000E-3	0.000000E+0	2.120700E+5
8.600000E-3	0.000000E+0	2.100380E+5
8.620000E-3	0.000000E+0	2.108160E+5
8.640000E-3	0.000000E+0	2.108500E+5
8.660000E-3	0.000000E+0	2.104970E+5
8.680000E-3	0.000000E+0	2.113940E+5
8.700000E-3	0.000000E+0	2.101720E+5
8.720000E-3	0.000000E+0	2.106810E+5
8.740000E-3	0.000000E+0	2.104830E+5
8.760000E-3	0.000000E+0	2.107110E+5
8.780000E-3	0.000000E+0	2.111630E+5
8.800000E-3	0.000000E+0	2.112650E+5
8.820000E-3	0.000000E+0	2.112640E+5
8.840000E-3	0.000000E+0	2.104490E+5
8.860000E-3	0.000000E+0	2.116540E+5
8.880000E-3	0.000000E+0	2.105980E+5
8.900000E-3	0.000000E+0	2.113140E+5
8.920000E-3	0.000000E+0	2.101160E+5
8.940000E-3	0.000000E+0	2.103970E+5
8.960000E-3	0.000000E+0	2.116400E+5
8.980000E-3	0.000000E+0	2.103270E+5
9.000000E-3	0.000000E+0	2.102700E+5
9.020000E-3	0.000000E+0	2.105180E+5
9.040000E-3	0.000000E+0	2.108610E+5
9.060000E-3	0.000000E+0	2.115830E+5
9.080000E-3	0.000000E+0	2.111110E+5
9.100000E-3	0.000000E+0	2.111910E+5
9.120000E-3	0.000000E+0	2.107050E+5
9.140000E-3	0.000000E+0	2.108580E+5
9.160000E-3	0.000000E+0	2.113190E+5
9.180000E-3	0.000000E+0	2.104010E+5
9.200000E-3	0.000000E+0	2.110990E+5
9.220000E-3	0.000000E+0	2.107330E+5
9.240000E-3	0.000000E+0	2.114760E+5
9.260000E-3	0.000000E+0	2.113700E+5
9.280000E-3	0.000000E+0	2.114780E+5
9.300000E-3	0.000000E+0	2.110980E+5
9.320000E-3	0.000000E+0	2.106160E+5
9.340000E-3	0.000000E+0	2.106880E+5
9.360000E-3	0.000000E+0	2.104840E+5
9.380000E-3	0.000000E+0	2.109540E+5
9.400000E-3	0.000000E+0	2.110300E+5
9.420000E-3	0.000000E+0	2.115350E+5
9.440000E-3	0.000000E+0	2.109840E+5
9.460000E-3	0.000000E+0	2.114250E+5
9.480000E-3	0.000000E+0	2.101060E+5
9.500000E-3	0.000000E+0	2.104240E+5
9.520000E-3	0.000000E+0	2.114630E+5
9.540000E-3	0.000000E+0	2.099950E+5
9.560000E-3	0.000000E+0	2.104100E+5
9.580000E-3	0.000000E+0	2.110350E+5
9.600000E-3	0.000000E+0	2.108570E+5
9.620000E-3	0.000000E+0	2.100690E+5
9.640000E-3	0.000000E+0	2.108030E+5
9.660000E-3	0.000000E+0	2.109340E+5
9.680000E-3	0.000000E+0	2.099490E+5
9.700000E-3	0.000000E+0	2.112670E+5
9.720000E-3	0.000000E+0	2.106600E+5
9.740000E-3	0.000000E+0	2.109190E+5
9.760000E-3	0.000000E+0	2.102440E+5
9.780000E-3	0.000000E+0	2.110910E+5
9.800000E-3	0.000000E+0	2.107830E+5
9.820000E-3	0.000000E+0	2.113030E+5
9.840000E-3	0.000000E+0	2.107100E+5
9.860000E-3	0.000000E+0	2.109170E+5
9.880000E-3	0.000000E+0	2.117860E+5
9.900000E-3	0.000000E+0	2.109690E+5
9.920000E-3	0.000000E+0	2.101440E+5
9.940000E-3	0.000000E+0	2.101970E+5
9.960000E-3	0.000000E+0	2.103760E+5
9.980000E-3	0.000000E+0	2.116310E+5
1.000000E-2	0.000000E+0	2.102090E+5
1.002000E-2	0.000000E+0	2.106340E+5
1.004000E-2	0.000000E+0	2.113410E+5
1.006000E-2	0.000000E+0	2.113020E+5
1.008000E-2	0.000000E+0	2.106310E+5
1.010000E-2	0.000000E+0	2.107120E+5
1.012000E-2	0.000000E+0	2.110430E+5
1.014000E-2	0.000000E+0	2.117530E+5
1.016000E-2	0.000000E+0	2.109180E+5
1.018000E-2	0.000000E+0	2.110560E+5
1.020000E-2	0.000000E+0	2.110740E+5
1.022000E-2	0.000000E+0	2.112330E+5
1.024000E-2	0.000000E+0	2.102130E+5
1.026000E-2	0.000000E+0	2.122410E+5
1.028000E-2	0.000000E+0	2.108510E+5
1.030000E-2	0.000000E+0	2.111470E+5
1.032000E-2	0.000000E+0	2.108140E+5
1.034000E-2	0.000000E+0	2.111600E+5
1.036000E-2	0.000000E+0	2.106390E+5
1.038000E-2	0.000000E+0	2.113270E+5
1.040000E-2	0.000000E+0	2.109560E+5
1.042000E-2	0.000000E+0	2.109520E+5
1.044000E-2	0.000000E+0	2.108830E+5
1.046000E-2	0.000000E+0	2.109310E+5
1.048000E-2	0.000000E+0	2.108940E+5
1.050000E-2	0.000000E+0	2.103130E+5
1.052000E-2	0.000000E+0	2.114010E+5
1.054000E-2	0.000000E+0	2.117020E+5
1.056000E-2	0.000000E+0	2.109910E+5
1.058000E-2	0.000000E+0	2.113880E+5
1.060000E-2	0.000000E+0	2.103500E+5
1.062000E-2	0.000000E+0	2.105090E+5
1.064000E-2	0.000000E+0	2.111670E+5
1.066000E-2	0.000000E+0	2.104650E+5
1.068000E-2	0.000000E+0	2.115870E+5
1.070000E-2	0.000000E+0	2.108780E+5
1.072000E-2	0.000000E+0	2.108580E+5
1.074000E-2	0.000000E+0	2.113810E+5
1.076000E-2	0.000000E+0	2.116050E+5
1.078000E-2	0.000000E+0	2.116540E+5
1.080000E-2	0.000000E+0	2.109540E+5
1.082000E-2	0.000000E+0	2.120900E+5
1.084000E-2	0.000000E+0	2.109540E+5
1.086000E-2	0.000000E+0	2.108220E+5
1.088000E-2	0.000000E+0	2.110180E+5
1.090000E-2	0.000000E+0	2.106950E+5
1.092000E-2	0.000000E+0	2.113260E+5
1.094000E-2	0.000000E+0	2.107090E+5
1.096000E-2	0.000000E+0	2.109740E+5
1.098000E-2	0.000000E+0	2.111300E+5
1.100000E-2	0.000000E+0	2.114370E+5
1.102000E-2	0.000000E+0	2.106760E+5
1.104000E-2	0.000000E+0	2.112810E+5
1.106000E-2	0.000000E+0	2.109960E+5
1.108000E-2	0.000000E+0	2.105970E+5
1.110000E-2	0.000000E+0	2.109800E+5
1.112000E-2	0.000000E+0	2.113930E+5
1.114000E-2	0.000000E+0	2.110710E+5
1.116000E-2	0.000000E+0	2.097180E+5
1.118000E-2	0.000000E+0	2.114380E+5
1.120000E-2	0.000000E+0	2.110930E+5
1.122000E-2	0.000000E+0	2.121390E+5
1.124000E-2	0.000000E+0	2.111270E+5
1.126000E-2	0.000000E+0	2.104080E+5
1.128000E-2	0.000000E+0	2.106310E+5
1.130000E-2	0.000000E+0	2.100410E+5
1.132000E-2	0.000000E+0	2.114100E+5
1.134000E-2	0.000000E+0	2.107210E+5
1.136000E-2	0.000000E+0	2.123830E+5
1.138000E-2	0.000000E+0	2.104620E+5
1.140000E-2	0.000000E+0	2.117210E+5
1.142000E-2	0.000000E+0	2.107410E+5
1.144000E-2	0.000000E+0	2.109010E+5
1.146000E-2	0.000000E+0	2.112600E+5
1.148000E-2	0.000000E+0	2.112730E+5
1.150000E-2	0.000000E+0	2.112270E+5
1.152000E-2	0.000000E+0	2.104200E+5
1.154000E-2	0.000000E+0	2.106910E+5
1.156000E-2	0.000000E+0	2.114440E+5
1.158000E-2	0.000000E+0	2.104330E+5
1.160000E-2	0.000000E+0	2.109630E+5
1.162000E-2	0.000000E+0	2.109800E+5
1.164000E-2	0.000000E+0	2.120390E+5
1.166000E-2	0.000000E+0	2.117670E+5
1.168000E-2	0.000000E+0	2.120570E+5
1.170000E-2	0.000000E+0	2.115390E+5
1.172000E-2	0.000000E+0	2.107950E+5
1.174000E-2	0.000000E+0	2.114340E+5
1.176000E-2	0.000000E+0	2.112880E+5
1.178000E-2	0.000000E+0	2.103160E+5
1.180000E-2	0.000000E+0	2.108730E+5
1.182000E-2	0.000000E+0	2.106480E+5
1.184000E-2	0.000000E+0	2.104340E+5
1.186000E-2	0.000000E+0	2.108010E+5
1.188000E-2	0.000000E+0	2.108170E+5
1.190000E-2	0.000000E+0	2.104780E+5
1.192000E-2	0.000000E+0	2.105310E+5
1.194000E-2	0.000000E+0	2.114840E+5
1.196000E-2	0.000000E+0	2.106390E+5
1.198000E-2	0.000000E+0	2.109980E+5
1.200000E-2	0.000000E+0	2.106270E+5
1.202000E-2	0.000000E+0	2.112990E+5
1.204000E-2	0.000000E+0	2.110910E+5
1.206000E-2	0.000000E+0	2.111790E+5
1.208000E-2	0.000000E+0	2.116750E+5
1.210000E-2	0.000000E+0	2.107930E+5
1.212000E-2	0.000000E+0	2.108580E+5
1.214000E-2	0.000000E+0	2.101680E+5
1.216000E-2	0.000000E+0	2.106550E+5
1.218000E-2	0.000000E+0	2.113210E+5
1.220000E-2	0.000000E+0	2.101250E+5
1.222000E-2	0.000000E+0	2.105820E+5
1.224000E-2	0.000000E+0	2.111430E+5
1.226000E-2	0.000000E+0	2.111160E+5
1.228000E-2	0.000000E+0	2.111280E+5
1.230000E-2	0.000000E+0	2.113380E+5
1.232000E-2	0.000000E+0	2.106820E+5
1.234000E-2	0.000000E+0	2.112420E+5
1.236000E-2	0.000000E+0	2.111860E+5
1.238000E-2	0.000000E+0	2.109900E+5
1.240000E-2	0.000000E+0	2.115170E+5
1.242000E-2	0.000000E+0	2.113890E+5
1.244000E-2	0.000000E+0	2.112660E+5
1.246000E-2	0.000000E+0	2.106200E+5
1.248000E-2	0.000000E+0	2.109830E+5
1.250000E-2	0.000000E+0	2.103760E+5
1.252000E-2	0.000000E+0	2.115430E+5
1.254000E-2	0.000000E+0	2.111560E+5
1.256000E-2	0.000000E+0	2.105460E+5
1.258000E-2	0.000000E+0	2.114670E+5
1.260000E-2	0.000000E+0	2.114610E+5
1.262000E-2	0.000000E+0	2.101900E+5
1.264000E-2	0.000000E+0	2.099170E+5
1.266000E-2	0.000000E+0	2.113490E+5
1.268000E-2	0.000000E+0	2.110450E+5
1.270000E-2	0.000000E+0	2.112800E+5
1.272000E-2	0.000000E+0	2.112350E+5
1.274000E-2	0.000000E+0	2.107870E+5
1.276000E-2	0.000000E+0	2.117120E+5
1.278000E-2	0.000000E+0	2.104220E+5
1.280000E-2	0.000000E+0	2.105780E+5
1.282000E-2	0.000000E+0	2.107900E+5
1.284000E-2	0.000000E+0	2.110460E+5
1.286000E-2	0.000000E+0	2.116460E+5
1.288000E-2	0.000000E+0	2.114180E+5
1.290000E-2	0.000000E+0	2.111770E+5
1.292000E-2	0.000000E+0	2.110980E+5
1.294000E-2	0.000000E+0	2.100800E+5
1.296000E-2	0.000000E+0	2.110820E+5
1.298000E-2	0.000000E+0	2.106970E+5
1.300000E-2	0.000000E+0	2.112400E+5
1.302000E-2	0.000000E+0	2.112760E+5
1.304000E-2	0.000000E+0	2.107880E+5
1.306000E-2	0.000000E+0	2.110200E+5
1.308000E-2	0.000000E+0	2.111110E+5
1.310000E-2	0.000000E+0	2.111320E+5
1.312000E-2	0.000000E+0	2.112290E+5
1.314000E-2	0.000000E+0	2.114880E+5
1.316000E-2	0.000000E+0	2.106470E+5
1.318000E-2	0.000000E+0	2.105920E+5
1.320000E-2	0.000000E+0	2.117930E+5
1.322000E-2	0.000000E+0	2.113870E+5
1.324000E-2	0.000000E+0	2.106140E+5
1.326000E-2	0.000000E+0	2.115590E+5
1.328000E-2	0.000000E+0	2.113200E+5
1.330000E-2	0.000000E+0	2.105450E+5
1.332000E-2	0.000000E+0	2.111390E+5
1.334000E-2	0.000000E+0	2.110090E+5
1.336000E-2	0.000000E+0	2.114950E+5
1.338000E-2	0.000000E+0	2.110130E+5
1.340000E-2	0.000000E+0	2.103910E+5
1.342000E-2	0.000000E+0	2.108070E+5
1.344000E-2	0.000000E+0	2.102830E+5
1.346000E-2	0.000000E+0	2.102510E+5
1.348000E-2	0.000000E+0	2.114520E+5
1.350000E-2	0.000000E+0	2.108150E+5
1.352000E-2	0.000000E+0	2.114660E+5
1.354000E-2	0.000000E+0	2.115810E+5
1.356000E-2	0.000000E+0	2.117660E+5
1.358000E-2	0.000000E+0	2.111360E+5
1.360000E-2	0.000000E+0	2.106490E+5
1.362000E-2	0.000000E+0	2.113410E+5
1.364000E-2	0.000000E+0	2.109420E+5
1.366000E-2	0.000000E+0	2.109720E+5
1.368000E-2	0.000000E+0	2.115910E+5
1.370000E-2	0.000000E+0	2.114170E+5
1.372000E-2	0.000000E+0	2.108500E+5
1.374000E-2	0.000000E+0	2.100710E+5
1.376000E-2	0.000000E+0	2.102910E+5
1.378000E-2	0.000000E+0	2.097090E+5
1.380000E-2	0.000000E+0	2.111780E+5
1.382000E-2	0.000000E+0	2.104340E+5
1.384000E-2	0.000000E+0	2.111730E+5
1.386000E-2	0.000000E+0	2.107230E+5
1.388000E-2	0.000000E+0	2.109270E+5
1.390000E-2	0.000000E+0	2.111160E+5
1.392000E-2	0.000000E+0	2.118330E+5
1.394000E-2	0.000000E+0	2.113350E+5
1.396000E-2	0.000000E+0	2.109520E+5
1.398000E-2	0.000000E+0	2.111500E+5
1.400000E-2	0.000000E+0	2.120110E+5
1.402000E-2	0.000000E+0	2.102440E+5
1.404000E-2	0.000000E+0	2.117990E+5
1.406000E-2	0.000000E+0	2.108960E+5
1.408000E-2	0.000000E+0	2.108660E+5
1.410000E-2	0.000000E+0	2.106320E+5
1.412000E-2	0.000000E+0	2.110610E+5
1.414000E-2	0.000000E+0	2.105750E+5
1.416000E-2	0.000000E+0	2.106200E+5
1.418000E-2	0.000000E+0	2.108050E+5
1.420000E-2	0.000000E+0	2.112870E+5
1.422000E-2	0.000000E+0	2.112350E+5
1.424000E-2	0.000000E+0	2.099810E+5
1.426000E-2	0.000000E+0	2.104430E+5
1.428000E-2	0.000000E+0	2.110220E+5
1.430000E-2	0.000000E+0	2.112040E+5
1.432000E-2	0.000000E+0	2.115650E+5
1.434000E-2	0.000000E+0	2.105910E+5
1.436000E-2	0.000000E+0	2.111010E+5
1.438000E-2	0.000000E+0	2.109420E+5
1.440000E-2	0.000000E+0	2.118230E+5
1.442000E-2	0.000000E+0	2.110000E+5
1.444000E-2	0.000000E+0	2.102300E+5
1.446000E-2	0.000000E+0	2.109750E+5
1.448000E-2	0.000000E+0	2.107410E+5
1.450000E-2	0.000000E+0	2.103320E+5
1.452000E-2	0.000000E+0	2.112650E+5
1.454000E-2	0.000000E+0	2.104560E+5
1.456000E-2	0.000000E+0	2.113730E+5
1.458000E-2	0.000000E+0	2.102660E+5
1.460000E-2	0.000000E+0	2.111510E+5
1.462000E-2	0.000000E+0	2.104930E+5
1.464000E-2	0.000000E+0	2.112160E+5
1.466000E-2	0.000000E+0	2.109870E+5
1.468000E-2	0.000000E+0	2.116510E+5
1.470000E-2	0.000000E+0	2.106040E+5
1.472000E-2	0.000000E+0	2.107680E+5
1.474000E-2	0.000000E+0	2.109940E+5
1.476000E-2	0.000000E+0	2.114620E+5
1.478000E-2	0.000000E+0	2.115740E+5
1.480000E-2	0.000000E+0	2.106670E+5
1.482000E-2	0.000000E+0	2.105070E+5
1.484000E-2	0.000000E+0	2.109100E+5
1.486000E-2	0.000000E+0	2.106150E+5
1.488000E-2	0.000000E+0	2.111750E+5
1.490000E-2	0.000000E+0	2.106190E+5
1.492000E-2	0.000000E+0	2.105520E+5
1.494000E-2	0.000000E+0	2.091070E+5
1.496000E-2	0.000000E+0	2.091580E+5
1.498000E-2	0.000000E+0	2.085980E+5
1.500000E-2	0.000000E+0	2.079550E+5
1.502000E-2	0.000000E+0	2.078600E+5
1.504000E-2	0.000000E+0	2.074410E+5
1.506000E-2	0.000000E+0	2.080590E+5
1.508000E-2	0.000000E+0	2.074250E+5
1.510000E-2	0.000000E+0	2.061460E+5
1.512000E-2	0.000000E+0	2.048040E+5
1.514000E-2	0.000000E+0	2.046650E+5
1.516000E-2	0.000000E+0	2.051950E+5
1.518000E-2	0.000000E+0	2.054400E+5
1.520000E-2	0.000000E+0	2.061630E+5
1.522000E-2	0.000000E+0	2.068750E+5
1.524000E-2	0.000000E+0	2.080780E+5
1.526000E-2	0.000000E+0	2.087140E+5
1.528000E-2	0.000000E+0	2.094880E+5
1.530000E-2	0.000000E+0	2.090150E+5
1.532000E-2	0.000000E+0	2.097920E+5
1.534000E-2	0.000000E+0	2.099720E+5
1.536000E-2	0.000000E+0	2.101010E+5
1.538000E-2	0.000000E+0	2.109850E+5
1.540000E-2	0.000000E+0	2.105200E+5
1.542000E-2	0.000000E+0	2.108820E+5
1.544000E-2	0.000000E+0	2.100090E+5
1.546000E-2	0.000000E+0	2.106320E+5
1.548000E-2	0.000000E+0	2.103520E+5
1.550000E-2	0.000000E+0	2.099070E+5
1.552000E-2	0.000000E+0	2.108820E+5
1.554000E-2	0.000000E+0	2.102550E+5
1.556000E-2	0.000000E+0	2.097300E+5
1.558000E-2	0.000000E+0	2.092770E+5
1.560000E-2	0.000000E+0	2.096280E+5
1.562000E-2	0.000000E+0	2.085470E+5
1.564000E-2	0.000000E+0	2.078160E+5
1.566000E-2	0.000000E+0	2.071030E+5
1.568000E-2	0.000000E+0	2.068680E+5
1.570000E-2	0.000000E+0	2.068320E+5
1.572000E-2	0.000000E+0	2.066580E+5
1.574000E-2	0.000000E+0	2.064270E+5
1.576000E-2	0.000000E+0	2.055980E+5
1.578000E-2	0.000000E+0	2.039950E+5
1.580000E-2	0.000000E+0	2.053580E+5
1.582000E-2	0.000000E+0	2.054430E+5
1.584000E-2	0.000000E+0	2.061200E+5
1.586000E-2	0.000000E+0	2.067130E+5
1.588000E-2	0.000000E+0	2.077030E+5
1.590000E-2	0.000000E+0	2.077140E+5
1.592000E-2	0.000000E+0	2.091670E+5
1.594000E-2	0.000000E+0	2.086210E+5
1.596000E-2	0.000000E+0	2.093070E+5
1.598000E-2	0.000000E+0	2.104910E+5
1.600000E-2	0.000000E+0	2.109000E+5
1.602000E-2	0.000000E+0	2.109930E+5
1.604000E-2	0.000000E+0	2.102890E+5
1.606000E-2	0.000000E+0	2.102630E+5
1.608000E-2	0.000000E+0	2.108210E+5
1.610000E-2	0.000000E+0	2.105020E+5
1.612000E-2	0.000000E+0	2.109040E+5
1.614000E-2	0.000000E+0	2.113300E+5
1.616000E-2	0.000000E+0	2.110210E+5
1.618000E-2	0.000000E+0	2.106870E+5
1.620000E-2	0.000000E+0	2.107130E+5
1.622000E-2	0.000000E+0	2.108480E+5
1.624000E-2	0.000000E+0	2.103460E+5
1.626000E-2	0.000000E+0	2.108750E+5
1.628000E-2	0.000000E+0	2.115600E+5
1.630000E-2	0.000000E+0	2.113290E+5
1.632000E-2	0.000000E+0	2.108560E+5
1.634000E-2	0.000000E+0	2.108220E+5
1.636000E-2	0.000000E+0	2.120360E+5
1.638000E-2	0.000000E+0	2.105360E+5
1.640000E-2	0.000000E+0	2.108740E+5
1.642000E-2	0.000000E+0	2.109910E+5
1.644000E-2	0.000000E+0	2.106820E+5
1.646000E-2	0.000000E+0	2.108620E+5
1.648000E-2	0.000000E+0	2.104680E+5
1.650000E-2	0.000000E+0	2.109270E+5
1.652000E-2	0.000000E+0	2.114310E+5
1.654000E-2	0.000000E+0	2.107800E+5
1.656000E-2	0.000000E+0	2.107070E+5
1.658000E-2	0.000000E+0	2.110100E+5
1.660000E-2	0.000000E+0	2.111460E+5
1.662000E-2	0.000000E+0	2.110170E+5
1.664000E-2	0.000000E+0	2.110840E+5
1.666000E-2	0.000000E+0	2.109210E+5
1.668000E-2	0.000000E+0	2.105850E+5
1.670000E-2	0.000000E+0	2.107660E+5
1.672000E-2	0.000000E+0	2.118170E+5
1.674000E-2	0.000000E+0	2.108050E+5
1.676000E-2	0.000000E+0	2.108990E+5
1.678000E-2	0.000000E+0	2.106150E+5
1.680000E-2	0.000000E+0	2.110160E+5
1.682000E-2	0.000000E+0	2.107290E+5
1.684000E-2	0.000000E+0	2.105750E+5
1.686000E-2	0.000000E+0	2.112050E+5
1.688000E-2	0.000000E+0	2.106050E+5
1.690000E-2	0.000000E+0	2.112960E+5
1.692000E-2	0.000000E+0	2.106610E+5
1.694000E-2	0.000000E+0	2.111490E+5
1.696000E-2	0.000000E+0	2.107120E+5
1.698000E-2	0.000000E+0	2.108100E+5
1.700000E-2	0.000000E+0	2.108670E+5
1.702000E-2	0.000000E+0	2.112200E+5
1.704000E-2	0.000000E+0	2.109970E+5
1.706000E-2	0.000000E+0	2.120280E+5
1.708000E-2	0.000000E+0	2.105060E+5
1.710000E-2	0.000000E+0	2.111740E+5
1.712000E-2	0.000000E+0	2.114300E+5
1.714000E-2	0.000000E+0	2.109250E+5
1.716000E-2	0.000000E+0	2.112900E+5
1.718000E-2	0.000000E+0	2.106960E+5
1.720000E-2	0.000000E+0	2.115990E+5
1.722000E-2	0.000000E+0	2.114320E+5
1.724000E-2	0.000000E+0	2.102510E+5
1.726000E-2	0.000000E+0	2.103930E+5
1.728000E-2	0.000000E+0	2.108540E+5
1.730000E-2	0.000000E+0	2.105620E+5
1.732000E-2	0.000000E+0	2.105860E+5
1.734000E-2	0.000000E+0	2.105770E+5
1.736000E-2	0.000000E+0	2.118020E+5
1.738000E-2	0.000000E+0	2.116400E+5
1.740000E-2	0.000000E+0	2.111100E+5
1.742000E-2	0.000000E+0	2.098890E+5
1.744000E-2	0.000000E+0	2.104500E+5
1.746000E-2	0.000000E+0	2.105270E+5
1.748000E-2	0.000000E+0	2.109620E+5
1.750000E-2	0.000000E+0	2.107340E+5
1.752000E-2	0.000000E+0	2.111640E+5
1.754000E-2	0.000000E+0	2.099660E+5
1.756000E-2	0.000000E+0	2.105250E+5
1.758000E-2	0.000000E+0	2.112550E+5
1.760000E-2	0.000000E+0	2.109660E+5
1.762000E-2	0.000000E+0	2.110170E+5
1.764000E-2	0.000000E+0	2.110720E+5
1.766000E-2	0.000000E+0	2.110650E+5
1.768000E-2	0.000000E+0	2.111330E+5
1.770000E-2	0.000000E+0	2.110540E+5
1.772000E-2	0.000000E+0	2.116000E+5
1.774000E-2	0.000000E+0	2.105510E+5
1.776000E-2	0.000000E+0	2.102770E+5
1.778000E-2	0.000000E+0	2.116890E+5
1.780000E-2	0.000000E+0	2.105000E+5
1.782000E-2	0.000000E+0	2.110960E+5
1.784000E-2	0.000000E+0	2.105480E+5
1.786000E-2	0.000000E+0	2.110030E+5
1.788000E-2	0.000000E+0	2.107520E+5
1.790000E-2	0.000000E+0	2.110310E+5
1.792000E-2	0.000000E+0	2.103650E+5
1.794000E-2	0.000000E+0	2.110930E+5
1.796000E-2	0.000000E+0	2.109190E+5
1.798000E-2	0.000000E+0	2.111780E+5
1.800000E-2	0.000000E+0	2.103210E+5
1.802000E-2	0.000000E+0	2.108960E+5
1.804000E-2	0.000000E+0	2.102980E+5
1.806000E-2	0.000000E+0	2.108090E+5
1.808000E-2	0.000000E+0	2.108520E+5
1.810000E-2	0.000000E+0	2.119140E+5
1.812000E-2	0.000000E+0	2.118210E+5
1.814000E-2	0.000000E+0	2.112860E+5
1.816000E-2	0.000000E+0	2.113090E+5
1.818000E-2	0.000000E+0	2.106210E+5
1.820000E-2	0.000000E+0	2.116580E+5
1.822000E-2	0.000000E+0	2.101750E+5
1.824000E-2	0.000000E+0	2.109580E+5
1.826000E-2	0.000000E+0	2.112150E+5
1.828000E-2	0.000000E+0	2.107100E+5
1.830000E-2	0.000000E+0	2.107070E+5
1.832000E-2	0.000000E+0	2.115860E+5
1.834000E-2	0.000000E+0	2.098770E+5
1.836000E-2	0.000000E+0	2.114480E+5
1.838000E-2	0.000000E+0	2.106930E+5
1.840000E-2	0.000000E+0	2.108550E+5
1.842000E-2	0.000000E+0	2.110650E+5
1.844000E-2	0.000000E+0	2.106350E+5
1.846000E-2	0.000000E+0	2.102090E+5
1.848000E-2	0.000000E+0	2.111680E+5
1.850000E-2	0.000000E+0	2.112320E+5
1.852000E-2	0.000000E+0	2.110080E+5
1.854000E-2	0.000000E+0	2.113840E+5
1.856000E-2	0.000000E+0	2.100040E+5
1.858000E-2	0.000000E+0	2.111760E+5
1.860000E-2	0.000000E+0	2.114710E+5
1.862000E-2	0.000000E+0	2.107470E+5
1.864000E-2	0.000000E+0	2.104430E+5
1.866000E-2	0.000000E+0	2.109400E+5
1.868000E-2	0.000000E+0	2.107960E+5
1.870000E-2	0.000000E+0	2.107160E+5
1.872000E-2	0.000000E+0	2.111710E+5
1.874000E-2	0.000000E+0	2.102670E+5
1.876000E-2	0.000000E+0	2.106410E+5
1.878000E-2	0.000000E+0	2.111740E+5
1.880000E-2	0.000000E+0	2.108610E+5
1.882000E-2	0.000000E+0	2.106350E+5
1.884000E-2	0.000000E+0	2.114000E+5
1.886000E-2	0.000000E+0	2.111070E+5
1.888000E-2	0.000000E+0	2.104330E+5
1.890000E-2	0.000000E+0	2.106270E+5
1.892000E-2	0.000000E+0	2.119480E+5
1.894000E-2	0.000000E+0	2.113540E+5
1.896000E-2	0.000000E+0	2.113680E+5
1.898000E-2	0.000000E+0	2.107650E+5
1.900000E-2	0.000000E+0	2.110630E+5
1.902000E-2	0.000000E+0	2.101250E+5
1.904000E-2	0.000000E+0	2.110250E+5
1.906000E-2	0.000000E+0	2.112360E+5
1.908000E-2	0.000000E+0	2.111300E+5
1.910000E-2	0.000000E+0	2.102200E+5
1.912000E-2	0.000000E+0	2.111500E+5
1.914000E-2	0.000000E+0	2.108770E+5
1.916000E-2	0.000000E+0	2.103250E+5
1.918000E-2	0.000000E+0	2.108690E+5
1.920000E-2	0.000000E+0	2.112060E+5
1.922000E-2	0.000000E+0	2.106260E+5
1.924000E-2	0.000000E+0	2.107110E+5
1.926000E-2	0.000000E+0	2.109140E+5
1.928000E-2	0.000000E+0	2.113740E+5
1.930000E-2	0.000000E+0	2.109220E+5
1.932000E-2	0.000000E+0	2.106540E+5
1.934000E-2	0.000000E+0	2.108900E+5
1.936000E-2	0.000000E+0	2.105940E+5
1.938000E-2	0.000000E+0	2.114830E+5
1.940000E-2	0.000000E+0	2.106640E+5
1.942000E-2	0.000000E+0	2.117240E+5
1.944000E-2	0.000000E+0	2.113570E+5
1.946000E-2	0.000000E+0	2.107270E+5
1.948000E-2	0.000000E+0	2.110000E+5
1.950000E-2	0.000000E+0	2.106260E+5
1.952000E-2	0.000000E+0	2.116190E+5
1.954000E-2	0.000000E+0	2.109440E+5
1.956000E-2	0.000000E+0	2.112870E+5
1.958000E-2	0.000000E+0	2.110950E+5
1.960000E-2	0.000000E+0	2.110290E+5
1.962000E-2	0.000000E+0	2.109520E+5
1.964000E-2	0.000000E+0	2.112390E+5
1.966000E-2	0.000000E+0	2.113010E+5
1.968000E-2	0.000000E+0	2.114280E+5
1.970000E-2	0.000000E+0	2.108410E+5
1.972000E-2	0.000000E+0	2.109910E+5
1.974000E-2	0.000000E+0	2.105940E+5
1.976000E-2	0.000000E+0	2.101230E+5
1.978000E-2	0.000000E+0	2.106360E+5
1.980000E-2	0.000000E+0	2.111910E+5
1.982000E-2	0.000000E+0	2.110180E+5
1.984000E-2	0.000000E+0	2.113190E+5
1.986000E-2	0.000000E+0	2.108750E+5
1.988000E-2	0.000000E+0	2.101420E+5
1.990000E-2	0.000000E+0	2.109600E+5
1.992000E-2	0.000000E+0	2.105920E+5
1.994000E-2	0.000000E+0	2.113880E+5
1.996000E-2	0.000000E+0	2.109160E+5
1.998000E-2	0.000000E+0	2.109370E+5
