

live time:  227383.560000
real time:  316807.705000
sweeps:  11369178.000000
0.000000E+0	0.000000E+0	0.000000E+0
2.000000E-5	0.000000E+0	4.980600E+5
4.000000E-5	0.000000E+0	4.985100E+5
6.000000E-5	0.000000E+0	4.976490E+5
8.000000E-5	0.000000E+0	4.987770E+5
1.000000E-4	0.000000E+0	4.968080E+5
1.200000E-4	0.000000E+0	4.986470E+5
1.400000E-4	0.000000E+0	4.987530E+5
1.600000E-4	0.000000E+0	4.984670E+5
1.800000E-4	0.000000E+0	4.985950E+5
2.000000E-4	0.000000E+0	4.984670E+5
2.200000E-4	0.000000E+0	4.988250E+5
2.400000E-4	0.000000E+0	4.970100E+5
2.600000E-4	0.000000E+0	4.972770E+5
2.800000E-4	0.000000E+0	4.975770E+5
3.000000E-4	0.000000E+0	4.993670E+5
3.200000E-4	0.000000E+0	4.979360E+5
3.400000E-4	0.000000E+0	4.973980E+5
3.600000E-4	0.000000E+0	4.989850E+5
3.800000E-4	0.000000E+0	4.976850E+5
4.000000E-4	0.000000E+0	4.971610E+5
4.200000E-4	0.000000E+0	4.979450E+5
4.400000E-4	0.000000E+0	4.975560E+5
4.600000E-4	0.000000E+0	4.989160E+5
4.800000E-4	0.000000E+0	4.972980E+5
5.000000E-4	0.000000E+0	4.980680E+5
5.200000E-4	0.000000E+0	4.979570E+5
5.400000E-4	0.000000E+0	4.974960E+5
5.600000E-4	0.000000E+0	4.970840E+5
5.800000E-4	0.000000E+0	4.979070E+5
6.000000E-4	0.000000E+0	4.987980E+5
6.200000E-4	0.000000E+0	4.976690E+5
6.400000E-4	0.000000E+0	4.986710E+5
6.600000E-4	0.000000E+0	4.971410E+5
6.800000E-4	0.000000E+0	4.974740E+5
7.000000E-4	0.000000E+0	4.984240E+5
7.200000E-4	0.000000E+0	4.991410E+5
7.400000E-4	0.000000E+0	4.970350E+5
7.600000E-4	0.000000E+0	4.975840E+5
7.800000E-4	0.000000E+0	4.969850E+5
8.000000E-4	0.000000E+0	4.987270E+5
8.200000E-4	0.000000E+0	4.973220E+5
8.400000E-4	0.000000E+0	4.975570E+5
8.600000E-4	0.000000E+0	4.984150E+5
8.800000E-4	0.000000E+0	4.972800E+5
9.000000E-4	0.000000E+0	4.993720E+5
9.200000E-4	0.000000E+0	4.974820E+5
9.400000E-4	0.000000E+0	4.982330E+5
9.600000E-4	0.000000E+0	4.971300E+5
9.800000E-4	0.000000E+0	4.992490E+5
1.000000E-3	0.000000E+0	4.978810E+5
1.020000E-3	0.000000E+0	4.976620E+5
1.040000E-3	0.000000E+0	4.979010E+5
1.060000E-3	0.000000E+0	4.979980E+5
1.080000E-3	0.000000E+0	4.979530E+5
1.100000E-3	0.000000E+0	4.978390E+5
1.120000E-3	0.000000E+0	4.982860E+5
1.140000E-3	0.000000E+0	4.967280E+5
1.160000E-3	0.000000E+0	4.974980E+5
1.180000E-3	0.000000E+0	4.975010E+5
1.200000E-3	0.000000E+0	4.984710E+5
1.220000E-3	0.000000E+0	4.990190E+5
1.240000E-3	0.000000E+0	4.984050E+5
1.260000E-3	0.000000E+0	4.980040E+5
1.280000E-3	0.000000E+0	4.979720E+5
1.300000E-3	0.000000E+0	4.966800E+5
1.320000E-3	0.000000E+0	4.990480E+5
1.340000E-3	0.000000E+0	4.983960E+5
1.360000E-3	0.000000E+0	4.972870E+5
1.380000E-3	0.000000E+0	4.989830E+5
1.400000E-3	0.000000E+0	4.978620E+5
1.420000E-3	0.000000E+0	4.983640E+5
1.440000E-3	0.000000E+0	4.978140E+5
1.460000E-3	0.000000E+0	4.970700E+5
1.480000E-3	0.000000E+0	4.985250E+5
1.500000E-3	0.000000E+0	4.977370E+5
1.520000E-3	0.000000E+0	4.973640E+5
1.540000E-3	0.000000E+0	4.983620E+5
1.560000E-3	0.000000E+0	4.977450E+5
1.580000E-3	0.000000E+0	4.985150E+5
1.600000E-3	0.000000E+0	4.980040E+5
1.620000E-3	0.000000E+0	4.976340E+5
1.640000E-3	0.000000E+0	4.971340E+5
1.660000E-3	0.000000E+0	4.984410E+5
1.680000E-3	0.000000E+0	4.979270E+5
1.700000E-3	0.000000E+0	4.969710E+5
1.720000E-3	0.000000E+0	4.986360E+5
1.740000E-3	0.000000E+0	4.990320E+5
1.760000E-3	0.000000E+0	4.979520E+5
1.780000E-3	0.000000E+0	4.989810E+5
1.800000E-3	0.000000E+0	4.989690E+5
1.820000E-3	0.000000E+0	4.974450E+5
1.840000E-3	0.000000E+0	4.968590E+5
1.860000E-3	0.000000E+0	4.979030E+5
1.880000E-3	0.000000E+0	4.976170E+5
1.900000E-3	0.000000E+0	4.968300E+5
1.920000E-3	0.000000E+0	4.979560E+5
1.940000E-3	0.000000E+0	4.974260E+5
1.960000E-3	0.000000E+0	4.982890E+5
1.980000E-3	0.000000E+0	4.987070E+5
2.000000E-3	0.000000E+0	4.979140E+5
2.020000E-3	0.000000E+0	4.975780E+5
2.040000E-3	0.000000E+0	4.973240E+5
2.060000E-3	0.000000E+0	4.988480E+5
2.080000E-3	0.000000E+0	4.991240E+5
2.100000E-3	0.000000E+0	4.988600E+5
2.120000E-3	0.000000E+0	4.984170E+5
2.140000E-3	0.000000E+0	4.969610E+5
2.160000E-3	0.000000E+0	4.966970E+5
2.180000E-3	0.000000E+0	4.983980E+5
2.200000E-3	0.000000E+0	4.990340E+5
2.220000E-3	0.000000E+0	4.986620E+5
2.240000E-3	0.000000E+0	4.980380E+5
2.260000E-3	0.000000E+0	4.982040E+5
2.280000E-3	0.000000E+0	4.980920E+5
2.300000E-3	0.000000E+0	4.984170E+5
2.320000E-3	0.000000E+0	4.977930E+5
2.340000E-3	0.000000E+0	4.979050E+5
2.360000E-3	0.000000E+0	4.979860E+5
2.380000E-3	0.000000E+0	4.995050E+5
2.400000E-3	0.000000E+0	4.965320E+5
2.420000E-3	0.000000E+0	4.974230E+5
2.440000E-3	0.000000E+0	4.978780E+5
2.460000E-3	0.000000E+0	4.979240E+5
2.480000E-3	0.000000E+0	4.991630E+5
2.500000E-3	0.000000E+0	4.978940E+5
2.520000E-3	0.000000E+0	4.984590E+5
2.540000E-3	0.000000E+0	4.970350E+5
2.560000E-3	0.000000E+0	4.978340E+5
2.580000E-3	0.000000E+0	4.974650E+5
2.600000E-3	0.000000E+0	4.990030E+5
2.620000E-3	0.000000E+0	4.979700E+5
2.640000E-3	0.000000E+0	4.969070E+5
2.660000E-3	0.000000E+0	4.988360E+5
2.680000E-3	0.000000E+0	4.976170E+5
2.700000E-3	0.000000E+0	4.981360E+5
2.720000E-3	0.000000E+0	4.959120E+5
2.740000E-3	0.000000E+0	4.980850E+5
2.760000E-3	0.000000E+0	4.976600E+5
2.780000E-3	0.000000E+0	4.977730E+5
2.800000E-3	0.000000E+0	4.980620E+5
2.820000E-3	0.000000E+0	4.974940E+5
2.840000E-3	0.000000E+0	4.969910E+5
2.860000E-3	0.000000E+0	4.986100E+5
2.880000E-3	0.000000E+0	4.977760E+5
2.900000E-3	0.000000E+0	4.976580E+5
2.920000E-3	0.000000E+0	4.969230E+5
2.940000E-3	0.000000E+0	4.982050E+5
2.960000E-3	0.000000E+0	4.979060E+5
2.980000E-3	0.000000E+0	4.974630E+5
3.000000E-3	0.000000E+0	4.980460E+5
3.020000E-3	0.000000E+0	4.982380E+5
3.040000E-3	0.000000E+0	4.987800E+5
3.060000E-3	0.000000E+0	4.996760E+5
3.080000E-3	0.000000E+0	4.979360E+5
3.100000E-3	0.000000E+0	4.969250E+5
3.120000E-3	0.000000E+0	4.981310E+5
3.140000E-3	0.000000E+0	4.985990E+5
3.160000E-3	0.000000E+0	4.969440E+5
3.180000E-3	0.000000E+0	4.980100E+5
3.200000E-3	0.000000E+0	4.979150E+5
3.220000E-3	0.000000E+0	4.983520E+5
3.240000E-3	0.000000E+0	4.991140E+5
3.260000E-3	0.000000E+0	4.985410E+5
3.280000E-3	0.000000E+0	4.984770E+5
3.300000E-3	0.000000E+0	4.980230E+5
3.320000E-3	0.000000E+0	4.983380E+5
3.340000E-3	0.000000E+0	4.973160E+5
3.360000E-3	0.000000E+0	4.973300E+5
3.380000E-3	0.000000E+0	4.967480E+5
3.400000E-3	0.000000E+0	4.978010E+5
3.420000E-3	0.000000E+0	4.993070E+5
3.440000E-3	0.000000E+0	4.974910E+5
3.460000E-3	0.000000E+0	4.986150E+5
3.480000E-3	0.000000E+0	4.975220E+5
3.500000E-3	0.000000E+0	4.980700E+5
3.520000E-3	0.000000E+0	4.969240E+5
3.540000E-3	0.000000E+0	4.978270E+5
3.560000E-3	0.000000E+0	4.974800E+5
3.580000E-3	0.000000E+0	4.972690E+5
3.600000E-3	0.000000E+0	4.973990E+5
3.620000E-3	0.000000E+0	4.956080E+5
3.640000E-3	0.000000E+0	4.987900E+5
3.660000E-3	0.000000E+0	4.977950E+5
3.680000E-3	0.000000E+0	4.978200E+5
3.700000E-3	0.000000E+0	4.973200E+5
3.720000E-3	0.000000E+0	4.974910E+5
3.740000E-3	0.000000E+0	4.976240E+5
3.760000E-3	0.000000E+0	4.973250E+5
3.780000E-3	0.000000E+0	4.968360E+5
3.800000E-3	0.000000E+0	4.969270E+5
3.820000E-3	0.000000E+0	4.973650E+5
3.840000E-3	0.000000E+0	4.978510E+5
3.860000E-3	0.000000E+0	4.976730E+5
3.880000E-3	0.000000E+0	4.968380E+5
3.900000E-3	0.000000E+0	4.981420E+5
3.920000E-3	0.000000E+0	4.994540E+5
3.940000E-3	0.000000E+0	4.986400E+5
3.960000E-3	0.000000E+0	4.985070E+5
3.980000E-3	0.000000E+0	4.983750E+5
4.000000E-3	0.000000E+0	4.975130E+5
4.020000E-3	0.000000E+0	4.984690E+5
4.040000E-3	0.000000E+0	4.976810E+5
4.060000E-3	0.000000E+0	4.981320E+5
4.080000E-3	0.000000E+0	4.978640E+5
4.100000E-3	0.000000E+0	4.979670E+5
4.120000E-3	0.000000E+0	4.978980E+5
4.140000E-3	0.000000E+0	4.966710E+5
4.160000E-3	0.000000E+0	4.981160E+5
4.180000E-3	0.000000E+0	4.967870E+5
4.200000E-3	0.000000E+0	4.981840E+5
4.220000E-3	0.000000E+0	4.973670E+5
4.240000E-3	0.000000E+0	4.973400E+5
4.260000E-3	0.000000E+0	4.969270E+5
4.280000E-3	0.000000E+0	4.983890E+5
4.300000E-3	0.000000E+0	4.981600E+5
4.320000E-3	0.000000E+0	4.972990E+5
4.340000E-3	0.000000E+0	4.971900E+5
4.360000E-3	0.000000E+0	4.976910E+5
4.380000E-3	0.000000E+0	4.974480E+5
4.400000E-3	0.000000E+0	4.983790E+5
4.420000E-3	0.000000E+0	4.976150E+5
4.440000E-3	0.000000E+0	4.974420E+5
4.460000E-3	0.000000E+0	4.978190E+5
4.480000E-3	0.000000E+0	4.967070E+5
4.500000E-3	0.000000E+0	4.976640E+5
4.520000E-3	0.000000E+0	4.970460E+5
4.540000E-3	0.000000E+0	4.965700E+5
4.560000E-3	0.000000E+0	4.968840E+5
4.580000E-3	0.000000E+0	4.979480E+5
4.600000E-3	0.000000E+0	4.979870E+5
4.620000E-3	0.000000E+0	4.970240E+5
4.640000E-3	0.000000E+0	4.980170E+5
4.660000E-3	0.000000E+0	4.984740E+5
4.680000E-3	0.000000E+0	4.973450E+5
4.700000E-3	0.000000E+0	4.980130E+5
4.720000E-3	0.000000E+0	4.978350E+5
4.740000E-3	0.000000E+0	4.968960E+5
4.760000E-3	0.000000E+0	4.984470E+5
4.780000E-3	0.000000E+0	4.963060E+5
4.800000E-3	0.000000E+0	4.969440E+5
4.820000E-3	0.000000E+0	4.966240E+5
4.840000E-3	0.000000E+0	4.964510E+5
4.860000E-3	0.000000E+0	4.948710E+5
4.880000E-3	0.000000E+0	4.943240E+5
4.900000E-3	0.000000E+0	4.940730E+5
4.920000E-3	0.000000E+0	4.908150E+5
4.940000E-3	0.000000E+0	4.902260E+5
4.960000E-3	0.000000E+0	4.900860E+5
4.980000E-3	0.000000E+0	4.903800E+5
5.000000E-3	0.000000E+0	4.884100E+5
5.020000E-3	0.000000E+0	4.872150E+5
5.040000E-3	0.000000E+0	4.846620E+5
5.060000E-3	0.000000E+0	4.835340E+5
5.080000E-3	0.000000E+0	4.840260E+5
5.100000E-3	0.000000E+0	4.842180E+5
5.120000E-3	0.000000E+0	4.839870E+5
5.140000E-3	0.000000E+0	4.855230E+5
5.160000E-3	0.000000E+0	4.880060E+5
5.180000E-3	0.000000E+0	4.887230E+5
5.200000E-3	0.000000E+0	4.903760E+5
5.220000E-3	0.000000E+0	4.919480E+5
5.240000E-3	0.000000E+0	4.911270E+5
5.260000E-3	0.000000E+0	4.945910E+5
5.280000E-3	0.000000E+0	4.921850E+5
5.300000E-3	0.000000E+0	4.946460E+5
5.320000E-3	0.000000E+0	4.958820E+5
5.340000E-3	0.000000E+0	4.965010E+5
5.360000E-3	0.000000E+0	4.971730E+5
5.380000E-3	0.000000E+0	4.959020E+5
5.400000E-3	0.000000E+0	4.980980E+5
5.420000E-3	0.000000E+0	4.968570E+5
5.440000E-3	0.000000E+0	4.962090E+5
5.460000E-3	0.000000E+0	4.956650E+5
5.480000E-3	0.000000E+0	4.958860E+5
5.500000E-3	0.000000E+0	4.959250E+5
5.520000E-3	0.000000E+0	4.940290E+5
5.540000E-3	0.000000E+0	4.937800E+5
5.560000E-3	0.000000E+0	4.910730E+5
5.580000E-3	0.000000E+0	4.911220E+5
5.600000E-3	0.000000E+0	4.892620E+5
5.620000E-3	0.000000E+0	4.897780E+5
5.640000E-3	0.000000E+0	4.903170E+5
5.660000E-3	0.000000E+0	4.879980E+5
5.680000E-3	0.000000E+0	4.876760E+5
5.700000E-3	0.000000E+0	4.851570E+5
5.720000E-3	0.000000E+0	4.844860E+5
5.740000E-3	0.000000E+0	4.851350E+5
5.760000E-3	0.000000E+0	4.857030E+5
5.780000E-3	0.000000E+0	4.862590E+5
5.800000E-3	0.000000E+0	4.877930E+5
5.820000E-3	0.000000E+0	4.893340E+5
5.840000E-3	0.000000E+0	4.907500E+5
5.860000E-3	0.000000E+0	4.914010E+5
5.880000E-3	0.000000E+0	4.930670E+5
5.900000E-3	0.000000E+0	4.946080E+5
5.920000E-3	0.000000E+0	4.964620E+5
5.940000E-3	0.000000E+0	4.955720E+5
5.960000E-3	0.000000E+0	4.959150E+5
5.980000E-3	0.000000E+0	4.969800E+5
6.000000E-3	0.000000E+0	4.970050E+5
6.020000E-3	0.000000E+0	4.966700E+5
6.040000E-3	0.000000E+0	4.970660E+5
6.060000E-3	0.000000E+0	4.971200E+5
6.080000E-3	0.000000E+0	4.974150E+5
6.100000E-3	0.000000E+0	4.962340E+5
6.120000E-3	0.000000E+0	4.974560E+5
6.140000E-3	0.000000E+0	4.972240E+5
6.160000E-3	0.000000E+0	4.965040E+5
6.180000E-3	0.000000E+0	4.981650E+5
6.200000E-3	0.000000E+0	4.971380E+5
6.220000E-3	0.000000E+0	4.979540E+5
6.240000E-3	0.000000E+0	4.966090E+5
6.260000E-3	0.000000E+0	4.972300E+5
6.280000E-3	0.000000E+0	4.989520E+5
6.300000E-3	0.000000E+0	4.985600E+5
6.320000E-3	0.000000E+0	4.977350E+5
6.340000E-3	0.000000E+0	4.976680E+5
6.360000E-3	0.000000E+0	4.972320E+5
6.380000E-3	0.000000E+0	4.987590E+5
6.400000E-3	0.000000E+0	4.976660E+5
6.420000E-3	0.000000E+0	4.964810E+5
6.440000E-3	0.000000E+0	4.995090E+5
6.460000E-3	0.000000E+0	4.971880E+5
6.480000E-3	0.000000E+0	4.972510E+5
6.500000E-3	0.000000E+0	4.971190E+5
6.520000E-3	0.000000E+0	4.978230E+5
6.540000E-3	0.000000E+0	4.972710E+5
6.560000E-3	0.000000E+0	4.982730E+5
6.580000E-3	0.000000E+0	4.972590E+5
6.600000E-3	0.000000E+0	4.984780E+5
6.620000E-3	0.000000E+0	4.979080E+5
6.640000E-3	0.000000E+0	4.978490E+5
6.660000E-3	0.000000E+0	4.969280E+5
6.680000E-3	0.000000E+0	4.978690E+5
6.700000E-3	0.000000E+0	4.977790E+5
6.720000E-3	0.000000E+0	4.979470E+5
6.740000E-3	0.000000E+0	4.980510E+5
6.760000E-3	0.000000E+0	4.985500E+5
6.780000E-3	0.000000E+0	4.967670E+5
6.800000E-3	0.000000E+0	4.981820E+5
6.820000E-3	0.000000E+0	4.979030E+5
6.840000E-3	0.000000E+0	4.976690E+5
6.860000E-3	0.000000E+0	4.980180E+5
6.880000E-3	0.000000E+0	4.988560E+5
6.900000E-3	0.000000E+0	4.972370E+5
6.920000E-3	0.000000E+0	4.967360E+5
6.940000E-3	0.000000E+0	4.981590E+5
6.960000E-3	0.000000E+0	4.961860E+5
6.980000E-3	0.000000E+0	4.979060E+5
7.000000E-3	0.000000E+0	4.975000E+5
7.020000E-3	0.000000E+0	4.984040E+5
7.040000E-3	0.000000E+0	4.983950E+5
7.060000E-3	0.000000E+0	4.984680E+5
7.080000E-3	0.000000E+0	4.980780E+5
7.100000E-3	0.000000E+0	4.971080E+5
7.120000E-3	0.000000E+0	4.979640E+5
7.140000E-3	0.000000E+0	4.976570E+5
7.160000E-3	0.000000E+0	4.976640E+5
7.180000E-3	0.000000E+0	4.968620E+5
7.200000E-3	0.000000E+0	4.974520E+5
7.220000E-3	0.000000E+0	4.985020E+5
7.240000E-3	0.000000E+0	4.973910E+5
7.260000E-3	0.000000E+0	4.979690E+5
7.280000E-3	0.000000E+0	4.977190E+5
7.300000E-3	0.000000E+0	4.978180E+5
7.320000E-3	0.000000E+0	4.981550E+5
7.340000E-3	0.000000E+0	4.988980E+5
7.360000E-3	0.000000E+0	4.974960E+5
7.380000E-3	0.000000E+0	4.987600E+5
7.400000E-3	0.000000E+0	4.980350E+5
7.420000E-3	0.000000E+0	4.977480E+5
7.440000E-3	0.000000E+0	4.979590E+5
7.460000E-3	0.000000E+0	4.980050E+5
7.480000E-3	0.000000E+0	4.972900E+5
7.500000E-3	0.000000E+0	4.986950E+5
7.520000E-3	0.000000E+0	4.980750E+5
7.540000E-3	0.000000E+0	4.981910E+5
7.560000E-3	0.000000E+0	4.982890E+5
7.580000E-3	0.000000E+0	4.981870E+5
7.600000E-3	0.000000E+0	4.978420E+5
7.620000E-3	0.000000E+0	4.982720E+5
7.640000E-3	0.000000E+0	4.988900E+5
7.660000E-3	0.000000E+0	4.973150E+5
7.680000E-3	0.000000E+0	4.976490E+5
7.700000E-3	0.000000E+0	4.973590E+5
7.720000E-3	0.000000E+0	4.984580E+5
7.740000E-3	0.000000E+0	4.973500E+5
7.760000E-3	0.000000E+0	4.978920E+5
7.780000E-3	0.000000E+0	4.989540E+5
7.800000E-3	0.000000E+0	4.977540E+5
7.820000E-3	0.000000E+0	4.973570E+5
7.840000E-3	0.000000E+0	4.994530E+5
7.860000E-3	0.000000E+0	4.979440E+5
7.880000E-3	0.000000E+0	4.976470E+5
7.900000E-3	0.000000E+0	4.980970E+5
7.920000E-3	0.000000E+0	4.978670E+5
7.940000E-3	0.000000E+0	4.988780E+5
7.960000E-3	0.000000E+0	4.995130E+5
7.980000E-3	0.000000E+0	4.986350E+5
8.000000E-3	0.000000E+0	4.984940E+5
8.020000E-3	0.000000E+0	4.981650E+5
8.040000E-3	0.000000E+0	4.970100E+5
8.060000E-3	0.000000E+0	4.971730E+5
8.080000E-3	0.000000E+0	4.983590E+5
8.100000E-3	0.000000E+0	4.991260E+5
8.120000E-3	0.000000E+0	4.985120E+5
8.140000E-3	0.000000E+0	4.973970E+5
8.160000E-3	0.000000E+0	4.979360E+5
8.180000E-3	0.000000E+0	4.974020E+5
8.200000E-3	0.000000E+0	4.980750E+5
8.220000E-3	0.000000E+0	4.976750E+5
8.240000E-3	0.000000E+0	4.983240E+5
8.260000E-3	0.000000E+0	4.995150E+5
8.280000E-3	0.000000E+0	4.973040E+5
8.300000E-3	0.000000E+0	4.983520E+5
8.320000E-3	0.000000E+0	4.966380E+5
8.340000E-3	0.000000E+0	4.970360E+5
8.360000E-3	0.000000E+0	4.974850E+5
8.380000E-3	0.000000E+0	4.962010E+5
8.400000E-3	0.000000E+0	4.970490E+5
8.420000E-3	0.000000E+0	4.977890E+5
8.440000E-3	0.000000E+0	4.982540E+5
8.460000E-3	0.000000E+0	4.982420E+5
8.480000E-3	0.000000E+0	4.990770E+5
8.500000E-3	0.000000E+0	4.966480E+5
8.520000E-3	0.000000E+0	4.986280E+5
8.540000E-3	0.000000E+0	4.985730E+5
8.560000E-3	0.000000E+0	4.979290E+5
8.580000E-3	0.000000E+0	4.994880E+5
8.600000E-3	0.000000E+0	4.980520E+5
8.620000E-3	0.000000E+0	4.992670E+5
8.640000E-3	0.000000E+0	4.979120E+5
8.660000E-3	0.000000E+0	4.975050E+5
8.680000E-3	0.000000E+0	4.984130E+5
8.700000E-3	0.000000E+0	4.963770E+5
8.720000E-3	0.000000E+0	4.987310E+5
8.740000E-3	0.000000E+0	4.966850E+5
8.760000E-3	0.000000E+0	4.979300E+5
8.780000E-3	0.000000E+0	4.981550E+5
8.800000E-3	0.000000E+0	4.985990E+5
8.820000E-3	0.000000E+0	4.982270E+5
8.840000E-3	0.000000E+0	4.971400E+5
8.860000E-3	0.000000E+0	4.998140E+5
8.880000E-3	0.000000E+0	4.973700E+5
8.900000E-3	0.000000E+0	4.977820E+5
8.920000E-3	0.000000E+0	4.972790E+5
8.940000E-3	0.000000E+0	4.964500E+5
8.960000E-3	0.000000E+0	4.990710E+5
8.980000E-3	0.000000E+0	4.972800E+5
9.000000E-3	0.000000E+0	4.981630E+5
9.020000E-3	0.000000E+0	4.961530E+5
9.040000E-3	0.000000E+0	4.983940E+5
9.060000E-3	0.000000E+0	5.003260E+5
9.080000E-3	0.000000E+0	4.976870E+5
9.100000E-3	0.000000E+0	4.992030E+5
9.120000E-3	0.000000E+0	4.970030E+5
9.140000E-3	0.000000E+0	4.985590E+5
9.160000E-3	0.000000E+0	4.982610E+5
9.180000E-3	0.000000E+0	4.970760E+5
9.200000E-3	0.000000E+0	4.979500E+5
9.220000E-3	0.000000E+0	4.980060E+5
9.240000E-3	0.000000E+0	4.987190E+5
9.260000E-3	0.000000E+0	4.990920E+5
9.280000E-3	0.000000E+0	4.989410E+5
9.300000E-3	0.000000E+0	4.989280E+5
9.320000E-3	0.000000E+0	4.979520E+5
9.340000E-3	0.000000E+0	4.977060E+5
9.360000E-3	0.000000E+0	4.980630E+5
9.380000E-3	0.000000E+0	4.991910E+5
9.400000E-3	0.000000E+0	4.982590E+5
9.420000E-3	0.000000E+0	4.994070E+5
9.440000E-3	0.000000E+0	4.978130E+5
9.460000E-3	0.000000E+0	4.989710E+5
9.480000E-3	0.000000E+0	4.981700E+5
9.500000E-3	0.000000E+0	4.971850E+5
9.520000E-3	0.000000E+0	4.986430E+5
9.540000E-3	0.000000E+0	4.967140E+5
9.560000E-3	0.000000E+0	4.981940E+5
9.580000E-3	0.000000E+0	4.977230E+5
9.600000E-3	0.000000E+0	4.981570E+5
9.620000E-3	0.000000E+0	4.977560E+5
9.640000E-3	0.000000E+0	4.974860E+5
9.660000E-3	0.000000E+0	4.989800E+5
9.680000E-3	0.000000E+0	4.968930E+5
9.700000E-3	0.000000E+0	4.975280E+5
9.720000E-3	0.000000E+0	4.982870E+5
9.740000E-3	0.000000E+0	4.979190E+5
9.760000E-3	0.000000E+0	4.977560E+5
9.780000E-3	0.000000E+0	4.985910E+5
9.800000E-3	0.000000E+0	4.984540E+5
9.820000E-3	0.000000E+0	4.983320E+5
9.840000E-3	0.000000E+0	4.983720E+5
9.860000E-3	0.000000E+0	4.973230E+5
9.880000E-3	0.000000E+0	4.992520E+5
9.900000E-3	0.000000E+0	4.997340E+5
9.920000E-3	0.000000E+0	4.980940E+5
9.940000E-3	0.000000E+0	4.969570E+5
9.960000E-3	0.000000E+0	4.972680E+5
9.980000E-3	0.000000E+0	4.987820E+5
1.000000E-2	0.000000E+0	4.976810E+5
1.002000E-2	0.000000E+0	4.977530E+5
1.004000E-2	0.000000E+0	4.987140E+5
1.006000E-2	0.000000E+0	4.976110E+5
1.008000E-2	0.000000E+0	4.979250E+5
1.010000E-2	0.000000E+0	4.976770E+5
1.012000E-2	0.000000E+0	4.989270E+5
1.014000E-2	0.000000E+0	4.998050E+5
1.016000E-2	0.000000E+0	4.989350E+5
1.018000E-2	0.000000E+0	4.985320E+5
1.020000E-2	0.000000E+0	4.985710E+5
1.022000E-2	0.000000E+0	4.981320E+5
1.024000E-2	0.000000E+0	4.973800E+5
1.026000E-2	0.000000E+0	4.995440E+5
1.028000E-2	0.000000E+0	4.980660E+5
1.030000E-2	0.000000E+0	4.989590E+5
1.032000E-2	0.000000E+0	4.972750E+5
1.034000E-2	0.000000E+0	4.993990E+5
1.036000E-2	0.000000E+0	4.983380E+5
1.038000E-2	0.000000E+0	4.987430E+5
1.040000E-2	0.000000E+0	4.976490E+5
1.042000E-2	0.000000E+0	4.988550E+5
1.044000E-2	0.000000E+0	4.981570E+5
1.046000E-2	0.000000E+0	4.989080E+5
1.048000E-2	0.000000E+0	4.989880E+5
1.050000E-2	0.000000E+0	4.978530E+5
1.052000E-2	0.000000E+0	4.990480E+5
1.054000E-2	0.000000E+0	4.996450E+5
1.056000E-2	0.000000E+0	4.977870E+5
1.058000E-2	0.000000E+0	4.990210E+5
1.060000E-2	0.000000E+0	4.978130E+5
1.062000E-2	0.000000E+0	4.975440E+5
1.064000E-2	0.000000E+0	4.982800E+5
1.066000E-2	0.000000E+0	4.979380E+5
1.068000E-2	0.000000E+0	4.983830E+5
1.070000E-2	0.000000E+0	4.971170E+5
1.072000E-2	0.000000E+0	4.980040E+5
1.074000E-2	0.000000E+0	4.988330E+5
1.076000E-2	0.000000E+0	4.983030E+5
1.078000E-2	0.000000E+0	4.992610E+5
1.080000E-2	0.000000E+0	4.990790E+5
1.082000E-2	0.000000E+0	4.996890E+5
1.084000E-2	0.000000E+0	4.982470E+5
1.086000E-2	0.000000E+0	4.986870E+5
1.088000E-2	0.000000E+0	4.981250E+5
1.090000E-2	0.000000E+0	4.985200E+5
1.092000E-2	0.000000E+0	4.983060E+5
1.094000E-2	0.000000E+0	4.974240E+5
1.096000E-2	0.000000E+0	4.980840E+5
1.098000E-2	0.000000E+0	4.990670E+5
1.100000E-2	0.000000E+0	4.987720E+5
1.102000E-2	0.000000E+0	4.974820E+5
1.104000E-2	0.000000E+0	4.986530E+5
1.106000E-2	0.000000E+0	4.983200E+5
1.108000E-2	0.000000E+0	4.989760E+5
1.110000E-2	0.000000E+0	4.980300E+5
1.112000E-2	0.000000E+0	4.980550E+5
1.114000E-2	0.000000E+0	4.988170E+5
1.116000E-2	0.000000E+0	4.965820E+5
1.118000E-2	0.000000E+0	4.980520E+5
1.120000E-2	0.000000E+0	4.975940E+5
1.122000E-2	0.000000E+0	4.998990E+5
1.124000E-2	0.000000E+0	4.996920E+5
1.126000E-2	0.000000E+0	4.971240E+5
1.128000E-2	0.000000E+0	4.969710E+5
1.130000E-2	0.000000E+0	4.986730E+5
1.132000E-2	0.000000E+0	4.996170E+5
1.134000E-2	0.000000E+0	4.972380E+5
1.136000E-2	0.000000E+0	4.996740E+5
1.138000E-2	0.000000E+0	4.981130E+5
1.140000E-2	0.000000E+0	4.998890E+5
1.142000E-2	0.000000E+0	4.979120E+5
1.144000E-2	0.000000E+0	4.993740E+5
1.146000E-2	0.000000E+0	4.978580E+5
1.148000E-2	0.000000E+0	4.982810E+5
1.150000E-2	0.000000E+0	4.979400E+5
1.152000E-2	0.000000E+0	4.976560E+5
1.154000E-2	0.000000E+0	4.979030E+5
1.156000E-2	0.000000E+0	4.986690E+5
1.158000E-2	0.000000E+0	4.976060E+5
1.160000E-2	0.000000E+0	4.983490E+5
1.162000E-2	0.000000E+0	4.982500E+5
1.164000E-2	0.000000E+0	4.994190E+5
1.166000E-2	0.000000E+0	5.000450E+5
1.168000E-2	0.000000E+0	4.987390E+5
1.170000E-2	0.000000E+0	4.997110E+5
1.172000E-2	0.000000E+0	4.991620E+5
1.174000E-2	0.000000E+0	4.979120E+5
1.176000E-2	0.000000E+0	4.982090E+5
1.178000E-2	0.000000E+0	4.974670E+5
1.180000E-2	0.000000E+0	4.982890E+5
1.182000E-2	0.000000E+0	4.987300E+5
1.184000E-2	0.000000E+0	4.989750E+5
1.186000E-2	0.000000E+0	4.973660E+5
1.188000E-2	0.000000E+0	4.974710E+5
1.190000E-2	0.000000E+0	4.971050E+5
1.192000E-2	0.000000E+0	4.975880E+5
1.194000E-2	0.000000E+0	4.995480E+5
1.196000E-2	0.000000E+0	4.980410E+5
1.198000E-2	0.000000E+0	4.985350E+5
1.200000E-2	0.000000E+0	4.979560E+5
1.202000E-2	0.000000E+0	4.982220E+5
1.204000E-2	0.000000E+0	4.977150E+5
1.206000E-2	0.000000E+0	4.986800E+5
1.208000E-2	0.000000E+0	4.990130E+5
1.210000E-2	0.000000E+0	4.986550E+5
1.212000E-2	0.000000E+0	4.981170E+5
1.214000E-2	0.000000E+0	4.970460E+5
1.216000E-2	0.000000E+0	4.974800E+5
1.218000E-2	0.000000E+0	4.979550E+5
1.220000E-2	0.000000E+0	4.975440E+5
1.222000E-2	0.000000E+0	4.984510E+5
1.224000E-2	0.000000E+0	4.986070E+5
1.226000E-2	0.000000E+0	4.977850E+5
1.228000E-2	0.000000E+0	4.983230E+5
1.230000E-2	0.000000E+0	4.982470E+5
1.232000E-2	0.000000E+0	4.986350E+5
1.234000E-2	0.000000E+0	4.988600E+5
1.236000E-2	0.000000E+0	4.982630E+5
1.238000E-2	0.000000E+0	4.995650E+5
1.240000E-2	0.000000E+0	4.990660E+5
1.242000E-2	0.000000E+0	4.990380E+5
1.244000E-2	0.000000E+0	4.989220E+5
1.246000E-2	0.000000E+0	4.982270E+5
1.248000E-2	0.000000E+0	4.983770E+5
1.250000E-2	0.000000E+0	4.979590E+5
1.252000E-2	0.000000E+0	5.001530E+5
1.254000E-2	0.000000E+0	4.987060E+5
1.256000E-2	0.000000E+0	4.977500E+5
1.258000E-2	0.000000E+0	4.991260E+5
1.260000E-2	0.000000E+0	4.993310E+5
1.262000E-2	0.000000E+0	4.973130E+5
1.264000E-2	0.000000E+0	4.978220E+5
1.266000E-2	0.000000E+0	5.002260E+5
1.268000E-2	0.000000E+0	4.983820E+5
1.270000E-2	0.000000E+0	4.978480E+5
1.272000E-2	0.000000E+0	4.993480E+5
1.274000E-2	0.000000E+0	4.980200E+5
1.276000E-2	0.000000E+0	4.984770E+5
1.278000E-2	0.000000E+0	4.978300E+5
1.280000E-2	0.000000E+0	4.980050E+5
1.282000E-2	0.000000E+0	4.977980E+5
1.284000E-2	0.000000E+0	4.980210E+5
1.286000E-2	0.000000E+0	4.988060E+5
1.288000E-2	0.000000E+0	4.991500E+5
1.290000E-2	0.000000E+0	4.981210E+5
1.292000E-2	0.000000E+0	4.984170E+5
1.294000E-2	0.000000E+0	4.975630E+5
1.296000E-2	0.000000E+0	4.982650E+5
1.298000E-2	0.000000E+0	4.985090E+5
1.300000E-2	0.000000E+0	4.985520E+5
1.302000E-2	0.000000E+0	4.990370E+5
1.304000E-2	0.000000E+0	4.987980E+5
1.306000E-2	0.000000E+0	4.974090E+5
1.308000E-2	0.000000E+0	4.995930E+5
1.310000E-2	0.000000E+0	4.991900E+5
1.312000E-2	0.000000E+0	4.983720E+5
1.314000E-2	0.000000E+0	4.996590E+5
1.316000E-2	0.000000E+0	4.987770E+5
1.318000E-2	0.000000E+0	4.983990E+5
1.320000E-2	0.000000E+0	4.984820E+5
1.322000E-2	0.000000E+0	4.990660E+5
1.324000E-2	0.000000E+0	4.976210E+5
1.326000E-2	0.000000E+0	4.993060E+5
1.328000E-2	0.000000E+0	4.988940E+5
1.330000E-2	0.000000E+0	4.970250E+5
1.332000E-2	0.000000E+0	4.980170E+5
1.334000E-2	0.000000E+0	4.977850E+5
1.336000E-2	0.000000E+0	4.984490E+5
1.338000E-2	0.000000E+0	4.989440E+5
1.340000E-2	0.000000E+0	4.978510E+5
1.342000E-2	0.000000E+0	4.970830E+5
1.344000E-2	0.000000E+0	4.981080E+5
1.346000E-2	0.000000E+0	4.975720E+5
1.348000E-2	0.000000E+0	4.991090E+5
1.350000E-2	0.000000E+0	4.988520E+5
1.352000E-2	0.000000E+0	4.991130E+5
1.354000E-2	0.000000E+0	4.986810E+5
1.356000E-2	0.000000E+0	4.991920E+5
1.358000E-2	0.000000E+0	4.983260E+5
1.360000E-2	0.000000E+0	4.982990E+5
1.362000E-2	0.000000E+0	4.987220E+5
1.364000E-2	0.000000E+0	4.969900E+5
1.366000E-2	0.000000E+0	4.981100E+5
1.368000E-2	0.000000E+0	4.988770E+5
1.370000E-2	0.000000E+0	4.990120E+5
1.372000E-2	0.000000E+0	4.979070E+5
1.374000E-2	0.000000E+0	4.986790E+5
1.376000E-2	0.000000E+0	4.980320E+5
1.378000E-2	0.000000E+0	4.975490E+5
1.380000E-2	0.000000E+0	4.986870E+5
1.382000E-2	0.000000E+0	4.970400E+5
1.384000E-2	0.000000E+0	4.979420E+5
1.386000E-2	0.000000E+0	4.982620E+5
1.388000E-2	0.000000E+0	4.982710E+5
1.390000E-2	0.000000E+0	4.989340E+5
1.392000E-2	0.000000E+0	4.992700E+5
1.394000E-2	0.000000E+0	4.989730E+5
1.396000E-2	0.000000E+0	4.984360E+5
1.398000E-2	0.000000E+0	4.996660E+5
1.400000E-2	0.000000E+0	4.991370E+5
1.402000E-2	0.000000E+0	4.976340E+5
1.404000E-2	0.000000E+0	4.997870E+5
1.406000E-2	0.000000E+0	4.979980E+5
1.408000E-2	0.000000E+0	4.982030E+5
1.410000E-2	0.000000E+0	4.987510E+5
1.412000E-2	0.000000E+0	4.980770E+5
1.414000E-2	0.000000E+0	4.976030E+5
1.416000E-2	0.000000E+0	4.977660E+5
1.418000E-2	0.000000E+0	4.977610E+5
1.420000E-2	0.000000E+0	4.986890E+5
1.422000E-2	0.000000E+0	4.990180E+5
1.424000E-2	0.000000E+0	4.969390E+5
1.426000E-2	0.000000E+0	4.970570E+5
1.428000E-2	0.000000E+0	4.977730E+5
1.430000E-2	0.000000E+0	4.982540E+5
1.432000E-2	0.000000E+0	4.977750E+5
1.434000E-2	0.000000E+0	4.983030E+5
1.436000E-2	0.000000E+0	4.985170E+5
1.438000E-2	0.000000E+0	4.985450E+5
1.440000E-2	0.000000E+0	4.998990E+5
1.442000E-2	0.000000E+0	4.983850E+5
1.444000E-2	0.000000E+0	4.972780E+5
1.446000E-2	0.000000E+0	4.986890E+5
1.448000E-2	0.000000E+0	4.988680E+5
1.450000E-2	0.000000E+0	4.984010E+5
1.452000E-2	0.000000E+0	4.983780E+5
1.454000E-2	0.000000E+0	4.983280E+5
1.456000E-2	0.000000E+0	4.990930E+5
1.458000E-2	0.000000E+0	4.970210E+5
1.460000E-2	0.000000E+0	4.986640E+5
1.462000E-2	0.000000E+0	4.963020E+5
1.464000E-2	0.000000E+0	4.983690E+5
1.466000E-2	0.000000E+0	4.979500E+5
1.468000E-2	0.000000E+0	4.997280E+5
1.470000E-2	0.000000E+0	4.978860E+5
1.472000E-2	0.000000E+0	4.977430E+5
1.474000E-2	0.000000E+0	4.987190E+5
1.476000E-2	0.000000E+0	4.992000E+5
1.478000E-2	0.000000E+0	4.992520E+5
1.480000E-2	0.000000E+0	4.974260E+5
1.482000E-2	0.000000E+0	4.971800E+5
1.484000E-2	0.000000E+0	4.995350E+5
1.486000E-2	0.000000E+0	4.973740E+5
1.488000E-2	0.000000E+0	4.970960E+5
1.490000E-2	0.000000E+0	4.964470E+5
1.492000E-2	0.000000E+0	4.955510E+5
1.494000E-2	0.000000E+0	4.930570E+5
1.496000E-2	0.000000E+0	4.919710E+5
1.498000E-2	0.000000E+0	4.917070E+5
1.500000E-2	0.000000E+0	4.910280E+5
1.502000E-2	0.000000E+0	4.904090E+5
1.504000E-2	0.000000E+0	4.889230E+5
1.506000E-2	0.000000E+0	4.885710E+5
1.508000E-2	0.000000E+0	4.867510E+5
1.510000E-2	0.000000E+0	4.849240E+5
1.512000E-2	0.000000E+0	4.844700E+5
1.514000E-2	0.000000E+0	4.858510E+5
1.516000E-2	0.000000E+0	4.856990E+5
1.518000E-2	0.000000E+0	4.868450E+5
1.520000E-2	0.000000E+0	4.894000E+5
1.522000E-2	0.000000E+0	4.902050E+5
1.524000E-2	0.000000E+0	4.935240E+5
1.526000E-2	0.000000E+0	4.937330E+5
1.528000E-2	0.000000E+0	4.953050E+5
1.530000E-2	0.000000E+0	4.945050E+5
1.532000E-2	0.000000E+0	4.962180E+5
1.534000E-2	0.000000E+0	4.963570E+5
1.536000E-2	0.000000E+0	4.965480E+5
1.538000E-2	0.000000E+0	4.980590E+5
1.540000E-2	0.000000E+0	4.977340E+5
1.542000E-2	0.000000E+0	4.974100E+5
1.544000E-2	0.000000E+0	4.971130E+5
1.546000E-2	0.000000E+0	4.971770E+5
1.548000E-2	0.000000E+0	4.971300E+5
1.550000E-2	0.000000E+0	4.962380E+5
1.552000E-2	0.000000E+0	4.973650E+5
1.554000E-2	0.000000E+0	4.960670E+5
1.556000E-2	0.000000E+0	4.942080E+5
1.558000E-2	0.000000E+0	4.928970E+5
1.560000E-2	0.000000E+0	4.922180E+5
1.562000E-2	0.000000E+0	4.911240E+5
1.564000E-2	0.000000E+0	4.903530E+5
1.566000E-2	0.000000E+0	4.908260E+5
1.568000E-2	0.000000E+0	4.893550E+5
1.570000E-2	0.000000E+0	4.883820E+5
1.572000E-2	0.000000E+0	4.862860E+5
1.574000E-2	0.000000E+0	4.848340E+5
1.576000E-2	0.000000E+0	4.856900E+5
1.578000E-2	0.000000E+0	4.833750E+5
1.580000E-2	0.000000E+0	4.853250E+5
1.582000E-2	0.000000E+0	4.867770E+5
1.584000E-2	0.000000E+0	4.881330E+5
1.586000E-2	0.000000E+0	4.901450E+5
1.588000E-2	0.000000E+0	4.919260E+5
1.590000E-2	0.000000E+0	4.932420E+5
1.592000E-2	0.000000E+0	4.946130E+5
1.594000E-2	0.000000E+0	4.941790E+5
1.596000E-2	0.000000E+0	4.959090E+5
1.598000E-2	0.000000E+0	4.971480E+5
1.600000E-2	0.000000E+0	4.980400E+5
1.602000E-2	0.000000E+0	4.975360E+5
1.604000E-2	0.000000E+0	4.973250E+5
1.606000E-2	0.000000E+0	4.975930E+5
1.608000E-2	0.000000E+0	4.978940E+5
1.610000E-2	0.000000E+0	4.988930E+5
1.612000E-2	0.000000E+0	4.983130E+5
1.614000E-2	0.000000E+0	4.978150E+5
1.616000E-2	0.000000E+0	4.994720E+5
1.618000E-2	0.000000E+0	4.980320E+5
1.620000E-2	0.000000E+0	4.982630E+5
1.622000E-2	0.000000E+0	4.981250E+5
1.624000E-2	0.000000E+0	4.980890E+5
1.626000E-2	0.000000E+0	4.982630E+5
1.628000E-2	0.000000E+0	4.994460E+5
1.630000E-2	0.000000E+0	4.982350E+5
1.632000E-2	0.000000E+0	4.987550E+5
1.634000E-2	0.000000E+0	4.985270E+5
1.636000E-2	0.000000E+0	4.989540E+5
1.638000E-2	0.000000E+0	4.984040E+5
1.640000E-2	0.000000E+0	4.989910E+5
1.642000E-2	0.000000E+0	4.981200E+5
1.644000E-2	0.000000E+0	4.975020E+5
1.646000E-2	0.000000E+0	4.983250E+5
1.648000E-2	0.000000E+0	4.976840E+5
1.650000E-2	0.000000E+0	4.979140E+5
1.652000E-2	0.000000E+0	4.992140E+5
1.654000E-2	0.000000E+0	4.980000E+5
1.656000E-2	0.000000E+0	4.977140E+5
1.658000E-2	0.000000E+0	4.985800E+5
1.660000E-2	0.000000E+0	4.984380E+5
1.662000E-2	0.000000E+0	4.981290E+5
1.664000E-2	0.000000E+0	4.977790E+5
1.666000E-2	0.000000E+0	4.979480E+5
1.668000E-2	0.000000E+0	4.978000E+5
1.670000E-2	0.000000E+0	4.980530E+5
1.672000E-2	0.000000E+0	4.985160E+5
1.674000E-2	0.000000E+0	4.980690E+5
1.676000E-2	0.000000E+0	4.971420E+5
1.678000E-2	0.000000E+0	4.971990E+5
1.680000E-2	0.000000E+0	4.981770E+5
1.682000E-2	0.000000E+0	4.984060E+5
1.684000E-2	0.000000E+0	4.987760E+5
1.686000E-2	0.000000E+0	5.002340E+5
1.688000E-2	0.000000E+0	4.986620E+5
1.690000E-2	0.000000E+0	4.983770E+5
1.692000E-2	0.000000E+0	4.988080E+5
1.694000E-2	0.000000E+0	4.981380E+5
1.696000E-2	0.000000E+0	4.973640E+5
1.698000E-2	0.000000E+0	4.977350E+5
1.700000E-2	0.000000E+0	4.988960E+5
1.702000E-2	0.000000E+0	4.987020E+5
1.704000E-2	0.000000E+0	4.990500E+5
1.706000E-2	0.000000E+0	4.993230E+5
1.708000E-2	0.000000E+0	4.979840E+5
1.710000E-2	0.000000E+0	4.990660E+5
1.712000E-2	0.000000E+0	4.983720E+5
1.714000E-2	0.000000E+0	4.976260E+5
1.716000E-2	0.000000E+0	4.990130E+5
1.718000E-2	0.000000E+0	4.985000E+5
1.720000E-2	0.000000E+0	4.990850E+5
1.722000E-2	0.000000E+0	4.993580E+5
1.724000E-2	0.000000E+0	4.979900E+5
1.726000E-2	0.000000E+0	4.979680E+5
1.728000E-2	0.000000E+0	4.976050E+5
1.730000E-2	0.000000E+0	4.980320E+5
1.732000E-2	0.000000E+0	4.980320E+5
1.734000E-2	0.000000E+0	4.985960E+5
1.736000E-2	0.000000E+0	4.994810E+5
1.738000E-2	0.000000E+0	4.994840E+5
1.740000E-2	0.000000E+0	4.992840E+5
1.742000E-2	0.000000E+0	4.977470E+5
1.744000E-2	0.000000E+0	4.984420E+5
1.746000E-2	0.000000E+0	4.983310E+5
1.748000E-2	0.000000E+0	4.979710E+5
1.750000E-2	0.000000E+0	4.987060E+5
1.752000E-2	0.000000E+0	4.990540E+5
1.754000E-2	0.000000E+0	4.978390E+5
1.756000E-2	0.000000E+0	4.976270E+5
1.758000E-2	0.000000E+0	4.985070E+5
1.760000E-2	0.000000E+0	4.988240E+5
1.762000E-2	0.000000E+0	4.988790E+5
1.764000E-2	0.000000E+0	4.988820E+5
1.766000E-2	0.000000E+0	4.981960E+5
1.768000E-2	0.000000E+0	4.987240E+5
1.770000E-2	0.000000E+0	4.985460E+5
1.772000E-2	0.000000E+0	4.997500E+5
1.774000E-2	0.000000E+0	4.983450E+5
1.776000E-2	0.000000E+0	4.978570E+5
1.778000E-2	0.000000E+0	4.991210E+5
1.780000E-2	0.000000E+0	4.969090E+5
1.782000E-2	0.000000E+0	4.983160E+5
1.784000E-2	0.000000E+0	4.980890E+5
1.786000E-2	0.000000E+0	4.980170E+5
1.788000E-2	0.000000E+0	4.985880E+5
1.790000E-2	0.000000E+0	4.990100E+5
1.792000E-2	0.000000E+0	4.973640E+5
1.794000E-2	0.000000E+0	4.986410E+5
1.796000E-2	0.000000E+0	4.985560E+5
1.798000E-2	0.000000E+0	4.989560E+5
1.800000E-2	0.000000E+0	4.972560E+5
1.802000E-2	0.000000E+0	4.978150E+5
1.804000E-2	0.000000E+0	4.970940E+5
1.806000E-2	0.000000E+0	4.978460E+5
1.808000E-2	0.000000E+0	4.980990E+5
1.810000E-2	0.000000E+0	4.987220E+5
1.812000E-2	0.000000E+0	4.997500E+5
1.814000E-2	0.000000E+0	4.993200E+5
1.816000E-2	0.000000E+0	4.990910E+5
1.818000E-2	0.000000E+0	4.977690E+5
1.820000E-2	0.000000E+0	4.992990E+5
1.822000E-2	0.000000E+0	4.980490E+5
1.824000E-2	0.000000E+0	4.983220E+5
1.826000E-2	0.000000E+0	4.990170E+5
1.828000E-2	0.000000E+0	4.978580E+5
1.830000E-2	0.000000E+0	4.974080E+5
1.832000E-2	0.000000E+0	4.991490E+5
1.834000E-2	0.000000E+0	4.978220E+5
1.836000E-2	0.000000E+0	4.993720E+5
1.838000E-2	0.000000E+0	4.980780E+5
1.840000E-2	0.000000E+0	4.978020E+5
1.842000E-2	0.000000E+0	4.976200E+5
1.844000E-2	0.000000E+0	4.974320E+5
1.846000E-2	0.000000E+0	4.969020E+5
1.848000E-2	0.000000E+0	4.995840E+5
1.850000E-2	0.000000E+0	4.987910E+5
1.852000E-2	0.000000E+0	4.988380E+5
1.854000E-2	0.000000E+0	4.998570E+5
1.856000E-2	0.000000E+0	4.971280E+5
1.858000E-2	0.000000E+0	4.977900E+5
1.860000E-2	0.000000E+0	4.983970E+5
1.862000E-2	0.000000E+0	4.980370E+5
1.864000E-2	0.000000E+0	4.972560E+5
1.866000E-2	0.000000E+0	4.987580E+5
1.868000E-2	0.000000E+0	4.978600E+5
1.870000E-2	0.000000E+0	4.983700E+5
1.872000E-2	0.000000E+0	4.988500E+5
1.874000E-2	0.000000E+0	4.966170E+5
1.876000E-2	0.000000E+0	4.982850E+5
1.878000E-2	0.000000E+0	4.984420E+5
1.880000E-2	0.000000E+0	4.983790E+5
1.882000E-2	0.000000E+0	4.979980E+5
1.884000E-2	0.000000E+0	4.988820E+5
1.886000E-2	0.000000E+0	4.984670E+5
1.888000E-2	0.000000E+0	4.975870E+5
1.890000E-2	0.000000E+0	4.983620E+5
1.892000E-2	0.000000E+0	4.994860E+5
1.894000E-2	0.000000E+0	4.985970E+5
1.896000E-2	0.000000E+0	4.985210E+5
1.898000E-2	0.000000E+0	4.987430E+5
1.900000E-2	0.000000E+0	4.976660E+5
1.902000E-2	0.000000E+0	4.975150E+5
1.904000E-2	0.000000E+0	4.986830E+5
1.906000E-2	0.000000E+0	4.990970E+5
1.908000E-2	0.000000E+0	4.985400E+5
1.910000E-2	0.000000E+0	4.968400E+5
1.912000E-2	0.000000E+0	4.973700E+5
1.914000E-2	0.000000E+0	4.982070E+5
1.916000E-2	0.000000E+0	4.977900E+5
1.918000E-2	0.000000E+0	4.974040E+5
1.920000E-2	0.000000E+0	4.986820E+5
1.922000E-2	0.000000E+0	4.983060E+5
1.924000E-2	0.000000E+0	4.981640E+5
1.926000E-2	0.000000E+0	4.990720E+5
1.928000E-2	0.000000E+0	4.993040E+5
1.930000E-2	0.000000E+0	4.984310E+5
1.932000E-2	0.000000E+0	4.982740E+5
1.934000E-2	0.000000E+0	4.984630E+5
1.936000E-2	0.000000E+0	4.981170E+5
1.938000E-2	0.000000E+0	4.988090E+5
1.940000E-2	0.000000E+0	4.971480E+5
1.942000E-2	0.000000E+0	4.994830E+5
1.944000E-2	0.000000E+0	4.993820E+5
1.946000E-2	0.000000E+0	4.972530E+5
1.948000E-2	0.000000E+0	4.984710E+5
1.950000E-2	0.000000E+0	4.985570E+5
1.952000E-2	0.000000E+0	4.994290E+5
1.954000E-2	0.000000E+0	4.980220E+5
1.956000E-2	0.000000E+0	4.989260E+5
1.958000E-2	0.000000E+0	4.978850E+5
1.960000E-2	0.000000E+0	4.984020E+5
1.962000E-2	0.000000E+0	4.980940E+5
1.964000E-2	0.000000E+0	4.990700E+5
1.966000E-2	0.000000E+0	4.991690E+5
1.968000E-2	0.000000E+0	4.984290E+5
1.970000E-2	0.000000E+0	4.981840E+5
1.972000E-2	0.000000E+0	4.984870E+5
1.974000E-2	0.000000E+0	4.986250E+5
1.976000E-2	0.000000E+0	4.968010E+5
1.978000E-2	0.000000E+0	4.977670E+5
1.980000E-2	0.000000E+0	4.986350E+5
1.982000E-2	0.000000E+0	4.976070E+5
1.984000E-2	0.000000E+0	4.985870E+5
1.986000E-2	0.000000E+0	4.972880E+5
1.988000E-2	0.000000E+0	4.972970E+5
1.990000E-2	0.000000E+0	4.982560E+5
1.992000E-2	0.000000E+0	4.979670E+5
1.994000E-2	0.000000E+0	4.997480E+5
1.996000E-2	0.000000E+0	4.978610E+5
1.998000E-2	0.000000E+0	4.986580E+5
