

live time:  23147.080000
real time:  32403.182000
sweeps:  1157354.000000
0.000000E+0	0.000000E+0	0.000000E+0
2.000000E-5	0.000000E+0	5.085500E+4
4.000000E-5	0.000000E+0	5.119300E+4
6.000000E-5	0.000000E+0	5.094100E+4
8.000000E-5	0.000000E+0	5.085300E+4
1.000000E-4	0.000000E+0	5.064700E+4
1.200000E-4	0.000000E+0	5.094100E+4
1.400000E-4	0.000000E+0	5.074300E+4
1.600000E-4	0.000000E+0	5.103700E+4
1.800000E-4	0.000000E+0	5.089300E+4
2.000000E-4	0.000000E+0	5.073700E+4
2.200000E-4	0.000000E+0	5.032500E+4
2.400000E-4	0.000000E+0	5.055100E+4
2.600000E-4	0.000000E+0	5.063900E+4
2.800000E-4	0.000000E+0	5.081700E+4
3.000000E-4	0.000000E+0	5.091100E+4
3.200000E-4	0.000000E+0	5.128400E+4
3.400000E-4	0.000000E+0	5.072200E+4
3.600000E-4	0.000000E+0	5.059000E+4
3.800000E-4	0.000000E+0	5.052400E+4
4.000000E-4	0.000000E+0	5.074000E+4
4.200000E-4	0.000000E+0	5.055000E+4
4.400000E-4	0.000000E+0	5.075200E+4
4.600000E-4	0.000000E+0	5.112700E+4
4.800000E-4	0.000000E+0	5.081500E+4
5.000000E-4	0.000000E+0	5.102500E+4
5.200000E-4	0.000000E+0	5.079300E+4
5.400000E-4	0.000000E+0	5.042300E+4
5.600000E-4	0.000000E+0	5.029400E+4
5.800000E-4	0.000000E+0	5.067800E+4
6.000000E-4	0.000000E+0	5.110800E+4
6.200000E-4	0.000000E+0	5.058900E+4
6.400000E-4	0.000000E+0	5.084800E+4
6.600000E-4	0.000000E+0	5.062500E+4
6.800000E-4	0.000000E+0	5.091100E+4
7.000000E-4	0.000000E+0	5.081900E+4
7.200000E-4	0.000000E+0	5.121400E+4
7.400000E-4	0.000000E+0	5.093800E+4
7.600000E-4	0.000000E+0	5.066700E+4
7.800000E-4	0.000000E+0	5.057100E+4
8.000000E-4	0.000000E+0	5.046100E+4
8.200000E-4	0.000000E+0	5.080900E+4
8.400000E-4	0.000000E+0	5.059900E+4
8.600000E-4	0.000000E+0	5.038800E+4
8.800000E-4	0.000000E+0	5.081600E+4
9.000000E-4	0.000000E+0	5.086200E+4
9.200000E-4	0.000000E+0	5.044100E+4
9.400000E-4	0.000000E+0	5.062100E+4
9.600000E-4	0.000000E+0	5.065100E+4
9.800000E-4	0.000000E+0	5.110300E+4
1.000000E-3	0.000000E+0	5.057900E+4
1.020000E-3	0.000000E+0	5.081800E+4
1.040000E-3	0.000000E+0	5.087600E+4
1.060000E-3	0.000000E+0	5.044300E+4
1.080000E-3	0.000000E+0	5.085400E+4
1.100000E-3	0.000000E+0	5.065500E+4
1.120000E-3	0.000000E+0	5.084000E+4
1.140000E-3	0.000000E+0	5.074400E+4
1.160000E-3	0.000000E+0	5.100100E+4
1.180000E-3	0.000000E+0	5.031000E+4
1.200000E-3	0.000000E+0	5.062900E+4
1.220000E-3	0.000000E+0	5.065200E+4
1.240000E-3	0.000000E+0	5.083400E+4
1.260000E-3	0.000000E+0	5.055800E+4
1.280000E-3	0.000000E+0	5.107800E+4
1.300000E-3	0.000000E+0	5.047900E+4
1.320000E-3	0.000000E+0	5.096700E+4
1.340000E-3	0.000000E+0	5.077400E+4
1.360000E-3	0.000000E+0	5.063100E+4
1.380000E-3	0.000000E+0	5.094500E+4
1.400000E-3	0.000000E+0	5.071200E+4
1.420000E-3	0.000000E+0	5.073600E+4
1.440000E-3	0.000000E+0	5.064300E+4
1.460000E-3	0.000000E+0	5.060700E+4
1.480000E-3	0.000000E+0	5.062300E+4
1.500000E-3	0.000000E+0	5.090200E+4
1.520000E-3	0.000000E+0	5.133400E+4
1.540000E-3	0.000000E+0	5.094900E+4
1.560000E-3	0.000000E+0	5.073000E+4
1.580000E-3	0.000000E+0	5.106200E+4
1.600000E-3	0.000000E+0	5.086300E+4
1.620000E-3	0.000000E+0	5.046400E+4
1.640000E-3	0.000000E+0	5.064600E+4
1.660000E-3	0.000000E+0	5.083600E+4
1.680000E-3	0.000000E+0	5.105600E+4
1.700000E-3	0.000000E+0	5.037900E+4
1.720000E-3	0.000000E+0	5.113200E+4
1.740000E-3	0.000000E+0	5.099500E+4
1.760000E-3	0.000000E+0	5.088000E+4
1.780000E-3	0.000000E+0	5.139700E+4
1.800000E-3	0.000000E+0	5.105200E+4
1.820000E-3	0.000000E+0	5.087800E+4
1.840000E-3	0.000000E+0	5.090100E+4
1.860000E-3	0.000000E+0	5.114700E+4
1.880000E-3	0.000000E+0	5.101600E+4
1.900000E-3	0.000000E+0	5.095700E+4
1.920000E-3	0.000000E+0	5.073700E+4
1.940000E-3	0.000000E+0	5.077500E+4
1.960000E-3	0.000000E+0	5.065600E+4
1.980000E-3	0.000000E+0	5.105600E+4
2.000000E-3	0.000000E+0	5.084900E+4
2.020000E-3	0.000000E+0	5.086500E+4
2.040000E-3	0.000000E+0	5.052700E+4
2.060000E-3	0.000000E+0	5.083200E+4
2.080000E-3	0.000000E+0	5.086500E+4
2.100000E-3	0.000000E+0	5.092300E+4
2.120000E-3	0.000000E+0	5.070500E+4
2.140000E-3	0.000000E+0	5.104200E+4
2.160000E-3	0.000000E+0	5.054600E+4
2.180000E-3	0.000000E+0	5.095400E+4
2.200000E-3	0.000000E+0	5.127700E+4
2.220000E-3	0.000000E+0	5.116900E+4
2.240000E-3	0.000000E+0	5.081500E+4
2.260000E-3	0.000000E+0	5.094800E+4
2.280000E-3	0.000000E+0	5.095100E+4
2.300000E-3	0.000000E+0	5.085900E+4
2.320000E-3	0.000000E+0	5.110000E+4
2.340000E-3	0.000000E+0	5.071900E+4
2.360000E-3	0.000000E+0	5.118200E+4
2.380000E-3	0.000000E+0	5.130400E+4
2.400000E-3	0.000000E+0	5.066000E+4
2.420000E-3	0.000000E+0	5.106000E+4
2.440000E-3	0.000000E+0	5.047800E+4
2.460000E-3	0.000000E+0	5.057100E+4
2.480000E-3	0.000000E+0	5.077400E+4
2.500000E-3	0.000000E+0	5.109600E+4
2.520000E-3	0.000000E+0	5.072200E+4
2.540000E-3	0.000000E+0	5.066900E+4
2.560000E-3	0.000000E+0	5.095100E+4
2.580000E-3	0.000000E+0	5.079700E+4
2.600000E-3	0.000000E+0	5.098900E+4
2.620000E-3	0.000000E+0	5.087900E+4
2.640000E-3	0.000000E+0	5.073700E+4
2.660000E-3	0.000000E+0	5.087900E+4
2.680000E-3	0.000000E+0	5.081900E+4
2.700000E-3	0.000000E+0	5.109400E+4
2.720000E-3	0.000000E+0	5.110000E+4
2.740000E-3	0.000000E+0	5.106400E+4
2.760000E-3	0.000000E+0	5.111000E+4
2.780000E-3	0.000000E+0	5.113300E+4
2.800000E-3	0.000000E+0	5.062100E+4
2.820000E-3	0.000000E+0	5.072700E+4
2.840000E-3	0.000000E+0	5.060300E+4
2.860000E-3	0.000000E+0	5.084600E+4
2.880000E-3	0.000000E+0	5.110800E+4
2.900000E-3	0.000000E+0	5.085300E+4
2.920000E-3	0.000000E+0	5.109800E+4
2.940000E-3	0.000000E+0	5.117700E+4
2.960000E-3	0.000000E+0	5.074100E+4
2.980000E-3	0.000000E+0	5.094400E+4
3.000000E-3	0.000000E+0	5.106600E+4
3.020000E-3	0.000000E+0	5.082500E+4
3.040000E-3	0.000000E+0	5.096100E+4
3.060000E-3	0.000000E+0	5.101700E+4
3.080000E-3	0.000000E+0	5.100500E+4
3.100000E-3	0.000000E+0	5.045800E+4
3.120000E-3	0.000000E+0	5.085100E+4
3.140000E-3	0.000000E+0	5.092300E+4
3.160000E-3	0.000000E+0	5.096200E+4
3.180000E-3	0.000000E+0	5.122800E+4
3.200000E-3	0.000000E+0	5.116700E+4
3.220000E-3	0.000000E+0	5.097000E+4
3.240000E-3	0.000000E+0	5.058400E+4
3.260000E-3	0.000000E+0	5.108900E+4
3.280000E-3	0.000000E+0	5.074000E+4
3.300000E-3	0.000000E+0	5.054100E+4
3.320000E-3	0.000000E+0	5.079500E+4
3.340000E-3	0.000000E+0	5.052200E+4
3.360000E-3	0.000000E+0	5.081800E+4
3.380000E-3	0.000000E+0	5.063000E+4
3.400000E-3	0.000000E+0	5.111200E+4
3.420000E-3	0.000000E+0	5.072700E+4
3.440000E-3	0.000000E+0	5.111100E+4
3.460000E-3	0.000000E+0	5.094100E+4
3.480000E-3	0.000000E+0	5.057900E+4
3.500000E-3	0.000000E+0	5.118100E+4
3.520000E-3	0.000000E+0	5.058300E+4
3.540000E-3	0.000000E+0	5.064100E+4
3.560000E-3	0.000000E+0	5.059600E+4
3.580000E-3	0.000000E+0	5.075400E+4
3.600000E-3	0.000000E+0	5.079900E+4
3.620000E-3	0.000000E+0	5.017700E+4
3.640000E-3	0.000000E+0	5.072900E+4
3.660000E-3	0.000000E+0	5.086800E+4
3.680000E-3	0.000000E+0	5.048600E+4
3.700000E-3	0.000000E+0	5.063100E+4
3.720000E-3	0.000000E+0	5.093600E+4
3.740000E-3	0.000000E+0	5.087700E+4
3.760000E-3	0.000000E+0	5.105800E+4
3.780000E-3	0.000000E+0	5.092500E+4
3.800000E-3	0.000000E+0	5.099700E+4
3.820000E-3	0.000000E+0	5.034900E+4
3.840000E-3	0.000000E+0	5.108800E+4
3.860000E-3	0.000000E+0	5.088700E+4
3.880000E-3	0.000000E+0	5.080500E+4
3.900000E-3	0.000000E+0	5.110100E+4
3.920000E-3	0.000000E+0	5.084900E+4
3.940000E-3	0.000000E+0	5.132800E+4
3.960000E-3	0.000000E+0	5.100200E+4
3.980000E-3	0.000000E+0	5.082800E+4
4.000000E-3	0.000000E+0	5.122400E+4
4.020000E-3	0.000000E+0	5.072200E+4
4.040000E-3	0.000000E+0	5.074600E+4
4.060000E-3	0.000000E+0	5.068000E+4
4.080000E-3	0.000000E+0	5.088300E+4
4.100000E-3	0.000000E+0	5.100800E+4
4.120000E-3	0.000000E+0	5.069500E+4
4.140000E-3	0.000000E+0	5.090500E+4
4.160000E-3	0.000000E+0	5.079100E+4
4.180000E-3	0.000000E+0	5.050700E+4
4.200000E-3	0.000000E+0	5.049500E+4
4.220000E-3	0.000000E+0	5.021500E+4
4.240000E-3	0.000000E+0	5.120500E+4
4.260000E-3	0.000000E+0	5.023600E+4
4.280000E-3	0.000000E+0	5.094900E+4
4.300000E-3	0.000000E+0	5.127300E+4
4.320000E-3	0.000000E+0	5.063900E+4
4.340000E-3	0.000000E+0	5.087300E+4
4.360000E-3	0.000000E+0	5.107700E+4
4.380000E-3	0.000000E+0	5.046600E+4
4.400000E-3	0.000000E+0	5.120500E+4
4.420000E-3	0.000000E+0	5.092800E+4
4.440000E-3	0.000000E+0	5.057800E+4
4.460000E-3	0.000000E+0	5.104200E+4
4.480000E-3	0.000000E+0	5.049400E+4
4.500000E-3	0.000000E+0	5.058900E+4
4.520000E-3	0.000000E+0	5.081600E+4
4.540000E-3	0.000000E+0	5.099000E+4
4.560000E-3	0.000000E+0	5.075200E+4
4.580000E-3	0.000000E+0	5.070300E+4
4.600000E-3	0.000000E+0	5.069900E+4
4.620000E-3	0.000000E+0	5.074900E+4
4.640000E-3	0.000000E+0	5.076800E+4
4.660000E-3	0.000000E+0	5.073400E+4
4.680000E-3	0.000000E+0	5.090100E+4
4.700000E-3	0.000000E+0	5.087600E+4
4.720000E-3	0.000000E+0	5.092500E+4
4.740000E-3	0.000000E+0	5.050400E+4
4.760000E-3	0.000000E+0	5.081100E+4
4.780000E-3	0.000000E+0	5.072900E+4
4.800000E-3	0.000000E+0	5.075100E+4
4.820000E-3	0.000000E+0	5.031400E+4
4.840000E-3	0.000000E+0	5.101100E+4
4.860000E-3	0.000000E+0	5.078300E+4
4.880000E-3	0.000000E+0	5.072900E+4
4.900000E-3	0.000000E+0	5.033400E+4
4.920000E-3	0.000000E+0	5.058000E+4
4.940000E-3	0.000000E+0	5.022100E+4
4.960000E-3	0.000000E+0	5.025600E+4
4.980000E-3	0.000000E+0	5.025900E+4
5.000000E-3	0.000000E+0	4.988800E+4
5.020000E-3	0.000000E+0	5.008300E+4
5.040000E-3	0.000000E+0	4.960100E+4
5.060000E-3	0.000000E+0	4.954400E+4
5.080000E-3	0.000000E+0	4.919500E+4
5.100000E-3	0.000000E+0	4.934800E+4
5.120000E-3	0.000000E+0	4.933600E+4
5.140000E-3	0.000000E+0	4.971100E+4
5.160000E-3	0.000000E+0	4.956600E+4
5.180000E-3	0.000000E+0	4.958000E+4
5.200000E-3	0.000000E+0	4.979800E+4
5.220000E-3	0.000000E+0	4.984700E+4
5.240000E-3	0.000000E+0	5.000500E+4
5.260000E-3	0.000000E+0	5.029600E+4
5.280000E-3	0.000000E+0	5.039400E+4
5.300000E-3	0.000000E+0	5.040200E+4
5.320000E-3	0.000000E+0	5.027400E+4
5.340000E-3	0.000000E+0	5.066900E+4
5.360000E-3	0.000000E+0	5.057200E+4
5.380000E-3	0.000000E+0	5.087200E+4
5.400000E-3	0.000000E+0	5.076400E+4
5.420000E-3	0.000000E+0	5.073100E+4
5.440000E-3	0.000000E+0	5.055300E+4
5.460000E-3	0.000000E+0	5.088300E+4
5.480000E-3	0.000000E+0	5.056600E+4
5.500000E-3	0.000000E+0	5.092400E+4
5.520000E-3	0.000000E+0	5.042900E+4
5.540000E-3	0.000000E+0	5.057000E+4
5.560000E-3	0.000000E+0	5.047500E+4
5.580000E-3	0.000000E+0	5.026600E+4
5.600000E-3	0.000000E+0	5.004500E+4
5.620000E-3	0.000000E+0	4.992200E+4
5.640000E-3	0.000000E+0	5.009200E+4
5.660000E-3	0.000000E+0	4.992600E+4
5.680000E-3	0.000000E+0	5.015000E+4
5.700000E-3	0.000000E+0	4.967900E+4
5.720000E-3	0.000000E+0	4.959600E+4
5.740000E-3	0.000000E+0	4.927000E+4
5.760000E-3	0.000000E+0	4.940000E+4
5.780000E-3	0.000000E+0	4.954200E+4
5.800000E-3	0.000000E+0	4.962000E+4
5.820000E-3	0.000000E+0	4.990700E+4
5.840000E-3	0.000000E+0	4.991700E+4
5.860000E-3	0.000000E+0	4.996800E+4
5.880000E-3	0.000000E+0	5.003300E+4
5.900000E-3	0.000000E+0	5.043900E+4
5.920000E-3	0.000000E+0	5.045500E+4
5.940000E-3	0.000000E+0	5.015300E+4
5.960000E-3	0.000000E+0	5.052900E+4
5.980000E-3	0.000000E+0	5.094800E+4
6.000000E-3	0.000000E+0	5.059900E+4
6.020000E-3	0.000000E+0	5.097400E+4
6.040000E-3	0.000000E+0	5.086600E+4
6.060000E-3	0.000000E+0	5.097300E+4
6.080000E-3	0.000000E+0	5.094600E+4
6.100000E-3	0.000000E+0	5.095100E+4
6.120000E-3	0.000000E+0	5.042100E+4
6.140000E-3	0.000000E+0	5.045500E+4
6.160000E-3	0.000000E+0	5.080200E+4
6.180000E-3	0.000000E+0	5.089400E+4
6.200000E-3	0.000000E+0	5.098300E+4
6.220000E-3	0.000000E+0	5.073100E+4
6.240000E-3	0.000000E+0	5.040500E+4
6.260000E-3	0.000000E+0	5.082600E+4
6.280000E-3	0.000000E+0	5.109900E+4
6.300000E-3	0.000000E+0	5.076600E+4
6.320000E-3	0.000000E+0	5.074000E+4
6.340000E-3	0.000000E+0	5.084300E+4
6.360000E-3	0.000000E+0	5.065100E+4
6.380000E-3	0.000000E+0	5.086200E+4
6.400000E-3	0.000000E+0	5.079800E+4
6.420000E-3	0.000000E+0	5.076900E+4
6.440000E-3	0.000000E+0	5.062600E+4
6.460000E-3	0.000000E+0	5.087300E+4
6.480000E-3	0.000000E+0	5.072900E+4
6.500000E-3	0.000000E+0	5.075900E+4
6.520000E-3	0.000000E+0	5.067600E+4
6.540000E-3	0.000000E+0	5.053600E+4
6.560000E-3	0.000000E+0	5.119500E+4
6.580000E-3	0.000000E+0	5.113900E+4
6.600000E-3	0.000000E+0	5.146100E+4
6.620000E-3	0.000000E+0	5.082900E+4
6.640000E-3	0.000000E+0	5.070000E+4
6.660000E-3	0.000000E+0	5.023500E+4
6.680000E-3	0.000000E+0	5.074600E+4
6.700000E-3	0.000000E+0	5.065800E+4
6.720000E-3	0.000000E+0	5.029800E+4
6.740000E-3	0.000000E+0	5.064300E+4
6.760000E-3	0.000000E+0	5.098500E+4
6.780000E-3	0.000000E+0	5.069700E+4
6.800000E-3	0.000000E+0	5.087600E+4
6.820000E-3	0.000000E+0	5.089100E+4
6.840000E-3	0.000000E+0	5.030000E+4
6.860000E-3	0.000000E+0	5.128800E+4
6.880000E-3	0.000000E+0	5.097000E+4
6.900000E-3	0.000000E+0	5.093300E+4
6.920000E-3	0.000000E+0	5.113300E+4
6.940000E-3	0.000000E+0	5.071400E+4
6.960000E-3	0.000000E+0	5.043200E+4
6.980000E-3	0.000000E+0	5.093600E+4
7.000000E-3	0.000000E+0	5.090200E+4
7.020000E-3	0.000000E+0	5.057900E+4
7.040000E-3	0.000000E+0	5.074300E+4
7.060000E-3	0.000000E+0	5.053000E+4
7.080000E-3	0.000000E+0	5.044900E+4
7.100000E-3	0.000000E+0	5.102700E+4
7.120000E-3	0.000000E+0	5.088500E+4
7.140000E-3	0.000000E+0	5.118100E+4
7.160000E-3	0.000000E+0	5.088600E+4
7.180000E-3	0.000000E+0	5.047400E+4
7.200000E-3	0.000000E+0	5.092200E+4
7.220000E-3	0.000000E+0	5.062100E+4
7.240000E-3	0.000000E+0	5.096300E+4
7.260000E-3	0.000000E+0	5.043500E+4
7.280000E-3	0.000000E+0	5.063300E+4
7.300000E-3	0.000000E+0	5.089100E+4
7.320000E-3	0.000000E+0	5.113400E+4
7.340000E-3	0.000000E+0	5.125600E+4
7.360000E-3	0.000000E+0	5.075300E+4
7.380000E-3	0.000000E+0	5.086200E+4
7.400000E-3	0.000000E+0	5.099800E+4
7.420000E-3	0.000000E+0	5.079700E+4
7.440000E-3	0.000000E+0	5.073800E+4
7.460000E-3	0.000000E+0	5.112400E+4
7.480000E-3	0.000000E+0	5.078500E+4
7.500000E-3	0.000000E+0	5.101200E+4
7.520000E-3	0.000000E+0	5.108800E+4
7.540000E-3	0.000000E+0	5.088100E+4
7.560000E-3	0.000000E+0	5.098000E+4
7.580000E-3	0.000000E+0	5.083900E+4
7.600000E-3	0.000000E+0	5.063700E+4
7.620000E-3	0.000000E+0	5.072500E+4
7.640000E-3	0.000000E+0	5.101300E+4
7.660000E-3	0.000000E+0	5.065700E+4
7.680000E-3	0.000000E+0	5.058700E+4
7.700000E-3	0.000000E+0	5.064900E+4
7.720000E-3	0.000000E+0	5.066300E+4
7.740000E-3	0.000000E+0	5.106800E+4
7.760000E-3	0.000000E+0	5.064400E+4
7.780000E-3	0.000000E+0	5.103000E+4
7.800000E-3	0.000000E+0	5.095500E+4
7.820000E-3	0.000000E+0	5.090000E+4
7.840000E-3	0.000000E+0	5.111300E+4
7.860000E-3	0.000000E+0	5.096900E+4
7.880000E-3	0.000000E+0	5.095000E+4
7.900000E-3	0.000000E+0	5.079400E+4
7.920000E-3	0.000000E+0	5.065300E+4
7.940000E-3	0.000000E+0	5.074200E+4
7.960000E-3	0.000000E+0	5.085800E+4
7.980000E-3	0.000000E+0	5.086600E+4
8.000000E-3	0.000000E+0	5.069700E+4
8.020000E-3	0.000000E+0	5.105000E+4
8.040000E-3	0.000000E+0	5.065200E+4
8.060000E-3	0.000000E+0	5.074100E+4
8.080000E-3	0.000000E+0	5.073600E+4
8.100000E-3	0.000000E+0	5.072100E+4
8.120000E-3	0.000000E+0	5.085500E+4
8.140000E-3	0.000000E+0	5.071400E+4
8.160000E-3	0.000000E+0	5.103200E+4
8.180000E-3	0.000000E+0	5.051000E+4
8.200000E-3	0.000000E+0	5.059700E+4
8.220000E-3	0.000000E+0	5.059900E+4
8.240000E-3	0.000000E+0	5.100800E+4
8.260000E-3	0.000000E+0	5.108500E+4
8.280000E-3	0.000000E+0	5.090400E+4
8.300000E-3	0.000000E+0	5.074100E+4
8.320000E-3	0.000000E+0	5.050900E+4
8.340000E-3	0.000000E+0	5.098800E+4
8.360000E-3	0.000000E+0	5.061400E+4
8.380000E-3	0.000000E+0	5.054800E+4
8.400000E-3	0.000000E+0	5.084700E+4
8.420000E-3	0.000000E+0	5.120200E+4
8.440000E-3	0.000000E+0	5.088200E+4
8.460000E-3	0.000000E+0	5.110700E+4
8.480000E-3	0.000000E+0	5.124900E+4
8.500000E-3	0.000000E+0	5.055500E+4
8.520000E-3	0.000000E+0	5.090400E+4
8.540000E-3	0.000000E+0	5.102100E+4
8.560000E-3	0.000000E+0	5.060500E+4
8.580000E-3	0.000000E+0	5.078500E+4
8.600000E-3	0.000000E+0	5.044100E+4
8.620000E-3	0.000000E+0	5.130200E+4
8.640000E-3	0.000000E+0	5.098200E+4
8.660000E-3	0.000000E+0	5.041100E+4
8.680000E-3	0.000000E+0	5.107200E+4
8.700000E-3	0.000000E+0	5.059300E+4
8.720000E-3	0.000000E+0	5.087400E+4
8.740000E-3	0.000000E+0	5.060700E+4
8.760000E-3	0.000000E+0	5.093300E+4
8.780000E-3	0.000000E+0	5.076100E+4
8.800000E-3	0.000000E+0	5.091000E+4
8.820000E-3	0.000000E+0	5.070000E+4
8.840000E-3	0.000000E+0	5.110800E+4
8.860000E-3	0.000000E+0	5.121700E+4
8.880000E-3	0.000000E+0	5.069700E+4
8.900000E-3	0.000000E+0	5.088400E+4
8.920000E-3	0.000000E+0	5.050000E+4
8.940000E-3	0.000000E+0	5.052800E+4
8.960000E-3	0.000000E+0	5.112100E+4
8.980000E-3	0.000000E+0	5.072800E+4
9.000000E-3	0.000000E+0	5.035800E+4
9.020000E-3	0.000000E+0	5.093200E+4
9.040000E-3	0.000000E+0	5.067800E+4
9.060000E-3	0.000000E+0	5.118400E+4
9.080000E-3	0.000000E+0	5.096500E+4
9.100000E-3	0.000000E+0	5.113400E+4
9.120000E-3	0.000000E+0	5.068800E+4
9.140000E-3	0.000000E+0	5.053200E+4
9.160000E-3	0.000000E+0	5.101000E+4
9.180000E-3	0.000000E+0	5.093500E+4
9.200000E-3	0.000000E+0	5.099700E+4
9.220000E-3	0.000000E+0	5.074000E+4
9.240000E-3	0.000000E+0	5.063200E+4
9.260000E-3	0.000000E+0	5.124600E+4
9.280000E-3	0.000000E+0	5.041900E+4
9.300000E-3	0.000000E+0	5.111600E+4
9.320000E-3	0.000000E+0	5.041900E+4
9.340000E-3	0.000000E+0	5.088900E+4
9.360000E-3	0.000000E+0	5.074800E+4
9.380000E-3	0.000000E+0	5.098200E+4
9.400000E-3	0.000000E+0	5.114200E+4
9.420000E-3	0.000000E+0	5.074300E+4
9.440000E-3	0.000000E+0	5.096500E+4
9.460000E-3	0.000000E+0	5.099300E+4
9.480000E-3	0.000000E+0	5.059100E+4
9.500000E-3	0.000000E+0	5.093700E+4
9.520000E-3	0.000000E+0	5.096900E+4
9.540000E-3	0.000000E+0	5.025600E+4
9.560000E-3	0.000000E+0	5.085100E+4
9.580000E-3	0.000000E+0	5.085000E+4
9.600000E-3	0.000000E+0	5.101400E+4
9.620000E-3	0.000000E+0	5.064100E+4
9.640000E-3	0.000000E+0	5.082800E+4
9.660000E-3	0.000000E+0	5.086100E+4
9.680000E-3	0.000000E+0	5.070100E+4
9.700000E-3	0.000000E+0	5.085800E+4
9.720000E-3	0.000000E+0	5.086200E+4
9.740000E-3	0.000000E+0	5.079000E+4
9.760000E-3	0.000000E+0	5.075300E+4
9.780000E-3	0.000000E+0	5.096100E+4
9.800000E-3	0.000000E+0	5.058000E+4
9.820000E-3	0.000000E+0	5.108200E+4
9.840000E-3	0.000000E+0	5.100400E+4
9.860000E-3	0.000000E+0	5.077700E+4
9.880000E-3	0.000000E+0	5.100100E+4
9.900000E-3	0.000000E+0	5.103600E+4
9.920000E-3	0.000000E+0	5.073800E+4
9.940000E-3	0.000000E+0	5.054800E+4
9.960000E-3	0.000000E+0	5.076500E+4
9.980000E-3	0.000000E+0	5.086700E+4
1.000000E-2	0.000000E+0	5.105200E+4
1.002000E-2	0.000000E+0	5.074700E+4
1.004000E-2	0.000000E+0	5.081700E+4
1.006000E-2	0.000000E+0	5.109900E+4
1.008000E-2	0.000000E+0	5.093200E+4
1.010000E-2	0.000000E+0	5.087000E+4
1.012000E-2	0.000000E+0	5.112900E+4
1.014000E-2	0.000000E+0	5.089500E+4
1.016000E-2	0.000000E+0	5.108900E+4
1.018000E-2	0.000000E+0	5.101200E+4
1.020000E-2	0.000000E+0	5.058500E+4
1.022000E-2	0.000000E+0	5.094700E+4
1.024000E-2	0.000000E+0	5.066400E+4
1.026000E-2	0.000000E+0	5.114100E+4
1.028000E-2	0.000000E+0	5.063400E+4
1.030000E-2	0.000000E+0	5.082500E+4
1.032000E-2	0.000000E+0	5.122600E+4
1.034000E-2	0.000000E+0	5.046600E+4
1.036000E-2	0.000000E+0	5.061500E+4
1.038000E-2	0.000000E+0	5.100000E+4
1.040000E-2	0.000000E+0	5.107000E+4
1.042000E-2	0.000000E+0	5.079600E+4
1.044000E-2	0.000000E+0	5.085800E+4
1.046000E-2	0.000000E+0	5.079200E+4
1.048000E-2	0.000000E+0	5.100100E+4
1.050000E-2	0.000000E+0	5.081500E+4
1.052000E-2	0.000000E+0	5.094700E+4
1.054000E-2	0.000000E+0	5.088000E+4
1.056000E-2	0.000000E+0	5.089800E+4
1.058000E-2	0.000000E+0	5.086400E+4
1.060000E-2	0.000000E+0	5.105200E+4
1.062000E-2	0.000000E+0	5.092900E+4
1.064000E-2	0.000000E+0	5.098300E+4
1.066000E-2	0.000000E+0	5.076200E+4
1.068000E-2	0.000000E+0	5.121700E+4
1.070000E-2	0.000000E+0	5.052900E+4
1.072000E-2	0.000000E+0	5.100600E+4
1.074000E-2	0.000000E+0	5.092700E+4
1.076000E-2	0.000000E+0	5.067400E+4
1.078000E-2	0.000000E+0	5.119200E+4
1.080000E-2	0.000000E+0	5.094700E+4
1.082000E-2	0.000000E+0	5.133000E+4
1.084000E-2	0.000000E+0	5.057600E+4
1.086000E-2	0.000000E+0	5.066000E+4
1.088000E-2	0.000000E+0	5.075600E+4
1.090000E-2	0.000000E+0	5.106600E+4
1.092000E-2	0.000000E+0	5.120900E+4
1.094000E-2	0.000000E+0	5.067600E+4
1.096000E-2	0.000000E+0	5.109500E+4
1.098000E-2	0.000000E+0	5.074200E+4
1.100000E-2	0.000000E+0	5.103900E+4
1.102000E-2	0.000000E+0	5.100200E+4
1.104000E-2	0.000000E+0	5.103300E+4
1.106000E-2	0.000000E+0	5.114200E+4
1.108000E-2	0.000000E+0	5.069100E+4
1.110000E-2	0.000000E+0	5.091300E+4
1.112000E-2	0.000000E+0	5.085900E+4
1.114000E-2	0.000000E+0	5.117800E+4
1.116000E-2	0.000000E+0	5.074900E+4
1.118000E-2	0.000000E+0	5.083500E+4
1.120000E-2	0.000000E+0	5.057300E+4
1.122000E-2	0.000000E+0	5.093200E+4
1.124000E-2	0.000000E+0	5.085900E+4
1.126000E-2	0.000000E+0	5.038600E+4
1.128000E-2	0.000000E+0	5.028800E+4
1.130000E-2	0.000000E+0	5.060400E+4
1.132000E-2	0.000000E+0	5.109800E+4
1.134000E-2	0.000000E+0	5.067100E+4
1.136000E-2	0.000000E+0	5.116400E+4
1.138000E-2	0.000000E+0	5.118500E+4
1.140000E-2	0.000000E+0	5.117800E+4
1.142000E-2	0.000000E+0	5.095000E+4
1.144000E-2	0.000000E+0	5.064200E+4
1.146000E-2	0.000000E+0	5.086000E+4
1.148000E-2	0.000000E+0	5.080100E+4
1.150000E-2	0.000000E+0	5.081300E+4
1.152000E-2	0.000000E+0	5.079000E+4
1.154000E-2	0.000000E+0	5.070500E+4
1.156000E-2	0.000000E+0	5.075500E+4
1.158000E-2	0.000000E+0	5.072000E+4
1.160000E-2	0.000000E+0	5.063500E+4
1.162000E-2	0.000000E+0	5.090600E+4
1.164000E-2	0.000000E+0	5.093600E+4
1.166000E-2	0.000000E+0	5.107200E+4
1.168000E-2	0.000000E+0	5.115300E+4
1.170000E-2	0.000000E+0	5.096200E+4
1.172000E-2	0.000000E+0	5.064300E+4
1.174000E-2	0.000000E+0	5.129300E+4
1.176000E-2	0.000000E+0	5.076500E+4
1.178000E-2	0.000000E+0	5.042300E+4
1.180000E-2	0.000000E+0	5.131200E+4
1.182000E-2	0.000000E+0	5.044900E+4
1.184000E-2	0.000000E+0	5.060300E+4
1.186000E-2	0.000000E+0	5.107100E+4
1.188000E-2	0.000000E+0	5.100700E+4
1.190000E-2	0.000000E+0	5.067600E+4
1.192000E-2	0.000000E+0	5.098500E+4
1.194000E-2	0.000000E+0	5.112600E+4
1.196000E-2	0.000000E+0	5.065300E+4
1.198000E-2	0.000000E+0	5.052400E+4
1.200000E-2	0.000000E+0	5.070100E+4
1.202000E-2	0.000000E+0	5.127100E+4
1.204000E-2	0.000000E+0	5.090900E+4
1.206000E-2	0.000000E+0	5.087300E+4
1.208000E-2	0.000000E+0	5.111200E+4
1.210000E-2	0.000000E+0	5.059600E+4
1.212000E-2	0.000000E+0	5.085300E+4
1.214000E-2	0.000000E+0	5.037100E+4
1.216000E-2	0.000000E+0	5.079100E+4
1.218000E-2	0.000000E+0	5.119400E+4
1.220000E-2	0.000000E+0	5.059400E+4
1.222000E-2	0.000000E+0	5.050200E+4
1.224000E-2	0.000000E+0	5.096700E+4
1.226000E-2	0.000000E+0	5.122700E+4
1.228000E-2	0.000000E+0	5.113000E+4
1.230000E-2	0.000000E+0	5.071500E+4
1.232000E-2	0.000000E+0	5.093400E+4
1.234000E-2	0.000000E+0	5.100600E+4
1.236000E-2	0.000000E+0	5.091900E+4
1.238000E-2	0.000000E+0	5.092800E+4
1.240000E-2	0.000000E+0	5.087700E+4
1.242000E-2	0.000000E+0	5.104000E+4
1.244000E-2	0.000000E+0	5.058000E+4
1.246000E-2	0.000000E+0	5.065100E+4
1.248000E-2	0.000000E+0	5.090600E+4
1.250000E-2	0.000000E+0	5.039900E+4
1.252000E-2	0.000000E+0	5.096200E+4
1.254000E-2	0.000000E+0	5.073200E+4
1.256000E-2	0.000000E+0	5.065400E+4
1.258000E-2	0.000000E+0	5.063000E+4
1.260000E-2	0.000000E+0	5.093900E+4
1.262000E-2	0.000000E+0	5.064400E+4
1.264000E-2	0.000000E+0	5.066400E+4
1.266000E-2	0.000000E+0	5.120600E+4
1.268000E-2	0.000000E+0	5.078000E+4
1.270000E-2	0.000000E+0	5.085400E+4
1.272000E-2	0.000000E+0	5.105600E+4
1.274000E-2	0.000000E+0	5.069900E+4
1.276000E-2	0.000000E+0	5.076400E+4
1.278000E-2	0.000000E+0	5.080500E+4
1.280000E-2	0.000000E+0	5.077300E+4
1.282000E-2	0.000000E+0	5.099900E+4
1.284000E-2	0.000000E+0	5.107100E+4
1.286000E-2	0.000000E+0	5.119500E+4
1.288000E-2	0.000000E+0	5.110000E+4
1.290000E-2	0.000000E+0	5.093600E+4
1.292000E-2	0.000000E+0	5.095900E+4
1.294000E-2	0.000000E+0	5.075100E+4
1.296000E-2	0.000000E+0	5.094800E+4
1.298000E-2	0.000000E+0	5.073700E+4
1.300000E-2	0.000000E+0	5.116300E+4
1.302000E-2	0.000000E+0	5.090900E+4
1.304000E-2	0.000000E+0	5.073000E+4
1.306000E-2	0.000000E+0	5.047700E+4
1.308000E-2	0.000000E+0	5.109800E+4
1.310000E-2	0.000000E+0	5.109200E+4
1.312000E-2	0.000000E+0	5.097400E+4
1.314000E-2	0.000000E+0	5.104400E+4
1.316000E-2	0.000000E+0	5.057300E+4
1.318000E-2	0.000000E+0	5.103900E+4
1.320000E-2	0.000000E+0	5.078700E+4
1.322000E-2	0.000000E+0	5.117600E+4
1.324000E-2	0.000000E+0	5.088300E+4
1.326000E-2	0.000000E+0	5.076800E+4
1.328000E-2	0.000000E+0	5.115500E+4
1.330000E-2	0.000000E+0	5.069500E+4
1.332000E-2	0.000000E+0	5.103700E+4
1.334000E-2	0.000000E+0	5.064700E+4
1.336000E-2	0.000000E+0	5.090000E+4
1.338000E-2	0.000000E+0	5.128700E+4
1.340000E-2	0.000000E+0	5.089500E+4
1.342000E-2	0.000000E+0	5.076500E+4
1.344000E-2	0.000000E+0	5.070300E+4
1.346000E-2	0.000000E+0	5.085000E+4
1.348000E-2	0.000000E+0	5.095800E+4
1.350000E-2	0.000000E+0	5.094100E+4
1.352000E-2	0.000000E+0	5.081400E+4
1.354000E-2	0.000000E+0	5.091000E+4
1.356000E-2	0.000000E+0	5.116200E+4
1.358000E-2	0.000000E+0	5.110500E+4
1.360000E-2	0.000000E+0	5.075800E+4
1.362000E-2	0.000000E+0	5.110700E+4
1.364000E-2	0.000000E+0	5.046300E+4
1.366000E-2	0.000000E+0	5.109500E+4
1.368000E-2	0.000000E+0	5.119200E+4
1.370000E-2	0.000000E+0	5.092800E+4
1.372000E-2	0.000000E+0	5.090100E+4
1.374000E-2	0.000000E+0	5.065400E+4
1.376000E-2	0.000000E+0	5.077100E+4
1.378000E-2	0.000000E+0	5.064200E+4
1.380000E-2	0.000000E+0	5.079100E+4
1.382000E-2	0.000000E+0	5.087700E+4
1.384000E-2	0.000000E+0	5.110200E+4
1.386000E-2	0.000000E+0	5.090800E+4
1.388000E-2	0.000000E+0	5.079400E+4
1.390000E-2	0.000000E+0	5.096700E+4
1.392000E-2	0.000000E+0	5.124200E+4
1.394000E-2	0.000000E+0	5.078400E+4
1.396000E-2	0.000000E+0	5.111300E+4
1.398000E-2	0.000000E+0	5.102100E+4
1.400000E-2	0.000000E+0	5.115300E+4
1.402000E-2	0.000000E+0	5.049900E+4
1.404000E-2	0.000000E+0	5.110400E+4
1.406000E-2	0.000000E+0	5.073400E+4
1.408000E-2	0.000000E+0	5.069100E+4
1.410000E-2	0.000000E+0	5.058900E+4
1.412000E-2	0.000000E+0	5.112300E+4
1.414000E-2	0.000000E+0	5.057500E+4
1.416000E-2	0.000000E+0	5.059600E+4
1.418000E-2	0.000000E+0	5.086700E+4
1.420000E-2	0.000000E+0	5.112800E+4
1.422000E-2	0.000000E+0	5.051500E+4
1.424000E-2	0.000000E+0	5.060400E+4
1.426000E-2	0.000000E+0	5.059800E+4
1.428000E-2	0.000000E+0	5.108300E+4
1.430000E-2	0.000000E+0	5.097700E+4
1.432000E-2	0.000000E+0	5.107800E+4
1.434000E-2	0.000000E+0	5.040800E+4
1.436000E-2	0.000000E+0	5.112400E+4
1.438000E-2	0.000000E+0	5.098500E+4
1.440000E-2	0.000000E+0	5.107000E+4
1.442000E-2	0.000000E+0	5.088500E+4
1.444000E-2	0.000000E+0	5.058200E+4
1.446000E-2	0.000000E+0	5.120100E+4
1.448000E-2	0.000000E+0	5.087700E+4
1.450000E-2	0.000000E+0	5.076600E+4
1.452000E-2	0.000000E+0	5.057300E+4
1.454000E-2	0.000000E+0	5.044000E+4
1.456000E-2	0.000000E+0	5.107900E+4
1.458000E-2	0.000000E+0	5.048500E+4
1.460000E-2	0.000000E+0	5.098200E+4
1.462000E-2	0.000000E+0	5.074700E+4
1.464000E-2	0.000000E+0	5.053900E+4
1.466000E-2	0.000000E+0	5.111300E+4
1.468000E-2	0.000000E+0	5.066800E+4
1.470000E-2	0.000000E+0	5.077800E+4
1.472000E-2	0.000000E+0	5.079200E+4
1.474000E-2	0.000000E+0	5.085600E+4
1.476000E-2	0.000000E+0	5.109300E+4
1.478000E-2	0.000000E+0	5.117600E+4
1.480000E-2	0.000000E+0	5.045200E+4
1.482000E-2	0.000000E+0	5.077100E+4
1.484000E-2	0.000000E+0	5.090300E+4
1.486000E-2	0.000000E+0	5.050800E+4
1.488000E-2	0.000000E+0	5.079500E+4
1.490000E-2	0.000000E+0	5.074100E+4
1.492000E-2	0.000000E+0	5.042400E+4
1.494000E-2	0.000000E+0	5.122300E+4
1.496000E-2	0.000000E+0	5.013900E+4
1.498000E-2	0.000000E+0	5.036000E+4
1.500000E-2	0.000000E+0	5.022700E+4
1.502000E-2	0.000000E+0	4.993000E+4
1.504000E-2	0.000000E+0	5.025300E+4
1.506000E-2	0.000000E+0	5.012700E+4
1.508000E-2	0.000000E+0	4.985300E+4
1.510000E-2	0.000000E+0	4.962300E+4
1.512000E-2	0.000000E+0	4.928800E+4
1.514000E-2	0.000000E+0	4.972500E+4
1.516000E-2	0.000000E+0	4.937000E+4
1.518000E-2	0.000000E+0	4.948000E+4
1.520000E-2	0.000000E+0	4.961200E+4
1.522000E-2	0.000000E+0	4.987800E+4
1.524000E-2	0.000000E+0	5.020500E+4
1.526000E-2	0.000000E+0	5.034500E+4
1.528000E-2	0.000000E+0	5.044000E+4
1.530000E-2	0.000000E+0	5.045100E+4
1.532000E-2	0.000000E+0	5.095000E+4
1.534000E-2	0.000000E+0	5.128900E+4
1.536000E-2	0.000000E+0	5.051500E+4
1.538000E-2	0.000000E+0	5.106000E+4
1.540000E-2	0.000000E+0	5.061500E+4
1.542000E-2	0.000000E+0	5.084800E+4
1.544000E-2	0.000000E+0	5.066900E+4
1.546000E-2	0.000000E+0	5.103600E+4
1.548000E-2	0.000000E+0	5.038400E+4
1.550000E-2	0.000000E+0	5.053300E+4
1.552000E-2	0.000000E+0	5.088800E+4
1.554000E-2	0.000000E+0	5.066600E+4
1.556000E-2	0.000000E+0	5.049000E+4
1.558000E-2	0.000000E+0	5.030000E+4
1.560000E-2	0.000000E+0	5.063600E+4
1.562000E-2	0.000000E+0	5.041400E+4
1.564000E-2	0.000000E+0	5.009000E+4
1.566000E-2	0.000000E+0	5.014700E+4
1.568000E-2	0.000000E+0	4.982200E+4
1.570000E-2	0.000000E+0	4.958400E+4
1.572000E-2	0.000000E+0	4.981000E+4
1.574000E-2	0.000000E+0	4.962200E+4
1.576000E-2	0.000000E+0	4.947600E+4
1.578000E-2	0.000000E+0	4.938800E+4
1.580000E-2	0.000000E+0	4.922300E+4
1.582000E-2	0.000000E+0	4.956500E+4
1.584000E-2	0.000000E+0	4.992200E+4
1.586000E-2	0.000000E+0	4.944700E+4
1.588000E-2	0.000000E+0	5.005300E+4
1.590000E-2	0.000000E+0	5.008300E+4
1.592000E-2	0.000000E+0	5.081600E+4
1.594000E-2	0.000000E+0	5.029900E+4
1.596000E-2	0.000000E+0	5.039900E+4
1.598000E-2	0.000000E+0	5.082300E+4
1.600000E-2	0.000000E+0	5.108100E+4
1.602000E-2	0.000000E+0	5.080400E+4
1.604000E-2	0.000000E+0	5.065900E+4
1.606000E-2	0.000000E+0	5.090600E+4
1.608000E-2	0.000000E+0	5.092800E+4
1.610000E-2	0.000000E+0	5.062600E+4
1.612000E-2	0.000000E+0	5.099300E+4
1.614000E-2	0.000000E+0	5.101300E+4
1.616000E-2	0.000000E+0	5.038500E+4
1.618000E-2	0.000000E+0	5.059400E+4
1.620000E-2	0.000000E+0	5.086000E+4
1.622000E-2	0.000000E+0	5.079900E+4
1.624000E-2	0.000000E+0	5.060200E+4
1.626000E-2	0.000000E+0	5.079100E+4
1.628000E-2	0.000000E+0	5.107000E+4
1.630000E-2	0.000000E+0	5.077800E+4
1.632000E-2	0.000000E+0	5.102500E+4
1.634000E-2	0.000000E+0	5.054500E+4
1.636000E-2	0.000000E+0	5.098600E+4
1.638000E-2	0.000000E+0	5.065900E+4
1.640000E-2	0.000000E+0	5.094000E+4
1.642000E-2	0.000000E+0	5.089100E+4
1.644000E-2	0.000000E+0	5.065800E+4
1.646000E-2	0.000000E+0	5.080600E+4
1.648000E-2	0.000000E+0	5.072800E+4
1.650000E-2	0.000000E+0	5.089900E+4
1.652000E-2	0.000000E+0	5.099300E+4
1.654000E-2	0.000000E+0	5.073900E+4
1.656000E-2	0.000000E+0	5.073400E+4
1.658000E-2	0.000000E+0	5.069900E+4
1.660000E-2	0.000000E+0	5.118900E+4
1.662000E-2	0.000000E+0	5.083000E+4
1.664000E-2	0.000000E+0	5.080300E+4
1.666000E-2	0.000000E+0	5.092700E+4
1.668000E-2	0.000000E+0	5.086200E+4
1.670000E-2	0.000000E+0	5.093500E+4
1.672000E-2	0.000000E+0	5.117000E+4
1.674000E-2	0.000000E+0	5.117900E+4
1.676000E-2	0.000000E+0	5.088600E+4
1.678000E-2	0.000000E+0	5.093000E+4
1.680000E-2	0.000000E+0	5.084000E+4
1.682000E-2	0.000000E+0	5.081800E+4
1.684000E-2	0.000000E+0	5.108800E+4
1.686000E-2	0.000000E+0	5.091700E+4
1.688000E-2	0.000000E+0	5.059100E+4
1.690000E-2	0.000000E+0	5.064800E+4
1.692000E-2	0.000000E+0	5.069300E+4
1.694000E-2	0.000000E+0	5.088900E+4
1.696000E-2	0.000000E+0	5.120000E+4
1.698000E-2	0.000000E+0	5.087800E+4
1.700000E-2	0.000000E+0	5.085400E+4
1.702000E-2	0.000000E+0	5.108500E+4
1.704000E-2	0.000000E+0	5.078500E+4
1.706000E-2	0.000000E+0	5.054500E+4
1.708000E-2	0.000000E+0	5.077800E+4
1.710000E-2	0.000000E+0	5.094400E+4
1.712000E-2	0.000000E+0	5.092700E+4
1.714000E-2	0.000000E+0	5.086800E+4
1.716000E-2	0.000000E+0	5.099400E+4
1.718000E-2	0.000000E+0	5.058900E+4
1.720000E-2	0.000000E+0	5.091300E+4
1.722000E-2	0.000000E+0	5.130800E+4
1.724000E-2	0.000000E+0	5.060000E+4
1.726000E-2	0.000000E+0	5.113500E+4
1.728000E-2	0.000000E+0	5.071200E+4
1.730000E-2	0.000000E+0	5.103100E+4
1.732000E-2	0.000000E+0	5.071000E+4
1.734000E-2	0.000000E+0	5.088200E+4
1.736000E-2	0.000000E+0	5.131100E+4
1.738000E-2	0.000000E+0	5.146600E+4
1.740000E-2	0.000000E+0	5.121300E+4
1.742000E-2	0.000000E+0	5.083800E+4
1.744000E-2	0.000000E+0	5.108700E+4
1.746000E-2	0.000000E+0	5.083800E+4
1.748000E-2	0.000000E+0	5.069200E+4
1.750000E-2	0.000000E+0	5.109200E+4
1.752000E-2	0.000000E+0	5.086400E+4
1.754000E-2	0.000000E+0	5.060400E+4
1.756000E-2	0.000000E+0	5.075400E+4
1.758000E-2	0.000000E+0	5.101500E+4
1.760000E-2	0.000000E+0	5.074700E+4
1.762000E-2	0.000000E+0	5.054900E+4
1.764000E-2	0.000000E+0	5.094400E+4
1.766000E-2	0.000000E+0	5.078500E+4
1.768000E-2	0.000000E+0	5.052700E+4
1.770000E-2	0.000000E+0	5.101300E+4
1.772000E-2	0.000000E+0	5.121100E+4
1.774000E-2	0.000000E+0	5.085400E+4
1.776000E-2	0.000000E+0	5.051900E+4
1.778000E-2	0.000000E+0	5.084800E+4
1.780000E-2	0.000000E+0	5.082900E+4
1.782000E-2	0.000000E+0	5.062600E+4
1.784000E-2	0.000000E+0	5.045400E+4
1.786000E-2	0.000000E+0	5.125200E+4
1.788000E-2	0.000000E+0	5.085300E+4
1.790000E-2	0.000000E+0	5.055900E+4
1.792000E-2	0.000000E+0	5.070200E+4
1.794000E-2	0.000000E+0	5.095300E+4
1.796000E-2	0.000000E+0	5.076000E+4
1.798000E-2	0.000000E+0	5.070200E+4
1.800000E-2	0.000000E+0	5.056500E+4
1.802000E-2	0.000000E+0	5.082200E+4
1.804000E-2	0.000000E+0	5.027400E+4
1.806000E-2	0.000000E+0	5.076700E+4
1.808000E-2	0.000000E+0	5.062200E+4
1.810000E-2	0.000000E+0	5.109500E+4
1.812000E-2	0.000000E+0	5.104700E+4
1.814000E-2	0.000000E+0	5.102000E+4
1.816000E-2	0.000000E+0	5.099000E+4
1.818000E-2	0.000000E+0	5.099100E+4
1.820000E-2	0.000000E+0	5.074000E+4
1.822000E-2	0.000000E+0	5.075100E+4
1.824000E-2	0.000000E+0	5.067500E+4
1.826000E-2	0.000000E+0	5.095200E+4
1.828000E-2	0.000000E+0	5.065600E+4
1.830000E-2	0.000000E+0	5.076400E+4
1.832000E-2	0.000000E+0	5.112000E+4
1.834000E-2	0.000000E+0	5.072000E+4
1.836000E-2	0.000000E+0	5.107600E+4
1.838000E-2	0.000000E+0	5.092900E+4
1.840000E-2	0.000000E+0	5.085400E+4
1.842000E-2	0.000000E+0	5.075600E+4
1.844000E-2	0.000000E+0	5.074700E+4
1.846000E-2	0.000000E+0	5.072200E+4
1.848000E-2	0.000000E+0	5.062400E+4
1.850000E-2	0.000000E+0	5.098400E+4
1.852000E-2	0.000000E+0	5.084600E+4
1.854000E-2	0.000000E+0	5.092300E+4
1.856000E-2	0.000000E+0	5.101900E+4
1.858000E-2	0.000000E+0	5.096100E+4
1.860000E-2	0.000000E+0	5.049600E+4
1.862000E-2	0.000000E+0	5.056500E+4
1.864000E-2	0.000000E+0	5.071900E+4
1.866000E-2	0.000000E+0	5.056000E+4
1.868000E-2	0.000000E+0	5.093100E+4
1.870000E-2	0.000000E+0	5.089600E+4
1.872000E-2	0.000000E+0	5.121900E+4
1.874000E-2	0.000000E+0	5.074100E+4
1.876000E-2	0.000000E+0	5.094400E+4
1.878000E-2	0.000000E+0	5.115300E+4
1.880000E-2	0.000000E+0	5.088600E+4
1.882000E-2	0.000000E+0	5.049500E+4
1.884000E-2	0.000000E+0	5.090500E+4
1.886000E-2	0.000000E+0	5.075200E+4
1.888000E-2	0.000000E+0	5.102100E+4
1.890000E-2	0.000000E+0	5.093400E+4
1.892000E-2	0.000000E+0	5.116200E+4
1.894000E-2	0.000000E+0	5.089600E+4
1.896000E-2	0.000000E+0	5.093700E+4
1.898000E-2	0.000000E+0	5.063500E+4
1.900000E-2	0.000000E+0	5.111700E+4
1.902000E-2	0.000000E+0	5.068200E+4
1.904000E-2	0.000000E+0	5.109000E+4
1.906000E-2	0.000000E+0	5.066700E+4
1.908000E-2	0.000000E+0	5.134300E+4
1.910000E-2	0.000000E+0	5.067200E+4
1.912000E-2	0.000000E+0	5.094400E+4
1.914000E-2	0.000000E+0	5.096600E+4
1.916000E-2	0.000000E+0	5.039800E+4
1.918000E-2	0.000000E+0	5.080200E+4
1.920000E-2	0.000000E+0	5.097600E+4
1.922000E-2	0.000000E+0	5.082500E+4
1.924000E-2	0.000000E+0	5.070400E+4
1.926000E-2	0.000000E+0	5.079200E+4
1.928000E-2	0.000000E+0	5.099100E+4
1.930000E-2	0.000000E+0	5.098700E+4
1.932000E-2	0.000000E+0	5.079800E+4
1.934000E-2	0.000000E+0	5.082300E+4
1.936000E-2	0.000000E+0	5.078300E+4
1.938000E-2	0.000000E+0	5.115100E+4
1.940000E-2	0.000000E+0	5.096200E+4
1.942000E-2	0.000000E+0	5.087100E+4
1.944000E-2	0.000000E+0	5.103600E+4
1.946000E-2	0.000000E+0	5.068300E+4
1.948000E-2	0.000000E+0	5.074800E+4
1.950000E-2	0.000000E+0	5.078400E+4
1.952000E-2	0.000000E+0	5.116900E+4
1.954000E-2	0.000000E+0	5.102200E+4
1.956000E-2	0.000000E+0	5.117600E+4
1.958000E-2	0.000000E+0	5.112900E+4
1.960000E-2	0.000000E+0	5.104400E+4
1.962000E-2	0.000000E+0	5.093700E+4
1.964000E-2	0.000000E+0	5.097200E+4
1.966000E-2	0.000000E+0	5.096900E+4
1.968000E-2	0.000000E+0	5.102200E+4
1.970000E-2	0.000000E+0	5.066900E+4
1.972000E-2	0.000000E+0	5.087400E+4
1.974000E-2	0.000000E+0	5.047800E+4
1.976000E-2	0.000000E+0	5.072400E+4
1.978000E-2	0.000000E+0	5.086600E+4
1.980000E-2	0.000000E+0	5.070200E+4
1.982000E-2	0.000000E+0	5.064100E+4
1.984000E-2	0.000000E+0	5.100900E+4
1.986000E-2	0.000000E+0	5.084400E+4
1.988000E-2	0.000000E+0	5.055100E+4
1.990000E-2	0.000000E+0	5.153400E+4
1.992000E-2	0.000000E+0	5.053400E+4
1.994000E-2	0.000000E+0	5.127700E+4
1.996000E-2	0.000000E+0	5.098400E+4
1.998000E-2	0.000000E+0	5.077600E+4
