

live time:  80126.760000
real time:  111606.462000
sweeps:  4006338.000000
0.000000E+0	0.000000E+0	0.000000E+0
2.000000E-5	0.000000E+0	1.756380E+5
4.000000E-5	0.000000E+0	1.765340E+5
6.000000E-5	0.000000E+0	1.757280E+5
8.000000E-5	0.000000E+0	1.764210E+5
1.000000E-4	0.000000E+0	1.756790E+5
1.200000E-4	0.000000E+0	1.756870E+5
1.400000E-4	0.000000E+0	1.757390E+5
1.600000E-4	0.000000E+0	1.762110E+5
1.800000E-4	0.000000E+0	1.762890E+5
2.000000E-4	0.000000E+0	1.762480E+5
2.200000E-4	0.000000E+0	1.756650E+5
2.400000E-4	0.000000E+0	1.755790E+5
2.600000E-4	0.000000E+0	1.754510E+5
2.800000E-4	0.000000E+0	1.757970E+5
3.000000E-4	0.000000E+0	1.764060E+5
3.200000E-4	0.000000E+0	1.763280E+5
3.400000E-4	0.000000E+0	1.760310E+5
3.600000E-4	0.000000E+0	1.757550E+5
3.800000E-4	0.000000E+0	1.752620E+5
4.000000E-4	0.000000E+0	1.759270E+5
4.200000E-4	0.000000E+0	1.762860E+5
4.400000E-4	0.000000E+0	1.754580E+5
4.600000E-4	0.000000E+0	1.766460E+5
4.800000E-4	0.000000E+0	1.756310E+5
5.000000E-4	0.000000E+0	1.759830E+5
5.200000E-4	0.000000E+0	1.762060E+5
5.400000E-4	0.000000E+0	1.759340E+5
5.600000E-4	0.000000E+0	1.754740E+5
5.800000E-4	0.000000E+0	1.760890E+5
6.000000E-4	0.000000E+0	1.762500E+5
6.200000E-4	0.000000E+0	1.752990E+5
6.400000E-4	0.000000E+0	1.764090E+5
6.600000E-4	0.000000E+0	1.756260E+5
6.800000E-4	0.000000E+0	1.757820E+5
7.000000E-4	0.000000E+0	1.758880E+5
7.200000E-4	0.000000E+0	1.765290E+5
7.400000E-4	0.000000E+0	1.755280E+5
7.600000E-4	0.000000E+0	1.758020E+5
7.800000E-4	0.000000E+0	1.755460E+5
8.000000E-4	0.000000E+0	1.758090E+5
8.200000E-4	0.000000E+0	1.763570E+5
8.400000E-4	0.000000E+0	1.758180E+5
8.600000E-4	0.000000E+0	1.759660E+5
8.800000E-4	0.000000E+0	1.752910E+5
9.000000E-4	0.000000E+0	1.761810E+5
9.200000E-4	0.000000E+0	1.756410E+5
9.400000E-4	0.000000E+0	1.760080E+5
9.600000E-4	0.000000E+0	1.752850E+5
9.800000E-4	0.000000E+0	1.764520E+5
1.000000E-3	0.000000E+0	1.761090E+5
1.020000E-3	0.000000E+0	1.756410E+5
1.040000E-3	0.000000E+0	1.757910E+5
1.060000E-3	0.000000E+0	1.757250E+5
1.080000E-3	0.000000E+0	1.758760E+5
1.100000E-3	0.000000E+0	1.757570E+5
1.120000E-3	0.000000E+0	1.759000E+5
1.140000E-3	0.000000E+0	1.757850E+5
1.160000E-3	0.000000E+0	1.750820E+5
1.180000E-3	0.000000E+0	1.756930E+5
1.200000E-3	0.000000E+0	1.762890E+5
1.220000E-3	0.000000E+0	1.763810E+5
1.240000E-3	0.000000E+0	1.759900E+5
1.260000E-3	0.000000E+0	1.753690E+5
1.280000E-3	0.000000E+0	1.766450E+5
1.300000E-3	0.000000E+0	1.750320E+5
1.320000E-3	0.000000E+0	1.762820E+5
1.340000E-3	0.000000E+0	1.755540E+5
1.360000E-3	0.000000E+0	1.754350E+5
1.380000E-3	0.000000E+0	1.763000E+5
1.400000E-3	0.000000E+0	1.758460E+5
1.420000E-3	0.000000E+0	1.763040E+5
1.440000E-3	0.000000E+0	1.754530E+5
1.460000E-3	0.000000E+0	1.750110E+5
1.480000E-3	0.000000E+0	1.759200E+5
1.500000E-3	0.000000E+0	1.763690E+5
1.520000E-3	0.000000E+0	1.759530E+5
1.540000E-3	0.000000E+0	1.766970E+5
1.560000E-3	0.000000E+0	1.754850E+5
1.580000E-3	0.000000E+0	1.756920E+5
1.600000E-3	0.000000E+0	1.756640E+5
1.620000E-3	0.000000E+0	1.755020E+5
1.640000E-3	0.000000E+0	1.752310E+5
1.660000E-3	0.000000E+0	1.769990E+5
1.680000E-3	0.000000E+0	1.755870E+5
1.700000E-3	0.000000E+0	1.755810E+5
1.720000E-3	0.000000E+0	1.762510E+5
1.740000E-3	0.000000E+0	1.765620E+5
1.760000E-3	0.000000E+0	1.767520E+5
1.780000E-3	0.000000E+0	1.764920E+5
1.800000E-3	0.000000E+0	1.764520E+5
1.820000E-3	0.000000E+0	1.754720E+5
1.840000E-3	0.000000E+0	1.759290E+5
1.860000E-3	0.000000E+0	1.760470E+5
1.880000E-3	0.000000E+0	1.761050E+5
1.900000E-3	0.000000E+0	1.756550E+5
1.920000E-3	0.000000E+0	1.760870E+5
1.940000E-3	0.000000E+0	1.757830E+5
1.960000E-3	0.000000E+0	1.762670E+5
1.980000E-3	0.000000E+0	1.764260E+5
2.000000E-3	0.000000E+0	1.759900E+5
2.020000E-3	0.000000E+0	1.757050E+5
2.040000E-3	0.000000E+0	1.757300E+5
2.060000E-3	0.000000E+0	1.763510E+5
2.080000E-3	0.000000E+0	1.762080E+5
2.100000E-3	0.000000E+0	1.769090E+5
2.120000E-3	0.000000E+0	1.757860E+5
2.140000E-3	0.000000E+0	1.758120E+5
2.160000E-3	0.000000E+0	1.755750E+5
2.180000E-3	0.000000E+0	1.765940E+5
2.200000E-3	0.000000E+0	1.763600E+5
2.220000E-3	0.000000E+0	1.761640E+5
2.240000E-3	0.000000E+0	1.763070E+5
2.260000E-3	0.000000E+0	1.763270E+5
2.280000E-3	0.000000E+0	1.757010E+5
2.300000E-3	0.000000E+0	1.762550E+5
2.320000E-3	0.000000E+0	1.755320E+5
2.340000E-3	0.000000E+0	1.761420E+5
2.360000E-3	0.000000E+0	1.758280E+5
2.380000E-3	0.000000E+0	1.762590E+5
2.400000E-3	0.000000E+0	1.754770E+5
2.420000E-3	0.000000E+0	1.757510E+5
2.440000E-3	0.000000E+0	1.750860E+5
2.460000E-3	0.000000E+0	1.756250E+5
2.480000E-3	0.000000E+0	1.765720E+5
2.500000E-3	0.000000E+0	1.762650E+5
2.520000E-3	0.000000E+0	1.759420E+5
2.540000E-3	0.000000E+0	1.755560E+5
2.560000E-3	0.000000E+0	1.757310E+5
2.580000E-3	0.000000E+0	1.754720E+5
2.600000E-3	0.000000E+0	1.767230E+5
2.620000E-3	0.000000E+0	1.758480E+5
2.640000E-3	0.000000E+0	1.757400E+5
2.660000E-3	0.000000E+0	1.763390E+5
2.680000E-3	0.000000E+0	1.757440E+5
2.700000E-3	0.000000E+0	1.763730E+5
2.720000E-3	0.000000E+0	1.761540E+5
2.740000E-3	0.000000E+0	1.767410E+5
2.760000E-3	0.000000E+0	1.763380E+5
2.780000E-3	0.000000E+0	1.759160E+5
2.800000E-3	0.000000E+0	1.752720E+5
2.820000E-3	0.000000E+0	1.760860E+5
2.840000E-3	0.000000E+0	1.755660E+5
2.860000E-3	0.000000E+0	1.766610E+5
2.880000E-3	0.000000E+0	1.763780E+5
2.900000E-3	0.000000E+0	1.765770E+5
2.920000E-3	0.000000E+0	1.757410E+5
2.940000E-3	0.000000E+0	1.762220E+5
2.960000E-3	0.000000E+0	1.762630E+5
2.980000E-3	0.000000E+0	1.755750E+5
3.000000E-3	0.000000E+0	1.759240E+5
3.020000E-3	0.000000E+0	1.762060E+5
3.040000E-3	0.000000E+0	1.761440E+5
3.060000E-3	0.000000E+0	1.773050E+5
3.080000E-3	0.000000E+0	1.764090E+5
3.100000E-3	0.000000E+0	1.752880E+5
3.120000E-3	0.000000E+0	1.761280E+5
3.140000E-3	0.000000E+0	1.760960E+5
3.160000E-3	0.000000E+0	1.760940E+5
3.180000E-3	0.000000E+0	1.765420E+5
3.200000E-3	0.000000E+0	1.761330E+5
3.220000E-3	0.000000E+0	1.763330E+5
3.240000E-3	0.000000E+0	1.756450E+5
3.260000E-3	0.000000E+0	1.762040E+5
3.280000E-3	0.000000E+0	1.756130E+5
3.300000E-3	0.000000E+0	1.755470E+5
3.320000E-3	0.000000E+0	1.759470E+5
3.340000E-3	0.000000E+0	1.760260E+5
3.360000E-3	0.000000E+0	1.759150E+5
3.380000E-3	0.000000E+0	1.755910E+5
3.400000E-3	0.000000E+0	1.758320E+5
3.420000E-3	0.000000E+0	1.761070E+5
3.440000E-3	0.000000E+0	1.753670E+5
3.460000E-3	0.000000E+0	1.764070E+5
3.480000E-3	0.000000E+0	1.755660E+5
3.500000E-3	0.000000E+0	1.765520E+5
3.520000E-3	0.000000E+0	1.756870E+5
3.540000E-3	0.000000E+0	1.756290E+5
3.560000E-3	0.000000E+0	1.755040E+5
3.580000E-3	0.000000E+0	1.760780E+5
3.600000E-3	0.000000E+0	1.757340E+5
3.620000E-3	0.000000E+0	1.746330E+5
3.640000E-3	0.000000E+0	1.764670E+5
3.660000E-3	0.000000E+0	1.759290E+5
3.680000E-3	0.000000E+0	1.757350E+5
3.700000E-3	0.000000E+0	1.758500E+5
3.720000E-3	0.000000E+0	1.761620E+5
3.740000E-3	0.000000E+0	1.759290E+5
3.760000E-3	0.000000E+0	1.758080E+5
3.780000E-3	0.000000E+0	1.760270E+5
3.800000E-3	0.000000E+0	1.757320E+5
3.820000E-3	0.000000E+0	1.753160E+5
3.840000E-3	0.000000E+0	1.757900E+5
3.860000E-3	0.000000E+0	1.757790E+5
3.880000E-3	0.000000E+0	1.758400E+5
3.900000E-3	0.000000E+0	1.758660E+5
3.920000E-3	0.000000E+0	1.770010E+5
3.940000E-3	0.000000E+0	1.766530E+5
3.960000E-3	0.000000E+0	1.760590E+5
3.980000E-3	0.000000E+0	1.756210E+5
4.000000E-3	0.000000E+0	1.765210E+5
4.020000E-3	0.000000E+0	1.759050E+5
4.040000E-3	0.000000E+0	1.755690E+5
4.060000E-3	0.000000E+0	1.761920E+5
4.080000E-3	0.000000E+0	1.761990E+5
4.100000E-3	0.000000E+0	1.757370E+5
4.120000E-3	0.000000E+0	1.755820E+5
4.140000E-3	0.000000E+0	1.760900E+5
4.160000E-3	0.000000E+0	1.763510E+5
4.180000E-3	0.000000E+0	1.753550E+5
4.200000E-3	0.000000E+0	1.755240E+5
4.220000E-3	0.000000E+0	1.751960E+5
4.240000E-3	0.000000E+0	1.759210E+5
4.260000E-3	0.000000E+0	1.753670E+5
4.280000E-3	0.000000E+0	1.758500E+5
4.300000E-3	0.000000E+0	1.760080E+5
4.320000E-3	0.000000E+0	1.756890E+5
4.340000E-3	0.000000E+0	1.757300E+5
4.360000E-3	0.000000E+0	1.761050E+5
4.380000E-3	0.000000E+0	1.752460E+5
4.400000E-3	0.000000E+0	1.765540E+5
4.420000E-3	0.000000E+0	1.761040E+5
4.440000E-3	0.000000E+0	1.752650E+5
4.460000E-3	0.000000E+0	1.756880E+5
4.480000E-3	0.000000E+0	1.750450E+5
4.500000E-3	0.000000E+0	1.754880E+5
4.520000E-3	0.000000E+0	1.755600E+5
4.540000E-3	0.000000E+0	1.758850E+5
4.560000E-3	0.000000E+0	1.752110E+5
4.580000E-3	0.000000E+0	1.757810E+5
4.600000E-3	0.000000E+0	1.752480E+5
4.620000E-3	0.000000E+0	1.754020E+5
4.640000E-3	0.000000E+0	1.757620E+5
4.660000E-3	0.000000E+0	1.758150E+5
4.680000E-3	0.000000E+0	1.757670E+5
4.700000E-3	0.000000E+0	1.759450E+5
4.720000E-3	0.000000E+0	1.762040E+5
4.740000E-3	0.000000E+0	1.745660E+5
4.760000E-3	0.000000E+0	1.762620E+5
4.780000E-3	0.000000E+0	1.752950E+5
4.800000E-3	0.000000E+0	1.758950E+5
4.820000E-3	0.000000E+0	1.753830E+5
4.840000E-3	0.000000E+0	1.761690E+5
4.860000E-3	0.000000E+0	1.754050E+5
4.880000E-3	0.000000E+0	1.749330E+5
4.900000E-3	0.000000E+0	1.749080E+5
4.920000E-3	0.000000E+0	1.737320E+5
4.940000E-3	0.000000E+0	1.738110E+5
4.960000E-3	0.000000E+0	1.732930E+5
4.980000E-3	0.000000E+0	1.732640E+5
5.000000E-3	0.000000E+0	1.728500E+5
5.020000E-3	0.000000E+0	1.732910E+5
5.040000E-3	0.000000E+0	1.720300E+5
5.060000E-3	0.000000E+0	1.712000E+5
5.080000E-3	0.000000E+0	1.705270E+5
5.100000E-3	0.000000E+0	1.705320E+5
5.120000E-3	0.000000E+0	1.704950E+5
5.140000E-3	0.000000E+0	1.711570E+5
5.160000E-3	0.000000E+0	1.713600E+5
5.180000E-3	0.000000E+0	1.717910E+5
5.200000E-3	0.000000E+0	1.724900E+5
5.220000E-3	0.000000E+0	1.735330E+5
5.240000E-3	0.000000E+0	1.737330E+5
5.260000E-3	0.000000E+0	1.747740E+5
5.280000E-3	0.000000E+0	1.739030E+5
5.300000E-3	0.000000E+0	1.745780E+5
5.320000E-3	0.000000E+0	1.751120E+5
5.340000E-3	0.000000E+0	1.753750E+5
5.360000E-3	0.000000E+0	1.756190E+5
5.380000E-3	0.000000E+0	1.754960E+5
5.400000E-3	0.000000E+0	1.762430E+5
5.420000E-3	0.000000E+0	1.757650E+5
5.440000E-3	0.000000E+0	1.746440E+5
5.460000E-3	0.000000E+0	1.750310E+5
5.480000E-3	0.000000E+0	1.753930E+5
5.500000E-3	0.000000E+0	1.752720E+5
5.520000E-3	0.000000E+0	1.750190E+5
5.540000E-3	0.000000E+0	1.753560E+5
5.560000E-3	0.000000E+0	1.746890E+5
5.580000E-3	0.000000E+0	1.744860E+5
5.600000E-3	0.000000E+0	1.732160E+5
5.620000E-3	0.000000E+0	1.723360E+5
5.640000E-3	0.000000E+0	1.727920E+5
5.660000E-3	0.000000E+0	1.732440E+5
5.680000E-3	0.000000E+0	1.731620E+5
5.700000E-3	0.000000E+0	1.721340E+5
5.720000E-3	0.000000E+0	1.716580E+5
5.740000E-3	0.000000E+0	1.709380E+5
5.760000E-3	0.000000E+0	1.709270E+5
5.780000E-3	0.000000E+0	1.716920E+5
5.800000E-3	0.000000E+0	1.715030E+5
5.820000E-3	0.000000E+0	1.723700E+5
5.840000E-3	0.000000E+0	1.727170E+5
5.860000E-3	0.000000E+0	1.731320E+5
5.880000E-3	0.000000E+0	1.739800E+5
5.900000E-3	0.000000E+0	1.745620E+5
5.920000E-3	0.000000E+0	1.749740E+5
5.940000E-3	0.000000E+0	1.739940E+5
5.960000E-3	0.000000E+0	1.750470E+5
5.980000E-3	0.000000E+0	1.754660E+5
6.000000E-3	0.000000E+0	1.752980E+5
6.020000E-3	0.000000E+0	1.759960E+5
6.040000E-3	0.000000E+0	1.759740E+5
6.060000E-3	0.000000E+0	1.757730E+5
6.080000E-3	0.000000E+0	1.756470E+5
6.100000E-3	0.000000E+0	1.756260E+5
6.120000E-3	0.000000E+0	1.757060E+5
6.140000E-3	0.000000E+0	1.752930E+5
6.160000E-3	0.000000E+0	1.756890E+5
6.180000E-3	0.000000E+0	1.760380E+5
6.200000E-3	0.000000E+0	1.755470E+5
6.220000E-3	0.000000E+0	1.760630E+5
6.240000E-3	0.000000E+0	1.750680E+5
6.260000E-3	0.000000E+0	1.759300E+5
6.280000E-3	0.000000E+0	1.764400E+5
6.300000E-3	0.000000E+0	1.757780E+5
6.320000E-3	0.000000E+0	1.759320E+5
6.340000E-3	0.000000E+0	1.760760E+5
6.360000E-3	0.000000E+0	1.751250E+5
6.380000E-3	0.000000E+0	1.759450E+5
6.400000E-3	0.000000E+0	1.753500E+5
6.420000E-3	0.000000E+0	1.759820E+5
6.440000E-3	0.000000E+0	1.765560E+5
6.460000E-3	0.000000E+0	1.759800E+5
6.480000E-3	0.000000E+0	1.756550E+5
6.500000E-3	0.000000E+0	1.753380E+5
6.520000E-3	0.000000E+0	1.761590E+5
6.540000E-3	0.000000E+0	1.755220E+5
6.560000E-3	0.000000E+0	1.762800E+5
6.580000E-3	0.000000E+0	1.759950E+5
6.600000E-3	0.000000E+0	1.763910E+5
6.620000E-3	0.000000E+0	1.757090E+5
6.640000E-3	0.000000E+0	1.753970E+5
6.660000E-3	0.000000E+0	1.752520E+5
6.680000E-3	0.000000E+0	1.761400E+5
6.700000E-3	0.000000E+0	1.758550E+5
6.720000E-3	0.000000E+0	1.755560E+5
6.740000E-3	0.000000E+0	1.761560E+5
6.760000E-3	0.000000E+0	1.763050E+5
6.780000E-3	0.000000E+0	1.752620E+5
6.800000E-3	0.000000E+0	1.763880E+5
6.820000E-3	0.000000E+0	1.757940E+5
6.840000E-3	0.000000E+0	1.759310E+5
6.860000E-3	0.000000E+0	1.761050E+5
6.880000E-3	0.000000E+0	1.763830E+5
6.900000E-3	0.000000E+0	1.754900E+5
6.920000E-3	0.000000E+0	1.760560E+5
6.940000E-3	0.000000E+0	1.756280E+5
6.960000E-3	0.000000E+0	1.756360E+5
6.980000E-3	0.000000E+0	1.759490E+5
7.000000E-3	0.000000E+0	1.756920E+5
7.020000E-3	0.000000E+0	1.752720E+5
7.040000E-3	0.000000E+0	1.756200E+5
7.060000E-3	0.000000E+0	1.757780E+5
7.080000E-3	0.000000E+0	1.762320E+5
7.100000E-3	0.000000E+0	1.760560E+5
7.120000E-3	0.000000E+0	1.759480E+5
7.140000E-3	0.000000E+0	1.759850E+5
7.160000E-3	0.000000E+0	1.763890E+5
7.180000E-3	0.000000E+0	1.752040E+5
7.200000E-3	0.000000E+0	1.758890E+5
7.220000E-3	0.000000E+0	1.763640E+5
7.240000E-3	0.000000E+0	1.756450E+5
7.260000E-3	0.000000E+0	1.752800E+5
7.280000E-3	0.000000E+0	1.752880E+5
7.300000E-3	0.000000E+0	1.758380E+5
7.320000E-3	0.000000E+0	1.766460E+5
7.340000E-3	0.000000E+0	1.761990E+5
7.360000E-3	0.000000E+0	1.758980E+5
7.380000E-3	0.000000E+0	1.761710E+5
7.400000E-3	0.000000E+0	1.758610E+5
7.420000E-3	0.000000E+0	1.753550E+5
7.440000E-3	0.000000E+0	1.759400E+5
7.460000E-3	0.000000E+0	1.762030E+5
7.480000E-3	0.000000E+0	1.757740E+5
7.500000E-3	0.000000E+0	1.766590E+5
7.520000E-3	0.000000E+0	1.761390E+5
7.540000E-3	0.000000E+0	1.761940E+5
7.560000E-3	0.000000E+0	1.764290E+5
7.580000E-3	0.000000E+0	1.757770E+5
7.600000E-3	0.000000E+0	1.755950E+5
7.620000E-3	0.000000E+0	1.759270E+5
7.640000E-3	0.000000E+0	1.768220E+5
7.660000E-3	0.000000E+0	1.756900E+5
7.680000E-3	0.000000E+0	1.761280E+5
7.700000E-3	0.000000E+0	1.755360E+5
7.720000E-3	0.000000E+0	1.759930E+5
7.740000E-3	0.000000E+0	1.756030E+5
7.760000E-3	0.000000E+0	1.750000E+5
7.780000E-3	0.000000E+0	1.764410E+5
7.800000E-3	0.000000E+0	1.761000E+5
7.820000E-3	0.000000E+0	1.760480E+5
7.840000E-3	0.000000E+0	1.766340E+5
7.860000E-3	0.000000E+0	1.759340E+5
7.880000E-3	0.000000E+0	1.759800E+5
7.900000E-3	0.000000E+0	1.761030E+5
7.920000E-3	0.000000E+0	1.752110E+5
7.940000E-3	0.000000E+0	1.761710E+5
7.960000E-3	0.000000E+0	1.763470E+5
7.980000E-3	0.000000E+0	1.763020E+5
8.000000E-3	0.000000E+0	1.761270E+5
8.020000E-3	0.000000E+0	1.763890E+5
8.040000E-3	0.000000E+0	1.751960E+5
8.060000E-3	0.000000E+0	1.760760E+5
8.080000E-3	0.000000E+0	1.758990E+5
8.100000E-3	0.000000E+0	1.759630E+5
8.120000E-3	0.000000E+0	1.766480E+5
8.140000E-3	0.000000E+0	1.757330E+5
8.160000E-3	0.000000E+0	1.763530E+5
8.180000E-3	0.000000E+0	1.759850E+5
8.200000E-3	0.000000E+0	1.757890E+5
8.220000E-3	0.000000E+0	1.753780E+5
8.240000E-3	0.000000E+0	1.756590E+5
8.260000E-3	0.000000E+0	1.768830E+5
8.280000E-3	0.000000E+0	1.756480E+5
8.300000E-3	0.000000E+0	1.763200E+5
8.320000E-3	0.000000E+0	1.755860E+5
8.340000E-3	0.000000E+0	1.758310E+5
8.360000E-3	0.000000E+0	1.758000E+5
8.380000E-3	0.000000E+0	1.751710E+5
8.400000E-3	0.000000E+0	1.757080E+5
8.420000E-3	0.000000E+0	1.760110E+5
8.440000E-3	0.000000E+0	1.765600E+5
8.460000E-3	0.000000E+0	1.758670E+5
8.480000E-3	0.000000E+0	1.768380E+5
8.500000E-3	0.000000E+0	1.746820E+5
8.520000E-3	0.000000E+0	1.759120E+5
8.540000E-3	0.000000E+0	1.759620E+5
8.560000E-3	0.000000E+0	1.756020E+5
8.580000E-3	0.000000E+0	1.772010E+5
8.600000E-3	0.000000E+0	1.752490E+5
8.620000E-3	0.000000E+0	1.762010E+5
8.640000E-3	0.000000E+0	1.760290E+5
8.660000E-3	0.000000E+0	1.758220E+5
8.680000E-3	0.000000E+0	1.766480E+5
8.700000E-3	0.000000E+0	1.755710E+5
8.720000E-3	0.000000E+0	1.760070E+5
8.740000E-3	0.000000E+0	1.754170E+5
8.760000E-3	0.000000E+0	1.762490E+5
8.780000E-3	0.000000E+0	1.762550E+5
8.800000E-3	0.000000E+0	1.763880E+5
8.820000E-3	0.000000E+0	1.762870E+5
8.840000E-3	0.000000E+0	1.757150E+5
8.860000E-3	0.000000E+0	1.765570E+5
8.880000E-3	0.000000E+0	1.758750E+5
8.900000E-3	0.000000E+0	1.764790E+5
8.920000E-3	0.000000E+0	1.754570E+5
8.940000E-3	0.000000E+0	1.753080E+5
8.960000E-3	0.000000E+0	1.769130E+5
8.980000E-3	0.000000E+0	1.755560E+5
9.000000E-3	0.000000E+0	1.754670E+5
9.020000E-3	0.000000E+0	1.757250E+5
9.040000E-3	0.000000E+0	1.760980E+5
9.060000E-3	0.000000E+0	1.769090E+5
9.080000E-3	0.000000E+0	1.761430E+5
9.100000E-3	0.000000E+0	1.763640E+5
9.120000E-3	0.000000E+0	1.759540E+5
9.140000E-3	0.000000E+0	1.759190E+5
9.160000E-3	0.000000E+0	1.765260E+5
9.180000E-3	0.000000E+0	1.758790E+5
9.200000E-3	0.000000E+0	1.763480E+5
9.220000E-3	0.000000E+0	1.758810E+5
9.240000E-3	0.000000E+0	1.763890E+5
9.260000E-3	0.000000E+0	1.763110E+5
9.280000E-3	0.000000E+0	1.767110E+5
9.300000E-3	0.000000E+0	1.764070E+5
9.320000E-3	0.000000E+0	1.759330E+5
9.340000E-3	0.000000E+0	1.759660E+5
9.360000E-3	0.000000E+0	1.755230E+5
9.380000E-3	0.000000E+0	1.761700E+5
9.400000E-3	0.000000E+0	1.763270E+5
9.420000E-3	0.000000E+0	1.765190E+5
9.440000E-3	0.000000E+0	1.761340E+5
9.460000E-3	0.000000E+0	1.765160E+5
9.480000E-3	0.000000E+0	1.752870E+5
9.500000E-3	0.000000E+0	1.757180E+5
9.520000E-3	0.000000E+0	1.765070E+5
9.540000E-3	0.000000E+0	1.751100E+5
9.560000E-3	0.000000E+0	1.756330E+5
9.580000E-3	0.000000E+0	1.763030E+5
9.600000E-3	0.000000E+0	1.761700E+5
9.620000E-3	0.000000E+0	1.750620E+5
9.640000E-3	0.000000E+0	1.759390E+5
9.660000E-3	0.000000E+0	1.762980E+5
9.680000E-3	0.000000E+0	1.753690E+5
9.700000E-3	0.000000E+0	1.766910E+5
9.720000E-3	0.000000E+0	1.755600E+5
9.740000E-3	0.000000E+0	1.760450E+5
9.760000E-3	0.000000E+0	1.751970E+5
9.780000E-3	0.000000E+0	1.758140E+5
9.800000E-3	0.000000E+0	1.759610E+5
9.820000E-3	0.000000E+0	1.762050E+5
9.840000E-3	0.000000E+0	1.757400E+5
9.860000E-3	0.000000E+0	1.761840E+5
9.880000E-3	0.000000E+0	1.767120E+5
9.900000E-3	0.000000E+0	1.760970E+5
9.920000E-3	0.000000E+0	1.752800E+5
9.940000E-3	0.000000E+0	1.755190E+5
9.960000E-3	0.000000E+0	1.757080E+5
9.980000E-3	0.000000E+0	1.766900E+5
1.000000E-2	0.000000E+0	1.752270E+5
1.002000E-2	0.000000E+0	1.758560E+5
1.004000E-2	0.000000E+0	1.762220E+5
1.006000E-2	0.000000E+0	1.765120E+5
1.008000E-2	0.000000E+0	1.756840E+5
1.010000E-2	0.000000E+0	1.759830E+5
1.012000E-2	0.000000E+0	1.761170E+5
1.014000E-2	0.000000E+0	1.764670E+5
1.016000E-2	0.000000E+0	1.760120E+5
1.018000E-2	0.000000E+0	1.764330E+5
1.020000E-2	0.000000E+0	1.758930E+5
1.022000E-2	0.000000E+0	1.762750E+5
1.024000E-2	0.000000E+0	1.756630E+5
1.026000E-2	0.000000E+0	1.772400E+5
1.028000E-2	0.000000E+0	1.759340E+5
1.030000E-2	0.000000E+0	1.763230E+5
1.032000E-2	0.000000E+0	1.762730E+5
1.034000E-2	0.000000E+0	1.761930E+5
1.036000E-2	0.000000E+0	1.758190E+5
1.038000E-2	0.000000E+0	1.764620E+5
1.040000E-2	0.000000E+0	1.763920E+5
1.042000E-2	0.000000E+0	1.763370E+5
1.044000E-2	0.000000E+0	1.760860E+5
1.046000E-2	0.000000E+0	1.759990E+5
1.048000E-2	0.000000E+0	1.763340E+5
1.050000E-2	0.000000E+0	1.753790E+5
1.052000E-2	0.000000E+0	1.763440E+5
1.054000E-2	0.000000E+0	1.768080E+5
1.056000E-2	0.000000E+0	1.761650E+5
1.058000E-2	0.000000E+0	1.762260E+5
1.060000E-2	0.000000E+0	1.754150E+5
1.062000E-2	0.000000E+0	1.756000E+5
1.064000E-2	0.000000E+0	1.764100E+5
1.066000E-2	0.000000E+0	1.759570E+5
1.068000E-2	0.000000E+0	1.766590E+5
1.070000E-2	0.000000E+0	1.759160E+5
1.072000E-2	0.000000E+0	1.761100E+5
1.074000E-2	0.000000E+0	1.763120E+5
1.076000E-2	0.000000E+0	1.768200E+5
1.078000E-2	0.000000E+0	1.766040E+5
1.080000E-2	0.000000E+0	1.757390E+5
1.082000E-2	0.000000E+0	1.768200E+5
1.084000E-2	0.000000E+0	1.758010E+5
1.086000E-2	0.000000E+0	1.761650E+5
1.088000E-2	0.000000E+0	1.759700E+5
1.090000E-2	0.000000E+0	1.759130E+5
1.092000E-2	0.000000E+0	1.761540E+5
1.094000E-2	0.000000E+0	1.758730E+5
1.096000E-2	0.000000E+0	1.761030E+5
1.098000E-2	0.000000E+0	1.759730E+5
1.100000E-2	0.000000E+0	1.766040E+5
1.102000E-2	0.000000E+0	1.761620E+5
1.104000E-2	0.000000E+0	1.764290E+5
1.106000E-2	0.000000E+0	1.759420E+5
1.108000E-2	0.000000E+0	1.757290E+5
1.110000E-2	0.000000E+0	1.759730E+5
1.112000E-2	0.000000E+0	1.765790E+5
1.114000E-2	0.000000E+0	1.762290E+5
1.116000E-2	0.000000E+0	1.750200E+5
1.118000E-2	0.000000E+0	1.765170E+5
1.120000E-2	0.000000E+0	1.762010E+5
1.122000E-2	0.000000E+0	1.771730E+5
1.124000E-2	0.000000E+0	1.760660E+5
1.126000E-2	0.000000E+0	1.753750E+5
1.128000E-2	0.000000E+0	1.757280E+5
1.130000E-2	0.000000E+0	1.753510E+5
1.132000E-2	0.000000E+0	1.762810E+5
1.134000E-2	0.000000E+0	1.759130E+5
1.136000E-2	0.000000E+0	1.771420E+5
1.138000E-2	0.000000E+0	1.757080E+5
1.140000E-2	0.000000E+0	1.767180E+5
1.142000E-2	0.000000E+0	1.757820E+5
1.144000E-2	0.000000E+0	1.756910E+5
1.146000E-2	0.000000E+0	1.761340E+5
1.148000E-2	0.000000E+0	1.766130E+5
1.150000E-2	0.000000E+0	1.764910E+5
1.152000E-2	0.000000E+0	1.757740E+5
1.154000E-2	0.000000E+0	1.759380E+5
1.156000E-2	0.000000E+0	1.766850E+5
1.158000E-2	0.000000E+0	1.757660E+5
1.160000E-2	0.000000E+0	1.761790E+5
1.162000E-2	0.000000E+0	1.761290E+5
1.164000E-2	0.000000E+0	1.769150E+5
1.166000E-2	0.000000E+0	1.767790E+5
1.168000E-2	0.000000E+0	1.767870E+5
1.170000E-2	0.000000E+0	1.764090E+5
1.172000E-2	0.000000E+0	1.759860E+5
1.174000E-2	0.000000E+0	1.761820E+5
1.176000E-2	0.000000E+0	1.762150E+5
1.178000E-2	0.000000E+0	1.753890E+5
1.180000E-2	0.000000E+0	1.762250E+5
1.182000E-2	0.000000E+0	1.757700E+5
1.184000E-2	0.000000E+0	1.756480E+5
1.186000E-2	0.000000E+0	1.760790E+5
1.188000E-2	0.000000E+0	1.757520E+5
1.190000E-2	0.000000E+0	1.754920E+5
1.192000E-2	0.000000E+0	1.755600E+5
1.194000E-2	0.000000E+0	1.766020E+5
1.196000E-2	0.000000E+0	1.759340E+5
1.198000E-2	0.000000E+0	1.756220E+5
1.200000E-2	0.000000E+0	1.761220E+5
1.202000E-2	0.000000E+0	1.765450E+5
1.204000E-2	0.000000E+0	1.763810E+5
1.206000E-2	0.000000E+0	1.761190E+5
1.208000E-2	0.000000E+0	1.765040E+5
1.210000E-2	0.000000E+0	1.757550E+5
1.212000E-2	0.000000E+0	1.758320E+5
1.214000E-2	0.000000E+0	1.754700E+5
1.216000E-2	0.000000E+0	1.751750E+5
1.218000E-2	0.000000E+0	1.764870E+5
1.220000E-2	0.000000E+0	1.753250E+5
1.222000E-2	0.000000E+0	1.756580E+5
1.224000E-2	0.000000E+0	1.762040E+5
1.226000E-2	0.000000E+0	1.761250E+5
1.228000E-2	0.000000E+0	1.762370E+5
1.230000E-2	0.000000E+0	1.761160E+5
1.232000E-2	0.000000E+0	1.758260E+5
1.234000E-2	0.000000E+0	1.762890E+5
1.236000E-2	0.000000E+0	1.758010E+5
1.238000E-2	0.000000E+0	1.759620E+5
1.240000E-2	0.000000E+0	1.766190E+5
1.242000E-2	0.000000E+0	1.763860E+5
1.244000E-2	0.000000E+0	1.762150E+5
1.246000E-2	0.000000E+0	1.758320E+5
1.248000E-2	0.000000E+0	1.763920E+5
1.250000E-2	0.000000E+0	1.755370E+5
1.252000E-2	0.000000E+0	1.765180E+5
1.254000E-2	0.000000E+0	1.760650E+5
1.256000E-2	0.000000E+0	1.756120E+5
1.258000E-2	0.000000E+0	1.763290E+5
1.260000E-2	0.000000E+0	1.766340E+5
1.262000E-2	0.000000E+0	1.753550E+5
1.264000E-2	0.000000E+0	1.752460E+5
1.266000E-2	0.000000E+0	1.765280E+5
1.268000E-2	0.000000E+0	1.760730E+5
1.270000E-2	0.000000E+0	1.763860E+5
1.272000E-2	0.000000E+0	1.762410E+5
1.274000E-2	0.000000E+0	1.756130E+5
1.276000E-2	0.000000E+0	1.769160E+5
1.278000E-2	0.000000E+0	1.758360E+5
1.280000E-2	0.000000E+0	1.755140E+5
1.282000E-2	0.000000E+0	1.760910E+5
1.284000E-2	0.000000E+0	1.761430E+5
1.286000E-2	0.000000E+0	1.767340E+5
1.288000E-2	0.000000E+0	1.762720E+5
1.290000E-2	0.000000E+0	1.760580E+5
1.292000E-2	0.000000E+0	1.763280E+5
1.294000E-2	0.000000E+0	1.754530E+5
1.296000E-2	0.000000E+0	1.764350E+5
1.298000E-2	0.000000E+0	1.759430E+5
1.300000E-2	0.000000E+0	1.764930E+5
1.302000E-2	0.000000E+0	1.764250E+5
1.304000E-2	0.000000E+0	1.763570E+5
1.306000E-2	0.000000E+0	1.758320E+5
1.308000E-2	0.000000E+0	1.760180E+5
1.310000E-2	0.000000E+0	1.762470E+5
1.312000E-2	0.000000E+0	1.763170E+5
1.314000E-2	0.000000E+0	1.767910E+5
1.316000E-2	0.000000E+0	1.756170E+5
1.318000E-2	0.000000E+0	1.759530E+5
1.320000E-2	0.000000E+0	1.768860E+5
1.322000E-2	0.000000E+0	1.764540E+5
1.324000E-2	0.000000E+0	1.759410E+5
1.326000E-2	0.000000E+0	1.765520E+5
1.328000E-2	0.000000E+0	1.765840E+5
1.330000E-2	0.000000E+0	1.758890E+5
1.332000E-2	0.000000E+0	1.762820E+5
1.334000E-2	0.000000E+0	1.761900E+5
1.336000E-2	0.000000E+0	1.764970E+5
1.338000E-2	0.000000E+0	1.763750E+5
1.340000E-2	0.000000E+0	1.756280E+5
1.342000E-2	0.000000E+0	1.755980E+5
1.344000E-2	0.000000E+0	1.758400E+5
1.346000E-2	0.000000E+0	1.752470E+5
1.348000E-2	0.000000E+0	1.765090E+5
1.350000E-2	0.000000E+0	1.759670E+5
1.352000E-2	0.000000E+0	1.764550E+5
1.354000E-2	0.000000E+0	1.767670E+5
1.356000E-2	0.000000E+0	1.767470E+5
1.358000E-2	0.000000E+0	1.763960E+5
1.360000E-2	0.000000E+0	1.756740E+5
1.362000E-2	0.000000E+0	1.764800E+5
1.364000E-2	0.000000E+0	1.758840E+5
1.366000E-2	0.000000E+0	1.761270E+5
1.368000E-2	0.000000E+0	1.768290E+5
1.370000E-2	0.000000E+0	1.762100E+5
1.372000E-2	0.000000E+0	1.756510E+5
1.374000E-2	0.000000E+0	1.752350E+5
1.376000E-2	0.000000E+0	1.753430E+5
1.378000E-2	0.000000E+0	1.752070E+5
1.380000E-2	0.000000E+0	1.763260E+5
1.382000E-2	0.000000E+0	1.759740E+5
1.384000E-2	0.000000E+0	1.762210E+5
1.386000E-2	0.000000E+0	1.758970E+5
1.388000E-2	0.000000E+0	1.760510E+5
1.390000E-2	0.000000E+0	1.761660E+5
1.392000E-2	0.000000E+0	1.769400E+5
1.394000E-2	0.000000E+0	1.764170E+5
1.396000E-2	0.000000E+0	1.760610E+5
1.398000E-2	0.000000E+0	1.763190E+5
1.400000E-2	0.000000E+0	1.772330E+5
1.402000E-2	0.000000E+0	1.756570E+5
1.404000E-2	0.000000E+0	1.767290E+5
1.406000E-2	0.000000E+0	1.759830E+5
1.408000E-2	0.000000E+0	1.757690E+5
1.410000E-2	0.000000E+0	1.755880E+5
1.412000E-2	0.000000E+0	1.760100E+5
1.414000E-2	0.000000E+0	1.758310E+5
1.416000E-2	0.000000E+0	1.760730E+5
1.418000E-2	0.000000E+0	1.756500E+5
1.420000E-2	0.000000E+0	1.763280E+5
1.422000E-2	0.000000E+0	1.764850E+5
1.424000E-2	0.000000E+0	1.750270E+5
1.426000E-2	0.000000E+0	1.755440E+5
1.428000E-2	0.000000E+0	1.762970E+5
1.430000E-2	0.000000E+0	1.760860E+5
1.432000E-2	0.000000E+0	1.762960E+5
1.434000E-2	0.000000E+0	1.756540E+5
1.436000E-2	0.000000E+0	1.762240E+5
1.438000E-2	0.000000E+0	1.762920E+5
1.440000E-2	0.000000E+0	1.767360E+5
1.442000E-2	0.000000E+0	1.760160E+5
1.444000E-2	0.000000E+0	1.752930E+5
1.446000E-2	0.000000E+0	1.762060E+5
1.448000E-2	0.000000E+0	1.758820E+5
1.450000E-2	0.000000E+0	1.754880E+5
1.452000E-2	0.000000E+0	1.766070E+5
1.454000E-2	0.000000E+0	1.758070E+5
1.456000E-2	0.000000E+0	1.765730E+5
1.458000E-2	0.000000E+0	1.754260E+5
1.460000E-2	0.000000E+0	1.762510E+5
1.462000E-2	0.000000E+0	1.755600E+5
1.464000E-2	0.000000E+0	1.761670E+5
1.466000E-2	0.000000E+0	1.761540E+5
1.468000E-2	0.000000E+0	1.765900E+5
1.470000E-2	0.000000E+0	1.759290E+5
1.472000E-2	0.000000E+0	1.760810E+5
1.474000E-2	0.000000E+0	1.760670E+5
1.476000E-2	0.000000E+0	1.768420E+5
1.478000E-2	0.000000E+0	1.768420E+5
1.480000E-2	0.000000E+0	1.757700E+5
1.482000E-2	0.000000E+0	1.757870E+5
1.484000E-2	0.000000E+0	1.759640E+5
1.486000E-2	0.000000E+0	1.752920E+5
1.488000E-2	0.000000E+0	1.760550E+5
1.490000E-2	0.000000E+0	1.759000E+5
1.492000E-2	0.000000E+0	1.759650E+5
1.494000E-2	0.000000E+0	1.748100E+5
1.496000E-2	0.000000E+0	1.742280E+5
1.498000E-2	0.000000E+0	1.740730E+5
1.500000E-2	0.000000E+0	1.736620E+5
1.502000E-2	0.000000E+0	1.734370E+5
1.504000E-2	0.000000E+0	1.731540E+5
1.506000E-2	0.000000E+0	1.735580E+5
1.508000E-2	0.000000E+0	1.731440E+5
1.510000E-2	0.000000E+0	1.720040E+5
1.512000E-2	0.000000E+0	1.709620E+5
1.514000E-2	0.000000E+0	1.707960E+5
1.516000E-2	0.000000E+0	1.716020E+5
1.518000E-2	0.000000E+0	1.716130E+5
1.520000E-2	0.000000E+0	1.723280E+5
1.522000E-2	0.000000E+0	1.726340E+5
1.524000E-2	0.000000E+0	1.734440E+5
1.526000E-2	0.000000E+0	1.742860E+5
1.528000E-2	0.000000E+0	1.748300E+5
1.530000E-2	0.000000E+0	1.744120E+5
1.532000E-2	0.000000E+0	1.750020E+5
1.534000E-2	0.000000E+0	1.752470E+5
1.536000E-2	0.000000E+0	1.751870E+5
1.538000E-2	0.000000E+0	1.758680E+5
1.540000E-2	0.000000E+0	1.756110E+5
1.542000E-2	0.000000E+0	1.759140E+5
1.544000E-2	0.000000E+0	1.750810E+5
1.546000E-2	0.000000E+0	1.758200E+5
1.548000E-2	0.000000E+0	1.756840E+5
1.550000E-2	0.000000E+0	1.753170E+5
1.552000E-2	0.000000E+0	1.763130E+5
1.554000E-2	0.000000E+0	1.757850E+5
1.556000E-2	0.000000E+0	1.751860E+5
1.558000E-2	0.000000E+0	1.748220E+5
1.560000E-2	0.000000E+0	1.749870E+5
1.562000E-2	0.000000E+0	1.738820E+5
1.564000E-2	0.000000E+0	1.736790E+5
1.566000E-2	0.000000E+0	1.726320E+5
1.568000E-2	0.000000E+0	1.725580E+5
1.570000E-2	0.000000E+0	1.726450E+5
1.572000E-2	0.000000E+0	1.725320E+5
1.574000E-2	0.000000E+0	1.724670E+5
1.576000E-2	0.000000E+0	1.717780E+5
1.578000E-2	0.000000E+0	1.704640E+5
1.580000E-2	0.000000E+0	1.714150E+5
1.582000E-2	0.000000E+0	1.711830E+5
1.584000E-2	0.000000E+0	1.722670E+5
1.586000E-2	0.000000E+0	1.723630E+5
1.588000E-2	0.000000E+0	1.732360E+5
1.590000E-2	0.000000E+0	1.732260E+5
1.592000E-2	0.000000E+0	1.745910E+5
1.594000E-2	0.000000E+0	1.741460E+5
1.596000E-2	0.000000E+0	1.746540E+5
1.598000E-2	0.000000E+0	1.757390E+5
1.600000E-2	0.000000E+0	1.760090E+5
1.602000E-2	0.000000E+0	1.760570E+5
1.604000E-2	0.000000E+0	1.756580E+5
1.606000E-2	0.000000E+0	1.752590E+5
1.608000E-2	0.000000E+0	1.761930E+5
1.610000E-2	0.000000E+0	1.758620E+5
1.612000E-2	0.000000E+0	1.761310E+5
1.614000E-2	0.000000E+0	1.768640E+5
1.616000E-2	0.000000E+0	1.762810E+5
1.618000E-2	0.000000E+0	1.757940E+5
1.620000E-2	0.000000E+0	1.759330E+5
1.622000E-2	0.000000E+0	1.760530E+5
1.624000E-2	0.000000E+0	1.756670E+5
1.626000E-2	0.000000E+0	1.758790E+5
1.628000E-2	0.000000E+0	1.765290E+5
1.630000E-2	0.000000E+0	1.763110E+5
1.632000E-2	0.000000E+0	1.760840E+5
1.634000E-2	0.000000E+0	1.759540E+5
1.636000E-2	0.000000E+0	1.769740E+5
1.638000E-2	0.000000E+0	1.757300E+5
1.640000E-2	0.000000E+0	1.763040E+5
1.642000E-2	0.000000E+0	1.758910E+5
1.644000E-2	0.000000E+0	1.757790E+5
1.646000E-2	0.000000E+0	1.760750E+5
1.648000E-2	0.000000E+0	1.755530E+5
1.650000E-2	0.000000E+0	1.764230E+5
1.652000E-2	0.000000E+0	1.765860E+5
1.654000E-2	0.000000E+0	1.761020E+5
1.656000E-2	0.000000E+0	1.759530E+5
1.658000E-2	0.000000E+0	1.758270E+5
1.660000E-2	0.000000E+0	1.764250E+5
1.662000E-2	0.000000E+0	1.759640E+5
1.664000E-2	0.000000E+0	1.762700E+5
1.666000E-2	0.000000E+0	1.766120E+5
1.668000E-2	0.000000E+0	1.756410E+5
1.670000E-2	0.000000E+0	1.758480E+5
1.672000E-2	0.000000E+0	1.771000E+5
1.674000E-2	0.000000E+0	1.758120E+5
1.676000E-2	0.000000E+0	1.758290E+5
1.678000E-2	0.000000E+0	1.757050E+5
1.680000E-2	0.000000E+0	1.760660E+5
1.682000E-2	0.000000E+0	1.758750E+5
1.684000E-2	0.000000E+0	1.757890E+5
1.686000E-2	0.000000E+0	1.762660E+5
1.688000E-2	0.000000E+0	1.756610E+5
1.690000E-2	0.000000E+0	1.760930E+5
1.692000E-2	0.000000E+0	1.758710E+5
1.694000E-2	0.000000E+0	1.763490E+5
1.696000E-2	0.000000E+0	1.762660E+5
1.698000E-2	0.000000E+0	1.759040E+5
1.700000E-2	0.000000E+0	1.761170E+5
1.702000E-2	0.000000E+0	1.764420E+5
1.704000E-2	0.000000E+0	1.759700E+5
1.706000E-2	0.000000E+0	1.768730E+5
1.708000E-2	0.000000E+0	1.754580E+5
1.710000E-2	0.000000E+0	1.760350E+5
1.712000E-2	0.000000E+0	1.767100E+5
1.714000E-2	0.000000E+0	1.759230E+5
1.716000E-2	0.000000E+0	1.762250E+5
1.718000E-2	0.000000E+0	1.756120E+5
1.720000E-2	0.000000E+0	1.767110E+5
1.722000E-2	0.000000E+0	1.766480E+5
1.724000E-2	0.000000E+0	1.751940E+5
1.726000E-2	0.000000E+0	1.758550E+5
1.728000E-2	0.000000E+0	1.761510E+5
1.730000E-2	0.000000E+0	1.757920E+5
1.732000E-2	0.000000E+0	1.759380E+5
1.734000E-2	0.000000E+0	1.756290E+5
1.736000E-2	0.000000E+0	1.766600E+5
1.738000E-2	0.000000E+0	1.764540E+5
1.740000E-2	0.000000E+0	1.761670E+5
1.742000E-2	0.000000E+0	1.754790E+5
1.744000E-2	0.000000E+0	1.756640E+5
1.746000E-2	0.000000E+0	1.752670E+5
1.748000E-2	0.000000E+0	1.759340E+5
1.750000E-2	0.000000E+0	1.759770E+5
1.752000E-2	0.000000E+0	1.764030E+5
1.754000E-2	0.000000E+0	1.752050E+5
1.756000E-2	0.000000E+0	1.754850E+5
1.758000E-2	0.000000E+0	1.765240E+5
1.760000E-2	0.000000E+0	1.758850E+5
1.762000E-2	0.000000E+0	1.758940E+5
1.764000E-2	0.000000E+0	1.761860E+5
1.766000E-2	0.000000E+0	1.762720E+5
1.768000E-2	0.000000E+0	1.760210E+5
1.770000E-2	0.000000E+0	1.763270E+5
1.772000E-2	0.000000E+0	1.769470E+5
1.774000E-2	0.000000E+0	1.759580E+5
1.776000E-2	0.000000E+0	1.753160E+5
1.778000E-2	0.000000E+0	1.768290E+5
1.780000E-2	0.000000E+0	1.760190E+5
1.782000E-2	0.000000E+0	1.761000E+5
1.784000E-2	0.000000E+0	1.757470E+5
1.786000E-2	0.000000E+0	1.759150E+5
1.788000E-2	0.000000E+0	1.761540E+5
1.790000E-2	0.000000E+0	1.762830E+5
1.792000E-2	0.000000E+0	1.757060E+5
1.794000E-2	0.000000E+0	1.761760E+5
1.796000E-2	0.000000E+0	1.760930E+5
1.798000E-2	0.000000E+0	1.763700E+5
1.800000E-2	0.000000E+0	1.753690E+5
1.802000E-2	0.000000E+0	1.759740E+5
1.804000E-2	0.000000E+0	1.752380E+5
1.806000E-2	0.000000E+0	1.756270E+5
1.808000E-2	0.000000E+0	1.758250E+5
1.810000E-2	0.000000E+0	1.768110E+5
1.812000E-2	0.000000E+0	1.768290E+5
1.814000E-2	0.000000E+0	1.764150E+5
1.816000E-2	0.000000E+0	1.763420E+5
1.818000E-2	0.000000E+0	1.757840E+5
1.820000E-2	0.000000E+0	1.765340E+5
1.822000E-2	0.000000E+0	1.756130E+5
1.824000E-2	0.000000E+0	1.761140E+5
1.826000E-2	0.000000E+0	1.764690E+5
1.828000E-2	0.000000E+0	1.757270E+5
1.830000E-2	0.000000E+0	1.758320E+5
1.832000E-2	0.000000E+0	1.767580E+5
1.834000E-2	0.000000E+0	1.753480E+5
1.836000E-2	0.000000E+0	1.765080E+5
1.838000E-2	0.000000E+0	1.758570E+5
1.840000E-2	0.000000E+0	1.762120E+5
1.842000E-2	0.000000E+0	1.762590E+5
1.844000E-2	0.000000E+0	1.760750E+5
1.846000E-2	0.000000E+0	1.755150E+5
1.848000E-2	0.000000E+0	1.763760E+5
1.850000E-2	0.000000E+0	1.764140E+5
1.852000E-2	0.000000E+0	1.761730E+5
1.854000E-2	0.000000E+0	1.763100E+5
1.856000E-2	0.000000E+0	1.752350E+5
1.858000E-2	0.000000E+0	1.761680E+5
1.860000E-2	0.000000E+0	1.763640E+5
1.862000E-2	0.000000E+0	1.760490E+5
1.864000E-2	0.000000E+0	1.754790E+5
1.866000E-2	0.000000E+0	1.760680E+5
1.868000E-2	0.000000E+0	1.760510E+5
1.870000E-2	0.000000E+0	1.760720E+5
1.872000E-2	0.000000E+0	1.764840E+5
1.874000E-2	0.000000E+0	1.753430E+5
1.876000E-2	0.000000E+0	1.759570E+5
1.878000E-2	0.000000E+0	1.764900E+5
1.880000E-2	0.000000E+0	1.760590E+5
1.882000E-2	0.000000E+0	1.758700E+5
1.884000E-2	0.000000E+0	1.764830E+5
1.886000E-2	0.000000E+0	1.763840E+5
1.888000E-2	0.000000E+0	1.754950E+5
1.890000E-2	0.000000E+0	1.763560E+5
1.892000E-2	0.000000E+0	1.767450E+5
1.894000E-2	0.000000E+0	1.764150E+5
1.896000E-2	0.000000E+0	1.763520E+5
1.898000E-2	0.000000E+0	1.757590E+5
1.900000E-2	0.000000E+0	1.764430E+5
1.902000E-2	0.000000E+0	1.754520E+5
1.904000E-2	0.000000E+0	1.759960E+5
1.906000E-2	0.000000E+0	1.760830E+5
1.908000E-2	0.000000E+0	1.763380E+5
1.910000E-2	0.000000E+0	1.756140E+5
1.912000E-2	0.000000E+0	1.763580E+5
1.914000E-2	0.000000E+0	1.761490E+5
1.916000E-2	0.000000E+0	1.755080E+5
1.918000E-2	0.000000E+0	1.761500E+5
1.920000E-2	0.000000E+0	1.765210E+5
1.922000E-2	0.000000E+0	1.756830E+5
1.924000E-2	0.000000E+0	1.758250E+5
1.926000E-2	0.000000E+0	1.758550E+5
1.928000E-2	0.000000E+0	1.765370E+5
1.930000E-2	0.000000E+0	1.760960E+5
1.932000E-2	0.000000E+0	1.758960E+5
1.934000E-2	0.000000E+0	1.754550E+5
1.936000E-2	0.000000E+0	1.757100E+5
1.938000E-2	0.000000E+0	1.766030E+5
1.940000E-2	0.000000E+0	1.759950E+5
1.942000E-2	0.000000E+0	1.765970E+5
1.944000E-2	0.000000E+0	1.765860E+5
1.946000E-2	0.000000E+0	1.759740E+5
1.948000E-2	0.000000E+0	1.759050E+5
1.950000E-2	0.000000E+0	1.758910E+5
1.952000E-2	0.000000E+0	1.768050E+5
1.954000E-2	0.000000E+0	1.760320E+5
1.956000E-2	0.000000E+0	1.763170E+5
1.958000E-2	0.000000E+0	1.766360E+5
1.960000E-2	0.000000E+0	1.761060E+5
1.962000E-2	0.000000E+0	1.757890E+5
1.964000E-2	0.000000E+0	1.762420E+5
1.966000E-2	0.000000E+0	1.763770E+5
1.968000E-2	0.000000E+0	1.764520E+5
1.970000E-2	0.000000E+0	1.759420E+5
1.972000E-2	0.000000E+0	1.760280E+5
1.974000E-2	0.000000E+0	1.758400E+5
1.976000E-2	0.000000E+0	1.753570E+5
1.978000E-2	0.000000E+0	1.759080E+5
1.980000E-2	0.000000E+0	1.761080E+5
1.982000E-2	0.000000E+0	1.763000E+5
1.984000E-2	0.000000E+0	1.764010E+5
1.986000E-2	0.000000E+0	1.763160E+5
1.988000E-2	0.000000E+0	1.754810E+5
1.990000E-2	0.000000E+0	1.760010E+5
1.992000E-2	0.000000E+0	1.756250E+5
1.994000E-2	0.000000E+0	1.765840E+5
1.996000E-2	0.000000E+0	1.759970E+5
1.998000E-2	0.000000E+0	1.759710E+5
