

live time:  217279.560000
real time:  302401.790000
sweeps:  10863978.000000
0.000000E+0	0.000000E+0	0.000000E+0
2.000000E-5	0.000000E+0	4.760110E+5
4.000000E-5	0.000000E+0	4.765540E+5
6.000000E-5	0.000000E+0	4.757650E+5
8.000000E-5	0.000000E+0	4.765800E+5
1.000000E-4	0.000000E+0	4.749530E+5
1.200000E-4	0.000000E+0	4.764690E+5
1.400000E-4	0.000000E+0	4.766830E+5
1.600000E-4	0.000000E+0	4.763050E+5
1.800000E-4	0.000000E+0	4.766060E+5
2.000000E-4	0.000000E+0	4.761580E+5
2.200000E-4	0.000000E+0	4.768560E+5
2.400000E-4	0.000000E+0	4.749290E+5
2.600000E-4	0.000000E+0	4.751980E+5
2.800000E-4	0.000000E+0	4.755200E+5
3.000000E-4	0.000000E+0	4.773770E+5
3.200000E-4	0.000000E+0	4.761450E+5
3.400000E-4	0.000000E+0	4.756130E+5
3.600000E-4	0.000000E+0	4.767950E+5
3.800000E-4	0.000000E+0	4.754710E+5
4.000000E-4	0.000000E+0	4.750630E+5
4.200000E-4	0.000000E+0	4.758890E+5
4.400000E-4	0.000000E+0	4.756030E+5
4.600000E-4	0.000000E+0	4.769980E+5
4.800000E-4	0.000000E+0	4.752930E+5
5.000000E-4	0.000000E+0	4.760520E+5
5.200000E-4	0.000000E+0	4.758750E+5
5.400000E-4	0.000000E+0	4.755380E+5
5.600000E-4	0.000000E+0	4.749100E+5
5.800000E-4	0.000000E+0	4.758310E+5
6.000000E-4	0.000000E+0	4.766250E+5
6.200000E-4	0.000000E+0	4.756310E+5
6.400000E-4	0.000000E+0	4.767350E+5
6.600000E-4	0.000000E+0	4.751350E+5
6.800000E-4	0.000000E+0	4.753840E+5
7.000000E-4	0.000000E+0	4.763810E+5
7.200000E-4	0.000000E+0	4.769670E+5
7.400000E-4	0.000000E+0	4.751300E+5
7.600000E-4	0.000000E+0	4.754710E+5
7.800000E-4	0.000000E+0	4.747890E+5
8.000000E-4	0.000000E+0	4.766000E+5
8.200000E-4	0.000000E+0	4.755990E+5
8.400000E-4	0.000000E+0	4.757040E+5
8.600000E-4	0.000000E+0	4.766630E+5
8.800000E-4	0.000000E+0	4.753850E+5
9.000000E-4	0.000000E+0	4.772180E+5
9.200000E-4	0.000000E+0	4.756330E+5
9.400000E-4	0.000000E+0	4.761890E+5
9.600000E-4	0.000000E+0	4.750260E+5
9.800000E-4	0.000000E+0	4.770810E+5
1.000000E-3	0.000000E+0	4.759850E+5
1.020000E-3	0.000000E+0	4.755750E+5
1.040000E-3	0.000000E+0	4.757480E+5
1.060000E-3	0.000000E+0	4.760140E+5
1.080000E-3	0.000000E+0	4.757400E+5
1.100000E-3	0.000000E+0	4.756620E+5
1.120000E-3	0.000000E+0	4.765730E+5
1.140000E-3	0.000000E+0	4.749120E+5
1.160000E-3	0.000000E+0	4.756010E+5
1.180000E-3	0.000000E+0	4.753940E+5
1.200000E-3	0.000000E+0	4.763780E+5
1.220000E-3	0.000000E+0	4.770530E+5
1.240000E-3	0.000000E+0	4.762180E+5
1.260000E-3	0.000000E+0	4.761070E+5
1.280000E-3	0.000000E+0	4.761310E+5
1.300000E-3	0.000000E+0	4.746610E+5
1.320000E-3	0.000000E+0	4.767990E+5
1.340000E-3	0.000000E+0	4.762520E+5
1.360000E-3	0.000000E+0	4.752450E+5
1.380000E-3	0.000000E+0	4.768180E+5
1.400000E-3	0.000000E+0	4.758260E+5
1.420000E-3	0.000000E+0	4.762720E+5
1.440000E-3	0.000000E+0	4.759830E+5
1.460000E-3	0.000000E+0	4.748100E+5
1.480000E-3	0.000000E+0	4.766120E+5
1.500000E-3	0.000000E+0	4.757690E+5
1.520000E-3	0.000000E+0	4.755030E+5
1.540000E-3	0.000000E+0	4.763460E+5
1.560000E-3	0.000000E+0	4.757060E+5
1.580000E-3	0.000000E+0	4.765560E+5
1.600000E-3	0.000000E+0	4.760000E+5
1.620000E-3	0.000000E+0	4.754080E+5
1.640000E-3	0.000000E+0	4.752050E+5
1.660000E-3	0.000000E+0	4.762700E+5
1.680000E-3	0.000000E+0	4.759890E+5
1.700000E-3	0.000000E+0	4.750640E+5
1.720000E-3	0.000000E+0	4.765010E+5
1.740000E-3	0.000000E+0	4.769960E+5
1.760000E-3	0.000000E+0	4.759960E+5
1.780000E-3	0.000000E+0	4.767200E+5
1.800000E-3	0.000000E+0	4.766950E+5
1.820000E-3	0.000000E+0	4.754020E+5
1.840000E-3	0.000000E+0	4.747550E+5
1.860000E-3	0.000000E+0	4.758480E+5
1.880000E-3	0.000000E+0	4.758470E+5
1.900000E-3	0.000000E+0	4.749730E+5
1.920000E-3	0.000000E+0	4.758370E+5
1.940000E-3	0.000000E+0	4.751790E+5
1.960000E-3	0.000000E+0	4.762570E+5
1.980000E-3	0.000000E+0	4.765010E+5
2.000000E-3	0.000000E+0	4.758750E+5
2.020000E-3	0.000000E+0	4.756840E+5
2.040000E-3	0.000000E+0	4.751940E+5
2.060000E-3	0.000000E+0	4.767040E+5
2.080000E-3	0.000000E+0	4.772680E+5
2.100000E-3	0.000000E+0	4.767520E+5
2.120000E-3	0.000000E+0	4.764160E+5
2.140000E-3	0.000000E+0	4.748770E+5
2.160000E-3	0.000000E+0	4.747340E+5
2.180000E-3	0.000000E+0	4.762590E+5
2.200000E-3	0.000000E+0	4.771820E+5
2.220000E-3	0.000000E+0	4.768290E+5
2.240000E-3	0.000000E+0	4.758330E+5
2.260000E-3	0.000000E+0	4.762920E+5
2.280000E-3	0.000000E+0	4.759000E+5
2.300000E-3	0.000000E+0	4.761640E+5
2.320000E-3	0.000000E+0	4.758660E+5
2.340000E-3	0.000000E+0	4.757410E+5
2.360000E-3	0.000000E+0	4.762350E+5
2.380000E-3	0.000000E+0	4.774410E+5
2.400000E-3	0.000000E+0	4.745210E+5
2.420000E-3	0.000000E+0	4.755650E+5
2.440000E-3	0.000000E+0	4.758190E+5
2.460000E-3	0.000000E+0	4.760640E+5
2.480000E-3	0.000000E+0	4.771770E+5
2.500000E-3	0.000000E+0	4.758420E+5
2.520000E-3	0.000000E+0	4.763570E+5
2.540000E-3	0.000000E+0	4.748620E+5
2.560000E-3	0.000000E+0	4.761870E+5
2.580000E-3	0.000000E+0	4.752120E+5
2.600000E-3	0.000000E+0	4.769130E+5
2.620000E-3	0.000000E+0	4.758550E+5
2.640000E-3	0.000000E+0	4.748990E+5
2.660000E-3	0.000000E+0	4.766980E+5
2.680000E-3	0.000000E+0	4.755560E+5
2.700000E-3	0.000000E+0	4.759240E+5
2.720000E-3	0.000000E+0	4.739860E+5
2.740000E-3	0.000000E+0	4.759140E+5
2.760000E-3	0.000000E+0	4.756530E+5
2.780000E-3	0.000000E+0	4.757890E+5
2.800000E-3	0.000000E+0	4.759560E+5
2.820000E-3	0.000000E+0	4.753010E+5
2.840000E-3	0.000000E+0	4.748090E+5
2.860000E-3	0.000000E+0	4.765660E+5
2.880000E-3	0.000000E+0	4.759740E+5
2.900000E-3	0.000000E+0	4.756810E+5
2.920000E-3	0.000000E+0	4.745350E+5
2.940000E-3	0.000000E+0	4.761520E+5
2.960000E-3	0.000000E+0	4.758660E+5
2.980000E-3	0.000000E+0	4.751460E+5
3.000000E-3	0.000000E+0	4.759390E+5
3.020000E-3	0.000000E+0	4.760080E+5
3.040000E-3	0.000000E+0	4.765570E+5
3.060000E-3	0.000000E+0	4.774610E+5
3.080000E-3	0.000000E+0	4.758670E+5
3.100000E-3	0.000000E+0	4.750680E+5
3.120000E-3	0.000000E+0	4.762190E+5
3.140000E-3	0.000000E+0	4.766450E+5
3.160000E-3	0.000000E+0	4.748730E+5
3.180000E-3	0.000000E+0	4.760870E+5
3.200000E-3	0.000000E+0	4.755100E+5
3.220000E-3	0.000000E+0	4.766040E+5
3.240000E-3	0.000000E+0	4.769140E+5
3.260000E-3	0.000000E+0	4.765380E+5
3.280000E-3	0.000000E+0	4.764840E+5
3.300000E-3	0.000000E+0	4.758390E+5
3.320000E-3	0.000000E+0	4.763170E+5
3.340000E-3	0.000000E+0	4.751720E+5
3.360000E-3	0.000000E+0	4.751670E+5
3.380000E-3	0.000000E+0	4.745940E+5
3.400000E-3	0.000000E+0	4.757980E+5
3.420000E-3	0.000000E+0	4.771880E+5
3.440000E-3	0.000000E+0	4.754420E+5
3.460000E-3	0.000000E+0	4.764420E+5
3.480000E-3	0.000000E+0	4.755210E+5
3.500000E-3	0.000000E+0	4.759580E+5
3.520000E-3	0.000000E+0	4.749170E+5
3.540000E-3	0.000000E+0	4.760070E+5
3.560000E-3	0.000000E+0	4.753660E+5
3.580000E-3	0.000000E+0	4.750960E+5
3.600000E-3	0.000000E+0	4.755160E+5
3.620000E-3	0.000000E+0	4.734630E+5
3.640000E-3	0.000000E+0	4.764590E+5
3.660000E-3	0.000000E+0	4.759860E+5
3.680000E-3	0.000000E+0	4.755540E+5
3.700000E-3	0.000000E+0	4.750900E+5
3.720000E-3	0.000000E+0	4.753660E+5
3.740000E-3	0.000000E+0	4.753490E+5
3.760000E-3	0.000000E+0	4.753240E+5
3.780000E-3	0.000000E+0	4.748170E+5
3.800000E-3	0.000000E+0	4.750640E+5
3.820000E-3	0.000000E+0	4.753870E+5
3.840000E-3	0.000000E+0	4.757530E+5
3.860000E-3	0.000000E+0	4.754780E+5
3.880000E-3	0.000000E+0	4.748370E+5
3.900000E-3	0.000000E+0	4.761480E+5
3.920000E-3	0.000000E+0	4.771930E+5
3.940000E-3	0.000000E+0	4.763790E+5
3.960000E-3	0.000000E+0	4.765280E+5
3.980000E-3	0.000000E+0	4.763120E+5
4.000000E-3	0.000000E+0	4.755110E+5
4.020000E-3	0.000000E+0	4.764290E+5
4.040000E-3	0.000000E+0	4.755210E+5
4.060000E-3	0.000000E+0	4.759140E+5
4.080000E-3	0.000000E+0	4.759080E+5
4.100000E-3	0.000000E+0	4.759590E+5
4.120000E-3	0.000000E+0	4.756080E+5
4.140000E-3	0.000000E+0	4.747930E+5
4.160000E-3	0.000000E+0	4.761460E+5
4.180000E-3	0.000000E+0	4.747720E+5
4.200000E-3	0.000000E+0	4.760240E+5
4.220000E-3	0.000000E+0	4.754230E+5
4.240000E-3	0.000000E+0	4.755250E+5
4.260000E-3	0.000000E+0	4.747940E+5
4.280000E-3	0.000000E+0	4.764650E+5
4.300000E-3	0.000000E+0	4.759650E+5
4.320000E-3	0.000000E+0	4.751460E+5
4.340000E-3	0.000000E+0	4.752230E+5
4.360000E-3	0.000000E+0	4.754220E+5
4.380000E-3	0.000000E+0	4.753180E+5
4.400000E-3	0.000000E+0	4.761470E+5
4.420000E-3	0.000000E+0	4.756180E+5
4.440000E-3	0.000000E+0	4.754510E+5
4.460000E-3	0.000000E+0	4.756780E+5
4.480000E-3	0.000000E+0	4.748400E+5
4.500000E-3	0.000000E+0	4.757160E+5
4.520000E-3	0.000000E+0	4.750420E+5
4.540000E-3	0.000000E+0	4.746540E+5
4.560000E-3	0.000000E+0	4.750420E+5
4.580000E-3	0.000000E+0	4.760080E+5
4.600000E-3	0.000000E+0	4.760160E+5
4.620000E-3	0.000000E+0	4.752030E+5
4.640000E-3	0.000000E+0	4.759190E+5
4.660000E-3	0.000000E+0	4.763840E+5
4.680000E-3	0.000000E+0	4.751860E+5
4.700000E-3	0.000000E+0	4.757650E+5
4.720000E-3	0.000000E+0	4.758980E+5
4.740000E-3	0.000000E+0	4.749170E+5
4.760000E-3	0.000000E+0	4.762580E+5
4.780000E-3	0.000000E+0	4.743630E+5
4.800000E-3	0.000000E+0	4.751900E+5
4.820000E-3	0.000000E+0	4.748250E+5
4.840000E-3	0.000000E+0	4.747620E+5
4.860000E-3	0.000000E+0	4.731790E+5
4.880000E-3	0.000000E+0	4.725800E+5
4.900000E-3	0.000000E+0	4.724530E+5
4.920000E-3	0.000000E+0	4.691530E+5
4.940000E-3	0.000000E+0	4.684730E+5
4.960000E-3	0.000000E+0	4.683880E+5
4.980000E-3	0.000000E+0	4.686860E+5
5.000000E-3	0.000000E+0	4.667450E+5
5.020000E-3	0.000000E+0	4.654420E+5
5.040000E-3	0.000000E+0	4.631630E+5
5.060000E-3	0.000000E+0	4.625210E+5
5.080000E-3	0.000000E+0	4.625280E+5
5.100000E-3	0.000000E+0	4.628590E+5
5.120000E-3	0.000000E+0	4.625850E+5
5.140000E-3	0.000000E+0	4.639510E+5
5.160000E-3	0.000000E+0	4.663010E+5
5.180000E-3	0.000000E+0	4.669590E+5
5.200000E-3	0.000000E+0	4.686680E+5
5.220000E-3	0.000000E+0	4.698660E+5
5.240000E-3	0.000000E+0	4.692980E+5
5.260000E-3	0.000000E+0	4.726640E+5
5.280000E-3	0.000000E+0	4.704290E+5
5.300000E-3	0.000000E+0	4.727870E+5
5.320000E-3	0.000000E+0	4.743330E+5
5.340000E-3	0.000000E+0	4.744540E+5
5.360000E-3	0.000000E+0	4.751770E+5
5.380000E-3	0.000000E+0	4.739090E+5
5.400000E-3	0.000000E+0	4.758730E+5
5.420000E-3	0.000000E+0	4.750150E+5
5.440000E-3	0.000000E+0	4.743960E+5
5.460000E-3	0.000000E+0	4.738810E+5
5.480000E-3	0.000000E+0	4.738360E+5
5.500000E-3	0.000000E+0	4.737330E+5
5.520000E-3	0.000000E+0	4.724450E+5
5.540000E-3	0.000000E+0	4.719550E+5
5.560000E-3	0.000000E+0	4.697200E+5
5.580000E-3	0.000000E+0	4.694330E+5
5.600000E-3	0.000000E+0	4.673920E+5
5.620000E-3	0.000000E+0	4.681540E+5
5.640000E-3	0.000000E+0	4.687180E+5
5.660000E-3	0.000000E+0	4.665640E+5
5.680000E-3	0.000000E+0	4.662790E+5
5.700000E-3	0.000000E+0	4.637680E+5
5.720000E-3	0.000000E+0	4.633640E+5
5.740000E-3	0.000000E+0	4.635480E+5
5.760000E-3	0.000000E+0	4.643780E+5
5.780000E-3	0.000000E+0	4.645870E+5
5.800000E-3	0.000000E+0	4.662170E+5
5.820000E-3	0.000000E+0	4.674810E+5
5.840000E-3	0.000000E+0	4.690210E+5
5.860000E-3	0.000000E+0	4.693540E+5
5.880000E-3	0.000000E+0	4.709810E+5
5.900000E-3	0.000000E+0	4.726820E+5
5.920000E-3	0.000000E+0	4.743830E+5
5.940000E-3	0.000000E+0	4.733390E+5
5.960000E-3	0.000000E+0	4.740190E+5
5.980000E-3	0.000000E+0	4.750240E+5
6.000000E-3	0.000000E+0	4.749000E+5
6.020000E-3	0.000000E+0	4.748460E+5
6.040000E-3	0.000000E+0	4.752270E+5
6.060000E-3	0.000000E+0	4.752330E+5
6.080000E-3	0.000000E+0	4.754520E+5
6.100000E-3	0.000000E+0	4.744090E+5
6.120000E-3	0.000000E+0	4.754190E+5
6.140000E-3	0.000000E+0	4.750850E+5
6.160000E-3	0.000000E+0	4.746950E+5
6.180000E-3	0.000000E+0	4.759410E+5
6.200000E-3	0.000000E+0	4.752160E+5
6.220000E-3	0.000000E+0	4.758740E+5
6.240000E-3	0.000000E+0	4.746250E+5
6.260000E-3	0.000000E+0	4.750900E+5
6.280000E-3	0.000000E+0	4.769750E+5
6.300000E-3	0.000000E+0	4.764280E+5
6.320000E-3	0.000000E+0	4.760290E+5
6.340000E-3	0.000000E+0	4.758480E+5
6.360000E-3	0.000000E+0	4.754250E+5
6.380000E-3	0.000000E+0	4.766930E+5
6.400000E-3	0.000000E+0	4.754930E+5
6.420000E-3	0.000000E+0	4.745400E+5
6.440000E-3	0.000000E+0	4.774620E+5
6.460000E-3	0.000000E+0	4.750870E+5
6.480000E-3	0.000000E+0	4.750190E+5
6.500000E-3	0.000000E+0	4.750220E+5
6.520000E-3	0.000000E+0	4.756450E+5
6.540000E-3	0.000000E+0	4.753060E+5
6.560000E-3	0.000000E+0	4.761830E+5
6.580000E-3	0.000000E+0	4.755920E+5
6.600000E-3	0.000000E+0	4.763390E+5
6.620000E-3	0.000000E+0	4.757730E+5
6.640000E-3	0.000000E+0	4.757950E+5
6.660000E-3	0.000000E+0	4.749480E+5
6.680000E-3	0.000000E+0	4.757430E+5
6.700000E-3	0.000000E+0	4.755690E+5
6.720000E-3	0.000000E+0	4.759660E+5
6.740000E-3	0.000000E+0	4.760710E+5
6.760000E-3	0.000000E+0	4.766100E+5
6.780000E-3	0.000000E+0	4.748080E+5
6.800000E-3	0.000000E+0	4.762330E+5
6.820000E-3	0.000000E+0	4.759930E+5
6.840000E-3	0.000000E+0	4.758370E+5
6.860000E-3	0.000000E+0	4.763090E+5
6.880000E-3	0.000000E+0	4.765790E+5
6.900000E-3	0.000000E+0	4.752300E+5
6.920000E-3	0.000000E+0	4.748290E+5
6.940000E-3	0.000000E+0	4.761560E+5
6.960000E-3	0.000000E+0	4.739840E+5
6.980000E-3	0.000000E+0	4.759200E+5
7.000000E-3	0.000000E+0	4.754430E+5
7.020000E-3	0.000000E+0	4.765020E+5
7.040000E-3	0.000000E+0	4.761230E+5
7.060000E-3	0.000000E+0	4.764240E+5
7.080000E-3	0.000000E+0	4.761250E+5
7.100000E-3	0.000000E+0	4.750370E+5
7.120000E-3	0.000000E+0	4.759280E+5
7.140000E-3	0.000000E+0	4.756700E+5
7.160000E-3	0.000000E+0	4.756550E+5
7.180000E-3	0.000000E+0	4.748330E+5
7.200000E-3	0.000000E+0	4.757440E+5
7.220000E-3	0.000000E+0	4.763370E+5
7.240000E-3	0.000000E+0	4.754650E+5
7.260000E-3	0.000000E+0	4.758420E+5
7.280000E-3	0.000000E+0	4.757290E+5
7.300000E-3	0.000000E+0	4.757820E+5
7.320000E-3	0.000000E+0	4.762020E+5
7.340000E-3	0.000000E+0	4.769090E+5
7.360000E-3	0.000000E+0	4.751300E+5
7.380000E-3	0.000000E+0	4.765820E+5
7.400000E-3	0.000000E+0	4.760270E+5
7.420000E-3	0.000000E+0	4.757390E+5
7.440000E-3	0.000000E+0	4.760530E+5
7.460000E-3	0.000000E+0	4.760520E+5
7.480000E-3	0.000000E+0	4.755280E+5
7.500000E-3	0.000000E+0	4.765700E+5
7.520000E-3	0.000000E+0	4.762740E+5
7.540000E-3	0.000000E+0	4.760660E+5
7.560000E-3	0.000000E+0	4.763070E+5
7.580000E-3	0.000000E+0	4.761140E+5
7.600000E-3	0.000000E+0	4.758070E+5
7.620000E-3	0.000000E+0	4.762190E+5
7.640000E-3	0.000000E+0	4.766880E+5
7.660000E-3	0.000000E+0	4.751210E+5
7.680000E-3	0.000000E+0	4.755340E+5
7.700000E-3	0.000000E+0	4.752720E+5
7.720000E-3	0.000000E+0	4.762290E+5
7.740000E-3	0.000000E+0	4.752340E+5
7.760000E-3	0.000000E+0	4.756640E+5
7.780000E-3	0.000000E+0	4.770120E+5
7.800000E-3	0.000000E+0	4.756310E+5
7.820000E-3	0.000000E+0	4.753170E+5
7.840000E-3	0.000000E+0	4.772870E+5
7.860000E-3	0.000000E+0	4.758690E+5
7.880000E-3	0.000000E+0	4.756920E+5
7.900000E-3	0.000000E+0	4.757680E+5
7.920000E-3	0.000000E+0	4.756920E+5
7.940000E-3	0.000000E+0	4.767620E+5
7.960000E-3	0.000000E+0	4.773960E+5
7.980000E-3	0.000000E+0	4.767520E+5
8.000000E-3	0.000000E+0	4.762180E+5
8.020000E-3	0.000000E+0	4.759860E+5
8.040000E-3	0.000000E+0	4.747730E+5
8.060000E-3	0.000000E+0	4.754350E+5
8.080000E-3	0.000000E+0	4.764940E+5
8.100000E-3	0.000000E+0	4.771380E+5
8.120000E-3	0.000000E+0	4.762450E+5
8.140000E-3	0.000000E+0	4.753170E+5
8.160000E-3	0.000000E+0	4.759780E+5
8.180000E-3	0.000000E+0	4.752810E+5
8.200000E-3	0.000000E+0	4.760330E+5
8.220000E-3	0.000000E+0	4.757440E+5
8.240000E-3	0.000000E+0	4.764460E+5
8.260000E-3	0.000000E+0	4.775290E+5
8.280000E-3	0.000000E+0	4.751720E+5
8.300000E-3	0.000000E+0	4.762080E+5
8.320000E-3	0.000000E+0	4.746960E+5
8.340000E-3	0.000000E+0	4.752470E+5
8.360000E-3	0.000000E+0	4.755940E+5
8.380000E-3	0.000000E+0	4.741450E+5
8.400000E-3	0.000000E+0	4.751410E+5
8.420000E-3	0.000000E+0	4.758960E+5
8.440000E-3	0.000000E+0	4.762370E+5
8.460000E-3	0.000000E+0	4.762160E+5
8.480000E-3	0.000000E+0	4.771330E+5
8.500000E-3	0.000000E+0	4.747300E+5
8.520000E-3	0.000000E+0	4.766630E+5
8.540000E-3	0.000000E+0	4.766830E+5
8.560000E-3	0.000000E+0	4.756390E+5
8.580000E-3	0.000000E+0	4.776180E+5
8.600000E-3	0.000000E+0	4.759820E+5
8.620000E-3	0.000000E+0	4.770420E+5
8.640000E-3	0.000000E+0	4.759580E+5
8.660000E-3	0.000000E+0	4.754550E+5
8.680000E-3	0.000000E+0	4.763340E+5
8.700000E-3	0.000000E+0	4.744090E+5
8.720000E-3	0.000000E+0	4.767180E+5
8.740000E-3	0.000000E+0	4.746790E+5
8.760000E-3	0.000000E+0	4.758720E+5
8.780000E-3	0.000000E+0	4.759890E+5
8.800000E-3	0.000000E+0	4.765790E+5
8.820000E-3	0.000000E+0	4.762010E+5
8.840000E-3	0.000000E+0	4.751340E+5
8.860000E-3	0.000000E+0	4.777210E+5
8.880000E-3	0.000000E+0	4.753920E+5
8.900000E-3	0.000000E+0	4.758910E+5
8.920000E-3	0.000000E+0	4.751080E+5
8.940000E-3	0.000000E+0	4.745420E+5
8.960000E-3	0.000000E+0	4.769850E+5
8.980000E-3	0.000000E+0	4.753610E+5
9.000000E-3	0.000000E+0	4.758540E+5
9.020000E-3	0.000000E+0	4.743760E+5
9.040000E-3	0.000000E+0	4.762500E+5
9.060000E-3	0.000000E+0	4.781450E+5
9.080000E-3	0.000000E+0	4.758320E+5
9.100000E-3	0.000000E+0	4.771460E+5
9.120000E-3	0.000000E+0	4.749740E+5
9.140000E-3	0.000000E+0	4.762190E+5
9.160000E-3	0.000000E+0	4.763870E+5
9.180000E-3	0.000000E+0	4.750210E+5
9.200000E-3	0.000000E+0	4.758520E+5
9.220000E-3	0.000000E+0	4.758880E+5
9.240000E-3	0.000000E+0	4.767390E+5
9.260000E-3	0.000000E+0	4.770650E+5
9.280000E-3	0.000000E+0	4.770460E+5
9.300000E-3	0.000000E+0	4.767680E+5
9.320000E-3	0.000000E+0	4.758570E+5
9.340000E-3	0.000000E+0	4.754580E+5
9.360000E-3	0.000000E+0	4.758640E+5
9.380000E-3	0.000000E+0	4.772890E+5
9.400000E-3	0.000000E+0	4.762450E+5
9.420000E-3	0.000000E+0	4.771890E+5
9.440000E-3	0.000000E+0	4.757890E+5
9.460000E-3	0.000000E+0	4.771220E+5
9.480000E-3	0.000000E+0	4.759550E+5
9.500000E-3	0.000000E+0	4.751340E+5
9.520000E-3	0.000000E+0	4.767370E+5
9.540000E-3	0.000000E+0	4.747340E+5
9.560000E-3	0.000000E+0	4.760400E+5
9.580000E-3	0.000000E+0	4.756490E+5
9.600000E-3	0.000000E+0	4.762130E+5
9.620000E-3	0.000000E+0	4.755450E+5
9.640000E-3	0.000000E+0	4.756380E+5
9.660000E-3	0.000000E+0	4.767530E+5
9.680000E-3	0.000000E+0	4.748380E+5
9.700000E-3	0.000000E+0	4.753460E+5
9.720000E-3	0.000000E+0	4.764620E+5
9.740000E-3	0.000000E+0	4.756050E+5
9.760000E-3	0.000000E+0	4.759010E+5
9.780000E-3	0.000000E+0	4.764760E+5
9.800000E-3	0.000000E+0	4.764460E+5
9.820000E-3	0.000000E+0	4.765940E+5
9.840000E-3	0.000000E+0	4.761920E+5
9.860000E-3	0.000000E+0	4.752620E+5
9.880000E-3	0.000000E+0	4.774130E+5
9.900000E-3	0.000000E+0	4.777600E+5
9.920000E-3	0.000000E+0	4.758430E+5
9.940000E-3	0.000000E+0	4.752820E+5
9.960000E-3	0.000000E+0	4.748750E+5
9.980000E-3	0.000000E+0	4.767200E+5
1.000000E-2	0.000000E+0	4.754710E+5
1.002000E-2	0.000000E+0	4.759410E+5
1.004000E-2	0.000000E+0	4.764340E+5
1.006000E-2	0.000000E+0	4.753980E+5
1.008000E-2	0.000000E+0	4.759640E+5
1.010000E-2	0.000000E+0	4.756780E+5
1.012000E-2	0.000000E+0	4.770520E+5
1.014000E-2	0.000000E+0	4.775390E+5
1.016000E-2	0.000000E+0	4.767000E+5
1.018000E-2	0.000000E+0	4.762380E+5
1.020000E-2	0.000000E+0	4.766640E+5
1.022000E-2	0.000000E+0	4.756700E+5
1.024000E-2	0.000000E+0	4.754290E+5
1.026000E-2	0.000000E+0	4.776450E+5
1.028000E-2	0.000000E+0	4.758260E+5
1.030000E-2	0.000000E+0	4.769430E+5
1.032000E-2	0.000000E+0	4.754660E+5
1.034000E-2	0.000000E+0	4.774380E+5
1.036000E-2	0.000000E+0	4.761920E+5
1.038000E-2	0.000000E+0	4.766930E+5
1.040000E-2	0.000000E+0	4.757280E+5
1.042000E-2	0.000000E+0	4.765370E+5
1.044000E-2	0.000000E+0	4.760060E+5
1.046000E-2	0.000000E+0	4.769660E+5
1.048000E-2	0.000000E+0	4.767330E+5
1.050000E-2	0.000000E+0	4.758520E+5
1.052000E-2	0.000000E+0	4.766620E+5
1.054000E-2	0.000000E+0	4.774180E+5
1.056000E-2	0.000000E+0	4.757930E+5
1.058000E-2	0.000000E+0	4.769880E+5
1.060000E-2	0.000000E+0	4.755220E+5
1.062000E-2	0.000000E+0	4.755920E+5
1.064000E-2	0.000000E+0	4.762440E+5
1.066000E-2	0.000000E+0	4.755880E+5
1.068000E-2	0.000000E+0	4.762440E+5
1.070000E-2	0.000000E+0	4.753100E+5
1.072000E-2	0.000000E+0	4.759500E+5
1.074000E-2	0.000000E+0	4.769890E+5
1.076000E-2	0.000000E+0	4.764210E+5
1.078000E-2	0.000000E+0	4.772550E+5
1.080000E-2	0.000000E+0	4.767850E+5
1.082000E-2	0.000000E+0	4.776340E+5
1.084000E-2	0.000000E+0	4.761040E+5
1.086000E-2	0.000000E+0	4.765690E+5
1.088000E-2	0.000000E+0	4.759460E+5
1.090000E-2	0.000000E+0	4.764170E+5
1.092000E-2	0.000000E+0	4.760500E+5
1.094000E-2	0.000000E+0	4.757220E+5
1.096000E-2	0.000000E+0	4.761380E+5
1.098000E-2	0.000000E+0	4.770720E+5
1.100000E-2	0.000000E+0	4.767460E+5
1.102000E-2	0.000000E+0	4.753120E+5
1.104000E-2	0.000000E+0	4.767620E+5
1.106000E-2	0.000000E+0	4.763500E+5
1.108000E-2	0.000000E+0	4.767580E+5
1.110000E-2	0.000000E+0	4.761030E+5
1.112000E-2	0.000000E+0	4.757850E+5
1.114000E-2	0.000000E+0	4.767490E+5
1.116000E-2	0.000000E+0	4.743730E+5
1.118000E-2	0.000000E+0	4.760520E+5
1.120000E-2	0.000000E+0	4.757180E+5
1.122000E-2	0.000000E+0	4.774650E+5
1.124000E-2	0.000000E+0	4.775660E+5
1.126000E-2	0.000000E+0	4.750660E+5
1.128000E-2	0.000000E+0	4.753070E+5
1.130000E-2	0.000000E+0	4.765860E+5
1.132000E-2	0.000000E+0	4.775230E+5
1.134000E-2	0.000000E+0	4.753880E+5
1.136000E-2	0.000000E+0	4.773760E+5
1.138000E-2	0.000000E+0	4.760880E+5
1.140000E-2	0.000000E+0	4.776810E+5
1.142000E-2	0.000000E+0	4.756520E+5
1.144000E-2	0.000000E+0	4.771560E+5
1.146000E-2	0.000000E+0	4.757320E+5
1.148000E-2	0.000000E+0	4.760790E+5
1.150000E-2	0.000000E+0	4.756260E+5
1.152000E-2	0.000000E+0	4.756970E+5
1.154000E-2	0.000000E+0	4.761260E+5
1.156000E-2	0.000000E+0	4.767890E+5
1.158000E-2	0.000000E+0	4.756580E+5
1.160000E-2	0.000000E+0	4.761050E+5
1.162000E-2	0.000000E+0	4.758950E+5
1.164000E-2	0.000000E+0	4.774240E+5
1.166000E-2	0.000000E+0	4.780730E+5
1.168000E-2	0.000000E+0	4.767600E+5
1.170000E-2	0.000000E+0	4.777770E+5
1.172000E-2	0.000000E+0	4.774340E+5
1.174000E-2	0.000000E+0	4.760100E+5
1.176000E-2	0.000000E+0	4.762750E+5
1.178000E-2	0.000000E+0	4.755950E+5
1.180000E-2	0.000000E+0	4.763580E+5
1.182000E-2	0.000000E+0	4.766980E+5
1.184000E-2	0.000000E+0	4.769520E+5
1.186000E-2	0.000000E+0	4.755030E+5
1.188000E-2	0.000000E+0	4.756540E+5
1.190000E-2	0.000000E+0	4.750910E+5
1.192000E-2	0.000000E+0	4.756470E+5
1.194000E-2	0.000000E+0	4.775430E+5
1.196000E-2	0.000000E+0	4.761700E+5
1.198000E-2	0.000000E+0	4.765170E+5
1.200000E-2	0.000000E+0	4.760450E+5
1.202000E-2	0.000000E+0	4.760750E+5
1.204000E-2	0.000000E+0	4.758170E+5
1.206000E-2	0.000000E+0	4.764550E+5
1.208000E-2	0.000000E+0	4.768520E+5
1.210000E-2	0.000000E+0	4.767710E+5
1.212000E-2	0.000000E+0	4.761200E+5
1.214000E-2	0.000000E+0	4.748280E+5
1.216000E-2	0.000000E+0	4.754610E+5
1.218000E-2	0.000000E+0	4.761480E+5
1.220000E-2	0.000000E+0	4.751520E+5
1.222000E-2	0.000000E+0	4.766080E+5
1.224000E-2	0.000000E+0	4.763390E+5
1.226000E-2	0.000000E+0	4.757280E+5
1.228000E-2	0.000000E+0	4.763060E+5
1.230000E-2	0.000000E+0	4.762530E+5
1.232000E-2	0.000000E+0	4.764790E+5
1.234000E-2	0.000000E+0	4.767830E+5
1.236000E-2	0.000000E+0	4.762910E+5
1.238000E-2	0.000000E+0	4.774070E+5
1.240000E-2	0.000000E+0	4.770820E+5
1.242000E-2	0.000000E+0	4.769560E+5
1.244000E-2	0.000000E+0	4.769410E+5
1.246000E-2	0.000000E+0	4.758190E+5
1.248000E-2	0.000000E+0	4.764310E+5
1.250000E-2	0.000000E+0	4.757770E+5
1.252000E-2	0.000000E+0	4.779500E+5
1.254000E-2	0.000000E+0	4.765500E+5
1.256000E-2	0.000000E+0	4.758540E+5
1.258000E-2	0.000000E+0	4.773960E+5
1.260000E-2	0.000000E+0	4.772810E+5
1.262000E-2	0.000000E+0	4.750890E+5
1.264000E-2	0.000000E+0	4.756300E+5
1.266000E-2	0.000000E+0	4.778230E+5
1.268000E-2	0.000000E+0	4.765100E+5
1.270000E-2	0.000000E+0	4.757910E+5
1.272000E-2	0.000000E+0	4.771580E+5
1.274000E-2	0.000000E+0	4.758620E+5
1.276000E-2	0.000000E+0	4.764320E+5
1.278000E-2	0.000000E+0	4.758990E+5
1.280000E-2	0.000000E+0	4.755980E+5
1.282000E-2	0.000000E+0	4.756990E+5
1.284000E-2	0.000000E+0	4.761530E+5
1.286000E-2	0.000000E+0	4.770300E+5
1.288000E-2	0.000000E+0	4.772020E+5
1.290000E-2	0.000000E+0	4.759520E+5
1.292000E-2	0.000000E+0	4.763580E+5
1.294000E-2	0.000000E+0	4.753980E+5
1.296000E-2	0.000000E+0	4.761450E+5
1.298000E-2	0.000000E+0	4.763700E+5
1.300000E-2	0.000000E+0	4.761900E+5
1.302000E-2	0.000000E+0	4.770380E+5
1.304000E-2	0.000000E+0	4.766800E+5
1.306000E-2	0.000000E+0	4.754500E+5
1.308000E-2	0.000000E+0	4.777170E+5
1.310000E-2	0.000000E+0	4.769680E+5
1.312000E-2	0.000000E+0	4.765830E+5
1.314000E-2	0.000000E+0	4.776800E+5
1.316000E-2	0.000000E+0	4.765010E+5
1.318000E-2	0.000000E+0	4.762600E+5
1.320000E-2	0.000000E+0	4.767400E+5
1.322000E-2	0.000000E+0	4.769480E+5
1.324000E-2	0.000000E+0	4.753980E+5
1.326000E-2	0.000000E+0	4.773320E+5
1.328000E-2	0.000000E+0	4.767760E+5
1.330000E-2	0.000000E+0	4.750490E+5
1.332000E-2	0.000000E+0	4.757520E+5
1.334000E-2	0.000000E+0	4.758010E+5
1.336000E-2	0.000000E+0	4.763590E+5
1.338000E-2	0.000000E+0	4.770180E+5
1.340000E-2	0.000000E+0	4.756230E+5
1.342000E-2	0.000000E+0	4.751760E+5
1.344000E-2	0.000000E+0	4.759600E+5
1.346000E-2	0.000000E+0	4.755960E+5
1.348000E-2	0.000000E+0	4.768840E+5
1.350000E-2	0.000000E+0	4.765830E+5
1.352000E-2	0.000000E+0	4.770310E+5
1.354000E-2	0.000000E+0	4.766880E+5
1.356000E-2	0.000000E+0	4.770360E+5
1.358000E-2	0.000000E+0	4.763440E+5
1.360000E-2	0.000000E+0	4.761800E+5
1.362000E-2	0.000000E+0	4.764340E+5
1.364000E-2	0.000000E+0	4.749330E+5
1.366000E-2	0.000000E+0	4.760890E+5
1.368000E-2	0.000000E+0	4.767660E+5
1.370000E-2	0.000000E+0	4.768920E+5
1.372000E-2	0.000000E+0	4.756300E+5
1.374000E-2	0.000000E+0	4.766430E+5
1.376000E-2	0.000000E+0	4.759150E+5
1.378000E-2	0.000000E+0	4.755560E+5
1.380000E-2	0.000000E+0	4.766040E+5
1.382000E-2	0.000000E+0	4.751970E+5
1.384000E-2	0.000000E+0	4.757280E+5
1.386000E-2	0.000000E+0	4.763590E+5
1.388000E-2	0.000000E+0	4.762150E+5
1.390000E-2	0.000000E+0	4.770700E+5
1.392000E-2	0.000000E+0	4.770460E+5
1.394000E-2	0.000000E+0	4.768900E+5
1.396000E-2	0.000000E+0	4.763200E+5
1.398000E-2	0.000000E+0	4.776570E+5
1.400000E-2	0.000000E+0	4.770010E+5
1.402000E-2	0.000000E+0	4.755140E+5
1.404000E-2	0.000000E+0	4.777250E+5
1.406000E-2	0.000000E+0	4.758130E+5
1.408000E-2	0.000000E+0	4.757240E+5
1.410000E-2	0.000000E+0	4.765390E+5
1.412000E-2	0.000000E+0	4.762360E+5
1.414000E-2	0.000000E+0	4.756090E+5
1.416000E-2	0.000000E+0	4.756660E+5
1.418000E-2	0.000000E+0	4.757540E+5
1.420000E-2	0.000000E+0	4.764900E+5
1.422000E-2	0.000000E+0	4.771690E+5
1.424000E-2	0.000000E+0	4.748630E+5
1.426000E-2	0.000000E+0	4.748170E+5
1.428000E-2	0.000000E+0	4.755490E+5
1.430000E-2	0.000000E+0	4.761030E+5
1.432000E-2	0.000000E+0	4.758860E+5
1.434000E-2	0.000000E+0	4.761160E+5
1.436000E-2	0.000000E+0	4.765280E+5
1.438000E-2	0.000000E+0	4.763490E+5
1.440000E-2	0.000000E+0	4.778100E+5
1.442000E-2	0.000000E+0	4.764210E+5
1.444000E-2	0.000000E+0	4.751560E+5
1.446000E-2	0.000000E+0	4.767900E+5
1.448000E-2	0.000000E+0	4.766240E+5
1.450000E-2	0.000000E+0	4.760880E+5
1.452000E-2	0.000000E+0	4.765370E+5
1.454000E-2	0.000000E+0	4.762300E+5
1.456000E-2	0.000000E+0	4.770620E+5
1.458000E-2	0.000000E+0	4.749800E+5
1.460000E-2	0.000000E+0	4.767330E+5
1.462000E-2	0.000000E+0	4.745100E+5
1.464000E-2	0.000000E+0	4.764880E+5
1.466000E-2	0.000000E+0	4.762620E+5
1.468000E-2	0.000000E+0	4.774270E+5
1.470000E-2	0.000000E+0	4.758410E+5
1.472000E-2	0.000000E+0	4.757700E+5
1.474000E-2	0.000000E+0	4.763780E+5
1.476000E-2	0.000000E+0	4.772960E+5
1.478000E-2	0.000000E+0	4.772130E+5
1.480000E-2	0.000000E+0	4.754130E+5
1.482000E-2	0.000000E+0	4.750230E+5
1.484000E-2	0.000000E+0	4.774190E+5
1.486000E-2	0.000000E+0	4.753520E+5
1.488000E-2	0.000000E+0	4.752590E+5
1.490000E-2	0.000000E+0	4.745580E+5
1.492000E-2	0.000000E+0	4.736690E+5
1.494000E-2	0.000000E+0	4.711080E+5
1.496000E-2	0.000000E+0	4.702430E+5
1.498000E-2	0.000000E+0	4.702970E+5
1.500000E-2	0.000000E+0	4.692960E+5
1.502000E-2	0.000000E+0	4.687090E+5
1.504000E-2	0.000000E+0	4.672750E+5
1.506000E-2	0.000000E+0	4.670250E+5
1.508000E-2	0.000000E+0	4.655140E+5
1.510000E-2	0.000000E+0	4.635960E+5
1.512000E-2	0.000000E+0	4.632060E+5
1.514000E-2	0.000000E+0	4.643760E+5
1.516000E-2	0.000000E+0	4.640450E+5
1.518000E-2	0.000000E+0	4.656000E+5
1.520000E-2	0.000000E+0	4.676610E+5
1.522000E-2	0.000000E+0	4.683770E+5
1.524000E-2	0.000000E+0	4.715810E+5
1.526000E-2	0.000000E+0	4.717230E+5
1.528000E-2	0.000000E+0	4.734380E+5
1.530000E-2	0.000000E+0	4.726760E+5
1.532000E-2	0.000000E+0	4.742150E+5
1.534000E-2	0.000000E+0	4.747780E+5
1.536000E-2	0.000000E+0	4.748870E+5
1.538000E-2	0.000000E+0	4.759340E+5
1.540000E-2	0.000000E+0	4.754620E+5
1.542000E-2	0.000000E+0	4.754330E+5
1.544000E-2	0.000000E+0	4.751050E+5
1.546000E-2	0.000000E+0	4.750230E+5
1.548000E-2	0.000000E+0	4.748820E+5
1.550000E-2	0.000000E+0	4.741190E+5
1.552000E-2	0.000000E+0	4.754030E+5
1.554000E-2	0.000000E+0	4.741600E+5
1.556000E-2	0.000000E+0	4.726480E+5
1.558000E-2	0.000000E+0	4.709330E+5
1.560000E-2	0.000000E+0	4.705670E+5
1.562000E-2	0.000000E+0	4.694340E+5
1.564000E-2	0.000000E+0	4.686790E+5
1.566000E-2	0.000000E+0	4.688370E+5
1.568000E-2	0.000000E+0	4.679150E+5
1.570000E-2	0.000000E+0	4.668730E+5
1.572000E-2	0.000000E+0	4.647560E+5
1.574000E-2	0.000000E+0	4.637380E+5
1.576000E-2	0.000000E+0	4.643950E+5
1.578000E-2	0.000000E+0	4.619480E+5
1.580000E-2	0.000000E+0	4.640460E+5
1.582000E-2	0.000000E+0	4.650570E+5
1.584000E-2	0.000000E+0	4.663520E+5
1.586000E-2	0.000000E+0	4.679730E+5
1.588000E-2	0.000000E+0	4.701590E+5
1.590000E-2	0.000000E+0	4.711910E+5
1.592000E-2	0.000000E+0	4.723330E+5
1.594000E-2	0.000000E+0	4.723210E+5
1.596000E-2	0.000000E+0	4.742720E+5
1.598000E-2	0.000000E+0	4.751780E+5
1.600000E-2	0.000000E+0	4.760760E+5
1.602000E-2	0.000000E+0	4.755340E+5
1.604000E-2	0.000000E+0	4.753730E+5
1.606000E-2	0.000000E+0	4.759290E+5
1.608000E-2	0.000000E+0	4.758850E+5
1.610000E-2	0.000000E+0	4.769310E+5
1.612000E-2	0.000000E+0	4.765110E+5
1.614000E-2	0.000000E+0	4.757870E+5
1.616000E-2	0.000000E+0	4.772270E+5
1.618000E-2	0.000000E+0	4.760110E+5
1.620000E-2	0.000000E+0	4.761330E+5
1.622000E-2	0.000000E+0	4.758070E+5
1.624000E-2	0.000000E+0	4.759720E+5
1.626000E-2	0.000000E+0	4.760230E+5
1.628000E-2	0.000000E+0	4.774500E+5
1.630000E-2	0.000000E+0	4.761720E+5
1.632000E-2	0.000000E+0	4.769670E+5
1.634000E-2	0.000000E+0	4.764880E+5
1.636000E-2	0.000000E+0	4.768870E+5
1.638000E-2	0.000000E+0	4.764280E+5
1.640000E-2	0.000000E+0	4.768020E+5
1.642000E-2	0.000000E+0	4.759220E+5
1.644000E-2	0.000000E+0	4.754890E+5
1.646000E-2	0.000000E+0	4.763240E+5
1.648000E-2	0.000000E+0	4.754900E+5
1.650000E-2	0.000000E+0	4.758370E+5
1.652000E-2	0.000000E+0	4.771730E+5
1.654000E-2	0.000000E+0	4.759950E+5
1.656000E-2	0.000000E+0	4.756870E+5
1.658000E-2	0.000000E+0	4.763530E+5
1.660000E-2	0.000000E+0	4.766350E+5
1.662000E-2	0.000000E+0	4.758170E+5
1.664000E-2	0.000000E+0	4.760490E+5
1.666000E-2	0.000000E+0	4.760780E+5
1.668000E-2	0.000000E+0	4.756850E+5
1.670000E-2	0.000000E+0	4.762960E+5
1.672000E-2	0.000000E+0	4.764780E+5
1.674000E-2	0.000000E+0	4.758610E+5
1.676000E-2	0.000000E+0	4.748940E+5
1.678000E-2	0.000000E+0	4.751490E+5
1.680000E-2	0.000000E+0	4.760240E+5
1.682000E-2	0.000000E+0	4.760230E+5
1.684000E-2	0.000000E+0	4.764640E+5
1.686000E-2	0.000000E+0	4.778520E+5
1.688000E-2	0.000000E+0	4.764950E+5
1.690000E-2	0.000000E+0	4.763390E+5
1.692000E-2	0.000000E+0	4.768510E+5
1.694000E-2	0.000000E+0	4.760210E+5
1.696000E-2	0.000000E+0	4.754420E+5
1.698000E-2	0.000000E+0	4.757310E+5
1.700000E-2	0.000000E+0	4.768210E+5
1.702000E-2	0.000000E+0	4.768320E+5
1.704000E-2	0.000000E+0	4.769910E+5
1.706000E-2	0.000000E+0	4.772490E+5
1.708000E-2	0.000000E+0	4.761730E+5
1.710000E-2	0.000000E+0	4.768560E+5
1.712000E-2	0.000000E+0	4.762750E+5
1.714000E-2	0.000000E+0	4.756150E+5
1.716000E-2	0.000000E+0	4.770980E+5
1.718000E-2	0.000000E+0	4.764600E+5
1.720000E-2	0.000000E+0	4.772200E+5
1.722000E-2	0.000000E+0	4.770760E+5
1.724000E-2	0.000000E+0	4.760510E+5
1.726000E-2	0.000000E+0	4.759060E+5
1.728000E-2	0.000000E+0	4.755960E+5
1.730000E-2	0.000000E+0	4.760820E+5
1.732000E-2	0.000000E+0	4.759080E+5
1.734000E-2	0.000000E+0	4.762990E+5
1.736000E-2	0.000000E+0	4.775420E+5
1.738000E-2	0.000000E+0	4.774210E+5
1.740000E-2	0.000000E+0	4.771830E+5
1.742000E-2	0.000000E+0	4.755010E+5
1.744000E-2	0.000000E+0	4.764960E+5
1.746000E-2	0.000000E+0	4.764440E+5
1.748000E-2	0.000000E+0	4.758770E+5
1.750000E-2	0.000000E+0	4.766550E+5
1.752000E-2	0.000000E+0	4.771580E+5
1.754000E-2	0.000000E+0	4.759650E+5
1.756000E-2	0.000000E+0	4.755780E+5
1.758000E-2	0.000000E+0	4.764350E+5
1.760000E-2	0.000000E+0	4.768410E+5
1.762000E-2	0.000000E+0	4.768220E+5
1.764000E-2	0.000000E+0	4.766940E+5
1.766000E-2	0.000000E+0	4.762140E+5
1.768000E-2	0.000000E+0	4.765470E+5
1.770000E-2	0.000000E+0	4.763040E+5
1.772000E-2	0.000000E+0	4.773950E+5
1.774000E-2	0.000000E+0	4.762620E+5
1.776000E-2	0.000000E+0	4.757400E+5
1.778000E-2	0.000000E+0	4.769740E+5
1.780000E-2	0.000000E+0	4.752550E+5
1.782000E-2	0.000000E+0	4.762900E+5
1.784000E-2	0.000000E+0	4.759660E+5
1.786000E-2	0.000000E+0	4.759600E+5
1.788000E-2	0.000000E+0	4.764910E+5
1.790000E-2	0.000000E+0	4.768620E+5
1.792000E-2	0.000000E+0	4.752950E+5
1.794000E-2	0.000000E+0	4.766090E+5
1.796000E-2	0.000000E+0	4.766440E+5
1.798000E-2	0.000000E+0	4.771060E+5
1.800000E-2	0.000000E+0	4.753810E+5
1.802000E-2	0.000000E+0	4.758410E+5
1.804000E-2	0.000000E+0	4.748700E+5
1.806000E-2	0.000000E+0	4.758560E+5
1.808000E-2	0.000000E+0	4.760680E+5
1.810000E-2	0.000000E+0	4.767350E+5
1.812000E-2	0.000000E+0	4.774510E+5
1.814000E-2	0.000000E+0	4.772770E+5
1.816000E-2	0.000000E+0	4.769720E+5
1.818000E-2	0.000000E+0	4.760030E+5
1.820000E-2	0.000000E+0	4.772630E+5
1.822000E-2	0.000000E+0	4.760720E+5
1.824000E-2	0.000000E+0	4.763340E+5
1.826000E-2	0.000000E+0	4.770060E+5
1.828000E-2	0.000000E+0	4.760400E+5
1.830000E-2	0.000000E+0	4.754810E+5
1.832000E-2	0.000000E+0	4.769430E+5
1.834000E-2	0.000000E+0	4.760250E+5
1.836000E-2	0.000000E+0	4.773210E+5
1.838000E-2	0.000000E+0	4.761770E+5
1.840000E-2	0.000000E+0	4.758940E+5
1.842000E-2	0.000000E+0	4.757230E+5
1.844000E-2	0.000000E+0	4.754330E+5
1.846000E-2	0.000000E+0	4.750770E+5
1.848000E-2	0.000000E+0	4.772860E+5
1.850000E-2	0.000000E+0	4.765000E+5
1.852000E-2	0.000000E+0	4.769750E+5
1.854000E-2	0.000000E+0	4.775180E+5
1.856000E-2	0.000000E+0	4.754360E+5
1.858000E-2	0.000000E+0	4.758070E+5
1.860000E-2	0.000000E+0	4.761310E+5
1.862000E-2	0.000000E+0	4.757630E+5
1.864000E-2	0.000000E+0	4.751180E+5
1.866000E-2	0.000000E+0	4.769070E+5
1.868000E-2	0.000000E+0	4.757020E+5
1.870000E-2	0.000000E+0	4.762410E+5
1.872000E-2	0.000000E+0	4.767870E+5
1.874000E-2	0.000000E+0	4.747440E+5
1.876000E-2	0.000000E+0	4.761720E+5
1.878000E-2	0.000000E+0	4.761730E+5
1.880000E-2	0.000000E+0	4.764140E+5
1.882000E-2	0.000000E+0	4.760620E+5
1.884000E-2	0.000000E+0	4.767000E+5
1.886000E-2	0.000000E+0	4.766490E+5
1.888000E-2	0.000000E+0	4.753540E+5
1.890000E-2	0.000000E+0	4.762200E+5
1.892000E-2	0.000000E+0	4.775290E+5
1.894000E-2	0.000000E+0	4.765360E+5
1.896000E-2	0.000000E+0	4.765110E+5
1.898000E-2	0.000000E+0	4.765540E+5
1.900000E-2	0.000000E+0	4.754220E+5
1.902000E-2	0.000000E+0	4.756140E+5
1.904000E-2	0.000000E+0	4.766640E+5
1.906000E-2	0.000000E+0	4.769950E+5
1.908000E-2	0.000000E+0	4.763050E+5
1.910000E-2	0.000000E+0	4.748610E+5
1.912000E-2	0.000000E+0	4.753120E+5
1.914000E-2	0.000000E+0	4.761800E+5
1.916000E-2	0.000000E+0	4.755700E+5
1.918000E-2	0.000000E+0	4.754620E+5
1.920000E-2	0.000000E+0	4.766710E+5
1.922000E-2	0.000000E+0	4.762530E+5
1.924000E-2	0.000000E+0	4.761530E+5
1.926000E-2	0.000000E+0	4.771680E+5
1.928000E-2	0.000000E+0	4.772640E+5
1.930000E-2	0.000000E+0	4.765170E+5
1.932000E-2	0.000000E+0	4.761030E+5
1.934000E-2	0.000000E+0	4.764430E+5
1.936000E-2	0.000000E+0	4.759070E+5
1.938000E-2	0.000000E+0	4.768250E+5
1.940000E-2	0.000000E+0	4.750720E+5
1.942000E-2	0.000000E+0	4.774190E+5
1.944000E-2	0.000000E+0	4.770410E+5
1.946000E-2	0.000000E+0	4.753900E+5
1.948000E-2	0.000000E+0	4.766120E+5
1.950000E-2	0.000000E+0	4.767380E+5
1.952000E-2	0.000000E+0	4.771880E+5
1.954000E-2	0.000000E+0	4.761160E+5
1.956000E-2	0.000000E+0	4.769210E+5
1.958000E-2	0.000000E+0	4.760600E+5
1.960000E-2	0.000000E+0	4.762400E+5
1.962000E-2	0.000000E+0	4.758600E+5
1.964000E-2	0.000000E+0	4.770550E+5
1.966000E-2	0.000000E+0	4.770460E+5
1.968000E-2	0.000000E+0	4.763370E+5
1.970000E-2	0.000000E+0	4.761250E+5
1.972000E-2	0.000000E+0	4.765010E+5
1.974000E-2	0.000000E+0	4.765670E+5
1.976000E-2	0.000000E+0	4.747280E+5
1.978000E-2	0.000000E+0	4.759270E+5
1.980000E-2	0.000000E+0	4.767550E+5
1.982000E-2	0.000000E+0	4.754990E+5
1.984000E-2	0.000000E+0	4.765830E+5
1.986000E-2	0.000000E+0	4.754230E+5
1.988000E-2	0.000000E+0	4.752370E+5
1.990000E-2	0.000000E+0	4.763350E+5
1.992000E-2	0.000000E+0	4.757130E+5
1.994000E-2	0.000000E+0	4.775200E+5
1.996000E-2	0.000000E+0	4.756710E+5
1.998000E-2	0.000000E+0	4.763320E+5
