

live time:  202177.300000
real time:  280802.938000
sweeps:  10108865.000000
0.000000E+0	0.000000E+0	0.000000E+0
2.000000E-5	0.000000E+0	4.431130E+5
4.000000E-5	0.000000E+0	4.436860E+5
6.000000E-5	0.000000E+0	4.429150E+5
8.000000E-5	0.000000E+0	4.433050E+5
1.000000E-4	0.000000E+0	4.421830E+5
1.200000E-4	0.000000E+0	4.435690E+5
1.400000E-4	0.000000E+0	4.434550E+5
1.600000E-4	0.000000E+0	4.432780E+5
1.800000E-4	0.000000E+0	4.434380E+5
2.000000E-4	0.000000E+0	4.431130E+5
2.200000E-4	0.000000E+0	4.435730E+5
2.400000E-4	0.000000E+0	4.420020E+5
2.600000E-4	0.000000E+0	4.417750E+5
2.800000E-4	0.000000E+0	4.426210E+5
3.000000E-4	0.000000E+0	4.441890E+5
3.200000E-4	0.000000E+0	4.430240E+5
3.400000E-4	0.000000E+0	4.427310E+5
3.600000E-4	0.000000E+0	4.439850E+5
3.800000E-4	0.000000E+0	4.426830E+5
4.000000E-4	0.000000E+0	4.423420E+5
4.200000E-4	0.000000E+0	4.429850E+5
4.400000E-4	0.000000E+0	4.425950E+5
4.600000E-4	0.000000E+0	4.440300E+5
4.800000E-4	0.000000E+0	4.423810E+5
5.000000E-4	0.000000E+0	4.432030E+5
5.200000E-4	0.000000E+0	4.430890E+5
5.400000E-4	0.000000E+0	4.426050E+5
5.600000E-4	0.000000E+0	4.421950E+5
5.800000E-4	0.000000E+0	4.427500E+5
6.000000E-4	0.000000E+0	4.437670E+5
6.200000E-4	0.000000E+0	4.425390E+5
6.400000E-4	0.000000E+0	4.441860E+5
6.600000E-4	0.000000E+0	4.421030E+5
6.800000E-4	0.000000E+0	4.426790E+5
7.000000E-4	0.000000E+0	4.432320E+5
7.200000E-4	0.000000E+0	4.443120E+5
7.400000E-4	0.000000E+0	4.421230E+5
7.600000E-4	0.000000E+0	4.425740E+5
7.800000E-4	0.000000E+0	4.417190E+5
8.000000E-4	0.000000E+0	4.435410E+5
8.200000E-4	0.000000E+0	4.427120E+5
8.400000E-4	0.000000E+0	4.425650E+5
8.600000E-4	0.000000E+0	4.437210E+5
8.800000E-4	0.000000E+0	4.426040E+5
9.000000E-4	0.000000E+0	4.443850E+5
9.200000E-4	0.000000E+0	4.424030E+5
9.400000E-4	0.000000E+0	4.431470E+5
9.600000E-4	0.000000E+0	4.420680E+5
9.800000E-4	0.000000E+0	4.441960E+5
1.000000E-3	0.000000E+0	4.432490E+5
1.020000E-3	0.000000E+0	4.425910E+5
1.040000E-3	0.000000E+0	4.428720E+5
1.060000E-3	0.000000E+0	4.429340E+5
1.080000E-3	0.000000E+0	4.427310E+5
1.100000E-3	0.000000E+0	4.424740E+5
1.120000E-3	0.000000E+0	4.435760E+5
1.140000E-3	0.000000E+0	4.419610E+5
1.160000E-3	0.000000E+0	4.427100E+5
1.180000E-3	0.000000E+0	4.425110E+5
1.200000E-3	0.000000E+0	4.434370E+5
1.220000E-3	0.000000E+0	4.436560E+5
1.240000E-3	0.000000E+0	4.432200E+5
1.260000E-3	0.000000E+0	4.429920E+5
1.280000E-3	0.000000E+0	4.431180E+5
1.300000E-3	0.000000E+0	4.417660E+5
1.320000E-3	0.000000E+0	4.439860E+5
1.340000E-3	0.000000E+0	4.431540E+5
1.360000E-3	0.000000E+0	4.424600E+5
1.380000E-3	0.000000E+0	4.441530E+5
1.400000E-3	0.000000E+0	4.432230E+5
1.420000E-3	0.000000E+0	4.430660E+5
1.440000E-3	0.000000E+0	4.428880E+5
1.460000E-3	0.000000E+0	4.418440E+5
1.480000E-3	0.000000E+0	4.441380E+5
1.500000E-3	0.000000E+0	4.428610E+5
1.520000E-3	0.000000E+0	4.427370E+5
1.540000E-3	0.000000E+0	4.433380E+5
1.560000E-3	0.000000E+0	4.429510E+5
1.580000E-3	0.000000E+0	4.436900E+5
1.600000E-3	0.000000E+0	4.430040E+5
1.620000E-3	0.000000E+0	4.425520E+5
1.640000E-3	0.000000E+0	4.425070E+5
1.660000E-3	0.000000E+0	4.430320E+5
1.680000E-3	0.000000E+0	4.429120E+5
1.700000E-3	0.000000E+0	4.421440E+5
1.720000E-3	0.000000E+0	4.432730E+5
1.740000E-3	0.000000E+0	4.440760E+5
1.760000E-3	0.000000E+0	4.436410E+5
1.780000E-3	0.000000E+0	4.437420E+5
1.800000E-3	0.000000E+0	4.436890E+5
1.820000E-3	0.000000E+0	4.426220E+5
1.840000E-3	0.000000E+0	4.417170E+5
1.860000E-3	0.000000E+0	4.430940E+5
1.880000E-3	0.000000E+0	4.427350E+5
1.900000E-3	0.000000E+0	4.421750E+5
1.920000E-3	0.000000E+0	4.427540E+5
1.940000E-3	0.000000E+0	4.426290E+5
1.960000E-3	0.000000E+0	4.432810E+5
1.980000E-3	0.000000E+0	4.433980E+5
2.000000E-3	0.000000E+0	4.426450E+5
2.020000E-3	0.000000E+0	4.429890E+5
2.040000E-3	0.000000E+0	4.423980E+5
2.060000E-3	0.000000E+0	4.438510E+5
2.080000E-3	0.000000E+0	4.440390E+5
2.100000E-3	0.000000E+0	4.438620E+5
2.120000E-3	0.000000E+0	4.434400E+5
2.140000E-3	0.000000E+0	4.417320E+5
2.160000E-3	0.000000E+0	4.418280E+5
2.180000E-3	0.000000E+0	4.433080E+5
2.200000E-3	0.000000E+0	4.441940E+5
2.220000E-3	0.000000E+0	4.435140E+5
2.240000E-3	0.000000E+0	4.426930E+5
2.260000E-3	0.000000E+0	4.432710E+5
2.280000E-3	0.000000E+0	4.432010E+5
2.300000E-3	0.000000E+0	4.431880E+5
2.320000E-3	0.000000E+0	4.430030E+5
2.340000E-3	0.000000E+0	4.428910E+5
2.360000E-3	0.000000E+0	4.431530E+5
2.380000E-3	0.000000E+0	4.442860E+5
2.400000E-3	0.000000E+0	4.414610E+5
2.420000E-3	0.000000E+0	4.428000E+5
2.440000E-3	0.000000E+0	4.422570E+5
2.460000E-3	0.000000E+0	4.433200E+5
2.480000E-3	0.000000E+0	4.444780E+5
2.500000E-3	0.000000E+0	4.426860E+5
2.520000E-3	0.000000E+0	4.435620E+5
2.540000E-3	0.000000E+0	4.418400E+5
2.560000E-3	0.000000E+0	4.431630E+5
2.580000E-3	0.000000E+0	4.422690E+5
2.600000E-3	0.000000E+0	4.438190E+5
2.620000E-3	0.000000E+0	4.428670E+5
2.640000E-3	0.000000E+0	4.420000E+5
2.660000E-3	0.000000E+0	4.436390E+5
2.680000E-3	0.000000E+0	4.426960E+5
2.700000E-3	0.000000E+0	4.431300E+5
2.720000E-3	0.000000E+0	4.413090E+5
2.740000E-3	0.000000E+0	4.431380E+5
2.760000E-3	0.000000E+0	4.427450E+5
2.780000E-3	0.000000E+0	4.427910E+5
2.800000E-3	0.000000E+0	4.427960E+5
2.820000E-3	0.000000E+0	4.426750E+5
2.840000E-3	0.000000E+0	4.423180E+5
2.860000E-3	0.000000E+0	4.439250E+5
2.880000E-3	0.000000E+0	4.431690E+5
2.900000E-3	0.000000E+0	4.429880E+5
2.920000E-3	0.000000E+0	4.418150E+5
2.940000E-3	0.000000E+0	4.430380E+5
2.960000E-3	0.000000E+0	4.429490E+5
2.980000E-3	0.000000E+0	4.420070E+5
3.000000E-3	0.000000E+0	4.430650E+5
3.020000E-3	0.000000E+0	4.429820E+5
3.040000E-3	0.000000E+0	4.436730E+5
3.060000E-3	0.000000E+0	4.445000E+5
3.080000E-3	0.000000E+0	4.431650E+5
3.100000E-3	0.000000E+0	4.420690E+5
3.120000E-3	0.000000E+0	4.431090E+5
3.140000E-3	0.000000E+0	4.431940E+5
3.160000E-3	0.000000E+0	4.422400E+5
3.180000E-3	0.000000E+0	4.432040E+5
3.200000E-3	0.000000E+0	4.425690E+5
3.220000E-3	0.000000E+0	4.434920E+5
3.240000E-3	0.000000E+0	4.439110E+5
3.260000E-3	0.000000E+0	4.436460E+5
3.280000E-3	0.000000E+0	4.435330E+5
3.300000E-3	0.000000E+0	4.427200E+5
3.320000E-3	0.000000E+0	4.432580E+5
3.340000E-3	0.000000E+0	4.421330E+5
3.360000E-3	0.000000E+0	4.422070E+5
3.380000E-3	0.000000E+0	4.416960E+5
3.400000E-3	0.000000E+0	4.427320E+5
3.420000E-3	0.000000E+0	4.440370E+5
3.440000E-3	0.000000E+0	4.423860E+5
3.460000E-3	0.000000E+0	4.434410E+5
3.480000E-3	0.000000E+0	4.426350E+5
3.500000E-3	0.000000E+0	4.428820E+5
3.520000E-3	0.000000E+0	4.420600E+5
3.540000E-3	0.000000E+0	4.428040E+5
3.560000E-3	0.000000E+0	4.425730E+5
3.580000E-3	0.000000E+0	4.419990E+5
3.600000E-3	0.000000E+0	4.424410E+5
3.620000E-3	0.000000E+0	4.404950E+5
3.640000E-3	0.000000E+0	4.435430E+5
3.660000E-3	0.000000E+0	4.429560E+5
3.680000E-3	0.000000E+0	4.426960E+5
3.700000E-3	0.000000E+0	4.421790E+5
3.720000E-3	0.000000E+0	4.427260E+5
3.740000E-3	0.000000E+0	4.423870E+5
3.760000E-3	0.000000E+0	4.426430E+5
3.780000E-3	0.000000E+0	4.422200E+5
3.800000E-3	0.000000E+0	4.422740E+5
3.820000E-3	0.000000E+0	4.423410E+5
3.840000E-3	0.000000E+0	4.428390E+5
3.860000E-3	0.000000E+0	4.425130E+5
3.880000E-3	0.000000E+0	4.419510E+5
3.900000E-3	0.000000E+0	4.433410E+5
3.920000E-3	0.000000E+0	4.444690E+5
3.940000E-3	0.000000E+0	4.434480E+5
3.960000E-3	0.000000E+0	4.438580E+5
3.980000E-3	0.000000E+0	4.432410E+5
4.000000E-3	0.000000E+0	4.428780E+5
4.020000E-3	0.000000E+0	4.433300E+5
4.040000E-3	0.000000E+0	4.422510E+5
4.060000E-3	0.000000E+0	4.430990E+5
4.080000E-3	0.000000E+0	4.428470E+5
4.100000E-3	0.000000E+0	4.431930E+5
4.120000E-3	0.000000E+0	4.424890E+5
4.140000E-3	0.000000E+0	4.418550E+5
4.160000E-3	0.000000E+0	4.434570E+5
4.180000E-3	0.000000E+0	4.420770E+5
4.200000E-3	0.000000E+0	4.431340E+5
4.220000E-3	0.000000E+0	4.425740E+5
4.240000E-3	0.000000E+0	4.425930E+5
4.260000E-3	0.000000E+0	4.419790E+5
4.280000E-3	0.000000E+0	4.435650E+5
4.300000E-3	0.000000E+0	4.431730E+5
4.320000E-3	0.000000E+0	4.422860E+5
4.340000E-3	0.000000E+0	4.420370E+5
4.360000E-3	0.000000E+0	4.425930E+5
4.380000E-3	0.000000E+0	4.422710E+5
4.400000E-3	0.000000E+0	4.430080E+5
4.420000E-3	0.000000E+0	4.426640E+5
4.440000E-3	0.000000E+0	4.424810E+5
4.460000E-3	0.000000E+0	4.424530E+5
4.480000E-3	0.000000E+0	4.419330E+5
4.500000E-3	0.000000E+0	4.426600E+5
4.520000E-3	0.000000E+0	4.419950E+5
4.540000E-3	0.000000E+0	4.413900E+5
4.560000E-3	0.000000E+0	4.420520E+5
4.580000E-3	0.000000E+0	4.432030E+5
4.600000E-3	0.000000E+0	4.426880E+5
4.620000E-3	0.000000E+0	4.422240E+5
4.640000E-3	0.000000E+0	4.429220E+5
4.660000E-3	0.000000E+0	4.431530E+5
4.680000E-3	0.000000E+0	4.421020E+5
4.700000E-3	0.000000E+0	4.429660E+5
4.720000E-3	0.000000E+0	4.429720E+5
4.740000E-3	0.000000E+0	4.419510E+5
4.760000E-3	0.000000E+0	4.433610E+5
4.780000E-3	0.000000E+0	4.417340E+5
4.800000E-3	0.000000E+0	4.421550E+5
4.820000E-3	0.000000E+0	4.420210E+5
4.840000E-3	0.000000E+0	4.418650E+5
4.860000E-3	0.000000E+0	4.402240E+5
4.880000E-3	0.000000E+0	4.397970E+5
4.900000E-3	0.000000E+0	4.398520E+5
4.920000E-3	0.000000E+0	4.368110E+5
4.940000E-3	0.000000E+0	4.362150E+5
4.960000E-3	0.000000E+0	4.358370E+5
4.980000E-3	0.000000E+0	4.363660E+5
5.000000E-3	0.000000E+0	4.343860E+5
5.020000E-3	0.000000E+0	4.335000E+5
5.040000E-3	0.000000E+0	4.314370E+5
5.060000E-3	0.000000E+0	4.305750E+5
5.080000E-3	0.000000E+0	4.305280E+5
5.100000E-3	0.000000E+0	4.309870E+5
5.120000E-3	0.000000E+0	4.306660E+5
5.140000E-3	0.000000E+0	4.318890E+5
5.160000E-3	0.000000E+0	4.340270E+5
5.180000E-3	0.000000E+0	4.343840E+5
5.200000E-3	0.000000E+0	4.362140E+5
5.220000E-3	0.000000E+0	4.372240E+5
5.240000E-3	0.000000E+0	4.366750E+5
5.260000E-3	0.000000E+0	4.399280E+5
5.280000E-3	0.000000E+0	4.380290E+5
5.300000E-3	0.000000E+0	4.400290E+5
5.320000E-3	0.000000E+0	4.414570E+5
5.340000E-3	0.000000E+0	4.414800E+5
5.360000E-3	0.000000E+0	4.422740E+5
5.380000E-3	0.000000E+0	4.411690E+5
5.400000E-3	0.000000E+0	4.430680E+5
5.420000E-3	0.000000E+0	4.419620E+5
5.440000E-3	0.000000E+0	4.414370E+5
5.460000E-3	0.000000E+0	4.410510E+5
5.480000E-3	0.000000E+0	4.406350E+5
5.500000E-3	0.000000E+0	4.410870E+5
5.520000E-3	0.000000E+0	4.400550E+5
5.540000E-3	0.000000E+0	4.392760E+5
5.560000E-3	0.000000E+0	4.372840E+5
5.580000E-3	0.000000E+0	4.370330E+5
5.600000E-3	0.000000E+0	4.348900E+5
5.620000E-3	0.000000E+0	4.357970E+5
5.640000E-3	0.000000E+0	4.362990E+5
5.660000E-3	0.000000E+0	4.344320E+5
5.680000E-3	0.000000E+0	4.341640E+5
5.700000E-3	0.000000E+0	4.319800E+5
5.720000E-3	0.000000E+0	4.315300E+5
5.740000E-3	0.000000E+0	4.313820E+5
5.760000E-3	0.000000E+0	4.320910E+5
5.780000E-3	0.000000E+0	4.322080E+5
5.800000E-3	0.000000E+0	4.336740E+5
5.820000E-3	0.000000E+0	4.351260E+5
5.840000E-3	0.000000E+0	4.364700E+5
5.860000E-3	0.000000E+0	4.368550E+5
5.880000E-3	0.000000E+0	4.381640E+5
5.900000E-3	0.000000E+0	4.396700E+5
5.920000E-3	0.000000E+0	4.413300E+5
5.940000E-3	0.000000E+0	4.403590E+5
5.960000E-3	0.000000E+0	4.412130E+5
5.980000E-3	0.000000E+0	4.421200E+5
6.000000E-3	0.000000E+0	4.422850E+5
6.020000E-3	0.000000E+0	4.419690E+5
6.040000E-3	0.000000E+0	4.423730E+5
6.060000E-3	0.000000E+0	4.422730E+5
6.080000E-3	0.000000E+0	4.424770E+5
6.100000E-3	0.000000E+0	4.414280E+5
6.120000E-3	0.000000E+0	4.424930E+5
6.140000E-3	0.000000E+0	4.423350E+5
6.160000E-3	0.000000E+0	4.418530E+5
6.180000E-3	0.000000E+0	4.431020E+5
6.200000E-3	0.000000E+0	4.426180E+5
6.220000E-3	0.000000E+0	4.428250E+5
6.240000E-3	0.000000E+0	4.417310E+5
6.260000E-3	0.000000E+0	4.420320E+5
6.280000E-3	0.000000E+0	4.442460E+5
6.300000E-3	0.000000E+0	4.434070E+5
6.320000E-3	0.000000E+0	4.430710E+5
6.340000E-3	0.000000E+0	4.427070E+5
6.360000E-3	0.000000E+0	4.422980E+5
6.380000E-3	0.000000E+0	4.434560E+5
6.400000E-3	0.000000E+0	4.422440E+5
6.420000E-3	0.000000E+0	4.417030E+5
6.440000E-3	0.000000E+0	4.442700E+5
6.460000E-3	0.000000E+0	4.422810E+5
6.480000E-3	0.000000E+0	4.423060E+5
6.500000E-3	0.000000E+0	4.422720E+5
6.520000E-3	0.000000E+0	4.427630E+5
6.540000E-3	0.000000E+0	4.421410E+5
6.560000E-3	0.000000E+0	4.435630E+5
6.580000E-3	0.000000E+0	4.423210E+5
6.600000E-3	0.000000E+0	4.434140E+5
6.620000E-3	0.000000E+0	4.426540E+5
6.640000E-3	0.000000E+0	4.426830E+5
6.660000E-3	0.000000E+0	4.419640E+5
6.680000E-3	0.000000E+0	4.426980E+5
6.700000E-3	0.000000E+0	4.428600E+5
6.720000E-3	0.000000E+0	4.427470E+5
6.740000E-3	0.000000E+0	4.432860E+5
6.760000E-3	0.000000E+0	4.434690E+5
6.780000E-3	0.000000E+0	4.420230E+5
6.800000E-3	0.000000E+0	4.432600E+5
6.820000E-3	0.000000E+0	4.429560E+5
6.840000E-3	0.000000E+0	4.426050E+5
6.860000E-3	0.000000E+0	4.430420E+5
6.880000E-3	0.000000E+0	4.434450E+5
6.900000E-3	0.000000E+0	4.421390E+5
6.920000E-3	0.000000E+0	4.417790E+5
6.940000E-3	0.000000E+0	4.430460E+5
6.960000E-3	0.000000E+0	4.412850E+5
6.980000E-3	0.000000E+0	4.429480E+5
7.000000E-3	0.000000E+0	4.426440E+5
7.020000E-3	0.000000E+0	4.433980E+5
7.040000E-3	0.000000E+0	4.431910E+5
7.060000E-3	0.000000E+0	4.432920E+5
7.080000E-3	0.000000E+0	4.430280E+5
7.100000E-3	0.000000E+0	4.425870E+5
7.120000E-3	0.000000E+0	4.426920E+5
7.140000E-3	0.000000E+0	4.428060E+5
7.160000E-3	0.000000E+0	4.430170E+5
7.180000E-3	0.000000E+0	4.419470E+5
7.200000E-3	0.000000E+0	4.428550E+5
7.220000E-3	0.000000E+0	4.433210E+5
7.240000E-3	0.000000E+0	4.429480E+5
7.260000E-3	0.000000E+0	4.427940E+5
7.280000E-3	0.000000E+0	4.428860E+5
7.300000E-3	0.000000E+0	4.425510E+5
7.320000E-3	0.000000E+0	4.432880E+5
7.340000E-3	0.000000E+0	4.436710E+5
7.360000E-3	0.000000E+0	4.424770E+5
7.380000E-3	0.000000E+0	4.435480E+5
7.400000E-3	0.000000E+0	4.429940E+5
7.420000E-3	0.000000E+0	4.427470E+5
7.440000E-3	0.000000E+0	4.430250E+5
7.460000E-3	0.000000E+0	4.433890E+5
7.480000E-3	0.000000E+0	4.427330E+5
7.500000E-3	0.000000E+0	4.434280E+5
7.520000E-3	0.000000E+0	4.432350E+5
7.540000E-3	0.000000E+0	4.430360E+5
7.560000E-3	0.000000E+0	4.430240E+5
7.580000E-3	0.000000E+0	4.431580E+5
7.600000E-3	0.000000E+0	4.426060E+5
7.620000E-3	0.000000E+0	4.431470E+5
7.640000E-3	0.000000E+0	4.437030E+5
7.660000E-3	0.000000E+0	4.423690E+5
7.680000E-3	0.000000E+0	4.429220E+5
7.700000E-3	0.000000E+0	4.422430E+5
7.720000E-3	0.000000E+0	4.430800E+5
7.740000E-3	0.000000E+0	4.424500E+5
7.760000E-3	0.000000E+0	4.426440E+5
7.780000E-3	0.000000E+0	4.438000E+5
7.800000E-3	0.000000E+0	4.427140E+5
7.820000E-3	0.000000E+0	4.423650E+5
7.840000E-3	0.000000E+0	4.439630E+5
7.860000E-3	0.000000E+0	4.430940E+5
7.880000E-3	0.000000E+0	4.429570E+5
7.900000E-3	0.000000E+0	4.426430E+5
7.920000E-3	0.000000E+0	4.425830E+5
7.940000E-3	0.000000E+0	4.439760E+5
7.960000E-3	0.000000E+0	4.440010E+5
7.980000E-3	0.000000E+0	4.438950E+5
8.000000E-3	0.000000E+0	4.432970E+5
8.020000E-3	0.000000E+0	4.431090E+5
8.040000E-3	0.000000E+0	4.420190E+5
8.060000E-3	0.000000E+0	4.425870E+5
8.080000E-3	0.000000E+0	4.433950E+5
8.100000E-3	0.000000E+0	4.441280E+5
8.120000E-3	0.000000E+0	4.433440E+5
8.140000E-3	0.000000E+0	4.423980E+5
8.160000E-3	0.000000E+0	4.432520E+5
8.180000E-3	0.000000E+0	4.424270E+5
8.200000E-3	0.000000E+0	4.429170E+5
8.220000E-3	0.000000E+0	4.425850E+5
8.240000E-3	0.000000E+0	4.433400E+5
8.260000E-3	0.000000E+0	4.444620E+5
8.280000E-3	0.000000E+0	4.421950E+5
8.300000E-3	0.000000E+0	4.430150E+5
8.320000E-3	0.000000E+0	4.420200E+5
8.340000E-3	0.000000E+0	4.425360E+5
8.360000E-3	0.000000E+0	4.424530E+5
8.380000E-3	0.000000E+0	4.410750E+5
8.400000E-3	0.000000E+0	4.422470E+5
8.420000E-3	0.000000E+0	4.431450E+5
8.440000E-3	0.000000E+0	4.434460E+5
8.460000E-3	0.000000E+0	4.434090E+5
8.480000E-3	0.000000E+0	4.440970E+5
8.500000E-3	0.000000E+0	4.419370E+5
8.520000E-3	0.000000E+0	4.438970E+5
8.540000E-3	0.000000E+0	4.434210E+5
8.560000E-3	0.000000E+0	4.426620E+5
8.580000E-3	0.000000E+0	4.446930E+5
8.600000E-3	0.000000E+0	4.430590E+5
8.620000E-3	0.000000E+0	4.439440E+5
8.640000E-3	0.000000E+0	4.428510E+5
8.660000E-3	0.000000E+0	4.423510E+5
8.680000E-3	0.000000E+0	4.432660E+5
8.700000E-3	0.000000E+0	4.414830E+5
8.720000E-3	0.000000E+0	4.437480E+5
8.740000E-3	0.000000E+0	4.419260E+5
8.760000E-3	0.000000E+0	4.431000E+5
8.780000E-3	0.000000E+0	4.430640E+5
8.800000E-3	0.000000E+0	4.434790E+5
8.820000E-3	0.000000E+0	4.432990E+5
8.840000E-3	0.000000E+0	4.421990E+5
8.860000E-3	0.000000E+0	4.447020E+5
8.880000E-3	0.000000E+0	4.424220E+5
8.900000E-3	0.000000E+0	4.429320E+5
8.920000E-3	0.000000E+0	4.417000E+5
8.940000E-3	0.000000E+0	4.418680E+5
8.960000E-3	0.000000E+0	4.441500E+5
8.980000E-3	0.000000E+0	4.426060E+5
9.000000E-3	0.000000E+0	4.427900E+5
9.020000E-3	0.000000E+0	4.415600E+5
9.040000E-3	0.000000E+0	4.432340E+5
9.060000E-3	0.000000E+0	4.450370E+5
9.080000E-3	0.000000E+0	4.428630E+5
9.100000E-3	0.000000E+0	4.441040E+5
9.120000E-3	0.000000E+0	4.423930E+5
9.140000E-3	0.000000E+0	4.428700E+5
9.160000E-3	0.000000E+0	4.434190E+5
9.180000E-3	0.000000E+0	4.420150E+5
9.200000E-3	0.000000E+0	4.426820E+5
9.220000E-3	0.000000E+0	4.428500E+5
9.240000E-3	0.000000E+0	4.435220E+5
9.260000E-3	0.000000E+0	4.441010E+5
9.280000E-3	0.000000E+0	4.440620E+5
9.300000E-3	0.000000E+0	4.437110E+5
9.320000E-3	0.000000E+0	4.428490E+5
9.340000E-3	0.000000E+0	4.425510E+5
9.360000E-3	0.000000E+0	4.427610E+5
9.380000E-3	0.000000E+0	4.441970E+5
9.400000E-3	0.000000E+0	4.432380E+5
9.420000E-3	0.000000E+0	4.441820E+5
9.440000E-3	0.000000E+0	4.425640E+5
9.460000E-3	0.000000E+0	4.438010E+5
9.480000E-3	0.000000E+0	4.429550E+5
9.500000E-3	0.000000E+0	4.419000E+5
9.520000E-3	0.000000E+0	4.436850E+5
9.540000E-3	0.000000E+0	4.419880E+5
9.560000E-3	0.000000E+0	4.429360E+5
9.580000E-3	0.000000E+0	4.427740E+5
9.600000E-3	0.000000E+0	4.431550E+5
9.620000E-3	0.000000E+0	4.422310E+5
9.640000E-3	0.000000E+0	4.424880E+5
9.660000E-3	0.000000E+0	4.437210E+5
9.680000E-3	0.000000E+0	4.418140E+5
9.700000E-3	0.000000E+0	4.424710E+5
9.720000E-3	0.000000E+0	4.435640E+5
9.740000E-3	0.000000E+0	4.427630E+5
9.760000E-3	0.000000E+0	4.427030E+5
9.780000E-3	0.000000E+0	4.434400E+5
9.800000E-3	0.000000E+0	4.432150E+5
9.820000E-3	0.000000E+0	4.436800E+5
9.840000E-3	0.000000E+0	4.433340E+5
9.860000E-3	0.000000E+0	4.420780E+5
9.880000E-3	0.000000E+0	4.443830E+5
9.900000E-3	0.000000E+0	4.448290E+5
9.920000E-3	0.000000E+0	4.426400E+5
9.940000E-3	0.000000E+0	4.421980E+5
9.960000E-3	0.000000E+0	4.418540E+5
9.980000E-3	0.000000E+0	4.440090E+5
1.000000E-2	0.000000E+0	4.423270E+5
1.002000E-2	0.000000E+0	4.428370E+5
1.004000E-2	0.000000E+0	4.436070E+5
1.006000E-2	0.000000E+0	4.429320E+5
1.008000E-2	0.000000E+0	4.430130E+5
1.010000E-2	0.000000E+0	4.428540E+5
1.012000E-2	0.000000E+0	4.441670E+5
1.014000E-2	0.000000E+0	4.448880E+5
1.016000E-2	0.000000E+0	4.434710E+5
1.018000E-2	0.000000E+0	4.433540E+5
1.020000E-2	0.000000E+0	4.435170E+5
1.022000E-2	0.000000E+0	4.430490E+5
1.024000E-2	0.000000E+0	4.423930E+5
1.026000E-2	0.000000E+0	4.445250E+5
1.028000E-2	0.000000E+0	4.425690E+5
1.030000E-2	0.000000E+0	4.440600E+5
1.032000E-2	0.000000E+0	4.423820E+5
1.034000E-2	0.000000E+0	4.443400E+5
1.036000E-2	0.000000E+0	4.430480E+5
1.038000E-2	0.000000E+0	4.437960E+5
1.040000E-2	0.000000E+0	4.426590E+5
1.042000E-2	0.000000E+0	4.429940E+5
1.044000E-2	0.000000E+0	4.429900E+5
1.046000E-2	0.000000E+0	4.440130E+5
1.048000E-2	0.000000E+0	4.439720E+5
1.050000E-2	0.000000E+0	4.427850E+5
1.052000E-2	0.000000E+0	4.437140E+5
1.054000E-2	0.000000E+0	4.444460E+5
1.056000E-2	0.000000E+0	4.426230E+5
1.058000E-2	0.000000E+0	4.438640E+5
1.060000E-2	0.000000E+0	4.425230E+5
1.062000E-2	0.000000E+0	4.427200E+5
1.064000E-2	0.000000E+0	4.432070E+5
1.066000E-2	0.000000E+0	4.432300E+5
1.068000E-2	0.000000E+0	4.432270E+5
1.070000E-2	0.000000E+0	4.424770E+5
1.072000E-2	0.000000E+0	4.431630E+5
1.074000E-2	0.000000E+0	4.437320E+5
1.076000E-2	0.000000E+0	4.437780E+5
1.078000E-2	0.000000E+0	4.442160E+5
1.080000E-2	0.000000E+0	4.441120E+5
1.082000E-2	0.000000E+0	4.444780E+5
1.084000E-2	0.000000E+0	4.429350E+5
1.086000E-2	0.000000E+0	4.436330E+5
1.088000E-2	0.000000E+0	4.432950E+5
1.090000E-2	0.000000E+0	4.434200E+5
1.092000E-2	0.000000E+0	4.434030E+5
1.094000E-2	0.000000E+0	4.428440E+5
1.096000E-2	0.000000E+0	4.429410E+5
1.098000E-2	0.000000E+0	4.436150E+5
1.100000E-2	0.000000E+0	4.438270E+5
1.102000E-2	0.000000E+0	4.424930E+5
1.104000E-2	0.000000E+0	4.439510E+5
1.106000E-2	0.000000E+0	4.432310E+5
1.108000E-2	0.000000E+0	4.435480E+5
1.110000E-2	0.000000E+0	4.432970E+5
1.112000E-2	0.000000E+0	4.430040E+5
1.114000E-2	0.000000E+0	4.438500E+5
1.116000E-2	0.000000E+0	4.412130E+5
1.118000E-2	0.000000E+0	4.431910E+5
1.120000E-2	0.000000E+0	4.429080E+5
1.122000E-2	0.000000E+0	4.445990E+5
1.124000E-2	0.000000E+0	4.448210E+5
1.126000E-2	0.000000E+0	4.419250E+5
1.128000E-2	0.000000E+0	4.423400E+5
1.130000E-2	0.000000E+0	4.432450E+5
1.132000E-2	0.000000E+0	4.443560E+5
1.134000E-2	0.000000E+0	4.423670E+5
1.136000E-2	0.000000E+0	4.441820E+5
1.138000E-2	0.000000E+0	4.429120E+5
1.140000E-2	0.000000E+0	4.443980E+5
1.142000E-2	0.000000E+0	4.428060E+5
1.144000E-2	0.000000E+0	4.445180E+5
1.146000E-2	0.000000E+0	4.427930E+5
1.148000E-2	0.000000E+0	4.428100E+5
1.150000E-2	0.000000E+0	4.426710E+5
1.152000E-2	0.000000E+0	4.426880E+5
1.154000E-2	0.000000E+0	4.429130E+5
1.156000E-2	0.000000E+0	4.436030E+5
1.158000E-2	0.000000E+0	4.425990E+5
1.160000E-2	0.000000E+0	4.430370E+5
1.162000E-2	0.000000E+0	4.430740E+5
1.164000E-2	0.000000E+0	4.443350E+5
1.166000E-2	0.000000E+0	4.452590E+5
1.168000E-2	0.000000E+0	4.441500E+5
1.170000E-2	0.000000E+0	4.446530E+5
1.172000E-2	0.000000E+0	4.441750E+5
1.174000E-2	0.000000E+0	4.432950E+5
1.176000E-2	0.000000E+0	4.432830E+5
1.178000E-2	0.000000E+0	4.425720E+5
1.180000E-2	0.000000E+0	4.434620E+5
1.182000E-2	0.000000E+0	4.438170E+5
1.184000E-2	0.000000E+0	4.438670E+5
1.186000E-2	0.000000E+0	4.426500E+5
1.188000E-2	0.000000E+0	4.427970E+5
1.190000E-2	0.000000E+0	4.422800E+5
1.192000E-2	0.000000E+0	4.425660E+5
1.194000E-2	0.000000E+0	4.446430E+5
1.196000E-2	0.000000E+0	4.430330E+5
1.198000E-2	0.000000E+0	4.436370E+5
1.200000E-2	0.000000E+0	4.430080E+5
1.202000E-2	0.000000E+0	4.432780E+5
1.204000E-2	0.000000E+0	4.428870E+5
1.206000E-2	0.000000E+0	4.431630E+5
1.208000E-2	0.000000E+0	4.440200E+5
1.210000E-2	0.000000E+0	4.439500E+5
1.212000E-2	0.000000E+0	4.434850E+5
1.214000E-2	0.000000E+0	4.421030E+5
1.216000E-2	0.000000E+0	4.425610E+5
1.218000E-2	0.000000E+0	4.434150E+5
1.220000E-2	0.000000E+0	4.422300E+5
1.222000E-2	0.000000E+0	4.435070E+5
1.224000E-2	0.000000E+0	4.433330E+5
1.226000E-2	0.000000E+0	4.428270E+5
1.228000E-2	0.000000E+0	4.433470E+5
1.230000E-2	0.000000E+0	4.435230E+5
1.232000E-2	0.000000E+0	4.437780E+5
1.234000E-2	0.000000E+0	4.436690E+5
1.236000E-2	0.000000E+0	4.431760E+5
1.238000E-2	0.000000E+0	4.442990E+5
1.240000E-2	0.000000E+0	4.439590E+5
1.242000E-2	0.000000E+0	4.437330E+5
1.244000E-2	0.000000E+0	4.440660E+5
1.246000E-2	0.000000E+0	4.426000E+5
1.248000E-2	0.000000E+0	4.435970E+5
1.250000E-2	0.000000E+0	4.429340E+5
1.252000E-2	0.000000E+0	4.449920E+5
1.254000E-2	0.000000E+0	4.437060E+5
1.256000E-2	0.000000E+0	4.429250E+5
1.258000E-2	0.000000E+0	4.443290E+5
1.260000E-2	0.000000E+0	4.441000E+5
1.262000E-2	0.000000E+0	4.421840E+5
1.264000E-2	0.000000E+0	4.427310E+5
1.266000E-2	0.000000E+0	4.450010E+5
1.268000E-2	0.000000E+0	4.436860E+5
1.270000E-2	0.000000E+0	4.427570E+5
1.272000E-2	0.000000E+0	4.442440E+5
1.274000E-2	0.000000E+0	4.427220E+5
1.276000E-2	0.000000E+0	4.435560E+5
1.278000E-2	0.000000E+0	4.426610E+5
1.280000E-2	0.000000E+0	4.425680E+5
1.282000E-2	0.000000E+0	4.425060E+5
1.284000E-2	0.000000E+0	4.432860E+5
1.286000E-2	0.000000E+0	4.439690E+5
1.288000E-2	0.000000E+0	4.441730E+5
1.290000E-2	0.000000E+0	4.430710E+5
1.292000E-2	0.000000E+0	4.432510E+5
1.294000E-2	0.000000E+0	4.421310E+5
1.296000E-2	0.000000E+0	4.429580E+5
1.298000E-2	0.000000E+0	4.432710E+5
1.300000E-2	0.000000E+0	4.429800E+5
1.302000E-2	0.000000E+0	4.438990E+5
1.304000E-2	0.000000E+0	4.436130E+5
1.306000E-2	0.000000E+0	4.426530E+5
1.308000E-2	0.000000E+0	4.446980E+5
1.310000E-2	0.000000E+0	4.438350E+5
1.312000E-2	0.000000E+0	4.435760E+5
1.314000E-2	0.000000E+0	4.443390E+5
1.316000E-2	0.000000E+0	4.434170E+5
1.318000E-2	0.000000E+0	4.432740E+5
1.320000E-2	0.000000E+0	4.435220E+5
1.322000E-2	0.000000E+0	4.438650E+5
1.324000E-2	0.000000E+0	4.424450E+5
1.326000E-2	0.000000E+0	4.438960E+5
1.328000E-2	0.000000E+0	4.438810E+5
1.330000E-2	0.000000E+0	4.422990E+5
1.332000E-2	0.000000E+0	4.428450E+5
1.334000E-2	0.000000E+0	4.429310E+5
1.336000E-2	0.000000E+0	4.433160E+5
1.338000E-2	0.000000E+0	4.438030E+5
1.340000E-2	0.000000E+0	4.425050E+5
1.342000E-2	0.000000E+0	4.422480E+5
1.344000E-2	0.000000E+0	4.427840E+5
1.346000E-2	0.000000E+0	4.426360E+5
1.348000E-2	0.000000E+0	4.439420E+5
1.350000E-2	0.000000E+0	4.435610E+5
1.352000E-2	0.000000E+0	4.440740E+5
1.354000E-2	0.000000E+0	4.435910E+5
1.356000E-2	0.000000E+0	4.438510E+5
1.358000E-2	0.000000E+0	4.433210E+5
1.360000E-2	0.000000E+0	4.429000E+5
1.362000E-2	0.000000E+0	4.437130E+5
1.364000E-2	0.000000E+0	4.419970E+5
1.366000E-2	0.000000E+0	4.430640E+5
1.368000E-2	0.000000E+0	4.437660E+5
1.370000E-2	0.000000E+0	4.440840E+5
1.372000E-2	0.000000E+0	4.429850E+5
1.374000E-2	0.000000E+0	4.433970E+5
1.376000E-2	0.000000E+0	4.428820E+5
1.378000E-2	0.000000E+0	4.426240E+5
1.380000E-2	0.000000E+0	4.433580E+5
1.382000E-2	0.000000E+0	4.422320E+5
1.384000E-2	0.000000E+0	4.425690E+5
1.386000E-2	0.000000E+0	4.436080E+5
1.388000E-2	0.000000E+0	4.434090E+5
1.390000E-2	0.000000E+0	4.441710E+5
1.392000E-2	0.000000E+0	4.440070E+5
1.394000E-2	0.000000E+0	4.437170E+5
1.396000E-2	0.000000E+0	4.434380E+5
1.398000E-2	0.000000E+0	4.445990E+5
1.400000E-2	0.000000E+0	4.443270E+5
1.402000E-2	0.000000E+0	4.426050E+5
1.404000E-2	0.000000E+0	4.446370E+5
1.406000E-2	0.000000E+0	4.429020E+5
1.408000E-2	0.000000E+0	4.426930E+5
1.410000E-2	0.000000E+0	4.433540E+5
1.412000E-2	0.000000E+0	4.430820E+5
1.414000E-2	0.000000E+0	4.426640E+5
1.416000E-2	0.000000E+0	4.424670E+5
1.418000E-2	0.000000E+0	4.429980E+5
1.420000E-2	0.000000E+0	4.434590E+5
1.422000E-2	0.000000E+0	4.437150E+5
1.424000E-2	0.000000E+0	4.419100E+5
1.426000E-2	0.000000E+0	4.416600E+5
1.428000E-2	0.000000E+0	4.428570E+5
1.430000E-2	0.000000E+0	4.429400E+5
1.432000E-2	0.000000E+0	4.431820E+5
1.434000E-2	0.000000E+0	4.428910E+5
1.436000E-2	0.000000E+0	4.437710E+5
1.438000E-2	0.000000E+0	4.432300E+5
1.440000E-2	0.000000E+0	4.448680E+5
1.442000E-2	0.000000E+0	4.433370E+5
1.444000E-2	0.000000E+0	4.421910E+5
1.446000E-2	0.000000E+0	4.436550E+5
1.448000E-2	0.000000E+0	4.435940E+5
1.450000E-2	0.000000E+0	4.430260E+5
1.452000E-2	0.000000E+0	4.438700E+5
1.454000E-2	0.000000E+0	4.431050E+5
1.456000E-2	0.000000E+0	4.439270E+5
1.458000E-2	0.000000E+0	4.421610E+5
1.460000E-2	0.000000E+0	4.437830E+5
1.462000E-2	0.000000E+0	4.415790E+5
1.464000E-2	0.000000E+0	4.436360E+5
1.466000E-2	0.000000E+0	4.433550E+5
1.468000E-2	0.000000E+0	4.443270E+5
1.470000E-2	0.000000E+0	4.429980E+5
1.472000E-2	0.000000E+0	4.428370E+5
1.474000E-2	0.000000E+0	4.433660E+5
1.476000E-2	0.000000E+0	4.443060E+5
1.478000E-2	0.000000E+0	4.439190E+5
1.480000E-2	0.000000E+0	4.425320E+5
1.482000E-2	0.000000E+0	4.419580E+5
1.484000E-2	0.000000E+0	4.443020E+5
1.486000E-2	0.000000E+0	4.424970E+5
1.488000E-2	0.000000E+0	4.423710E+5
1.490000E-2	0.000000E+0	4.416840E+5
1.492000E-2	0.000000E+0	4.409860E+5
1.494000E-2	0.000000E+0	4.385240E+5
1.496000E-2	0.000000E+0	4.374110E+5
1.498000E-2	0.000000E+0	4.378850E+5
1.500000E-2	0.000000E+0	4.368750E+5
1.502000E-2	0.000000E+0	4.364740E+5
1.504000E-2	0.000000E+0	4.348750E+5
1.506000E-2	0.000000E+0	4.345190E+5
1.508000E-2	0.000000E+0	4.334290E+5
1.510000E-2	0.000000E+0	4.318720E+5
1.512000E-2	0.000000E+0	4.312740E+5
1.514000E-2	0.000000E+0	4.319500E+5
1.516000E-2	0.000000E+0	4.318270E+5
1.518000E-2	0.000000E+0	4.330740E+5
1.520000E-2	0.000000E+0	4.350230E+5
1.522000E-2	0.000000E+0	4.359890E+5
1.524000E-2	0.000000E+0	4.387360E+5
1.526000E-2	0.000000E+0	4.390310E+5
1.528000E-2	0.000000E+0	4.406180E+5
1.530000E-2	0.000000E+0	4.399030E+5
1.532000E-2	0.000000E+0	4.414720E+5
1.534000E-2	0.000000E+0	4.420010E+5
1.536000E-2	0.000000E+0	4.421800E+5
1.538000E-2	0.000000E+0	4.430520E+5
1.540000E-2	0.000000E+0	4.426090E+5
1.542000E-2	0.000000E+0	4.426190E+5
1.544000E-2	0.000000E+0	4.420020E+5
1.546000E-2	0.000000E+0	4.422370E+5
1.548000E-2	0.000000E+0	4.420700E+5
1.550000E-2	0.000000E+0	4.415830E+5
1.552000E-2	0.000000E+0	4.426740E+5
1.554000E-2	0.000000E+0	4.413540E+5
1.556000E-2	0.000000E+0	4.399310E+5
1.558000E-2	0.000000E+0	4.382600E+5
1.560000E-2	0.000000E+0	4.385190E+5
1.562000E-2	0.000000E+0	4.370470E+5
1.564000E-2	0.000000E+0	4.363270E+5
1.566000E-2	0.000000E+0	4.362270E+5
1.568000E-2	0.000000E+0	4.353570E+5
1.570000E-2	0.000000E+0	4.346690E+5
1.572000E-2	0.000000E+0	4.325840E+5
1.574000E-2	0.000000E+0	4.317090E+5
1.576000E-2	0.000000E+0	4.324450E+5
1.578000E-2	0.000000E+0	4.300520E+5
1.580000E-2	0.000000E+0	4.317720E+5
1.582000E-2	0.000000E+0	4.327670E+5
1.584000E-2	0.000000E+0	4.337270E+5
1.586000E-2	0.000000E+0	4.354020E+5
1.588000E-2	0.000000E+0	4.375070E+5
1.590000E-2	0.000000E+0	4.382930E+5
1.592000E-2	0.000000E+0	4.393080E+5
1.594000E-2	0.000000E+0	4.395830E+5
1.596000E-2	0.000000E+0	4.413290E+5
1.598000E-2	0.000000E+0	4.424070E+5
1.600000E-2	0.000000E+0	4.435870E+5
1.602000E-2	0.000000E+0	4.424780E+5
1.604000E-2	0.000000E+0	4.424470E+5
1.606000E-2	0.000000E+0	4.428210E+5
1.608000E-2	0.000000E+0	4.427920E+5
1.610000E-2	0.000000E+0	4.438890E+5
1.612000E-2	0.000000E+0	4.436630E+5
1.614000E-2	0.000000E+0	4.429210E+5
1.616000E-2	0.000000E+0	4.441870E+5
1.618000E-2	0.000000E+0	4.431080E+5
1.620000E-2	0.000000E+0	4.430410E+5
1.622000E-2	0.000000E+0	4.430560E+5
1.624000E-2	0.000000E+0	4.428240E+5
1.626000E-2	0.000000E+0	4.431590E+5
1.628000E-2	0.000000E+0	4.443740E+5
1.630000E-2	0.000000E+0	4.431060E+5
1.632000E-2	0.000000E+0	4.440260E+5
1.634000E-2	0.000000E+0	4.439220E+5
1.636000E-2	0.000000E+0	4.437930E+5
1.638000E-2	0.000000E+0	4.434580E+5
1.640000E-2	0.000000E+0	4.435530E+5
1.642000E-2	0.000000E+0	4.430710E+5
1.644000E-2	0.000000E+0	4.424510E+5
1.646000E-2	0.000000E+0	4.432870E+5
1.648000E-2	0.000000E+0	4.423760E+5
1.650000E-2	0.000000E+0	4.430060E+5
1.652000E-2	0.000000E+0	4.440070E+5
1.654000E-2	0.000000E+0	4.431250E+5
1.656000E-2	0.000000E+0	4.424600E+5
1.658000E-2	0.000000E+0	4.433050E+5
1.660000E-2	0.000000E+0	4.434260E+5
1.662000E-2	0.000000E+0	4.430390E+5
1.664000E-2	0.000000E+0	4.431360E+5
1.666000E-2	0.000000E+0	4.431290E+5
1.668000E-2	0.000000E+0	4.426610E+5
1.670000E-2	0.000000E+0	4.432490E+5
1.672000E-2	0.000000E+0	4.433970E+5
1.674000E-2	0.000000E+0	4.427530E+5
1.676000E-2	0.000000E+0	4.419600E+5
1.678000E-2	0.000000E+0	4.419090E+5
1.680000E-2	0.000000E+0	4.429930E+5
1.682000E-2	0.000000E+0	4.429480E+5
1.684000E-2	0.000000E+0	4.435390E+5
1.686000E-2	0.000000E+0	4.448400E+5
1.688000E-2	0.000000E+0	4.434180E+5
1.690000E-2	0.000000E+0	4.433720E+5
1.692000E-2	0.000000E+0	4.434820E+5
1.694000E-2	0.000000E+0	4.433160E+5
1.696000E-2	0.000000E+0	4.423570E+5
1.698000E-2	0.000000E+0	4.429190E+5
1.700000E-2	0.000000E+0	4.439300E+5
1.702000E-2	0.000000E+0	4.437220E+5
1.704000E-2	0.000000E+0	4.437980E+5
1.706000E-2	0.000000E+0	4.445120E+5
1.708000E-2	0.000000E+0	4.435580E+5
1.710000E-2	0.000000E+0	4.437600E+5
1.712000E-2	0.000000E+0	4.430600E+5
1.714000E-2	0.000000E+0	4.427890E+5
1.716000E-2	0.000000E+0	4.439000E+5
1.718000E-2	0.000000E+0	4.431660E+5
1.720000E-2	0.000000E+0	4.442370E+5
1.722000E-2	0.000000E+0	4.440820E+5
1.724000E-2	0.000000E+0	4.426810E+5
1.726000E-2	0.000000E+0	4.430400E+5
1.728000E-2	0.000000E+0	4.428230E+5
1.730000E-2	0.000000E+0	4.431090E+5
1.732000E-2	0.000000E+0	4.427900E+5
1.734000E-2	0.000000E+0	4.433480E+5
1.736000E-2	0.000000E+0	4.448190E+5
1.738000E-2	0.000000E+0	4.444040E+5
1.740000E-2	0.000000E+0	4.440540E+5
1.742000E-2	0.000000E+0	4.423880E+5
1.744000E-2	0.000000E+0	4.434750E+5
1.746000E-2	0.000000E+0	4.438200E+5
1.748000E-2	0.000000E+0	4.429590E+5
1.750000E-2	0.000000E+0	4.432780E+5
1.752000E-2	0.000000E+0	4.441610E+5
1.754000E-2	0.000000E+0	4.426310E+5
1.756000E-2	0.000000E+0	4.426360E+5
1.758000E-2	0.000000E+0	4.434620E+5
1.760000E-2	0.000000E+0	4.434380E+5
1.762000E-2	0.000000E+0	4.436470E+5
1.764000E-2	0.000000E+0	4.439170E+5
1.766000E-2	0.000000E+0	4.433540E+5
1.768000E-2	0.000000E+0	4.433810E+5
1.770000E-2	0.000000E+0	4.432420E+5
1.772000E-2	0.000000E+0	4.443220E+5
1.774000E-2	0.000000E+0	4.432490E+5
1.776000E-2	0.000000E+0	4.428460E+5
1.778000E-2	0.000000E+0	4.439780E+5
1.780000E-2	0.000000E+0	4.423910E+5
1.782000E-2	0.000000E+0	4.432790E+5
1.784000E-2	0.000000E+0	4.428890E+5
1.786000E-2	0.000000E+0	4.429930E+5
1.788000E-2	0.000000E+0	4.434620E+5
1.790000E-2	0.000000E+0	4.439900E+5
1.792000E-2	0.000000E+0	4.425080E+5
1.794000E-2	0.000000E+0	4.436430E+5
1.796000E-2	0.000000E+0	4.436240E+5
1.798000E-2	0.000000E+0	4.442710E+5
1.800000E-2	0.000000E+0	4.424110E+5
1.802000E-2	0.000000E+0	4.430730E+5
1.804000E-2	0.000000E+0	4.418850E+5
1.806000E-2	0.000000E+0	4.430200E+5
1.808000E-2	0.000000E+0	4.433160E+5
1.810000E-2	0.000000E+0	4.437690E+5
1.812000E-2	0.000000E+0	4.442130E+5
1.814000E-2	0.000000E+0	4.443390E+5
1.816000E-2	0.000000E+0	4.439300E+5
1.818000E-2	0.000000E+0	4.430900E+5
1.820000E-2	0.000000E+0	4.441490E+5
1.822000E-2	0.000000E+0	4.429550E+5
1.824000E-2	0.000000E+0	4.433160E+5
1.826000E-2	0.000000E+0	4.440030E+5
1.828000E-2	0.000000E+0	4.433720E+5
1.830000E-2	0.000000E+0	4.423320E+5
1.832000E-2	0.000000E+0	4.436740E+5
1.834000E-2	0.000000E+0	4.430510E+5
1.836000E-2	0.000000E+0	4.442940E+5
1.838000E-2	0.000000E+0	4.429290E+5
1.840000E-2	0.000000E+0	4.431490E+5
1.842000E-2	0.000000E+0	4.428070E+5
1.844000E-2	0.000000E+0	4.424290E+5
1.846000E-2	0.000000E+0	4.417060E+5
1.848000E-2	0.000000E+0	4.441560E+5
1.850000E-2	0.000000E+0	4.436500E+5
1.852000E-2	0.000000E+0	4.441310E+5
1.854000E-2	0.000000E+0	4.446310E+5
1.856000E-2	0.000000E+0	4.426840E+5
1.858000E-2	0.000000E+0	4.429670E+5
1.860000E-2	0.000000E+0	4.437830E+5
1.862000E-2	0.000000E+0	4.428170E+5
1.864000E-2	0.000000E+0	4.423340E+5
1.866000E-2	0.000000E+0	4.437670E+5
1.868000E-2	0.000000E+0	4.425620E+5
1.870000E-2	0.000000E+0	4.432270E+5
1.872000E-2	0.000000E+0	4.437610E+5
1.874000E-2	0.000000E+0	4.419160E+5
1.876000E-2	0.000000E+0	4.430270E+5
1.878000E-2	0.000000E+0	4.430200E+5
1.880000E-2	0.000000E+0	4.431250E+5
1.882000E-2	0.000000E+0	4.432470E+5
1.884000E-2	0.000000E+0	4.439570E+5
1.886000E-2	0.000000E+0	4.437690E+5
1.888000E-2	0.000000E+0	4.423210E+5
1.890000E-2	0.000000E+0	4.429470E+5
1.892000E-2	0.000000E+0	4.443740E+5
1.894000E-2	0.000000E+0	4.436620E+5
1.896000E-2	0.000000E+0	4.435240E+5
1.898000E-2	0.000000E+0	4.434450E+5
1.900000E-2	0.000000E+0	4.425310E+5
1.902000E-2	0.000000E+0	4.424860E+5
1.904000E-2	0.000000E+0	4.437400E+5
1.906000E-2	0.000000E+0	4.437140E+5
1.908000E-2	0.000000E+0	4.434980E+5
1.910000E-2	0.000000E+0	4.423520E+5
1.912000E-2	0.000000E+0	4.426040E+5
1.914000E-2	0.000000E+0	4.430850E+5
1.916000E-2	0.000000E+0	4.424490E+5
1.918000E-2	0.000000E+0	4.424430E+5
1.920000E-2	0.000000E+0	4.437180E+5
1.922000E-2	0.000000E+0	4.431110E+5
1.924000E-2	0.000000E+0	4.430460E+5
1.926000E-2	0.000000E+0	4.440470E+5
1.928000E-2	0.000000E+0	4.442020E+5
1.930000E-2	0.000000E+0	4.434400E+5
1.932000E-2	0.000000E+0	4.430940E+5
1.934000E-2	0.000000E+0	4.434370E+5
1.936000E-2	0.000000E+0	4.425250E+5
1.938000E-2	0.000000E+0	4.436690E+5
1.940000E-2	0.000000E+0	4.422390E+5
1.942000E-2	0.000000E+0	4.446470E+5
1.944000E-2	0.000000E+0	4.437800E+5
1.946000E-2	0.000000E+0	4.426510E+5
1.948000E-2	0.000000E+0	4.437350E+5
1.950000E-2	0.000000E+0	4.433660E+5
1.952000E-2	0.000000E+0	4.441850E+5
1.954000E-2	0.000000E+0	4.432770E+5
1.956000E-2	0.000000E+0	4.439430E+5
1.958000E-2	0.000000E+0	4.431250E+5
1.960000E-2	0.000000E+0	4.433130E+5
1.962000E-2	0.000000E+0	4.426790E+5
1.964000E-2	0.000000E+0	4.439510E+5
1.966000E-2	0.000000E+0	4.438120E+5
1.968000E-2	0.000000E+0	4.432640E+5
1.970000E-2	0.000000E+0	4.429320E+5
1.972000E-2	0.000000E+0	4.436240E+5
1.974000E-2	0.000000E+0	4.437710E+5
1.976000E-2	0.000000E+0	4.420430E+5
1.978000E-2	0.000000E+0	4.428290E+5
1.980000E-2	0.000000E+0	4.440840E+5
1.982000E-2	0.000000E+0	4.428710E+5
1.984000E-2	0.000000E+0	4.438210E+5
1.986000E-2	0.000000E+0	4.426730E+5
1.988000E-2	0.000000E+0	4.422690E+5
1.990000E-2	0.000000E+0	4.435480E+5
1.992000E-2	0.000000E+0	4.427320E+5
1.994000E-2	0.000000E+0	4.444920E+5
1.996000E-2	0.000000E+0	4.424770E+5
1.998000E-2	0.000000E+0	4.436130E+5
