

live time:  169144.480000
real time:  234003.339000
sweeps:  8457224.000000
0.000000E+0	0.000000E+0	0.000000E+0
2.000000E-5	0.000000E+0	3.708850E+5
4.000000E-5	0.000000E+0	3.713620E+5
6.000000E-5	0.000000E+0	3.708780E+5
8.000000E-5	0.000000E+0	3.712760E+5
1.000000E-4	0.000000E+0	3.697680E+5
1.200000E-4	0.000000E+0	3.712880E+5
1.400000E-4	0.000000E+0	3.715080E+5
1.600000E-4	0.000000E+0	3.713050E+5
1.800000E-4	0.000000E+0	3.707680E+5
2.000000E-4	0.000000E+0	3.707680E+5
2.200000E-4	0.000000E+0	3.709070E+5
2.400000E-4	0.000000E+0	3.697430E+5
2.600000E-4	0.000000E+0	3.699240E+5
2.800000E-4	0.000000E+0	3.705670E+5
3.000000E-4	0.000000E+0	3.719620E+5
3.200000E-4	0.000000E+0	3.711260E+5
3.400000E-4	0.000000E+0	3.708430E+5
3.600000E-4	0.000000E+0	3.716350E+5
3.800000E-4	0.000000E+0	3.706340E+5
4.000000E-4	0.000000E+0	3.700010E+5
4.200000E-4	0.000000E+0	3.706740E+5
4.400000E-4	0.000000E+0	3.705910E+5
4.600000E-4	0.000000E+0	3.715680E+5
4.800000E-4	0.000000E+0	3.705280E+5
5.000000E-4	0.000000E+0	3.709630E+5
5.200000E-4	0.000000E+0	3.711230E+5
5.400000E-4	0.000000E+0	3.705760E+5
5.600000E-4	0.000000E+0	3.699840E+5
5.800000E-4	0.000000E+0	3.708210E+5
6.000000E-4	0.000000E+0	3.713020E+5
6.200000E-4	0.000000E+0	3.704000E+5
6.400000E-4	0.000000E+0	3.719820E+5
6.600000E-4	0.000000E+0	3.698430E+5
6.800000E-4	0.000000E+0	3.705840E+5
7.000000E-4	0.000000E+0	3.712280E+5
7.200000E-4	0.000000E+0	3.720750E+5
7.400000E-4	0.000000E+0	3.702100E+5
7.600000E-4	0.000000E+0	3.705170E+5
7.800000E-4	0.000000E+0	3.694800E+5
8.000000E-4	0.000000E+0	3.711420E+5
8.200000E-4	0.000000E+0	3.709900E+5
8.400000E-4	0.000000E+0	3.706850E+5
8.600000E-4	0.000000E+0	3.716520E+5
8.800000E-4	0.000000E+0	3.704120E+5
9.000000E-4	0.000000E+0	3.718620E+5
9.200000E-4	0.000000E+0	3.702860E+5
9.400000E-4	0.000000E+0	3.709200E+5
9.600000E-4	0.000000E+0	3.699420E+5
9.800000E-4	0.000000E+0	3.721410E+5
1.000000E-3	0.000000E+0	3.713580E+5
1.020000E-3	0.000000E+0	3.708100E+5
1.040000E-3	0.000000E+0	3.708320E+5
1.060000E-3	0.000000E+0	3.705050E+5
1.080000E-3	0.000000E+0	3.706730E+5
1.100000E-3	0.000000E+0	3.700340E+5
1.120000E-3	0.000000E+0	3.714010E+5
1.140000E-3	0.000000E+0	3.701210E+5
1.160000E-3	0.000000E+0	3.705930E+5
1.180000E-3	0.000000E+0	3.704940E+5
1.200000E-3	0.000000E+0	3.712530E+5
1.220000E-3	0.000000E+0	3.713210E+5
1.240000E-3	0.000000E+0	3.707370E+5
1.260000E-3	0.000000E+0	3.705620E+5
1.280000E-3	0.000000E+0	3.713000E+5
1.300000E-3	0.000000E+0	3.697830E+5
1.320000E-3	0.000000E+0	3.716650E+5
1.340000E-3	0.000000E+0	3.709780E+5
1.360000E-3	0.000000E+0	3.699330E+5
1.380000E-3	0.000000E+0	3.719850E+5
1.400000E-3	0.000000E+0	3.708610E+5
1.420000E-3	0.000000E+0	3.712370E+5
1.440000E-3	0.000000E+0	3.709070E+5
1.460000E-3	0.000000E+0	3.698090E+5
1.480000E-3	0.000000E+0	3.719190E+5
1.500000E-3	0.000000E+0	3.709260E+5
1.520000E-3	0.000000E+0	3.708940E+5
1.540000E-3	0.000000E+0	3.711880E+5
1.560000E-3	0.000000E+0	3.710770E+5
1.580000E-3	0.000000E+0	3.708260E+5
1.600000E-3	0.000000E+0	3.704750E+5
1.620000E-3	0.000000E+0	3.704920E+5
1.640000E-3	0.000000E+0	3.699040E+5
1.660000E-3	0.000000E+0	3.715030E+5
1.680000E-3	0.000000E+0	3.704510E+5
1.700000E-3	0.000000E+0	3.700900E+5
1.720000E-3	0.000000E+0	3.710560E+5
1.740000E-3	0.000000E+0	3.719290E+5
1.760000E-3	0.000000E+0	3.711790E+5
1.780000E-3	0.000000E+0	3.718240E+5
1.800000E-3	0.000000E+0	3.719670E+5
1.820000E-3	0.000000E+0	3.704230E+5
1.840000E-3	0.000000E+0	3.700790E+5
1.860000E-3	0.000000E+0	3.708630E+5
1.880000E-3	0.000000E+0	3.706860E+5
1.900000E-3	0.000000E+0	3.700230E+5
1.920000E-3	0.000000E+0	3.704940E+5
1.940000E-3	0.000000E+0	3.709350E+5
1.960000E-3	0.000000E+0	3.707700E+5
1.980000E-3	0.000000E+0	3.713840E+5
2.000000E-3	0.000000E+0	3.704680E+5
2.020000E-3	0.000000E+0	3.709870E+5
2.040000E-3	0.000000E+0	3.706210E+5
2.060000E-3	0.000000E+0	3.714820E+5
2.080000E-3	0.000000E+0	3.719430E+5
2.100000E-3	0.000000E+0	3.718610E+5
2.120000E-3	0.000000E+0	3.715260E+5
2.140000E-3	0.000000E+0	3.698170E+5
2.160000E-3	0.000000E+0	3.698280E+5
2.180000E-3	0.000000E+0	3.711880E+5
2.200000E-3	0.000000E+0	3.713430E+5
2.220000E-3	0.000000E+0	3.715960E+5
2.240000E-3	0.000000E+0	3.703670E+5
2.260000E-3	0.000000E+0	3.711340E+5
2.280000E-3	0.000000E+0	3.710180E+5
2.300000E-3	0.000000E+0	3.712820E+5
2.320000E-3	0.000000E+0	3.707650E+5
2.340000E-3	0.000000E+0	3.706780E+5
2.360000E-3	0.000000E+0	3.707280E+5
2.380000E-3	0.000000E+0	3.720590E+5
2.400000E-3	0.000000E+0	3.696400E+5
2.420000E-3	0.000000E+0	3.705200E+5
2.440000E-3	0.000000E+0	3.700760E+5
2.460000E-3	0.000000E+0	3.707290E+5
2.480000E-3	0.000000E+0	3.722210E+5
2.500000E-3	0.000000E+0	3.705720E+5
2.520000E-3	0.000000E+0	3.713600E+5
2.540000E-3	0.000000E+0	3.699140E+5
2.560000E-3	0.000000E+0	3.707540E+5
2.580000E-3	0.000000E+0	3.701060E+5
2.600000E-3	0.000000E+0	3.715730E+5
2.620000E-3	0.000000E+0	3.705130E+5
2.640000E-3	0.000000E+0	3.696940E+5
2.660000E-3	0.000000E+0	3.712640E+5
2.680000E-3	0.000000E+0	3.705730E+5
2.700000E-3	0.000000E+0	3.707170E+5
2.720000E-3	0.000000E+0	3.692120E+5
2.740000E-3	0.000000E+0	3.710930E+5
2.760000E-3	0.000000E+0	3.705110E+5
2.780000E-3	0.000000E+0	3.710710E+5
2.800000E-3	0.000000E+0	3.706540E+5
2.820000E-3	0.000000E+0	3.704830E+5
2.840000E-3	0.000000E+0	3.700070E+5
2.860000E-3	0.000000E+0	3.715830E+5
2.880000E-3	0.000000E+0	3.710140E+5
2.900000E-3	0.000000E+0	3.711780E+5
2.920000E-3	0.000000E+0	3.698910E+5
2.940000E-3	0.000000E+0	3.707950E+5
2.960000E-3	0.000000E+0	3.706040E+5
2.980000E-3	0.000000E+0	3.698020E+5
3.000000E-3	0.000000E+0	3.709330E+5
3.020000E-3	0.000000E+0	3.709810E+5
3.040000E-3	0.000000E+0	3.715810E+5
3.060000E-3	0.000000E+0	3.724270E+5
3.080000E-3	0.000000E+0	3.706140E+5
3.100000E-3	0.000000E+0	3.699380E+5
3.120000E-3	0.000000E+0	3.714900E+5
3.140000E-3	0.000000E+0	3.710770E+5
3.160000E-3	0.000000E+0	3.706680E+5
3.180000E-3	0.000000E+0	3.711560E+5
3.200000E-3	0.000000E+0	3.709300E+5
3.220000E-3	0.000000E+0	3.715350E+5
3.240000E-3	0.000000E+0	3.717050E+5
3.260000E-3	0.000000E+0	3.712310E+5
3.280000E-3	0.000000E+0	3.707860E+5
3.300000E-3	0.000000E+0	3.698940E+5
3.320000E-3	0.000000E+0	3.707760E+5
3.340000E-3	0.000000E+0	3.703540E+5
3.360000E-3	0.000000E+0	3.698620E+5
3.380000E-3	0.000000E+0	3.699860E+5
3.400000E-3	0.000000E+0	3.709570E+5
3.420000E-3	0.000000E+0	3.715390E+5
3.440000E-3	0.000000E+0	3.701950E+5
3.460000E-3	0.000000E+0	3.712970E+5
3.480000E-3	0.000000E+0	3.704570E+5
3.500000E-3	0.000000E+0	3.709860E+5
3.520000E-3	0.000000E+0	3.702570E+5
3.540000E-3	0.000000E+0	3.709840E+5
3.560000E-3	0.000000E+0	3.704000E+5
3.580000E-3	0.000000E+0	3.700770E+5
3.600000E-3	0.000000E+0	3.702560E+5
3.620000E-3	0.000000E+0	3.693040E+5
3.640000E-3	0.000000E+0	3.713940E+5
3.660000E-3	0.000000E+0	3.703540E+5
3.680000E-3	0.000000E+0	3.703700E+5
3.700000E-3	0.000000E+0	3.700800E+5
3.720000E-3	0.000000E+0	3.708120E+5
3.740000E-3	0.000000E+0	3.702960E+5
3.760000E-3	0.000000E+0	3.705930E+5
3.780000E-3	0.000000E+0	3.699480E+5
3.800000E-3	0.000000E+0	3.702160E+5
3.820000E-3	0.000000E+0	3.700250E+5
3.840000E-3	0.000000E+0	3.705950E+5
3.860000E-3	0.000000E+0	3.704180E+5
3.880000E-3	0.000000E+0	3.697800E+5
3.900000E-3	0.000000E+0	3.713450E+5
3.920000E-3	0.000000E+0	3.720020E+5
3.940000E-3	0.000000E+0	3.714390E+5
3.960000E-3	0.000000E+0	3.715400E+5
3.980000E-3	0.000000E+0	3.709140E+5
4.000000E-3	0.000000E+0	3.707950E+5
4.020000E-3	0.000000E+0	3.713450E+5
4.040000E-3	0.000000E+0	3.703110E+5
4.060000E-3	0.000000E+0	3.713930E+5
4.080000E-3	0.000000E+0	3.709750E+5
4.100000E-3	0.000000E+0	3.709940E+5
4.120000E-3	0.000000E+0	3.706280E+5
4.140000E-3	0.000000E+0	3.700290E+5
4.160000E-3	0.000000E+0	3.716550E+5
4.180000E-3	0.000000E+0	3.702550E+5
4.200000E-3	0.000000E+0	3.709320E+5
4.220000E-3	0.000000E+0	3.706710E+5
4.240000E-3	0.000000E+0	3.707080E+5
4.260000E-3	0.000000E+0	3.700510E+5
4.280000E-3	0.000000E+0	3.714230E+5
4.300000E-3	0.000000E+0	3.709250E+5
4.320000E-3	0.000000E+0	3.702390E+5
4.340000E-3	0.000000E+0	3.701680E+5
4.360000E-3	0.000000E+0	3.702500E+5
4.380000E-3	0.000000E+0	3.700780E+5
4.400000E-3	0.000000E+0	3.708140E+5
4.420000E-3	0.000000E+0	3.706020E+5
4.440000E-3	0.000000E+0	3.701950E+5
4.460000E-3	0.000000E+0	3.704650E+5
4.480000E-3	0.000000E+0	3.701060E+5
4.500000E-3	0.000000E+0	3.708130E+5
4.520000E-3	0.000000E+0	3.698490E+5
4.540000E-3	0.000000E+0	3.700350E+5
4.560000E-3	0.000000E+0	3.696700E+5
4.580000E-3	0.000000E+0	3.704650E+5
4.600000E-3	0.000000E+0	3.704310E+5
4.620000E-3	0.000000E+0	3.700260E+5
4.640000E-3	0.000000E+0	3.709300E+5
4.660000E-3	0.000000E+0	3.703160E+5
4.680000E-3	0.000000E+0	3.704920E+5
4.700000E-3	0.000000E+0	3.709260E+5
4.720000E-3	0.000000E+0	3.710600E+5
4.740000E-3	0.000000E+0	3.695670E+5
4.760000E-3	0.000000E+0	3.709010E+5
4.780000E-3	0.000000E+0	3.698300E+5
4.800000E-3	0.000000E+0	3.701990E+5
4.820000E-3	0.000000E+0	3.698760E+5
4.840000E-3	0.000000E+0	3.701420E+5
4.860000E-3	0.000000E+0	3.688370E+5
4.880000E-3	0.000000E+0	3.679580E+5
4.900000E-3	0.000000E+0	3.681650E+5
4.920000E-3	0.000000E+0	3.660650E+5
4.940000E-3	0.000000E+0	3.650450E+5
4.960000E-3	0.000000E+0	3.651930E+5
4.980000E-3	0.000000E+0	3.654420E+5
5.000000E-3	0.000000E+0	3.636610E+5
5.020000E-3	0.000000E+0	3.634530E+5
5.040000E-3	0.000000E+0	3.616700E+5
5.060000E-3	0.000000E+0	3.608230E+5
5.080000E-3	0.000000E+0	3.603670E+5
5.100000E-3	0.000000E+0	3.605090E+5
5.120000E-3	0.000000E+0	3.600350E+5
5.140000E-3	0.000000E+0	3.613210E+5
5.160000E-3	0.000000E+0	3.624850E+5
5.180000E-3	0.000000E+0	3.637740E+5
5.200000E-3	0.000000E+0	3.648250E+5
5.220000E-3	0.000000E+0	3.656090E+5
5.240000E-3	0.000000E+0	3.657360E+5
5.260000E-3	0.000000E+0	3.682730E+5
5.280000E-3	0.000000E+0	3.667330E+5
5.300000E-3	0.000000E+0	3.683130E+5
5.320000E-3	0.000000E+0	3.696820E+5
5.340000E-3	0.000000E+0	3.692940E+5
5.360000E-3	0.000000E+0	3.707300E+5
5.380000E-3	0.000000E+0	3.693080E+5
5.400000E-3	0.000000E+0	3.706120E+5
5.420000E-3	0.000000E+0	3.696250E+5
5.440000E-3	0.000000E+0	3.694660E+5
5.460000E-3	0.000000E+0	3.691110E+5
5.480000E-3	0.000000E+0	3.687340E+5
5.500000E-3	0.000000E+0	3.693880E+5
5.520000E-3	0.000000E+0	3.685180E+5
5.540000E-3	0.000000E+0	3.680900E+5
5.560000E-3	0.000000E+0	3.664540E+5
5.580000E-3	0.000000E+0	3.661370E+5
5.600000E-3	0.000000E+0	3.643250E+5
5.620000E-3	0.000000E+0	3.646690E+5
5.640000E-3	0.000000E+0	3.654640E+5
5.660000E-3	0.000000E+0	3.637400E+5
5.680000E-3	0.000000E+0	3.635780E+5
5.700000E-3	0.000000E+0	3.620920E+5
5.720000E-3	0.000000E+0	3.612160E+5
5.740000E-3	0.000000E+0	3.610870E+5
5.760000E-3	0.000000E+0	3.616290E+5
5.780000E-3	0.000000E+0	3.619150E+5
5.800000E-3	0.000000E+0	3.625060E+5
5.820000E-3	0.000000E+0	3.636990E+5
5.840000E-3	0.000000E+0	3.648880E+5
5.860000E-3	0.000000E+0	3.657910E+5
5.880000E-3	0.000000E+0	3.669820E+5
5.900000E-3	0.000000E+0	3.683500E+5
5.920000E-3	0.000000E+0	3.692320E+5
5.940000E-3	0.000000E+0	3.683060E+5
5.960000E-3	0.000000E+0	3.691300E+5
5.980000E-3	0.000000E+0	3.700750E+5
6.000000E-3	0.000000E+0	3.696190E+5
6.020000E-3	0.000000E+0	3.701770E+5
6.040000E-3	0.000000E+0	3.705250E+5
6.060000E-3	0.000000E+0	3.702380E+5
6.080000E-3	0.000000E+0	3.703560E+5
6.100000E-3	0.000000E+0	3.698300E+5
6.120000E-3	0.000000E+0	3.707080E+5
6.140000E-3	0.000000E+0	3.705480E+5
6.160000E-3	0.000000E+0	3.699900E+5
6.180000E-3	0.000000E+0	3.707630E+5
6.200000E-3	0.000000E+0	3.704600E+5
6.220000E-3	0.000000E+0	3.708440E+5
6.240000E-3	0.000000E+0	3.698950E+5
6.260000E-3	0.000000E+0	3.700770E+5
6.280000E-3	0.000000E+0	3.719080E+5
6.300000E-3	0.000000E+0	3.713080E+5
6.320000E-3	0.000000E+0	3.707130E+5
6.340000E-3	0.000000E+0	3.709490E+5
6.360000E-3	0.000000E+0	3.700550E+5
6.380000E-3	0.000000E+0	3.709210E+5
6.400000E-3	0.000000E+0	3.701780E+5
6.420000E-3	0.000000E+0	3.699860E+5
6.440000E-3	0.000000E+0	3.721350E+5
6.460000E-3	0.000000E+0	3.706820E+5
6.480000E-3	0.000000E+0	3.703360E+5
6.500000E-3	0.000000E+0	3.702710E+5
6.520000E-3	0.000000E+0	3.707930E+5
6.540000E-3	0.000000E+0	3.701980E+5
6.560000E-3	0.000000E+0	3.712600E+5
6.580000E-3	0.000000E+0	3.703550E+5
6.600000E-3	0.000000E+0	3.711920E+5
6.620000E-3	0.000000E+0	3.705720E+5
6.640000E-3	0.000000E+0	3.702490E+5
6.660000E-3	0.000000E+0	3.700810E+5
6.680000E-3	0.000000E+0	3.706870E+5
6.700000E-3	0.000000E+0	3.709600E+5
6.720000E-3	0.000000E+0	3.707240E+5
6.740000E-3	0.000000E+0	3.712100E+5
6.760000E-3	0.000000E+0	3.714670E+5
6.780000E-3	0.000000E+0	3.697760E+5
6.800000E-3	0.000000E+0	3.710240E+5
6.820000E-3	0.000000E+0	3.709460E+5
6.840000E-3	0.000000E+0	3.703850E+5
6.860000E-3	0.000000E+0	3.707780E+5
6.880000E-3	0.000000E+0	3.713090E+5
6.900000E-3	0.000000E+0	3.695750E+5
6.920000E-3	0.000000E+0	3.698140E+5
6.940000E-3	0.000000E+0	3.706880E+5
6.960000E-3	0.000000E+0	3.690240E+5
6.980000E-3	0.000000E+0	3.704670E+5
7.000000E-3	0.000000E+0	3.703920E+5
7.020000E-3	0.000000E+0	3.707280E+5
7.040000E-3	0.000000E+0	3.708270E+5
7.060000E-3	0.000000E+0	3.709920E+5
7.080000E-3	0.000000E+0	3.707850E+5
7.100000E-3	0.000000E+0	3.704790E+5
7.120000E-3	0.000000E+0	3.709660E+5
7.140000E-3	0.000000E+0	3.707200E+5
7.160000E-3	0.000000E+0	3.713870E+5
7.180000E-3	0.000000E+0	3.703000E+5
7.200000E-3	0.000000E+0	3.709910E+5
7.220000E-3	0.000000E+0	3.709870E+5
7.240000E-3	0.000000E+0	3.709000E+5
7.260000E-3	0.000000E+0	3.703040E+5
7.280000E-3	0.000000E+0	3.705490E+5
7.300000E-3	0.000000E+0	3.702430E+5
7.320000E-3	0.000000E+0	3.711700E+5
7.340000E-3	0.000000E+0	3.714480E+5
7.360000E-3	0.000000E+0	3.707600E+5
7.380000E-3	0.000000E+0	3.711820E+5
7.400000E-3	0.000000E+0	3.704860E+5
7.420000E-3	0.000000E+0	3.705870E+5
7.440000E-3	0.000000E+0	3.706550E+5
7.460000E-3	0.000000E+0	3.713150E+5
7.480000E-3	0.000000E+0	3.704240E+5
7.500000E-3	0.000000E+0	3.712860E+5
7.520000E-3	0.000000E+0	3.713290E+5
7.540000E-3	0.000000E+0	3.709690E+5
7.560000E-3	0.000000E+0	3.714030E+5
7.580000E-3	0.000000E+0	3.708350E+5
7.600000E-3	0.000000E+0	3.700780E+5
7.620000E-3	0.000000E+0	3.711760E+5
7.640000E-3	0.000000E+0	3.717760E+5
7.660000E-3	0.000000E+0	3.705100E+5
7.680000E-3	0.000000E+0	3.705080E+5
7.700000E-3	0.000000E+0	3.701870E+5
7.720000E-3	0.000000E+0	3.709270E+5
7.740000E-3	0.000000E+0	3.703630E+5
7.760000E-3	0.000000E+0	3.703850E+5
7.780000E-3	0.000000E+0	3.719920E+5
7.800000E-3	0.000000E+0	3.705840E+5
7.820000E-3	0.000000E+0	3.706140E+5
7.840000E-3	0.000000E+0	3.717180E+5
7.860000E-3	0.000000E+0	3.706970E+5
7.880000E-3	0.000000E+0	3.707380E+5
7.900000E-3	0.000000E+0	3.704550E+5
7.920000E-3	0.000000E+0	3.703330E+5
7.940000E-3	0.000000E+0	3.716280E+5
7.960000E-3	0.000000E+0	3.717630E+5
7.980000E-3	0.000000E+0	3.718750E+5
8.000000E-3	0.000000E+0	3.711570E+5
8.020000E-3	0.000000E+0	3.709440E+5
8.040000E-3	0.000000E+0	3.696640E+5
8.060000E-3	0.000000E+0	3.702170E+5
8.080000E-3	0.000000E+0	3.711660E+5
8.100000E-3	0.000000E+0	3.711440E+5
8.120000E-3	0.000000E+0	3.709600E+5
8.140000E-3	0.000000E+0	3.702050E+5
8.160000E-3	0.000000E+0	3.709160E+5
8.180000E-3	0.000000E+0	3.705540E+5
8.200000E-3	0.000000E+0	3.711130E+5
8.220000E-3	0.000000E+0	3.704730E+5
8.240000E-3	0.000000E+0	3.711600E+5
8.260000E-3	0.000000E+0	3.721580E+5
8.280000E-3	0.000000E+0	3.702440E+5
8.300000E-3	0.000000E+0	3.709320E+5
8.320000E-3	0.000000E+0	3.701470E+5
8.340000E-3	0.000000E+0	3.704990E+5
8.360000E-3	0.000000E+0	3.705880E+5
8.380000E-3	0.000000E+0	3.691930E+5
8.400000E-3	0.000000E+0	3.702820E+5
8.420000E-3	0.000000E+0	3.706790E+5
8.440000E-3	0.000000E+0	3.712800E+5
8.460000E-3	0.000000E+0	3.712730E+5
8.480000E-3	0.000000E+0	3.720020E+5
8.500000E-3	0.000000E+0	3.697480E+5
8.520000E-3	0.000000E+0	3.715500E+5
8.540000E-3	0.000000E+0	3.710820E+5
8.560000E-3	0.000000E+0	3.708910E+5
8.580000E-3	0.000000E+0	3.722560E+5
8.600000E-3	0.000000E+0	3.703760E+5
8.620000E-3	0.000000E+0	3.719200E+5
8.640000E-3	0.000000E+0	3.706890E+5
8.660000E-3	0.000000E+0	3.705530E+5
8.680000E-3	0.000000E+0	3.709120E+5
8.700000E-3	0.000000E+0	3.691880E+5
8.720000E-3	0.000000E+0	3.714410E+5
8.740000E-3	0.000000E+0	3.699860E+5
8.760000E-3	0.000000E+0	3.707070E+5
8.780000E-3	0.000000E+0	3.710260E+5
8.800000E-3	0.000000E+0	3.716020E+5
8.820000E-3	0.000000E+0	3.710330E+5
8.840000E-3	0.000000E+0	3.704280E+5
8.860000E-3	0.000000E+0	3.720140E+5
8.880000E-3	0.000000E+0	3.704580E+5
8.900000E-3	0.000000E+0	3.711740E+5
8.920000E-3	0.000000E+0	3.699400E+5
8.940000E-3	0.000000E+0	3.699620E+5
8.960000E-3	0.000000E+0	3.714130E+5
8.980000E-3	0.000000E+0	3.704330E+5
9.000000E-3	0.000000E+0	3.699410E+5
9.020000E-3	0.000000E+0	3.697470E+5
9.040000E-3	0.000000E+0	3.711550E+5
9.060000E-3	0.000000E+0	3.726070E+5
9.080000E-3	0.000000E+0	3.709980E+5
9.100000E-3	0.000000E+0	3.715780E+5
9.120000E-3	0.000000E+0	3.703510E+5
9.140000E-3	0.000000E+0	3.710370E+5
9.160000E-3	0.000000E+0	3.712350E+5
9.180000E-3	0.000000E+0	3.698930E+5
9.200000E-3	0.000000E+0	3.705200E+5
9.220000E-3	0.000000E+0	3.709170E+5
9.240000E-3	0.000000E+0	3.712720E+5
9.260000E-3	0.000000E+0	3.716980E+5
9.280000E-3	0.000000E+0	3.719280E+5
9.300000E-3	0.000000E+0	3.712130E+5
9.320000E-3	0.000000E+0	3.703210E+5
9.340000E-3	0.000000E+0	3.709950E+5
9.360000E-3	0.000000E+0	3.702840E+5
9.380000E-3	0.000000E+0	3.718470E+5
9.400000E-3	0.000000E+0	3.715020E+5
9.420000E-3	0.000000E+0	3.719700E+5
9.440000E-3	0.000000E+0	3.707340E+5
9.460000E-3	0.000000E+0	3.719110E+5
9.480000E-3	0.000000E+0	3.708450E+5
9.500000E-3	0.000000E+0	3.699460E+5
9.520000E-3	0.000000E+0	3.713690E+5
9.540000E-3	0.000000E+0	3.699920E+5
9.560000E-3	0.000000E+0	3.706840E+5
9.580000E-3	0.000000E+0	3.707970E+5
9.600000E-3	0.000000E+0	3.711380E+5
9.620000E-3	0.000000E+0	3.705150E+5
9.640000E-3	0.000000E+0	3.705360E+5
9.660000E-3	0.000000E+0	3.712740E+5
9.680000E-3	0.000000E+0	3.697350E+5
9.700000E-3	0.000000E+0	3.703180E+5
9.720000E-3	0.000000E+0	3.712190E+5
9.740000E-3	0.000000E+0	3.710170E+5
9.760000E-3	0.000000E+0	3.706490E+5
9.780000E-3	0.000000E+0	3.711680E+5
9.800000E-3	0.000000E+0	3.714240E+5
9.820000E-3	0.000000E+0	3.718690E+5
9.840000E-3	0.000000E+0	3.709940E+5
9.860000E-3	0.000000E+0	3.705730E+5
9.880000E-3	0.000000E+0	3.715790E+5
9.900000E-3	0.000000E+0	3.716120E+5
9.920000E-3	0.000000E+0	3.701010E+5
9.940000E-3	0.000000E+0	3.696830E+5
9.960000E-3	0.000000E+0	3.701560E+5
9.980000E-3	0.000000E+0	3.718620E+5
1.000000E-2	0.000000E+0	3.703090E+5
1.002000E-2	0.000000E+0	3.707940E+5
1.004000E-2	0.000000E+0	3.713770E+5
1.006000E-2	0.000000E+0	3.714150E+5
1.008000E-2	0.000000E+0	3.707230E+5
1.010000E-2	0.000000E+0	3.708430E+5
1.012000E-2	0.000000E+0	3.719870E+5
1.014000E-2	0.000000E+0	3.725680E+5
1.016000E-2	0.000000E+0	3.715120E+5
1.018000E-2	0.000000E+0	3.709960E+5
1.020000E-2	0.000000E+0	3.716110E+5
1.022000E-2	0.000000E+0	3.709110E+5
1.024000E-2	0.000000E+0	3.705280E+5
1.026000E-2	0.000000E+0	3.723440E+5
1.028000E-2	0.000000E+0	3.706630E+5
1.030000E-2	0.000000E+0	3.714860E+5
1.032000E-2	0.000000E+0	3.704360E+5
1.034000E-2	0.000000E+0	3.715230E+5
1.036000E-2	0.000000E+0	3.708480E+5
1.038000E-2	0.000000E+0	3.716300E+5
1.040000E-2	0.000000E+0	3.707240E+5
1.042000E-2	0.000000E+0	3.707170E+5
1.044000E-2	0.000000E+0	3.707960E+5
1.046000E-2	0.000000E+0	3.714270E+5
1.048000E-2	0.000000E+0	3.716790E+5
1.050000E-2	0.000000E+0	3.706190E+5
1.052000E-2	0.000000E+0	3.715510E+5
1.054000E-2	0.000000E+0	3.723830E+5
1.056000E-2	0.000000E+0	3.703920E+5
1.058000E-2	0.000000E+0	3.715820E+5
1.060000E-2	0.000000E+0	3.704570E+5
1.062000E-2	0.000000E+0	3.707810E+5
1.064000E-2	0.000000E+0	3.712000E+5
1.066000E-2	0.000000E+0	3.710300E+5
1.068000E-2	0.000000E+0	3.714170E+5
1.070000E-2	0.000000E+0	3.701860E+5
1.072000E-2	0.000000E+0	3.710410E+5
1.074000E-2	0.000000E+0	3.714680E+5
1.076000E-2	0.000000E+0	3.718960E+5
1.078000E-2	0.000000E+0	3.718590E+5
1.080000E-2	0.000000E+0	3.717800E+5
1.082000E-2	0.000000E+0	3.725060E+5
1.084000E-2	0.000000E+0	3.708280E+5
1.086000E-2	0.000000E+0	3.711970E+5
1.088000E-2	0.000000E+0	3.711750E+5
1.090000E-2	0.000000E+0	3.714630E+5
1.092000E-2	0.000000E+0	3.708410E+5
1.094000E-2	0.000000E+0	3.704460E+5
1.096000E-2	0.000000E+0	3.704960E+5
1.098000E-2	0.000000E+0	3.711990E+5
1.100000E-2	0.000000E+0	3.710990E+5
1.102000E-2	0.000000E+0	3.701760E+5
1.104000E-2	0.000000E+0	3.716820E+5
1.106000E-2	0.000000E+0	3.710050E+5
1.108000E-2	0.000000E+0	3.717940E+5
1.110000E-2	0.000000E+0	3.706440E+5
1.112000E-2	0.000000E+0	3.708230E+5
1.114000E-2	0.000000E+0	3.713140E+5
1.116000E-2	0.000000E+0	3.689130E+5
1.118000E-2	0.000000E+0	3.713340E+5
1.120000E-2	0.000000E+0	3.711540E+5
1.122000E-2	0.000000E+0	3.724620E+5
1.124000E-2	0.000000E+0	3.718780E+5
1.126000E-2	0.000000E+0	3.701610E+5
1.128000E-2	0.000000E+0	3.704600E+5
1.130000E-2	0.000000E+0	3.708190E+5
1.132000E-2	0.000000E+0	3.717700E+5
1.134000E-2	0.000000E+0	3.704680E+5
1.136000E-2	0.000000E+0	3.719660E+5
1.138000E-2	0.000000E+0	3.704680E+5
1.140000E-2	0.000000E+0	3.722750E+5
1.142000E-2	0.000000E+0	3.705860E+5
1.144000E-2	0.000000E+0	3.717930E+5
1.146000E-2	0.000000E+0	3.707510E+5
1.148000E-2	0.000000E+0	3.712390E+5
1.150000E-2	0.000000E+0	3.706320E+5
1.152000E-2	0.000000E+0	3.704130E+5
1.154000E-2	0.000000E+0	3.706560E+5
1.156000E-2	0.000000E+0	3.716050E+5
1.158000E-2	0.000000E+0	3.703010E+5
1.160000E-2	0.000000E+0	3.710850E+5
1.162000E-2	0.000000E+0	3.709850E+5
1.164000E-2	0.000000E+0	3.723270E+5
1.166000E-2	0.000000E+0	3.729180E+5
1.168000E-2	0.000000E+0	3.720610E+5
1.170000E-2	0.000000E+0	3.719700E+5
1.172000E-2	0.000000E+0	3.716970E+5
1.174000E-2	0.000000E+0	3.709440E+5
1.176000E-2	0.000000E+0	3.714260E+5
1.178000E-2	0.000000E+0	3.706830E+5
1.180000E-2	0.000000E+0	3.715710E+5
1.182000E-2	0.000000E+0	3.716810E+5
1.184000E-2	0.000000E+0	3.712550E+5
1.186000E-2	0.000000E+0	3.707660E+5
1.188000E-2	0.000000E+0	3.704940E+5
1.190000E-2	0.000000E+0	3.702300E+5
1.192000E-2	0.000000E+0	3.706020E+5
1.194000E-2	0.000000E+0	3.722660E+5
1.196000E-2	0.000000E+0	3.707320E+5
1.198000E-2	0.000000E+0	3.718160E+5
1.200000E-2	0.000000E+0	3.706770E+5
1.202000E-2	0.000000E+0	3.712120E+5
1.204000E-2	0.000000E+0	3.710120E+5
1.206000E-2	0.000000E+0	3.710440E+5
1.208000E-2	0.000000E+0	3.721240E+5
1.210000E-2	0.000000E+0	3.714350E+5
1.212000E-2	0.000000E+0	3.715520E+5
1.214000E-2	0.000000E+0	3.700690E+5
1.216000E-2	0.000000E+0	3.707020E+5
1.218000E-2	0.000000E+0	3.708890E+5
1.220000E-2	0.000000E+0	3.698920E+5
1.222000E-2	0.000000E+0	3.715560E+5
1.224000E-2	0.000000E+0	3.712650E+5
1.226000E-2	0.000000E+0	3.711230E+5
1.228000E-2	0.000000E+0	3.716160E+5
1.230000E-2	0.000000E+0	3.714450E+5
1.232000E-2	0.000000E+0	3.716020E+5
1.234000E-2	0.000000E+0	3.712210E+5
1.236000E-2	0.000000E+0	3.706840E+5
1.238000E-2	0.000000E+0	3.718990E+5
1.240000E-2	0.000000E+0	3.719360E+5
1.242000E-2	0.000000E+0	3.713770E+5
1.244000E-2	0.000000E+0	3.718860E+5
1.246000E-2	0.000000E+0	3.707850E+5
1.248000E-2	0.000000E+0	3.717430E+5
1.250000E-2	0.000000E+0	3.707530E+5
1.252000E-2	0.000000E+0	3.721870E+5
1.254000E-2	0.000000E+0	3.714000E+5
1.256000E-2	0.000000E+0	3.708170E+5
1.258000E-2	0.000000E+0	3.722280E+5
1.260000E-2	0.000000E+0	3.720150E+5
1.262000E-2	0.000000E+0	3.703690E+5
1.264000E-2	0.000000E+0	3.704260E+5
1.266000E-2	0.000000E+0	3.722330E+5
1.268000E-2	0.000000E+0	3.714980E+5
1.270000E-2	0.000000E+0	3.706300E+5
1.272000E-2	0.000000E+0	3.719440E+5
1.274000E-2	0.000000E+0	3.711250E+5
1.276000E-2	0.000000E+0	3.714830E+5
1.278000E-2	0.000000E+0	3.706630E+5
1.280000E-2	0.000000E+0	3.705220E+5
1.282000E-2	0.000000E+0	3.704280E+5
1.284000E-2	0.000000E+0	3.711280E+5
1.286000E-2	0.000000E+0	3.717700E+5
1.288000E-2	0.000000E+0	3.723570E+5
1.290000E-2	0.000000E+0	3.707940E+5
1.292000E-2	0.000000E+0	3.714930E+5
1.294000E-2	0.000000E+0	3.701590E+5
1.296000E-2	0.000000E+0	3.709170E+5
1.298000E-2	0.000000E+0	3.711260E+5
1.300000E-2	0.000000E+0	3.711770E+5
1.302000E-2	0.000000E+0	3.717510E+5
1.304000E-2	0.000000E+0	3.711690E+5
1.306000E-2	0.000000E+0	3.706360E+5
1.308000E-2	0.000000E+0	3.721720E+5
1.310000E-2	0.000000E+0	3.712470E+5
1.312000E-2	0.000000E+0	3.715800E+5
1.314000E-2	0.000000E+0	3.722070E+5
1.316000E-2	0.000000E+0	3.716210E+5
1.318000E-2	0.000000E+0	3.704120E+5
1.320000E-2	0.000000E+0	3.713100E+5
1.322000E-2	0.000000E+0	3.716840E+5
1.324000E-2	0.000000E+0	3.706490E+5
1.326000E-2	0.000000E+0	3.719950E+5
1.328000E-2	0.000000E+0	3.719670E+5
1.330000E-2	0.000000E+0	3.702680E+5
1.332000E-2	0.000000E+0	3.706720E+5
1.334000E-2	0.000000E+0	3.710880E+5
1.336000E-2	0.000000E+0	3.714290E+5
1.338000E-2	0.000000E+0	3.714450E+5
1.340000E-2	0.000000E+0	3.701910E+5
1.342000E-2	0.000000E+0	3.703860E+5
1.344000E-2	0.000000E+0	3.703720E+5
1.346000E-2	0.000000E+0	3.701080E+5
1.348000E-2	0.000000E+0	3.713800E+5
1.350000E-2	0.000000E+0	3.709400E+5
1.352000E-2	0.000000E+0	3.721760E+5
1.354000E-2	0.000000E+0	3.715090E+5
1.356000E-2	0.000000E+0	3.713470E+5
1.358000E-2	0.000000E+0	3.709710E+5
1.360000E-2	0.000000E+0	3.706610E+5
1.362000E-2	0.000000E+0	3.713590E+5
1.364000E-2	0.000000E+0	3.700380E+5
1.366000E-2	0.000000E+0	3.708830E+5
1.368000E-2	0.000000E+0	3.717230E+5
1.370000E-2	0.000000E+0	3.717710E+5
1.372000E-2	0.000000E+0	3.707280E+5
1.374000E-2	0.000000E+0	3.709820E+5
1.376000E-2	0.000000E+0	3.706390E+5
1.378000E-2	0.000000E+0	3.703850E+5
1.380000E-2	0.000000E+0	3.712000E+5
1.382000E-2	0.000000E+0	3.704050E+5
1.384000E-2	0.000000E+0	3.705140E+5
1.386000E-2	0.000000E+0	3.711920E+5
1.388000E-2	0.000000E+0	3.710830E+5
1.390000E-2	0.000000E+0	3.714600E+5
1.392000E-2	0.000000E+0	3.723250E+5
1.394000E-2	0.000000E+0	3.709970E+5
1.396000E-2	0.000000E+0	3.712730E+5
1.398000E-2	0.000000E+0	3.719670E+5
1.400000E-2	0.000000E+0	3.716740E+5
1.402000E-2	0.000000E+0	3.706600E+5
1.404000E-2	0.000000E+0	3.724660E+5
1.406000E-2	0.000000E+0	3.705350E+5
1.408000E-2	0.000000E+0	3.708570E+5
1.410000E-2	0.000000E+0	3.709540E+5
1.412000E-2	0.000000E+0	3.710220E+5
1.414000E-2	0.000000E+0	3.708060E+5
1.416000E-2	0.000000E+0	3.706120E+5
1.418000E-2	0.000000E+0	3.709650E+5
1.420000E-2	0.000000E+0	3.711080E+5
1.422000E-2	0.000000E+0	3.711190E+5
1.424000E-2	0.000000E+0	3.697990E+5
1.426000E-2	0.000000E+0	3.697300E+5
1.428000E-2	0.000000E+0	3.704760E+5
1.430000E-2	0.000000E+0	3.707970E+5
1.432000E-2	0.000000E+0	3.711390E+5
1.434000E-2	0.000000E+0	3.706640E+5
1.436000E-2	0.000000E+0	3.712290E+5
1.438000E-2	0.000000E+0	3.712080E+5
1.440000E-2	0.000000E+0	3.722580E+5
1.442000E-2	0.000000E+0	3.710710E+5
1.444000E-2	0.000000E+0	3.699900E+5
1.446000E-2	0.000000E+0	3.715800E+5
1.448000E-2	0.000000E+0	3.715710E+5
1.450000E-2	0.000000E+0	3.710160E+5
1.452000E-2	0.000000E+0	3.713980E+5
1.454000E-2	0.000000E+0	3.708310E+5
1.456000E-2	0.000000E+0	3.716280E+5
1.458000E-2	0.000000E+0	3.700240E+5
1.460000E-2	0.000000E+0	3.719900E+5
1.462000E-2	0.000000E+0	3.697170E+5
1.464000E-2	0.000000E+0	3.718310E+5
1.466000E-2	0.000000E+0	3.710220E+5
1.468000E-2	0.000000E+0	3.718960E+5
1.470000E-2	0.000000E+0	3.707560E+5
1.472000E-2	0.000000E+0	3.703350E+5
1.474000E-2	0.000000E+0	3.709090E+5
1.476000E-2	0.000000E+0	3.720730E+5
1.478000E-2	0.000000E+0	3.719590E+5
1.480000E-2	0.000000E+0	3.705860E+5
1.482000E-2	0.000000E+0	3.701760E+5
1.484000E-2	0.000000E+0	3.720020E+5
1.486000E-2	0.000000E+0	3.706340E+5
1.488000E-2	0.000000E+0	3.701910E+5
1.490000E-2	0.000000E+0	3.696310E+5
1.492000E-2	0.000000E+0	3.691650E+5
1.494000E-2	0.000000E+0	3.672360E+5
1.496000E-2	0.000000E+0	3.666260E+5
1.498000E-2	0.000000E+0	3.667490E+5
1.500000E-2	0.000000E+0	3.657670E+5
1.502000E-2	0.000000E+0	3.653890E+5
1.504000E-2	0.000000E+0	3.641870E+5
1.506000E-2	0.000000E+0	3.643020E+5
1.508000E-2	0.000000E+0	3.632100E+5
1.510000E-2	0.000000E+0	3.618560E+5
1.512000E-2	0.000000E+0	3.610020E+5
1.514000E-2	0.000000E+0	3.611620E+5
1.516000E-2	0.000000E+0	3.615050E+5
1.518000E-2	0.000000E+0	3.623060E+5
1.520000E-2	0.000000E+0	3.634850E+5
1.522000E-2	0.000000E+0	3.649010E+5
1.524000E-2	0.000000E+0	3.670860E+5
1.526000E-2	0.000000E+0	3.671940E+5
1.528000E-2	0.000000E+0	3.689230E+5
1.530000E-2	0.000000E+0	3.682490E+5
1.532000E-2	0.000000E+0	3.693160E+5
1.534000E-2	0.000000E+0	3.703050E+5
1.536000E-2	0.000000E+0	3.696030E+5
1.538000E-2	0.000000E+0	3.710500E+5
1.540000E-2	0.000000E+0	3.702260E+5
1.542000E-2	0.000000E+0	3.703750E+5
1.544000E-2	0.000000E+0	3.700100E+5
1.546000E-2	0.000000E+0	3.701820E+5
1.548000E-2	0.000000E+0	3.701790E+5
1.550000E-2	0.000000E+0	3.696640E+5
1.552000E-2	0.000000E+0	3.705590E+5
1.554000E-2	0.000000E+0	3.695590E+5
1.556000E-2	0.000000E+0	3.677500E+5
1.558000E-2	0.000000E+0	3.669110E+5
1.560000E-2	0.000000E+0	3.675230E+5
1.562000E-2	0.000000E+0	3.662040E+5
1.564000E-2	0.000000E+0	3.653900E+5
1.566000E-2	0.000000E+0	3.646250E+5
1.568000E-2	0.000000E+0	3.639350E+5
1.570000E-2	0.000000E+0	3.639830E+5
1.572000E-2	0.000000E+0	3.630190E+5
1.574000E-2	0.000000E+0	3.623680E+5
1.576000E-2	0.000000E+0	3.621430E+5
1.578000E-2	0.000000E+0	3.597350E+5
1.580000E-2	0.000000E+0	3.612770E+5
1.582000E-2	0.000000E+0	3.618440E+5
1.584000E-2	0.000000E+0	3.630510E+5
1.586000E-2	0.000000E+0	3.642160E+5
1.588000E-2	0.000000E+0	3.659610E+5
1.590000E-2	0.000000E+0	3.664880E+5
1.592000E-2	0.000000E+0	3.672780E+5
1.594000E-2	0.000000E+0	3.677600E+5
1.596000E-2	0.000000E+0	3.689070E+5
1.598000E-2	0.000000E+0	3.703170E+5
1.600000E-2	0.000000E+0	3.716940E+5
1.602000E-2	0.000000E+0	3.705980E+5
1.604000E-2	0.000000E+0	3.700120E+5
1.606000E-2	0.000000E+0	3.700640E+5
1.608000E-2	0.000000E+0	3.704800E+5
1.610000E-2	0.000000E+0	3.713540E+5
1.612000E-2	0.000000E+0	3.711640E+5
1.614000E-2	0.000000E+0	3.710900E+5
1.616000E-2	0.000000E+0	3.718220E+5
1.618000E-2	0.000000E+0	3.707160E+5
1.620000E-2	0.000000E+0	3.706540E+5
1.622000E-2	0.000000E+0	3.706730E+5
1.624000E-2	0.000000E+0	3.706680E+5
1.626000E-2	0.000000E+0	3.706920E+5
1.628000E-2	0.000000E+0	3.722120E+5
1.630000E-2	0.000000E+0	3.708550E+5
1.632000E-2	0.000000E+0	3.715870E+5
1.634000E-2	0.000000E+0	3.716870E+5
1.636000E-2	0.000000E+0	3.720640E+5
1.638000E-2	0.000000E+0	3.712460E+5
1.640000E-2	0.000000E+0	3.710450E+5
1.642000E-2	0.000000E+0	3.708510E+5
1.644000E-2	0.000000E+0	3.706360E+5
1.646000E-2	0.000000E+0	3.711290E+5
1.648000E-2	0.000000E+0	3.699310E+5
1.650000E-2	0.000000E+0	3.711650E+5
1.652000E-2	0.000000E+0	3.719860E+5
1.654000E-2	0.000000E+0	3.708280E+5
1.656000E-2	0.000000E+0	3.707070E+5
1.658000E-2	0.000000E+0	3.711980E+5
1.660000E-2	0.000000E+0	3.713460E+5
1.662000E-2	0.000000E+0	3.706910E+5
1.664000E-2	0.000000E+0	3.712490E+5
1.666000E-2	0.000000E+0	3.712630E+5
1.668000E-2	0.000000E+0	3.702670E+5
1.670000E-2	0.000000E+0	3.706460E+5
1.672000E-2	0.000000E+0	3.713790E+5
1.674000E-2	0.000000E+0	3.704760E+5
1.676000E-2	0.000000E+0	3.703840E+5
1.678000E-2	0.000000E+0	3.699060E+5
1.680000E-2	0.000000E+0	3.713290E+5
1.682000E-2	0.000000E+0	3.706200E+5
1.684000E-2	0.000000E+0	3.715070E+5
1.686000E-2	0.000000E+0	3.721130E+5
1.688000E-2	0.000000E+0	3.712340E+5
1.690000E-2	0.000000E+0	3.708070E+5
1.692000E-2	0.000000E+0	3.713160E+5
1.694000E-2	0.000000E+0	3.709340E+5
1.696000E-2	0.000000E+0	3.699080E+5
1.698000E-2	0.000000E+0	3.701520E+5
1.700000E-2	0.000000E+0	3.711860E+5
1.702000E-2	0.000000E+0	3.713530E+5
1.704000E-2	0.000000E+0	3.712410E+5
1.706000E-2	0.000000E+0	3.724630E+5
1.708000E-2	0.000000E+0	3.711670E+5
1.710000E-2	0.000000E+0	3.713690E+5
1.712000E-2	0.000000E+0	3.709950E+5
1.714000E-2	0.000000E+0	3.706050E+5
1.716000E-2	0.000000E+0	3.714800E+5
1.718000E-2	0.000000E+0	3.710450E+5
1.720000E-2	0.000000E+0	3.716450E+5
1.722000E-2	0.000000E+0	3.718390E+5
1.724000E-2	0.000000E+0	3.709400E+5
1.726000E-2	0.000000E+0	3.706830E+5
1.728000E-2	0.000000E+0	3.708730E+5
1.730000E-2	0.000000E+0	3.706720E+5
1.732000E-2	0.000000E+0	3.703850E+5
1.734000E-2	0.000000E+0	3.709600E+5
1.736000E-2	0.000000E+0	3.721370E+5
1.738000E-2	0.000000E+0	3.719760E+5
1.740000E-2	0.000000E+0	3.713210E+5
1.742000E-2	0.000000E+0	3.697940E+5
1.744000E-2	0.000000E+0	3.713720E+5
1.746000E-2	0.000000E+0	3.712730E+5
1.748000E-2	0.000000E+0	3.710650E+5
1.750000E-2	0.000000E+0	3.712440E+5
1.752000E-2	0.000000E+0	3.715140E+5
1.754000E-2	0.000000E+0	3.702970E+5
1.756000E-2	0.000000E+0	3.704130E+5
1.758000E-2	0.000000E+0	3.717700E+5
1.760000E-2	0.000000E+0	3.710150E+5
1.762000E-2	0.000000E+0	3.715870E+5
1.764000E-2	0.000000E+0	3.719030E+5
1.766000E-2	0.000000E+0	3.712880E+5
1.768000E-2	0.000000E+0	3.714320E+5
1.770000E-2	0.000000E+0	3.711600E+5
1.772000E-2	0.000000E+0	3.724470E+5
1.774000E-2	0.000000E+0	3.710580E+5
1.776000E-2	0.000000E+0	3.705120E+5
1.778000E-2	0.000000E+0	3.717460E+5
1.780000E-2	0.000000E+0	3.706280E+5
1.782000E-2	0.000000E+0	3.711440E+5
1.784000E-2	0.000000E+0	3.705110E+5
1.786000E-2	0.000000E+0	3.710980E+5
1.788000E-2	0.000000E+0	3.706180E+5
1.790000E-2	0.000000E+0	3.713740E+5
1.792000E-2	0.000000E+0	3.706650E+5
1.794000E-2	0.000000E+0	3.713700E+5
1.796000E-2	0.000000E+0	3.718830E+5
1.798000E-2	0.000000E+0	3.718970E+5
1.800000E-2	0.000000E+0	3.703440E+5
1.802000E-2	0.000000E+0	3.707570E+5
1.804000E-2	0.000000E+0	3.704150E+5
1.806000E-2	0.000000E+0	3.710600E+5
1.808000E-2	0.000000E+0	3.709150E+5
1.810000E-2	0.000000E+0	3.715690E+5
1.812000E-2	0.000000E+0	3.716200E+5
1.814000E-2	0.000000E+0	3.719440E+5
1.816000E-2	0.000000E+0	3.718700E+5
1.818000E-2	0.000000E+0	3.709790E+5
1.820000E-2	0.000000E+0	3.720670E+5
1.822000E-2	0.000000E+0	3.706400E+5
1.824000E-2	0.000000E+0	3.711810E+5
1.826000E-2	0.000000E+0	3.716650E+5
1.828000E-2	0.000000E+0	3.709560E+5
1.830000E-2	0.000000E+0	3.704870E+5
1.832000E-2	0.000000E+0	3.712220E+5
1.834000E-2	0.000000E+0	3.706690E+5
1.836000E-2	0.000000E+0	3.718490E+5
1.838000E-2	0.000000E+0	3.709180E+5
1.840000E-2	0.000000E+0	3.706370E+5
1.842000E-2	0.000000E+0	3.708210E+5
1.844000E-2	0.000000E+0	3.706780E+5
1.846000E-2	0.000000E+0	3.700740E+5
1.848000E-2	0.000000E+0	3.719640E+5
1.850000E-2	0.000000E+0	3.716820E+5
1.852000E-2	0.000000E+0	3.719100E+5
1.854000E-2	0.000000E+0	3.724870E+5
1.856000E-2	0.000000E+0	3.704620E+5
1.858000E-2	0.000000E+0	3.710370E+5
1.860000E-2	0.000000E+0	3.714040E+5
1.862000E-2	0.000000E+0	3.709140E+5
1.864000E-2	0.000000E+0	3.701690E+5
1.866000E-2	0.000000E+0	3.712610E+5
1.868000E-2	0.000000E+0	3.705570E+5
1.870000E-2	0.000000E+0	3.713660E+5
1.872000E-2	0.000000E+0	3.719980E+5
1.874000E-2	0.000000E+0	3.696540E+5
1.876000E-2	0.000000E+0	3.708350E+5
1.878000E-2	0.000000E+0	3.708780E+5
1.880000E-2	0.000000E+0	3.707340E+5
1.882000E-2	0.000000E+0	3.708890E+5
1.884000E-2	0.000000E+0	3.713340E+5
1.886000E-2	0.000000E+0	3.714980E+5
1.888000E-2	0.000000E+0	3.702760E+5
1.890000E-2	0.000000E+0	3.704300E+5
1.892000E-2	0.000000E+0	3.719990E+5
1.894000E-2	0.000000E+0	3.711390E+5
1.896000E-2	0.000000E+0	3.713190E+5
1.898000E-2	0.000000E+0	3.713110E+5
1.900000E-2	0.000000E+0	3.704280E+5
1.902000E-2	0.000000E+0	3.708730E+5
1.904000E-2	0.000000E+0	3.714190E+5
1.906000E-2	0.000000E+0	3.714640E+5
1.908000E-2	0.000000E+0	3.711880E+5
1.910000E-2	0.000000E+0	3.700650E+5
1.912000E-2	0.000000E+0	3.703710E+5
1.914000E-2	0.000000E+0	3.710340E+5
1.916000E-2	0.000000E+0	3.699700E+5
1.918000E-2	0.000000E+0	3.705480E+5
1.920000E-2	0.000000E+0	3.715790E+5
1.922000E-2	0.000000E+0	3.708020E+5
1.924000E-2	0.000000E+0	3.706910E+5
1.926000E-2	0.000000E+0	3.718700E+5
1.928000E-2	0.000000E+0	3.719510E+5
1.930000E-2	0.000000E+0	3.709330E+5
1.932000E-2	0.000000E+0	3.705350E+5
1.934000E-2	0.000000E+0	3.711910E+5
1.936000E-2	0.000000E+0	3.706070E+5
1.938000E-2	0.000000E+0	3.715240E+5
1.940000E-2	0.000000E+0	3.703140E+5
1.942000E-2	0.000000E+0	3.724680E+5
1.944000E-2	0.000000E+0	3.718490E+5
1.946000E-2	0.000000E+0	3.705800E+5
1.948000E-2	0.000000E+0	3.714590E+5
1.950000E-2	0.000000E+0	3.711080E+5
1.952000E-2	0.000000E+0	3.720700E+5
1.954000E-2	0.000000E+0	3.713990E+5
1.956000E-2	0.000000E+0	3.716940E+5
1.958000E-2	0.000000E+0	3.712030E+5
1.960000E-2	0.000000E+0	3.715900E+5
1.962000E-2	0.000000E+0	3.704420E+5
1.964000E-2	0.000000E+0	3.715970E+5
1.966000E-2	0.000000E+0	3.715300E+5
1.968000E-2	0.000000E+0	3.710030E+5
1.970000E-2	0.000000E+0	3.710340E+5
1.972000E-2	0.000000E+0	3.711690E+5
1.974000E-2	0.000000E+0	3.712620E+5
1.976000E-2	0.000000E+0	3.699640E+5
1.978000E-2	0.000000E+0	3.708440E+5
1.980000E-2	0.000000E+0	3.716030E+5
1.982000E-2	0.000000E+0	3.709680E+5
1.984000E-2	0.000000E+0	3.715490E+5
1.986000E-2	0.000000E+0	3.705510E+5
1.988000E-2	0.000000E+0	3.700890E+5
1.990000E-2	0.000000E+0	3.712110E+5
1.992000E-2	0.000000E+0	3.704510E+5
1.994000E-2	0.000000E+0	3.720900E+5
1.996000E-2	0.000000E+0	3.701400E+5
1.998000E-2	0.000000E+0	3.714160E+5
