

live time:  209741.060000
real time:  291607.261000
sweeps:  10487053.000000
0.000000E+0	0.000000E+0	0.000000E+0
2.000000E-5	0.000000E+0	4.595410E+5
4.000000E-5	0.000000E+0	4.601030E+5
6.000000E-5	0.000000E+0	4.593850E+5
8.000000E-5	0.000000E+0	4.600390E+5
1.000000E-4	0.000000E+0	4.586980E+5
1.200000E-4	0.000000E+0	4.600300E+5
1.400000E-4	0.000000E+0	4.599600E+5
1.600000E-4	0.000000E+0	4.597450E+5
1.800000E-4	0.000000E+0	4.599850E+5
2.000000E-4	0.000000E+0	4.595690E+5
2.200000E-4	0.000000E+0	4.603540E+5
2.400000E-4	0.000000E+0	4.585950E+5
2.600000E-4	0.000000E+0	4.585780E+5
2.800000E-4	0.000000E+0	4.590170E+5
3.000000E-4	0.000000E+0	4.608800E+5
3.200000E-4	0.000000E+0	4.597420E+5
3.400000E-4	0.000000E+0	4.592760E+5
3.600000E-4	0.000000E+0	4.605390E+5
3.800000E-4	0.000000E+0	4.590310E+5
4.000000E-4	0.000000E+0	4.587710E+5
4.200000E-4	0.000000E+0	4.593100E+5
4.400000E-4	0.000000E+0	4.591060E+5
4.600000E-4	0.000000E+0	4.605710E+5
4.800000E-4	0.000000E+0	4.590510E+5
5.000000E-4	0.000000E+0	4.597790E+5
5.200000E-4	0.000000E+0	4.594990E+5
5.400000E-4	0.000000E+0	4.591300E+5
5.600000E-4	0.000000E+0	4.586790E+5
5.800000E-4	0.000000E+0	4.593160E+5
6.000000E-4	0.000000E+0	4.602370E+5
6.200000E-4	0.000000E+0	4.591800E+5
6.400000E-4	0.000000E+0	4.606780E+5
6.600000E-4	0.000000E+0	4.586960E+5
6.800000E-4	0.000000E+0	4.591980E+5
7.000000E-4	0.000000E+0	4.599230E+5
7.200000E-4	0.000000E+0	4.607940E+5
7.400000E-4	0.000000E+0	4.586240E+5
7.600000E-4	0.000000E+0	4.590300E+5
7.800000E-4	0.000000E+0	4.583840E+5
8.000000E-4	0.000000E+0	4.600230E+5
8.200000E-4	0.000000E+0	4.592240E+5
8.400000E-4	0.000000E+0	4.591840E+5
8.600000E-4	0.000000E+0	4.601620E+5
8.800000E-4	0.000000E+0	4.590190E+5
9.000000E-4	0.000000E+0	4.607820E+5
9.200000E-4	0.000000E+0	4.589720E+5
9.400000E-4	0.000000E+0	4.598370E+5
9.600000E-4	0.000000E+0	4.586350E+5
9.800000E-4	0.000000E+0	4.607510E+5
1.000000E-3	0.000000E+0	4.597370E+5
1.020000E-3	0.000000E+0	4.591030E+5
1.040000E-3	0.000000E+0	4.593500E+5
1.060000E-3	0.000000E+0	4.594500E+5
1.080000E-3	0.000000E+0	4.593740E+5
1.100000E-3	0.000000E+0	4.592710E+5
1.120000E-3	0.000000E+0	4.603150E+5
1.140000E-3	0.000000E+0	4.583740E+5
1.160000E-3	0.000000E+0	4.590620E+5
1.180000E-3	0.000000E+0	4.589430E+5
1.200000E-3	0.000000E+0	4.599860E+5
1.220000E-3	0.000000E+0	4.603950E+5
1.240000E-3	0.000000E+0	4.597860E+5
1.260000E-3	0.000000E+0	4.595230E+5
1.280000E-3	0.000000E+0	4.597060E+5
1.300000E-3	0.000000E+0	4.582190E+5
1.320000E-3	0.000000E+0	4.602900E+5
1.340000E-3	0.000000E+0	4.599120E+5
1.360000E-3	0.000000E+0	4.590560E+5
1.380000E-3	0.000000E+0	4.604380E+5
1.400000E-3	0.000000E+0	4.594890E+5
1.420000E-3	0.000000E+0	4.595900E+5
1.440000E-3	0.000000E+0	4.592640E+5
1.460000E-3	0.000000E+0	4.583250E+5
1.480000E-3	0.000000E+0	4.605030E+5
1.500000E-3	0.000000E+0	4.593070E+5
1.520000E-3	0.000000E+0	4.592550E+5
1.540000E-3	0.000000E+0	4.598260E+5
1.560000E-3	0.000000E+0	4.594280E+5
1.580000E-3	0.000000E+0	4.602720E+5
1.600000E-3	0.000000E+0	4.595260E+5
1.620000E-3	0.000000E+0	4.591430E+5
1.640000E-3	0.000000E+0	4.587830E+5
1.660000E-3	0.000000E+0	4.596580E+5
1.680000E-3	0.000000E+0	4.595410E+5
1.700000E-3	0.000000E+0	4.586240E+5
1.720000E-3	0.000000E+0	4.598800E+5
1.740000E-3	0.000000E+0	4.606190E+5
1.760000E-3	0.000000E+0	4.600120E+5
1.780000E-3	0.000000E+0	4.601600E+5
1.800000E-3	0.000000E+0	4.601920E+5
1.820000E-3	0.000000E+0	4.592150E+5
1.840000E-3	0.000000E+0	4.581920E+5
1.860000E-3	0.000000E+0	4.594160E+5
1.880000E-3	0.000000E+0	4.594060E+5
1.900000E-3	0.000000E+0	4.587150E+5
1.920000E-3	0.000000E+0	4.592810E+5
1.940000E-3	0.000000E+0	4.588780E+5
1.960000E-3	0.000000E+0	4.598600E+5
1.980000E-3	0.000000E+0	4.600020E+5
2.000000E-3	0.000000E+0	4.592920E+5
2.020000E-3	0.000000E+0	4.592660E+5
2.040000E-3	0.000000E+0	4.586550E+5
2.060000E-3	0.000000E+0	4.603830E+5
2.080000E-3	0.000000E+0	4.605400E+5
2.100000E-3	0.000000E+0	4.604090E+5
2.120000E-3	0.000000E+0	4.599360E+5
2.140000E-3	0.000000E+0	4.583810E+5
2.160000E-3	0.000000E+0	4.583650E+5
2.180000E-3	0.000000E+0	4.596150E+5
2.200000E-3	0.000000E+0	4.605500E+5
2.220000E-3	0.000000E+0	4.603290E+5
2.240000E-3	0.000000E+0	4.591040E+5
2.260000E-3	0.000000E+0	4.597590E+5
2.280000E-3	0.000000E+0	4.595810E+5
2.300000E-3	0.000000E+0	4.597440E+5
2.320000E-3	0.000000E+0	4.596110E+5
2.340000E-3	0.000000E+0	4.593340E+5
2.360000E-3	0.000000E+0	4.597490E+5
2.380000E-3	0.000000E+0	4.610010E+5
2.400000E-3	0.000000E+0	4.579980E+5
2.420000E-3	0.000000E+0	4.592810E+5
2.440000E-3	0.000000E+0	4.591040E+5
2.460000E-3	0.000000E+0	4.596750E+5
2.480000E-3	0.000000E+0	4.609180E+5
2.500000E-3	0.000000E+0	4.593190E+5
2.520000E-3	0.000000E+0	4.599530E+5
2.540000E-3	0.000000E+0	4.584140E+5
2.560000E-3	0.000000E+0	4.597190E+5
2.580000E-3	0.000000E+0	4.588060E+5
2.600000E-3	0.000000E+0	4.602680E+5
2.620000E-3	0.000000E+0	4.594850E+5
2.640000E-3	0.000000E+0	4.585150E+5
2.660000E-3	0.000000E+0	4.602150E+5
2.680000E-3	0.000000E+0	4.592270E+5
2.700000E-3	0.000000E+0	4.593510E+5
2.720000E-3	0.000000E+0	4.576520E+5
2.740000E-3	0.000000E+0	4.594210E+5
2.760000E-3	0.000000E+0	4.591460E+5
2.780000E-3	0.000000E+0	4.592380E+5
2.800000E-3	0.000000E+0	4.593610E+5
2.820000E-3	0.000000E+0	4.591310E+5
2.840000E-3	0.000000E+0	4.586090E+5
2.860000E-3	0.000000E+0	4.602680E+5
2.880000E-3	0.000000E+0	4.596620E+5
2.900000E-3	0.000000E+0	4.593790E+5
2.920000E-3	0.000000E+0	4.579970E+5
2.940000E-3	0.000000E+0	4.596830E+5
2.960000E-3	0.000000E+0	4.593680E+5
2.980000E-3	0.000000E+0	4.586950E+5
3.000000E-3	0.000000E+0	4.593280E+5
3.020000E-3	0.000000E+0	4.595840E+5
3.040000E-3	0.000000E+0	4.599900E+5
3.060000E-3	0.000000E+0	4.609770E+5
3.080000E-3	0.000000E+0	4.594960E+5
3.100000E-3	0.000000E+0	4.585420E+5
3.120000E-3	0.000000E+0	4.596760E+5
3.140000E-3	0.000000E+0	4.600680E+5
3.160000E-3	0.000000E+0	4.584650E+5
3.180000E-3	0.000000E+0	4.597270E+5
3.200000E-3	0.000000E+0	4.591010E+5
3.220000E-3	0.000000E+0	4.599860E+5
3.240000E-3	0.000000E+0	4.603900E+5
3.260000E-3	0.000000E+0	4.600170E+5
3.280000E-3	0.000000E+0	4.600550E+5
3.300000E-3	0.000000E+0	4.593480E+5
3.320000E-3	0.000000E+0	4.597230E+5
3.340000E-3	0.000000E+0	4.586680E+5
3.360000E-3	0.000000E+0	4.586630E+5
3.380000E-3	0.000000E+0	4.582380E+5
3.400000E-3	0.000000E+0	4.593560E+5
3.420000E-3	0.000000E+0	4.606930E+5
3.440000E-3	0.000000E+0	4.589590E+5
3.460000E-3	0.000000E+0	4.599780E+5
3.480000E-3	0.000000E+0	4.591350E+5
3.500000E-3	0.000000E+0	4.593430E+5
3.520000E-3	0.000000E+0	4.585290E+5
3.540000E-3	0.000000E+0	4.592900E+5
3.560000E-3	0.000000E+0	4.589310E+5
3.580000E-3	0.000000E+0	4.585110E+5
3.600000E-3	0.000000E+0	4.590720E+5
3.620000E-3	0.000000E+0	4.570950E+5
3.640000E-3	0.000000E+0	4.601750E+5
3.660000E-3	0.000000E+0	4.594220E+5
3.680000E-3	0.000000E+0	4.591890E+5
3.700000E-3	0.000000E+0	4.586630E+5
3.720000E-3	0.000000E+0	4.591100E+5
3.740000E-3	0.000000E+0	4.589430E+5
3.760000E-3	0.000000E+0	4.591850E+5
3.780000E-3	0.000000E+0	4.587710E+5
3.800000E-3	0.000000E+0	4.587280E+5
3.820000E-3	0.000000E+0	4.588970E+5
3.840000E-3	0.000000E+0	4.594570E+5
3.860000E-3	0.000000E+0	4.592460E+5
3.880000E-3	0.000000E+0	4.583500E+5
3.900000E-3	0.000000E+0	4.600270E+5
3.920000E-3	0.000000E+0	4.607550E+5
3.940000E-3	0.000000E+0	4.599560E+5
3.960000E-3	0.000000E+0	4.600810E+5
3.980000E-3	0.000000E+0	4.598310E+5
4.000000E-3	0.000000E+0	4.594220E+5
4.020000E-3	0.000000E+0	4.599490E+5
4.040000E-3	0.000000E+0	4.590180E+5
4.060000E-3	0.000000E+0	4.594920E+5
4.080000E-3	0.000000E+0	4.593510E+5
4.100000E-3	0.000000E+0	4.597460E+5
4.120000E-3	0.000000E+0	4.590290E+5
4.140000E-3	0.000000E+0	4.584060E+5
4.160000E-3	0.000000E+0	4.597270E+5
4.180000E-3	0.000000E+0	4.584420E+5
4.200000E-3	0.000000E+0	4.595630E+5
4.220000E-3	0.000000E+0	4.588660E+5
4.240000E-3	0.000000E+0	4.591090E+5
4.260000E-3	0.000000E+0	4.583980E+5
4.280000E-3	0.000000E+0	4.598770E+5
4.300000E-3	0.000000E+0	4.595690E+5
4.320000E-3	0.000000E+0	4.586980E+5
4.340000E-3	0.000000E+0	4.587440E+5
4.360000E-3	0.000000E+0	4.590610E+5
4.380000E-3	0.000000E+0	4.589920E+5
4.400000E-3	0.000000E+0	4.597170E+5
4.420000E-3	0.000000E+0	4.591650E+5
4.440000E-3	0.000000E+0	4.587860E+5
4.460000E-3	0.000000E+0	4.591130E+5
4.480000E-3	0.000000E+0	4.586070E+5
4.500000E-3	0.000000E+0	4.592430E+5
4.520000E-3	0.000000E+0	4.584910E+5
4.540000E-3	0.000000E+0	4.579520E+5
4.560000E-3	0.000000E+0	4.585760E+5
4.580000E-3	0.000000E+0	4.595460E+5
4.600000E-3	0.000000E+0	4.593720E+5
4.620000E-3	0.000000E+0	4.586920E+5
4.640000E-3	0.000000E+0	4.594470E+5
4.660000E-3	0.000000E+0	4.598550E+5
4.680000E-3	0.000000E+0	4.587050E+5
4.700000E-3	0.000000E+0	4.592080E+5
4.720000E-3	0.000000E+0	4.595730E+5
4.740000E-3	0.000000E+0	4.585110E+5
4.760000E-3	0.000000E+0	4.597880E+5
4.780000E-3	0.000000E+0	4.582050E+5
4.800000E-3	0.000000E+0	4.587370E+5
4.820000E-3	0.000000E+0	4.585020E+5
4.840000E-3	0.000000E+0	4.583020E+5
4.860000E-3	0.000000E+0	4.565860E+5
4.880000E-3	0.000000E+0	4.562520E+5
4.900000E-3	0.000000E+0	4.561830E+5
4.920000E-3	0.000000E+0	4.529620E+5
4.940000E-3	0.000000E+0	4.524080E+5
4.960000E-3	0.000000E+0	4.522620E+5
4.980000E-3	0.000000E+0	4.527180E+5
5.000000E-3	0.000000E+0	4.506100E+5
5.020000E-3	0.000000E+0	4.495000E+5
5.040000E-3	0.000000E+0	4.472880E+5
5.060000E-3	0.000000E+0	4.464740E+5
5.080000E-3	0.000000E+0	4.465460E+5
5.100000E-3	0.000000E+0	4.467850E+5
5.120000E-3	0.000000E+0	4.466420E+5
5.140000E-3	0.000000E+0	4.480060E+5
5.160000E-3	0.000000E+0	4.501680E+5
5.180000E-3	0.000000E+0	4.507380E+5
5.200000E-3	0.000000E+0	4.525500E+5
5.220000E-3	0.000000E+0	4.535460E+5
5.240000E-3	0.000000E+0	4.531400E+5
5.260000E-3	0.000000E+0	4.564040E+5
5.280000E-3	0.000000E+0	4.543330E+5
5.300000E-3	0.000000E+0	4.565270E+5
5.320000E-3	0.000000E+0	4.580830E+5
5.340000E-3	0.000000E+0	4.579920E+5
5.360000E-3	0.000000E+0	4.586770E+5
5.380000E-3	0.000000E+0	4.574250E+5
5.400000E-3	0.000000E+0	4.595900E+5
5.420000E-3	0.000000E+0	4.583310E+5
5.440000E-3	0.000000E+0	4.578410E+5
5.460000E-3	0.000000E+0	4.575600E+5
5.480000E-3	0.000000E+0	4.572160E+5
5.500000E-3	0.000000E+0	4.572830E+5
5.520000E-3	0.000000E+0	4.564930E+5
5.540000E-3	0.000000E+0	4.557360E+5
5.560000E-3	0.000000E+0	4.536190E+5
5.580000E-3	0.000000E+0	4.532540E+5
5.600000E-3	0.000000E+0	4.510900E+5
5.620000E-3	0.000000E+0	4.521200E+5
5.640000E-3	0.000000E+0	4.525540E+5
5.660000E-3	0.000000E+0	4.505270E+5
5.680000E-3	0.000000E+0	4.502840E+5
5.700000E-3	0.000000E+0	4.479170E+5
5.720000E-3	0.000000E+0	4.474890E+5
5.740000E-3	0.000000E+0	4.474870E+5
5.760000E-3	0.000000E+0	4.484600E+5
5.780000E-3	0.000000E+0	4.485370E+5
5.800000E-3	0.000000E+0	4.499050E+5
5.820000E-3	0.000000E+0	4.513110E+5
5.840000E-3	0.000000E+0	4.527770E+5
5.860000E-3	0.000000E+0	4.531240E+5
5.880000E-3	0.000000E+0	4.545280E+5
5.900000E-3	0.000000E+0	4.561880E+5
5.920000E-3	0.000000E+0	4.579590E+5
5.940000E-3	0.000000E+0	4.567850E+5
5.960000E-3	0.000000E+0	4.577880E+5
5.980000E-3	0.000000E+0	4.587060E+5
6.000000E-3	0.000000E+0	4.584900E+5
6.020000E-3	0.000000E+0	4.585670E+5
6.040000E-3	0.000000E+0	4.588060E+5
6.060000E-3	0.000000E+0	4.587940E+5
6.080000E-3	0.000000E+0	4.589600E+5
6.100000E-3	0.000000E+0	4.579620E+5
6.120000E-3	0.000000E+0	4.589900E+5
6.140000E-3	0.000000E+0	4.587610E+5
6.160000E-3	0.000000E+0	4.583500E+5
6.180000E-3	0.000000E+0	4.595500E+5
6.200000E-3	0.000000E+0	4.587110E+5
6.220000E-3	0.000000E+0	4.593570E+5
6.240000E-3	0.000000E+0	4.582090E+5
6.260000E-3	0.000000E+0	4.586860E+5
6.280000E-3	0.000000E+0	4.606080E+5
6.300000E-3	0.000000E+0	4.599650E+5
6.320000E-3	0.000000E+0	4.595780E+5
6.340000E-3	0.000000E+0	4.591320E+5
6.360000E-3	0.000000E+0	4.588450E+5
6.380000E-3	0.000000E+0	4.600950E+5
6.400000E-3	0.000000E+0	4.590120E+5
6.420000E-3	0.000000E+0	4.582590E+5
6.440000E-3	0.000000E+0	4.607640E+5
6.460000E-3	0.000000E+0	4.587320E+5
6.480000E-3	0.000000E+0	4.586730E+5
6.500000E-3	0.000000E+0	4.586530E+5
6.520000E-3	0.000000E+0	4.592410E+5
6.540000E-3	0.000000E+0	4.587720E+5
6.560000E-3	0.000000E+0	4.599870E+5
6.580000E-3	0.000000E+0	4.591060E+5
6.600000E-3	0.000000E+0	4.599510E+5
6.620000E-3	0.000000E+0	4.594790E+5
6.640000E-3	0.000000E+0	4.591150E+5
6.660000E-3	0.000000E+0	4.584360E+5
6.680000E-3	0.000000E+0	4.591130E+5
6.700000E-3	0.000000E+0	4.591760E+5
6.720000E-3	0.000000E+0	4.594360E+5
6.740000E-3	0.000000E+0	4.596540E+5
6.760000E-3	0.000000E+0	4.600950E+5
6.780000E-3	0.000000E+0	4.584110E+5
6.800000E-3	0.000000E+0	4.597270E+5
6.820000E-3	0.000000E+0	4.595760E+5
6.840000E-3	0.000000E+0	4.592420E+5
6.860000E-3	0.000000E+0	4.598250E+5
6.880000E-3	0.000000E+0	4.602750E+5
6.900000E-3	0.000000E+0	4.585770E+5
6.920000E-3	0.000000E+0	4.582580E+5
6.940000E-3	0.000000E+0	4.596100E+5
6.960000E-3	0.000000E+0	4.577690E+5
6.980000E-3	0.000000E+0	4.593210E+5
7.000000E-3	0.000000E+0	4.592070E+5
7.020000E-3	0.000000E+0	4.600440E+5
7.040000E-3	0.000000E+0	4.597010E+5
7.060000E-3	0.000000E+0	4.599660E+5
7.080000E-3	0.000000E+0	4.595560E+5
7.100000E-3	0.000000E+0	4.588310E+5
7.120000E-3	0.000000E+0	4.593630E+5
7.140000E-3	0.000000E+0	4.592630E+5
7.160000E-3	0.000000E+0	4.592970E+5
7.180000E-3	0.000000E+0	4.585710E+5
7.200000E-3	0.000000E+0	4.593640E+5
7.220000E-3	0.000000E+0	4.598760E+5
7.240000E-3	0.000000E+0	4.591520E+5
7.260000E-3	0.000000E+0	4.592230E+5
7.280000E-3	0.000000E+0	4.592340E+5
7.300000E-3	0.000000E+0	4.592670E+5
7.320000E-3	0.000000E+0	4.598530E+5
7.340000E-3	0.000000E+0	4.601890E+5
7.360000E-3	0.000000E+0	4.587840E+5
7.380000E-3	0.000000E+0	4.601830E+5
7.400000E-3	0.000000E+0	4.595970E+5
7.420000E-3	0.000000E+0	4.591230E+5
7.440000E-3	0.000000E+0	4.596250E+5
7.460000E-3	0.000000E+0	4.597900E+5
7.480000E-3	0.000000E+0	4.591300E+5
7.500000E-3	0.000000E+0	4.600210E+5
7.520000E-3	0.000000E+0	4.596310E+5
7.540000E-3	0.000000E+0	4.595180E+5
7.560000E-3	0.000000E+0	4.596450E+5
7.580000E-3	0.000000E+0	4.596740E+5
7.600000E-3	0.000000E+0	4.591450E+5
7.620000E-3	0.000000E+0	4.596760E+5
7.640000E-3	0.000000E+0	4.603360E+5
7.660000E-3	0.000000E+0	4.587610E+5
7.680000E-3	0.000000E+0	4.592370E+5
7.700000E-3	0.000000E+0	4.588140E+5
7.720000E-3	0.000000E+0	4.597560E+5
7.740000E-3	0.000000E+0	4.588200E+5
7.760000E-3	0.000000E+0	4.591850E+5
7.780000E-3	0.000000E+0	4.605070E+5
7.800000E-3	0.000000E+0	4.592350E+5
7.820000E-3	0.000000E+0	4.588160E+5
7.840000E-3	0.000000E+0	4.608030E+5
7.860000E-3	0.000000E+0	4.595060E+5
7.880000E-3	0.000000E+0	4.594060E+5
7.900000E-3	0.000000E+0	4.591500E+5
7.920000E-3	0.000000E+0	4.591110E+5
7.940000E-3	0.000000E+0	4.605240E+5
7.960000E-3	0.000000E+0	4.608720E+5
7.980000E-3	0.000000E+0	4.602180E+5
8.000000E-3	0.000000E+0	4.597360E+5
8.020000E-3	0.000000E+0	4.596120E+5
8.040000E-3	0.000000E+0	4.582920E+5
8.060000E-3	0.000000E+0	4.590360E+5
8.080000E-3	0.000000E+0	4.598120E+5
8.100000E-3	0.000000E+0	4.606300E+5
8.120000E-3	0.000000E+0	4.598550E+5
8.140000E-3	0.000000E+0	4.590230E+5
8.160000E-3	0.000000E+0	4.596710E+5
8.180000E-3	0.000000E+0	4.588940E+5
8.200000E-3	0.000000E+0	4.595860E+5
8.220000E-3	0.000000E+0	4.590790E+5
8.240000E-3	0.000000E+0	4.598760E+5
8.260000E-3	0.000000E+0	4.611500E+5
8.280000E-3	0.000000E+0	4.587640E+5
8.300000E-3	0.000000E+0	4.594590E+5
8.320000E-3	0.000000E+0	4.584590E+5
8.340000E-3	0.000000E+0	4.590020E+5
8.360000E-3	0.000000E+0	4.591770E+5
8.380000E-3	0.000000E+0	4.576720E+5
8.400000E-3	0.000000E+0	4.587220E+5
8.420000E-3	0.000000E+0	4.596540E+5
8.440000E-3	0.000000E+0	4.598440E+5
8.460000E-3	0.000000E+0	4.598550E+5
8.480000E-3	0.000000E+0	4.606680E+5
8.500000E-3	0.000000E+0	4.583750E+5
8.520000E-3	0.000000E+0	4.604760E+5
8.540000E-3	0.000000E+0	4.601080E+5
8.560000E-3	0.000000E+0	4.593510E+5
8.580000E-3	0.000000E+0	4.612270E+5
8.600000E-3	0.000000E+0	4.595560E+5
8.620000E-3	0.000000E+0	4.605420E+5
8.640000E-3	0.000000E+0	4.595670E+5
8.660000E-3	0.000000E+0	4.590160E+5
8.680000E-3	0.000000E+0	4.597110E+5
8.700000E-3	0.000000E+0	4.578500E+5
8.720000E-3	0.000000E+0	4.603500E+5
8.740000E-3	0.000000E+0	4.583470E+5
8.760000E-3	0.000000E+0	4.594950E+5
8.780000E-3	0.000000E+0	4.593630E+5
8.800000E-3	0.000000E+0	4.600840E+5
8.820000E-3	0.000000E+0	4.598610E+5
8.840000E-3	0.000000E+0	4.586070E+5
8.860000E-3	0.000000E+0	4.612010E+5
8.880000E-3	0.000000E+0	4.588490E+5
8.900000E-3	0.000000E+0	4.594310E+5
8.920000E-3	0.000000E+0	4.584710E+5
8.940000E-3	0.000000E+0	4.582200E+5
8.960000E-3	0.000000E+0	4.605930E+5
8.980000E-3	0.000000E+0	4.589070E+5
9.000000E-3	0.000000E+0	4.592670E+5
9.020000E-3	0.000000E+0	4.580330E+5
9.040000E-3	0.000000E+0	4.597720E+5
9.060000E-3	0.000000E+0	4.613380E+5
9.080000E-3	0.000000E+0	4.593730E+5
9.100000E-3	0.000000E+0	4.607950E+5
9.120000E-3	0.000000E+0	4.585850E+5
9.140000E-3	0.000000E+0	4.595830E+5
9.160000E-3	0.000000E+0	4.599970E+5
9.180000E-3	0.000000E+0	4.586670E+5
9.200000E-3	0.000000E+0	4.591040E+5
9.220000E-3	0.000000E+0	4.593360E+5
9.240000E-3	0.000000E+0	4.602340E+5
9.260000E-3	0.000000E+0	4.606420E+5
9.280000E-3	0.000000E+0	4.605950E+5
9.300000E-3	0.000000E+0	4.602350E+5
9.320000E-3	0.000000E+0	4.594090E+5
9.340000E-3	0.000000E+0	4.590180E+5
9.360000E-3	0.000000E+0	4.592370E+5
9.380000E-3	0.000000E+0	4.607860E+5
9.400000E-3	0.000000E+0	4.597970E+5
9.420000E-3	0.000000E+0	4.605200E+5
9.440000E-3	0.000000E+0	4.592710E+5
9.460000E-3	0.000000E+0	4.605500E+5
9.480000E-3	0.000000E+0	4.594460E+5
9.500000E-3	0.000000E+0	4.584990E+5
9.520000E-3	0.000000E+0	4.602030E+5
9.540000E-3	0.000000E+0	4.583920E+5
9.560000E-3	0.000000E+0	4.595760E+5
9.580000E-3	0.000000E+0	4.591210E+5
9.600000E-3	0.000000E+0	4.597670E+5
9.620000E-3	0.000000E+0	4.589150E+5
9.640000E-3	0.000000E+0	4.590910E+5
9.660000E-3	0.000000E+0	4.603460E+5
9.680000E-3	0.000000E+0	4.582000E+5
9.700000E-3	0.000000E+0	4.589080E+5
9.720000E-3	0.000000E+0	4.599390E+5
9.740000E-3	0.000000E+0	4.592910E+5
9.760000E-3	0.000000E+0	4.594290E+5
9.780000E-3	0.000000E+0	4.599420E+5
9.800000E-3	0.000000E+0	4.598460E+5
9.820000E-3	0.000000E+0	4.602730E+5
9.840000E-3	0.000000E+0	4.597010E+5
9.860000E-3	0.000000E+0	4.587990E+5
9.880000E-3	0.000000E+0	4.609150E+5
9.900000E-3	0.000000E+0	4.613310E+5
9.920000E-3	0.000000E+0	4.594020E+5
9.940000E-3	0.000000E+0	4.587870E+5
9.960000E-3	0.000000E+0	4.584240E+5
9.980000E-3	0.000000E+0	4.603450E+5
1.000000E-2	0.000000E+0	4.590330E+5
1.002000E-2	0.000000E+0	4.594280E+5
1.004000E-2	0.000000E+0	4.601010E+5
1.006000E-2	0.000000E+0	4.590860E+5
1.008000E-2	0.000000E+0	4.596450E+5
1.010000E-2	0.000000E+0	4.591660E+5
1.012000E-2	0.000000E+0	4.605550E+5
1.014000E-2	0.000000E+0	4.612530E+5
1.016000E-2	0.000000E+0	4.600330E+5
1.018000E-2	0.000000E+0	4.596770E+5
1.020000E-2	0.000000E+0	4.601870E+5
1.022000E-2	0.000000E+0	4.592310E+5
1.024000E-2	0.000000E+0	4.589050E+5
1.026000E-2	0.000000E+0	4.608760E+5
1.028000E-2	0.000000E+0	4.592410E+5
1.030000E-2	0.000000E+0	4.606500E+5
1.032000E-2	0.000000E+0	4.589680E+5
1.034000E-2	0.000000E+0	4.610420E+5
1.036000E-2	0.000000E+0	4.596870E+5
1.038000E-2	0.000000E+0	4.601960E+5
1.040000E-2	0.000000E+0	4.591780E+5
1.042000E-2	0.000000E+0	4.598880E+5
1.044000E-2	0.000000E+0	4.595810E+5
1.046000E-2	0.000000E+0	4.605410E+5
1.048000E-2	0.000000E+0	4.602770E+5
1.050000E-2	0.000000E+0	4.593080E+5
1.052000E-2	0.000000E+0	4.601380E+5
1.054000E-2	0.000000E+0	4.609610E+5
1.056000E-2	0.000000E+0	4.593050E+5
1.058000E-2	0.000000E+0	4.604450E+5
1.060000E-2	0.000000E+0	4.590440E+5
1.062000E-2	0.000000E+0	4.591770E+5
1.064000E-2	0.000000E+0	4.596700E+5
1.066000E-2	0.000000E+0	4.594130E+5
1.068000E-2	0.000000E+0	4.598860E+5
1.070000E-2	0.000000E+0	4.590400E+5
1.072000E-2	0.000000E+0	4.596360E+5
1.074000E-2	0.000000E+0	4.603610E+5
1.076000E-2	0.000000E+0	4.602540E+5
1.078000E-2	0.000000E+0	4.606970E+5
1.080000E-2	0.000000E+0	4.605340E+5
1.082000E-2	0.000000E+0	4.611610E+5
1.084000E-2	0.000000E+0	4.596130E+5
1.086000E-2	0.000000E+0	4.603400E+5
1.088000E-2	0.000000E+0	4.595410E+5
1.090000E-2	0.000000E+0	4.598430E+5
1.092000E-2	0.000000E+0	4.598430E+5
1.094000E-2	0.000000E+0	4.592860E+5
1.096000E-2	0.000000E+0	4.595120E+5
1.098000E-2	0.000000E+0	4.604170E+5
1.100000E-2	0.000000E+0	4.603640E+5
1.102000E-2	0.000000E+0	4.591440E+5
1.104000E-2	0.000000E+0	4.602470E+5
1.106000E-2	0.000000E+0	4.599470E+5
1.108000E-2	0.000000E+0	4.601650E+5
1.110000E-2	0.000000E+0	4.595840E+5
1.112000E-2	0.000000E+0	4.594680E+5
1.114000E-2	0.000000E+0	4.604120E+5
1.116000E-2	0.000000E+0	4.578020E+5
1.118000E-2	0.000000E+0	4.597420E+5
1.120000E-2	0.000000E+0	4.591010E+5
1.122000E-2	0.000000E+0	4.610480E+5
1.124000E-2	0.000000E+0	4.611210E+5
1.126000E-2	0.000000E+0	4.585630E+5
1.128000E-2	0.000000E+0	4.590420E+5
1.130000E-2	0.000000E+0	4.599700E+5
1.132000E-2	0.000000E+0	4.609580E+5
1.134000E-2	0.000000E+0	4.587910E+5
1.136000E-2	0.000000E+0	4.609250E+5
1.138000E-2	0.000000E+0	4.596660E+5
1.140000E-2	0.000000E+0	4.609830E+5
1.142000E-2	0.000000E+0	4.593510E+5
1.144000E-2	0.000000E+0	4.609500E+5
1.146000E-2	0.000000E+0	4.593470E+5
1.148000E-2	0.000000E+0	4.595050E+5
1.150000E-2	0.000000E+0	4.591040E+5
1.152000E-2	0.000000E+0	4.591560E+5
1.154000E-2	0.000000E+0	4.593070E+5
1.156000E-2	0.000000E+0	4.602210E+5
1.158000E-2	0.000000E+0	4.591540E+5
1.160000E-2	0.000000E+0	4.596230E+5
1.162000E-2	0.000000E+0	4.594400E+5
1.164000E-2	0.000000E+0	4.608530E+5
1.166000E-2	0.000000E+0	4.616940E+5
1.168000E-2	0.000000E+0	4.605790E+5
1.170000E-2	0.000000E+0	4.612880E+5
1.172000E-2	0.000000E+0	4.607890E+5
1.174000E-2	0.000000E+0	4.595410E+5
1.176000E-2	0.000000E+0	4.599570E+5
1.178000E-2	0.000000E+0	4.590610E+5
1.180000E-2	0.000000E+0	4.600610E+5
1.182000E-2	0.000000E+0	4.603010E+5
1.184000E-2	0.000000E+0	4.603640E+5
1.186000E-2	0.000000E+0	4.591080E+5
1.188000E-2	0.000000E+0	4.593620E+5
1.190000E-2	0.000000E+0	4.585550E+5
1.192000E-2	0.000000E+0	4.591680E+5
1.194000E-2	0.000000E+0	4.612070E+5
1.196000E-2	0.000000E+0	4.598120E+5
1.198000E-2	0.000000E+0	4.601080E+5
1.200000E-2	0.000000E+0	4.595930E+5
1.202000E-2	0.000000E+0	4.597560E+5
1.204000E-2	0.000000E+0	4.593800E+5
1.206000E-2	0.000000E+0	4.596720E+5
1.208000E-2	0.000000E+0	4.604010E+5
1.210000E-2	0.000000E+0	4.603990E+5
1.212000E-2	0.000000E+0	4.597640E+5
1.214000E-2	0.000000E+0	4.584210E+5
1.216000E-2	0.000000E+0	4.589670E+5
1.218000E-2	0.000000E+0	4.596470E+5
1.220000E-2	0.000000E+0	4.587210E+5
1.222000E-2	0.000000E+0	4.601930E+5
1.224000E-2	0.000000E+0	4.597920E+5
1.226000E-2	0.000000E+0	4.590840E+5
1.228000E-2	0.000000E+0	4.598980E+5
1.230000E-2	0.000000E+0	4.598990E+5
1.232000E-2	0.000000E+0	4.603160E+5
1.234000E-2	0.000000E+0	4.603140E+5
1.236000E-2	0.000000E+0	4.598760E+5
1.238000E-2	0.000000E+0	4.610610E+5
1.240000E-2	0.000000E+0	4.605450E+5
1.242000E-2	0.000000E+0	4.602830E+5
1.244000E-2	0.000000E+0	4.605710E+5
1.246000E-2	0.000000E+0	4.591810E+5
1.248000E-2	0.000000E+0	4.601750E+5
1.250000E-2	0.000000E+0	4.593280E+5
1.252000E-2	0.000000E+0	4.616610E+5
1.254000E-2	0.000000E+0	4.602000E+5
1.256000E-2	0.000000E+0	4.595440E+5
1.258000E-2	0.000000E+0	4.608600E+5
1.260000E-2	0.000000E+0	4.607380E+5
1.262000E-2	0.000000E+0	4.587440E+5
1.264000E-2	0.000000E+0	4.591260E+5
1.266000E-2	0.000000E+0	4.615680E+5
1.268000E-2	0.000000E+0	4.601420E+5
1.270000E-2	0.000000E+0	4.592960E+5
1.272000E-2	0.000000E+0	4.607110E+5
1.274000E-2	0.000000E+0	4.592250E+5
1.276000E-2	0.000000E+0	4.600060E+5
1.278000E-2	0.000000E+0	4.593190E+5
1.280000E-2	0.000000E+0	4.592830E+5
1.282000E-2	0.000000E+0	4.592970E+5
1.284000E-2	0.000000E+0	4.598430E+5
1.286000E-2	0.000000E+0	4.605460E+5
1.288000E-2	0.000000E+0	4.606970E+5
1.290000E-2	0.000000E+0	4.594510E+5
1.292000E-2	0.000000E+0	4.599850E+5
1.294000E-2	0.000000E+0	4.589570E+5
1.296000E-2	0.000000E+0	4.596520E+5
1.298000E-2	0.000000E+0	4.599000E+5
1.300000E-2	0.000000E+0	4.596610E+5
1.302000E-2	0.000000E+0	4.604770E+5
1.304000E-2	0.000000E+0	4.602860E+5
1.306000E-2	0.000000E+0	4.590480E+5
1.308000E-2	0.000000E+0	4.612500E+5
1.310000E-2	0.000000E+0	4.603140E+5
1.312000E-2	0.000000E+0	4.601010E+5
1.314000E-2	0.000000E+0	4.610480E+5
1.316000E-2	0.000000E+0	4.599900E+5
1.318000E-2	0.000000E+0	4.596800E+5
1.320000E-2	0.000000E+0	4.600970E+5
1.322000E-2	0.000000E+0	4.605010E+5
1.324000E-2	0.000000E+0	4.590100E+5
1.326000E-2	0.000000E+0	4.606280E+5
1.328000E-2	0.000000E+0	4.604470E+5
1.330000E-2	0.000000E+0	4.587470E+5
1.332000E-2	0.000000E+0	4.591990E+5
1.334000E-2	0.000000E+0	4.592750E+5
1.336000E-2	0.000000E+0	4.599090E+5
1.338000E-2	0.000000E+0	4.604390E+5
1.340000E-2	0.000000E+0	4.590910E+5
1.342000E-2	0.000000E+0	4.586050E+5
1.344000E-2	0.000000E+0	4.594250E+5
1.346000E-2	0.000000E+0	4.590270E+5
1.348000E-2	0.000000E+0	4.604540E+5
1.350000E-2	0.000000E+0	4.602370E+5
1.352000E-2	0.000000E+0	4.605510E+5
1.354000E-2	0.000000E+0	4.603150E+5
1.356000E-2	0.000000E+0	4.604410E+5
1.358000E-2	0.000000E+0	4.598640E+5
1.360000E-2	0.000000E+0	4.596480E+5
1.362000E-2	0.000000E+0	4.601090E+5
1.364000E-2	0.000000E+0	4.587190E+5
1.366000E-2	0.000000E+0	4.594410E+5
1.368000E-2	0.000000E+0	4.604770E+5
1.370000E-2	0.000000E+0	4.606510E+5
1.372000E-2	0.000000E+0	4.595050E+5
1.374000E-2	0.000000E+0	4.599950E+5
1.376000E-2	0.000000E+0	4.593980E+5
1.378000E-2	0.000000E+0	4.590700E+5
1.380000E-2	0.000000E+0	4.598950E+5
1.382000E-2	0.000000E+0	4.586820E+5
1.384000E-2	0.000000E+0	4.592420E+5
1.386000E-2	0.000000E+0	4.600770E+5
1.388000E-2	0.000000E+0	4.598340E+5
1.390000E-2	0.000000E+0	4.606300E+5
1.392000E-2	0.000000E+0	4.606290E+5
1.394000E-2	0.000000E+0	4.602540E+5
1.396000E-2	0.000000E+0	4.598370E+5
1.398000E-2	0.000000E+0	4.610830E+5
1.400000E-2	0.000000E+0	4.608470E+5
1.402000E-2	0.000000E+0	4.591820E+5
1.404000E-2	0.000000E+0	4.612780E+5
1.406000E-2	0.000000E+0	4.592840E+5
1.408000E-2	0.000000E+0	4.593180E+5
1.410000E-2	0.000000E+0	4.600130E+5
1.412000E-2	0.000000E+0	4.598020E+5
1.414000E-2	0.000000E+0	4.592730E+5
1.416000E-2	0.000000E+0	4.590600E+5
1.418000E-2	0.000000E+0	4.593850E+5
1.420000E-2	0.000000E+0	4.599320E+5
1.422000E-2	0.000000E+0	4.604000E+5
1.424000E-2	0.000000E+0	4.585040E+5
1.426000E-2	0.000000E+0	4.583440E+5
1.428000E-2	0.000000E+0	4.591950E+5
1.430000E-2	0.000000E+0	4.595290E+5
1.432000E-2	0.000000E+0	4.593860E+5
1.434000E-2	0.000000E+0	4.594230E+5
1.436000E-2	0.000000E+0	4.602340E+5
1.438000E-2	0.000000E+0	4.597850E+5
1.440000E-2	0.000000E+0	4.614570E+5
1.442000E-2	0.000000E+0	4.598600E+5
1.444000E-2	0.000000E+0	4.588010E+5
1.446000E-2	0.000000E+0	4.602930E+5
1.448000E-2	0.000000E+0	4.601500E+5
1.450000E-2	0.000000E+0	4.597150E+5
1.452000E-2	0.000000E+0	4.601690E+5
1.454000E-2	0.000000E+0	4.596060E+5
1.456000E-2	0.000000E+0	4.605750E+5
1.458000E-2	0.000000E+0	4.586160E+5
1.460000E-2	0.000000E+0	4.602220E+5
1.462000E-2	0.000000E+0	4.582840E+5
1.464000E-2	0.000000E+0	4.601030E+5
1.466000E-2	0.000000E+0	4.597550E+5
1.468000E-2	0.000000E+0	4.606600E+5
1.470000E-2	0.000000E+0	4.595730E+5
1.472000E-2	0.000000E+0	4.593560E+5
1.474000E-2	0.000000E+0	4.600530E+5
1.476000E-2	0.000000E+0	4.606440E+5
1.478000E-2	0.000000E+0	4.608120E+5
1.480000E-2	0.000000E+0	4.590870E+5
1.482000E-2	0.000000E+0	4.585550E+5
1.484000E-2	0.000000E+0	4.607730E+5
1.486000E-2	0.000000E+0	4.590500E+5
1.488000E-2	0.000000E+0	4.588860E+5
1.490000E-2	0.000000E+0	4.583300E+5
1.492000E-2	0.000000E+0	4.572030E+5
1.494000E-2	0.000000E+0	4.549240E+5
1.496000E-2	0.000000E+0	4.538200E+5
1.498000E-2	0.000000E+0	4.539430E+5
1.500000E-2	0.000000E+0	4.531030E+5
1.502000E-2	0.000000E+0	4.526980E+5
1.504000E-2	0.000000E+0	4.511950E+5
1.506000E-2	0.000000E+0	4.507420E+5
1.508000E-2	0.000000E+0	4.495680E+5
1.510000E-2	0.000000E+0	4.478900E+5
1.512000E-2	0.000000E+0	4.473010E+5
1.514000E-2	0.000000E+0	4.483210E+5
1.516000E-2	0.000000E+0	4.480580E+5
1.518000E-2	0.000000E+0	4.493940E+5
1.520000E-2	0.000000E+0	4.514820E+5
1.522000E-2	0.000000E+0	4.521980E+5
1.524000E-2	0.000000E+0	4.550800E+5
1.526000E-2	0.000000E+0	4.552050E+5
1.528000E-2	0.000000E+0	4.571120E+5
1.530000E-2	0.000000E+0	4.564090E+5
1.532000E-2	0.000000E+0	4.578130E+5
1.534000E-2	0.000000E+0	4.584270E+5
1.536000E-2	0.000000E+0	4.584260E+5
1.538000E-2	0.000000E+0	4.595140E+5
1.540000E-2	0.000000E+0	4.590360E+5
1.542000E-2	0.000000E+0	4.591590E+5
1.544000E-2	0.000000E+0	4.585010E+5
1.546000E-2	0.000000E+0	4.587140E+5
1.548000E-2	0.000000E+0	4.584680E+5
1.550000E-2	0.000000E+0	4.579040E+5
1.552000E-2	0.000000E+0	4.590690E+5
1.554000E-2	0.000000E+0	4.577650E+5
1.556000E-2	0.000000E+0	4.566340E+5
1.558000E-2	0.000000E+0	4.546890E+5
1.560000E-2	0.000000E+0	4.545270E+5
1.562000E-2	0.000000E+0	4.532610E+5
1.564000E-2	0.000000E+0	4.525490E+5
1.566000E-2	0.000000E+0	4.525340E+5
1.568000E-2	0.000000E+0	4.517290E+5
1.570000E-2	0.000000E+0	4.507900E+5
1.572000E-2	0.000000E+0	4.487130E+5
1.574000E-2	0.000000E+0	4.478720E+5
1.576000E-2	0.000000E+0	4.484260E+5
1.578000E-2	0.000000E+0	4.460530E+5
1.580000E-2	0.000000E+0	4.478900E+5
1.582000E-2	0.000000E+0	4.490400E+5
1.584000E-2	0.000000E+0	4.499030E+5
1.586000E-2	0.000000E+0	4.517190E+5
1.588000E-2	0.000000E+0	4.536980E+5
1.590000E-2	0.000000E+0	4.546370E+5
1.592000E-2	0.000000E+0	4.559790E+5
1.594000E-2	0.000000E+0	4.558140E+5
1.596000E-2	0.000000E+0	4.577450E+5
1.598000E-2	0.000000E+0	4.586380E+5
1.600000E-2	0.000000E+0	4.598930E+5
1.602000E-2	0.000000E+0	4.590890E+5
1.604000E-2	0.000000E+0	4.590930E+5
1.606000E-2	0.000000E+0	4.594920E+5
1.608000E-2	0.000000E+0	4.592870E+5
1.610000E-2	0.000000E+0	4.605540E+5
1.612000E-2	0.000000E+0	4.601010E+5
1.614000E-2	0.000000E+0	4.594270E+5
1.616000E-2	0.000000E+0	4.607500E+5
1.618000E-2	0.000000E+0	4.596200E+5
1.620000E-2	0.000000E+0	4.596600E+5
1.622000E-2	0.000000E+0	4.594070E+5
1.624000E-2	0.000000E+0	4.594560E+5
1.626000E-2	0.000000E+0	4.596310E+5
1.628000E-2	0.000000E+0	4.609520E+5
1.630000E-2	0.000000E+0	4.596470E+5
1.632000E-2	0.000000E+0	4.606490E+5
1.634000E-2	0.000000E+0	4.602010E+5
1.636000E-2	0.000000E+0	4.603540E+5
1.638000E-2	0.000000E+0	4.600250E+5
1.640000E-2	0.000000E+0	4.601790E+5
1.642000E-2	0.000000E+0	4.596570E+5
1.644000E-2	0.000000E+0	4.590070E+5
1.646000E-2	0.000000E+0	4.598570E+5
1.648000E-2	0.000000E+0	4.589690E+5
1.650000E-2	0.000000E+0	4.594530E+5
1.652000E-2	0.000000E+0	4.605000E+5
1.654000E-2	0.000000E+0	4.595970E+5
1.656000E-2	0.000000E+0	4.591530E+5
1.658000E-2	0.000000E+0	4.597660E+5
1.660000E-2	0.000000E+0	4.600500E+5
1.662000E-2	0.000000E+0	4.594990E+5
1.664000E-2	0.000000E+0	4.595540E+5
1.666000E-2	0.000000E+0	4.596790E+5
1.668000E-2	0.000000E+0	4.591660E+5
1.670000E-2	0.000000E+0	4.596850E+5
1.672000E-2	0.000000E+0	4.600080E+5
1.674000E-2	0.000000E+0	4.593730E+5
1.676000E-2	0.000000E+0	4.583790E+5
1.678000E-2	0.000000E+0	4.585430E+5
1.680000E-2	0.000000E+0	4.596520E+5
1.682000E-2	0.000000E+0	4.594960E+5
1.684000E-2	0.000000E+0	4.598120E+5
1.686000E-2	0.000000E+0	4.614380E+5
1.688000E-2	0.000000E+0	4.599860E+5
1.690000E-2	0.000000E+0	4.598410E+5
1.692000E-2	0.000000E+0	4.601430E+5
1.694000E-2	0.000000E+0	4.594710E+5
1.696000E-2	0.000000E+0	4.589370E+5
1.698000E-2	0.000000E+0	4.594170E+5
1.700000E-2	0.000000E+0	4.603500E+5
1.702000E-2	0.000000E+0	4.602970E+5
1.704000E-2	0.000000E+0	4.605260E+5
1.706000E-2	0.000000E+0	4.609890E+5
1.708000E-2	0.000000E+0	4.598570E+5
1.710000E-2	0.000000E+0	4.604460E+5
1.712000E-2	0.000000E+0	4.599470E+5
1.714000E-2	0.000000E+0	4.592250E+5
1.716000E-2	0.000000E+0	4.604540E+5
1.718000E-2	0.000000E+0	4.599320E+5
1.720000E-2	0.000000E+0	4.607820E+5
1.722000E-2	0.000000E+0	4.605990E+5
1.724000E-2	0.000000E+0	4.594190E+5
1.726000E-2	0.000000E+0	4.596280E+5
1.728000E-2	0.000000E+0	4.591590E+5
1.730000E-2	0.000000E+0	4.595340E+5
1.732000E-2	0.000000E+0	4.593810E+5
1.734000E-2	0.000000E+0	4.597100E+5
1.736000E-2	0.000000E+0	4.612170E+5
1.738000E-2	0.000000E+0	4.608890E+5
1.740000E-2	0.000000E+0	4.606370E+5
1.742000E-2	0.000000E+0	4.591650E+5
1.744000E-2	0.000000E+0	4.600120E+5
1.746000E-2	0.000000E+0	4.601380E+5
1.748000E-2	0.000000E+0	4.593520E+5
1.750000E-2	0.000000E+0	4.599250E+5
1.752000E-2	0.000000E+0	4.607030E+5
1.754000E-2	0.000000E+0	4.593310E+5
1.756000E-2	0.000000E+0	4.591510E+5
1.758000E-2	0.000000E+0	4.598440E+5
1.760000E-2	0.000000E+0	4.600140E+5
1.762000E-2	0.000000E+0	4.602950E+5
1.764000E-2	0.000000E+0	4.604630E+5
1.766000E-2	0.000000E+0	4.598030E+5
1.768000E-2	0.000000E+0	4.599620E+5
1.770000E-2	0.000000E+0	4.597880E+5
1.772000E-2	0.000000E+0	4.609310E+5
1.774000E-2	0.000000E+0	4.597130E+5
1.776000E-2	0.000000E+0	4.593180E+5
1.778000E-2	0.000000E+0	4.603190E+5
1.780000E-2	0.000000E+0	4.588220E+5
1.782000E-2	0.000000E+0	4.598070E+5
1.784000E-2	0.000000E+0	4.593240E+5
1.786000E-2	0.000000E+0	4.594960E+5
1.788000E-2	0.000000E+0	4.600350E+5
1.790000E-2	0.000000E+0	4.604610E+5
1.792000E-2	0.000000E+0	4.589030E+5
1.794000E-2	0.000000E+0	4.602160E+5
1.796000E-2	0.000000E+0	4.602170E+5
1.798000E-2	0.000000E+0	4.605210E+5
1.800000E-2	0.000000E+0	4.587980E+5
1.802000E-2	0.000000E+0	4.594400E+5
1.804000E-2	0.000000E+0	4.584230E+5
1.806000E-2	0.000000E+0	4.594780E+5
1.808000E-2	0.000000E+0	4.598230E+5
1.810000E-2	0.000000E+0	4.602100E+5
1.812000E-2	0.000000E+0	4.608880E+5
1.814000E-2	0.000000E+0	4.606630E+5
1.816000E-2	0.000000E+0	4.603780E+5
1.818000E-2	0.000000E+0	4.595480E+5
1.820000E-2	0.000000E+0	4.608980E+5
1.822000E-2	0.000000E+0	4.595580E+5
1.824000E-2	0.000000E+0	4.598380E+5
1.826000E-2	0.000000E+0	4.606920E+5
1.828000E-2	0.000000E+0	4.596330E+5
1.830000E-2	0.000000E+0	4.588870E+5
1.832000E-2	0.000000E+0	4.603420E+5
1.834000E-2	0.000000E+0	4.594820E+5
1.836000E-2	0.000000E+0	4.607090E+5
1.838000E-2	0.000000E+0	4.597120E+5
1.840000E-2	0.000000E+0	4.595220E+5
1.842000E-2	0.000000E+0	4.592300E+5
1.844000E-2	0.000000E+0	4.590340E+5
1.846000E-2	0.000000E+0	4.585060E+5
1.848000E-2	0.000000E+0	4.608820E+5
1.850000E-2	0.000000E+0	4.601590E+5
1.852000E-2	0.000000E+0	4.604980E+5
1.854000E-2	0.000000E+0	4.611970E+5
1.856000E-2	0.000000E+0	4.590040E+5
1.858000E-2	0.000000E+0	4.594530E+5
1.860000E-2	0.000000E+0	4.598360E+5
1.862000E-2	0.000000E+0	4.593820E+5
1.864000E-2	0.000000E+0	4.586550E+5
1.866000E-2	0.000000E+0	4.605930E+5
1.868000E-2	0.000000E+0	4.592680E+5
1.870000E-2	0.000000E+0	4.598040E+5
1.872000E-2	0.000000E+0	4.602050E+5
1.874000E-2	0.000000E+0	4.585190E+5
1.876000E-2	0.000000E+0	4.595930E+5
1.878000E-2	0.000000E+0	4.594510E+5
1.880000E-2	0.000000E+0	4.597530E+5
1.882000E-2	0.000000E+0	4.596460E+5
1.884000E-2	0.000000E+0	4.605410E+5
1.886000E-2	0.000000E+0	4.602010E+5
1.888000E-2	0.000000E+0	4.589730E+5
1.890000E-2	0.000000E+0	4.595960E+5
1.892000E-2	0.000000E+0	4.610370E+5
1.894000E-2	0.000000E+0	4.600970E+5
1.896000E-2	0.000000E+0	4.600700E+5
1.898000E-2	0.000000E+0	4.599820E+5
1.900000E-2	0.000000E+0	4.589330E+5
1.902000E-2	0.000000E+0	4.591760E+5
1.904000E-2	0.000000E+0	4.601550E+5
1.906000E-2	0.000000E+0	4.602910E+5
1.908000E-2	0.000000E+0	4.598900E+5
1.910000E-2	0.000000E+0	4.585470E+5
1.912000E-2	0.000000E+0	4.588770E+5
1.914000E-2	0.000000E+0	4.596710E+5
1.916000E-2	0.000000E+0	4.589450E+5
1.918000E-2	0.000000E+0	4.590380E+5
1.920000E-2	0.000000E+0	4.602460E+5
1.922000E-2	0.000000E+0	4.598180E+5
1.924000E-2	0.000000E+0	4.595310E+5
1.926000E-2	0.000000E+0	4.606370E+5
1.928000E-2	0.000000E+0	4.607600E+5
1.930000E-2	0.000000E+0	4.600770E+5
1.932000E-2	0.000000E+0	4.595870E+5
1.934000E-2	0.000000E+0	4.600040E+5
1.936000E-2	0.000000E+0	4.591810E+5
1.938000E-2	0.000000E+0	4.602760E+5
1.940000E-2	0.000000E+0	4.587150E+5
1.942000E-2	0.000000E+0	4.611060E+5
1.944000E-2	0.000000E+0	4.604350E+5
1.946000E-2	0.000000E+0	4.590260E+5
1.948000E-2	0.000000E+0	4.602280E+5
1.950000E-2	0.000000E+0	4.600780E+5
1.952000E-2	0.000000E+0	4.606040E+5
1.954000E-2	0.000000E+0	4.596100E+5
1.956000E-2	0.000000E+0	4.605830E+5
1.958000E-2	0.000000E+0	4.597530E+5
1.960000E-2	0.000000E+0	4.597000E+5
1.962000E-2	0.000000E+0	4.592150E+5
1.964000E-2	0.000000E+0	4.604330E+5
1.966000E-2	0.000000E+0	4.605120E+5
1.968000E-2	0.000000E+0	4.599290E+5
1.970000E-2	0.000000E+0	4.596610E+5
1.972000E-2	0.000000E+0	4.601720E+5
1.974000E-2	0.000000E+0	4.601870E+5
1.976000E-2	0.000000E+0	4.582880E+5
1.978000E-2	0.000000E+0	4.592960E+5
1.980000E-2	0.000000E+0	4.605460E+5
1.982000E-2	0.000000E+0	4.593370E+5
1.984000E-2	0.000000E+0	4.603000E+5
1.986000E-2	0.000000E+0	4.590730E+5
1.988000E-2	0.000000E+0	4.587690E+5
1.990000E-2	0.000000E+0	4.599310E+5
1.992000E-2	0.000000E+0	4.590910E+5
1.994000E-2	0.000000E+0	4.609080E+5
1.996000E-2	0.000000E+0	4.591060E+5
1.998000E-2	0.000000E+0	4.598890E+5
