

live time:  101341.780000
real time:  140403.140000
sweeps:  5067089.000000
0.000000E+0	0.000000E+0	0.000000E+0
2.000000E-5	0.000000E+0	2.222760E+5
4.000000E-5	0.000000E+0	2.229770E+5
6.000000E-5	0.000000E+0	2.221950E+5
8.000000E-5	0.000000E+0	2.229490E+5
1.000000E-4	0.000000E+0	2.221800E+5
1.200000E-4	0.000000E+0	2.222660E+5
1.400000E-4	0.000000E+0	2.227810E+5
1.600000E-4	0.000000E+0	2.227440E+5
1.800000E-4	0.000000E+0	2.223590E+5
2.000000E-4	0.000000E+0	2.228000E+5
2.200000E-4	0.000000E+0	2.224600E+5
2.400000E-4	0.000000E+0	2.219900E+5
2.600000E-4	0.000000E+0	2.218950E+5
2.800000E-4	0.000000E+0	2.225250E+5
3.000000E-4	0.000000E+0	2.230350E+5
3.200000E-4	0.000000E+0	2.227010E+5
3.400000E-4	0.000000E+0	2.221590E+5
3.600000E-4	0.000000E+0	2.226370E+5
3.800000E-4	0.000000E+0	2.219160E+5
4.000000E-4	0.000000E+0	2.221960E+5
4.200000E-4	0.000000E+0	2.225790E+5
4.400000E-4	0.000000E+0	2.218300E+5
4.600000E-4	0.000000E+0	2.232080E+5
4.800000E-4	0.000000E+0	2.222270E+5
5.000000E-4	0.000000E+0	2.227160E+5
5.200000E-4	0.000000E+0	2.225420E+5
5.400000E-4	0.000000E+0	2.226110E+5
5.600000E-4	0.000000E+0	2.218000E+5
5.800000E-4	0.000000E+0	2.227820E+5
6.000000E-4	0.000000E+0	2.228280E+5
6.200000E-4	0.000000E+0	2.218330E+5
6.400000E-4	0.000000E+0	2.229870E+5
6.600000E-4	0.000000E+0	2.220670E+5
6.800000E-4	0.000000E+0	2.220660E+5
7.000000E-4	0.000000E+0	2.226430E+5
7.200000E-4	0.000000E+0	2.232550E+5
7.400000E-4	0.000000E+0	2.218890E+5
7.600000E-4	0.000000E+0	2.224480E+5
7.800000E-4	0.000000E+0	2.216990E+5
8.000000E-4	0.000000E+0	2.225090E+5
8.200000E-4	0.000000E+0	2.228330E+5
8.400000E-4	0.000000E+0	2.226040E+5
8.600000E-4	0.000000E+0	2.230700E+5
8.800000E-4	0.000000E+0	2.215180E+5
9.000000E-4	0.000000E+0	2.233110E+5
9.200000E-4	0.000000E+0	2.221440E+5
9.400000E-4	0.000000E+0	2.225000E+5
9.600000E-4	0.000000E+0	2.214520E+5
9.800000E-4	0.000000E+0	2.232720E+5
1.000000E-3	0.000000E+0	2.225920E+5
1.020000E-3	0.000000E+0	2.221320E+5
1.040000E-3	0.000000E+0	2.221530E+5
1.060000E-3	0.000000E+0	2.222260E+5
1.080000E-3	0.000000E+0	2.222880E+5
1.100000E-3	0.000000E+0	2.218890E+5
1.120000E-3	0.000000E+0	2.225700E+5
1.140000E-3	0.000000E+0	2.221330E+5
1.160000E-3	0.000000E+0	2.215980E+5
1.180000E-3	0.000000E+0	2.219200E+5
1.200000E-3	0.000000E+0	2.228680E+5
1.220000E-3	0.000000E+0	2.232210E+5
1.240000E-3	0.000000E+0	2.225030E+5
1.260000E-3	0.000000E+0	2.221140E+5
1.280000E-3	0.000000E+0	2.229610E+5
1.300000E-3	0.000000E+0	2.216630E+5
1.320000E-3	0.000000E+0	2.228520E+5
1.340000E-3	0.000000E+0	2.221600E+5
1.360000E-3	0.000000E+0	2.220900E+5
1.380000E-3	0.000000E+0	2.228280E+5
1.400000E-3	0.000000E+0	2.223180E+5
1.420000E-3	0.000000E+0	2.229180E+5
1.440000E-3	0.000000E+0	2.218480E+5
1.460000E-3	0.000000E+0	2.217240E+5
1.480000E-3	0.000000E+0	2.226240E+5
1.500000E-3	0.000000E+0	2.228650E+5
1.520000E-3	0.000000E+0	2.224630E+5
1.540000E-3	0.000000E+0	2.227680E+5
1.560000E-3	0.000000E+0	2.220090E+5
1.580000E-3	0.000000E+0	2.225760E+5
1.600000E-3	0.000000E+0	2.221640E+5
1.620000E-3	0.000000E+0	2.222820E+5
1.640000E-3	0.000000E+0	2.218520E+5
1.660000E-3	0.000000E+0	2.234040E+5
1.680000E-3	0.000000E+0	2.217530E+5
1.700000E-3	0.000000E+0	2.217160E+5
1.720000E-3	0.000000E+0	2.226490E+5
1.740000E-3	0.000000E+0	2.231970E+5
1.760000E-3	0.000000E+0	2.230900E+5
1.780000E-3	0.000000E+0	2.231790E+5
1.800000E-3	0.000000E+0	2.228350E+5
1.820000E-3	0.000000E+0	2.222100E+5
1.840000E-3	0.000000E+0	2.223250E+5
1.860000E-3	0.000000E+0	2.227220E+5
1.880000E-3	0.000000E+0	2.226140E+5
1.900000E-3	0.000000E+0	2.220770E+5
1.920000E-3	0.000000E+0	2.225650E+5
1.940000E-3	0.000000E+0	2.222970E+5
1.960000E-3	0.000000E+0	2.226010E+5
1.980000E-3	0.000000E+0	2.230280E+5
2.000000E-3	0.000000E+0	2.221950E+5
2.020000E-3	0.000000E+0	2.222830E+5
2.040000E-3	0.000000E+0	2.221020E+5
2.060000E-3	0.000000E+0	2.228880E+5
2.080000E-3	0.000000E+0	2.232500E+5
2.100000E-3	0.000000E+0	2.235000E+5
2.120000E-3	0.000000E+0	2.226080E+5
2.140000E-3	0.000000E+0	2.225980E+5
2.160000E-3	0.000000E+0	2.219830E+5
2.180000E-3	0.000000E+0	2.229410E+5
2.200000E-3	0.000000E+0	2.225290E+5
2.220000E-3	0.000000E+0	2.227790E+5
2.240000E-3	0.000000E+0	2.226220E+5
2.260000E-3	0.000000E+0	2.229690E+5
2.280000E-3	0.000000E+0	2.225350E+5
2.300000E-3	0.000000E+0	2.227020E+5
2.320000E-3	0.000000E+0	2.222080E+5
2.340000E-3	0.000000E+0	2.224540E+5
2.360000E-3	0.000000E+0	2.224560E+5
2.380000E-3	0.000000E+0	2.227180E+5
2.400000E-3	0.000000E+0	2.219910E+5
2.420000E-3	0.000000E+0	2.224330E+5
2.440000E-3	0.000000E+0	2.214510E+5
2.460000E-3	0.000000E+0	2.224080E+5
2.480000E-3	0.000000E+0	2.231780E+5
2.500000E-3	0.000000E+0	2.227580E+5
2.520000E-3	0.000000E+0	2.230320E+5
2.540000E-3	0.000000E+0	2.221070E+5
2.560000E-3	0.000000E+0	2.223660E+5
2.580000E-3	0.000000E+0	2.220140E+5
2.600000E-3	0.000000E+0	2.233850E+5
2.620000E-3	0.000000E+0	2.220430E+5
2.640000E-3	0.000000E+0	2.221160E+5
2.660000E-3	0.000000E+0	2.230120E+5
2.680000E-3	0.000000E+0	2.225400E+5
2.700000E-3	0.000000E+0	2.228940E+5
2.720000E-3	0.000000E+0	2.224290E+5
2.740000E-3	0.000000E+0	2.230190E+5
2.760000E-3	0.000000E+0	2.225240E+5
2.780000E-3	0.000000E+0	2.226140E+5
2.800000E-3	0.000000E+0	2.220090E+5
2.820000E-3	0.000000E+0	2.222400E+5
2.840000E-3	0.000000E+0	2.217890E+5
2.860000E-3	0.000000E+0	2.231040E+5
2.880000E-3	0.000000E+0	2.227960E+5
2.900000E-3	0.000000E+0	2.231880E+5
2.920000E-3	0.000000E+0	2.222160E+5
2.940000E-3	0.000000E+0	2.225820E+5
2.960000E-3	0.000000E+0	2.229140E+5
2.980000E-3	0.000000E+0	2.217710E+5
3.000000E-3	0.000000E+0	2.226610E+5
3.020000E-3	0.000000E+0	2.226280E+5
3.040000E-3	0.000000E+0	2.227340E+5
3.060000E-3	0.000000E+0	2.238020E+5
3.080000E-3	0.000000E+0	2.224930E+5
3.100000E-3	0.000000E+0	2.217700E+5
3.120000E-3	0.000000E+0	2.225430E+5
3.140000E-3	0.000000E+0	2.225520E+5
3.160000E-3	0.000000E+0	2.225880E+5
3.180000E-3	0.000000E+0	2.231870E+5
3.200000E-3	0.000000E+0	2.226940E+5
3.220000E-3	0.000000E+0	2.227470E+5
3.240000E-3	0.000000E+0	2.223630E+5
3.260000E-3	0.000000E+0	2.226390E+5
3.280000E-3	0.000000E+0	2.223280E+5
3.300000E-3	0.000000E+0	2.222760E+5
3.320000E-3	0.000000E+0	2.226160E+5
3.340000E-3	0.000000E+0	2.228020E+5
3.360000E-3	0.000000E+0	2.220810E+5
3.380000E-3	0.000000E+0	2.223220E+5
3.400000E-3	0.000000E+0	2.223810E+5
3.420000E-3	0.000000E+0	2.229610E+5
3.440000E-3	0.000000E+0	2.219130E+5
3.460000E-3	0.000000E+0	2.229710E+5
3.480000E-3	0.000000E+0	2.223080E+5
3.500000E-3	0.000000E+0	2.231000E+5
3.520000E-3	0.000000E+0	2.220130E+5
3.540000E-3	0.000000E+0	2.223110E+5
3.560000E-3	0.000000E+0	2.222960E+5
3.580000E-3	0.000000E+0	2.223840E+5
3.600000E-3	0.000000E+0	2.220870E+5
3.620000E-3	0.000000E+0	2.211560E+5
3.640000E-3	0.000000E+0	2.227450E+5
3.660000E-3	0.000000E+0	2.224980E+5
3.680000E-3	0.000000E+0	2.223490E+5
3.700000E-3	0.000000E+0	2.217400E+5
3.720000E-3	0.000000E+0	2.225060E+5
3.740000E-3	0.000000E+0	2.224490E+5
3.760000E-3	0.000000E+0	2.225040E+5
3.780000E-3	0.000000E+0	2.222090E+5
3.800000E-3	0.000000E+0	2.223840E+5
3.820000E-3	0.000000E+0	2.219440E+5
3.840000E-3	0.000000E+0	2.224290E+5
3.860000E-3	0.000000E+0	2.223860E+5
3.880000E-3	0.000000E+0	2.219670E+5
3.900000E-3	0.000000E+0	2.224460E+5
3.920000E-3	0.000000E+0	2.237470E+5
3.940000E-3	0.000000E+0	2.232260E+5
3.960000E-3	0.000000E+0	2.227160E+5
3.980000E-3	0.000000E+0	2.223150E+5
4.000000E-3	0.000000E+0	2.227980E+5
4.020000E-3	0.000000E+0	2.224420E+5
4.040000E-3	0.000000E+0	2.221730E+5
4.060000E-3	0.000000E+0	2.226450E+5
4.080000E-3	0.000000E+0	2.227760E+5
4.100000E-3	0.000000E+0	2.226560E+5
4.120000E-3	0.000000E+0	2.222060E+5
4.140000E-3	0.000000E+0	2.225310E+5
4.160000E-3	0.000000E+0	2.230840E+5
4.180000E-3	0.000000E+0	2.217390E+5
4.200000E-3	0.000000E+0	2.218800E+5
4.220000E-3	0.000000E+0	2.218970E+5
4.240000E-3	0.000000E+0	2.223880E+5
4.260000E-3	0.000000E+0	2.216270E+5
4.280000E-3	0.000000E+0	2.227450E+5
4.300000E-3	0.000000E+0	2.221500E+5
4.320000E-3	0.000000E+0	2.225370E+5
4.340000E-3	0.000000E+0	2.220160E+5
4.360000E-3	0.000000E+0	2.226340E+5
4.380000E-3	0.000000E+0	2.212640E+5
4.400000E-3	0.000000E+0	2.228570E+5
4.420000E-3	0.000000E+0	2.226990E+5
4.440000E-3	0.000000E+0	2.215650E+5
4.460000E-3	0.000000E+0	2.218910E+5
4.480000E-3	0.000000E+0	2.219560E+5
4.500000E-3	0.000000E+0	2.221650E+5
4.520000E-3	0.000000E+0	2.219420E+5
4.540000E-3	0.000000E+0	2.222470E+5
4.560000E-3	0.000000E+0	2.214190E+5
4.580000E-3	0.000000E+0	2.220870E+5
4.600000E-3	0.000000E+0	2.218060E+5
4.620000E-3	0.000000E+0	2.220270E+5
4.640000E-3	0.000000E+0	2.224000E+5
4.660000E-3	0.000000E+0	2.222800E+5
4.680000E-3	0.000000E+0	2.220780E+5
4.700000E-3	0.000000E+0	2.227560E+5
4.720000E-3	0.000000E+0	2.228260E+5
4.740000E-3	0.000000E+0	2.210470E+5
4.760000E-3	0.000000E+0	2.226760E+5
4.780000E-3	0.000000E+0	2.215640E+5
4.800000E-3	0.000000E+0	2.224850E+5
4.820000E-3	0.000000E+0	2.219260E+5
4.840000E-3	0.000000E+0	2.226020E+5
4.860000E-3	0.000000E+0	2.214830E+5
4.880000E-3	0.000000E+0	2.207770E+5
4.900000E-3	0.000000E+0	2.211400E+5
4.920000E-3	0.000000E+0	2.199160E+5
4.940000E-3	0.000000E+0	2.193970E+5
4.960000E-3	0.000000E+0	2.190120E+5
4.980000E-3	0.000000E+0	2.195390E+5
5.000000E-3	0.000000E+0	2.187600E+5
5.020000E-3	0.000000E+0	2.189880E+5
5.040000E-3	0.000000E+0	2.178280E+5
5.060000E-3	0.000000E+0	2.162960E+5
5.080000E-3	0.000000E+0	2.157320E+5
5.100000E-3	0.000000E+0	2.158580E+5
5.120000E-3	0.000000E+0	2.158360E+5
5.140000E-3	0.000000E+0	2.162610E+5
5.160000E-3	0.000000E+0	2.169230E+5
5.180000E-3	0.000000E+0	2.177000E+5
5.200000E-3	0.000000E+0	2.183860E+5
5.220000E-3	0.000000E+0	2.192940E+5
5.240000E-3	0.000000E+0	2.192410E+5
5.260000E-3	0.000000E+0	2.208550E+5
5.280000E-3	0.000000E+0	2.197410E+5
5.300000E-3	0.000000E+0	2.211450E+5
5.320000E-3	0.000000E+0	2.216130E+5
5.340000E-3	0.000000E+0	2.216540E+5
5.360000E-3	0.000000E+0	2.222210E+5
5.380000E-3	0.000000E+0	2.218430E+5
5.400000E-3	0.000000E+0	2.229210E+5
5.420000E-3	0.000000E+0	2.223030E+5
5.440000E-3	0.000000E+0	2.211380E+5
5.460000E-3	0.000000E+0	2.214850E+5
5.480000E-3	0.000000E+0	2.217160E+5
5.500000E-3	0.000000E+0	2.219340E+5
5.520000E-3	0.000000E+0	2.212990E+5
5.540000E-3	0.000000E+0	2.212320E+5
5.560000E-3	0.000000E+0	2.207910E+5
5.580000E-3	0.000000E+0	2.204630E+5
5.600000E-3	0.000000E+0	2.190570E+5
5.620000E-3	0.000000E+0	2.183660E+5
5.640000E-3	0.000000E+0	2.183930E+5
5.660000E-3	0.000000E+0	2.189890E+5
5.680000E-3	0.000000E+0	2.191260E+5
5.700000E-3	0.000000E+0	2.174670E+5
5.720000E-3	0.000000E+0	2.168180E+5
5.740000E-3	0.000000E+0	2.159340E+5
5.760000E-3	0.000000E+0	2.162780E+5
5.780000E-3	0.000000E+0	2.167780E+5
5.800000E-3	0.000000E+0	2.167770E+5
5.820000E-3	0.000000E+0	2.177070E+5
5.840000E-3	0.000000E+0	2.186740E+5
5.860000E-3	0.000000E+0	2.187450E+5
5.880000E-3	0.000000E+0	2.201350E+5
5.900000E-3	0.000000E+0	2.210210E+5
5.920000E-3	0.000000E+0	2.210700E+5
5.940000E-3	0.000000E+0	2.202130E+5
5.960000E-3	0.000000E+0	2.211620E+5
5.980000E-3	0.000000E+0	2.217750E+5
6.000000E-3	0.000000E+0	2.218070E+5
6.020000E-3	0.000000E+0	2.223990E+5
6.040000E-3	0.000000E+0	2.223460E+5
6.060000E-3	0.000000E+0	2.217990E+5
6.080000E-3	0.000000E+0	2.220770E+5
6.100000E-3	0.000000E+0	2.219610E+5
6.120000E-3	0.000000E+0	2.224570E+5
6.140000E-3	0.000000E+0	2.218380E+5
6.160000E-3	0.000000E+0	2.225280E+5
6.180000E-3	0.000000E+0	2.227920E+5
6.200000E-3	0.000000E+0	2.218920E+5
6.220000E-3	0.000000E+0	2.225600E+5
6.240000E-3	0.000000E+0	2.214660E+5
6.260000E-3	0.000000E+0	2.221020E+5
6.280000E-3	0.000000E+0	2.234160E+5
6.300000E-3	0.000000E+0	2.220350E+5
6.320000E-3	0.000000E+0	2.223760E+5
6.340000E-3	0.000000E+0	2.224120E+5
6.360000E-3	0.000000E+0	2.212870E+5
6.380000E-3	0.000000E+0	2.227860E+5
6.400000E-3	0.000000E+0	2.218410E+5
6.420000E-3	0.000000E+0	2.223430E+5
6.440000E-3	0.000000E+0	2.230900E+5
6.460000E-3	0.000000E+0	2.223550E+5
6.480000E-3	0.000000E+0	2.218960E+5
6.500000E-3	0.000000E+0	2.221180E+5
6.520000E-3	0.000000E+0	2.227820E+5
6.540000E-3	0.000000E+0	2.216550E+5
6.560000E-3	0.000000E+0	2.230460E+5
6.580000E-3	0.000000E+0	2.223530E+5
6.600000E-3	0.000000E+0	2.228830E+5
6.620000E-3	0.000000E+0	2.222810E+5
6.640000E-3	0.000000E+0	2.218830E+5
6.660000E-3	0.000000E+0	2.216190E+5
6.680000E-3	0.000000E+0	2.220970E+5
6.700000E-3	0.000000E+0	2.226090E+5
6.720000E-3	0.000000E+0	2.221890E+5
6.740000E-3	0.000000E+0	2.224790E+5
6.760000E-3	0.000000E+0	2.226890E+5
6.780000E-3	0.000000E+0	2.219290E+5
6.800000E-3	0.000000E+0	2.229700E+5
6.820000E-3	0.000000E+0	2.222520E+5
6.840000E-3	0.000000E+0	2.220240E+5
6.860000E-3	0.000000E+0	2.225250E+5
6.880000E-3	0.000000E+0	2.226690E+5
6.900000E-3	0.000000E+0	2.220320E+5
6.920000E-3	0.000000E+0	2.225730E+5
6.940000E-3	0.000000E+0	2.220720E+5
6.960000E-3	0.000000E+0	2.216250E+5
6.980000E-3	0.000000E+0	2.224250E+5
7.000000E-3	0.000000E+0	2.219640E+5
7.020000E-3	0.000000E+0	2.220230E+5
7.040000E-3	0.000000E+0	2.226420E+5
7.060000E-3	0.000000E+0	2.223590E+5
7.080000E-3	0.000000E+0	2.223920E+5
7.100000E-3	0.000000E+0	2.225600E+5
7.120000E-3	0.000000E+0	2.221960E+5
7.140000E-3	0.000000E+0	2.223010E+5
7.160000E-3	0.000000E+0	2.228030E+5
7.180000E-3	0.000000E+0	2.216410E+5
7.200000E-3	0.000000E+0	2.224760E+5
7.220000E-3	0.000000E+0	2.226880E+5
7.240000E-3	0.000000E+0	2.221780E+5
7.260000E-3	0.000000E+0	2.217530E+5
7.280000E-3	0.000000E+0	2.219120E+5
7.300000E-3	0.000000E+0	2.219030E+5
7.320000E-3	0.000000E+0	2.230090E+5
7.340000E-3	0.000000E+0	2.227810E+5
7.360000E-3	0.000000E+0	2.222250E+5
7.380000E-3	0.000000E+0	2.230650E+5
7.400000E-3	0.000000E+0	2.220620E+5
7.420000E-3	0.000000E+0	2.221330E+5
7.440000E-3	0.000000E+0	2.224290E+5
7.460000E-3	0.000000E+0	2.226930E+5
7.480000E-3	0.000000E+0	2.225540E+5
7.500000E-3	0.000000E+0	2.231400E+5
7.520000E-3	0.000000E+0	2.229420E+5
7.540000E-3	0.000000E+0	2.226030E+5
7.560000E-3	0.000000E+0	2.230360E+5
7.580000E-3	0.000000E+0	2.222060E+5
7.600000E-3	0.000000E+0	2.219380E+5
7.620000E-3	0.000000E+0	2.224500E+5
7.640000E-3	0.000000E+0	2.238100E+5
7.660000E-3	0.000000E+0	2.222090E+5
7.680000E-3	0.000000E+0	2.222070E+5
7.700000E-3	0.000000E+0	2.223040E+5
7.720000E-3	0.000000E+0	2.226410E+5
7.740000E-3	0.000000E+0	2.222970E+5
7.760000E-3	0.000000E+0	2.216450E+5
7.780000E-3	0.000000E+0	2.233150E+5
7.800000E-3	0.000000E+0	2.225450E+5
7.820000E-3	0.000000E+0	2.227820E+5
7.840000E-3	0.000000E+0	2.231580E+5
7.860000E-3	0.000000E+0	2.224490E+5
7.880000E-3	0.000000E+0	2.224980E+5
7.900000E-3	0.000000E+0	2.226020E+5
7.920000E-3	0.000000E+0	2.215810E+5
7.940000E-3	0.000000E+0	2.231560E+5
7.960000E-3	0.000000E+0	2.226910E+5
7.980000E-3	0.000000E+0	2.230610E+5
8.000000E-3	0.000000E+0	2.229170E+5
8.020000E-3	0.000000E+0	2.231810E+5
8.040000E-3	0.000000E+0	2.218460E+5
8.060000E-3	0.000000E+0	2.224600E+5
8.080000E-3	0.000000E+0	2.222150E+5
8.100000E-3	0.000000E+0	2.222660E+5
8.120000E-3	0.000000E+0	2.228550E+5
8.140000E-3	0.000000E+0	2.221250E+5
8.160000E-3	0.000000E+0	2.224640E+5
8.180000E-3	0.000000E+0	2.221640E+5
8.200000E-3	0.000000E+0	2.223680E+5
8.220000E-3	0.000000E+0	2.222340E+5
8.240000E-3	0.000000E+0	2.220220E+5
8.260000E-3	0.000000E+0	2.237620E+5
8.280000E-3	0.000000E+0	2.219690E+5
8.300000E-3	0.000000E+0	2.224180E+5
8.320000E-3	0.000000E+0	2.221790E+5
8.340000E-3	0.000000E+0	2.228270E+5
8.360000E-3	0.000000E+0	2.220080E+5
8.380000E-3	0.000000E+0	2.212450E+5
8.400000E-3	0.000000E+0	2.221430E+5
8.420000E-3	0.000000E+0	2.227380E+5
8.440000E-3	0.000000E+0	2.228590E+5
8.460000E-3	0.000000E+0	2.224890E+5
8.480000E-3	0.000000E+0	2.233310E+5
8.500000E-3	0.000000E+0	2.214470E+5
8.520000E-3	0.000000E+0	2.227240E+5
8.540000E-3	0.000000E+0	2.225260E+5
8.560000E-3	0.000000E+0	2.226270E+5
8.580000E-3	0.000000E+0	2.239350E+5
8.600000E-3	0.000000E+0	2.217070E+5
8.620000E-3	0.000000E+0	2.225230E+5
8.640000E-3	0.000000E+0	2.224420E+5
8.660000E-3	0.000000E+0	2.221680E+5
8.680000E-3	0.000000E+0	2.230830E+5
8.700000E-3	0.000000E+0	2.219350E+5
8.720000E-3	0.000000E+0	2.223950E+5
8.740000E-3	0.000000E+0	2.221240E+5
8.760000E-3	0.000000E+0	2.223370E+5
8.780000E-3	0.000000E+0	2.227970E+5
8.800000E-3	0.000000E+0	2.230490E+5
8.820000E-3	0.000000E+0	2.228890E+5
8.840000E-3	0.000000E+0	2.221410E+5
8.860000E-3	0.000000E+0	2.233610E+5
8.880000E-3	0.000000E+0	2.221870E+5
8.900000E-3	0.000000E+0	2.231070E+5
8.920000E-3	0.000000E+0	2.218070E+5
8.940000E-3	0.000000E+0	2.221720E+5
8.960000E-3	0.000000E+0	2.232630E+5
8.980000E-3	0.000000E+0	2.218690E+5
9.000000E-3	0.000000E+0	2.220700E+5
9.020000E-3	0.000000E+0	2.221410E+5
9.040000E-3	0.000000E+0	2.224330E+5
9.060000E-3	0.000000E+0	2.232740E+5
9.080000E-3	0.000000E+0	2.228650E+5
9.100000E-3	0.000000E+0	2.227960E+5
9.120000E-3	0.000000E+0	2.224160E+5
9.140000E-3	0.000000E+0	2.225020E+5
9.160000E-3	0.000000E+0	2.230080E+5
9.180000E-3	0.000000E+0	2.219930E+5
9.200000E-3	0.000000E+0	2.228890E+5
9.220000E-3	0.000000E+0	2.222990E+5
9.240000E-3	0.000000E+0	2.231680E+5
9.260000E-3	0.000000E+0	2.230600E+5
9.280000E-3	0.000000E+0	2.232300E+5
9.300000E-3	0.000000E+0	2.227480E+5
9.320000E-3	0.000000E+0	2.222220E+5
9.340000E-3	0.000000E+0	2.224610E+5
9.360000E-3	0.000000E+0	2.220070E+5
9.380000E-3	0.000000E+0	2.226700E+5
9.400000E-3	0.000000E+0	2.227790E+5
9.420000E-3	0.000000E+0	2.233230E+5
9.440000E-3	0.000000E+0	2.226010E+5
9.460000E-3	0.000000E+0	2.231150E+5
9.480000E-3	0.000000E+0	2.219750E+5
9.500000E-3	0.000000E+0	2.220900E+5
9.520000E-3	0.000000E+0	2.229340E+5
9.540000E-3	0.000000E+0	2.216080E+5
9.560000E-3	0.000000E+0	2.220550E+5
9.580000E-3	0.000000E+0	2.226960E+5
9.600000E-3	0.000000E+0	2.226560E+5
9.620000E-3	0.000000E+0	2.216810E+5
9.640000E-3	0.000000E+0	2.224590E+5
9.660000E-3	0.000000E+0	2.226460E+5
9.680000E-3	0.000000E+0	2.213790E+5
9.700000E-3	0.000000E+0	2.227790E+5
9.720000E-3	0.000000E+0	2.222470E+5
9.740000E-3	0.000000E+0	2.225390E+5
9.760000E-3	0.000000E+0	2.219520E+5
9.780000E-3	0.000000E+0	2.226410E+5
9.800000E-3	0.000000E+0	2.224580E+5
9.820000E-3	0.000000E+0	2.230720E+5
9.840000E-3	0.000000E+0	2.223600E+5
9.860000E-3	0.000000E+0	2.226110E+5
9.880000E-3	0.000000E+0	2.233370E+5
9.900000E-3	0.000000E+0	2.228090E+5
9.920000E-3	0.000000E+0	2.218660E+5
9.940000E-3	0.000000E+0	2.218310E+5
9.960000E-3	0.000000E+0	2.221950E+5
9.980000E-3	0.000000E+0	2.233710E+5
1.000000E-2	0.000000E+0	2.219610E+5
1.002000E-2	0.000000E+0	2.222540E+5
1.004000E-2	0.000000E+0	2.230260E+5
1.006000E-2	0.000000E+0	2.231950E+5
1.008000E-2	0.000000E+0	2.222980E+5
1.010000E-2	0.000000E+0	2.222440E+5
1.012000E-2	0.000000E+0	2.228840E+5
1.014000E-2	0.000000E+0	2.235640E+5
1.016000E-2	0.000000E+0	2.226070E+5
1.018000E-2	0.000000E+0	2.227490E+5
1.020000E-2	0.000000E+0	2.226440E+5
1.022000E-2	0.000000E+0	2.228640E+5
1.024000E-2	0.000000E+0	2.220060E+5
1.026000E-2	0.000000E+0	2.239170E+5
1.028000E-2	0.000000E+0	2.225880E+5
1.030000E-2	0.000000E+0	2.229180E+5
1.032000E-2	0.000000E+0	2.223960E+5
1.034000E-2	0.000000E+0	2.229030E+5
1.036000E-2	0.000000E+0	2.221290E+5
1.038000E-2	0.000000E+0	2.232340E+5
1.040000E-2	0.000000E+0	2.226810E+5
1.042000E-2	0.000000E+0	2.225460E+5
1.044000E-2	0.000000E+0	2.225440E+5
1.046000E-2	0.000000E+0	2.226470E+5
1.048000E-2	0.000000E+0	2.226870E+5
1.050000E-2	0.000000E+0	2.219630E+5
1.052000E-2	0.000000E+0	2.230200E+5
1.054000E-2	0.000000E+0	2.231900E+5
1.056000E-2	0.000000E+0	2.225620E+5
1.058000E-2	0.000000E+0	2.231430E+5
1.060000E-2	0.000000E+0	2.219260E+5
1.062000E-2	0.000000E+0	2.223060E+5
1.064000E-2	0.000000E+0	2.229830E+5
1.066000E-2	0.000000E+0	2.221230E+5
1.068000E-2	0.000000E+0	2.233870E+5
1.070000E-2	0.000000E+0	2.223930E+5
1.072000E-2	0.000000E+0	2.225750E+5
1.074000E-2	0.000000E+0	2.231750E+5
1.076000E-2	0.000000E+0	2.233470E+5
1.078000E-2	0.000000E+0	2.231750E+5
1.080000E-2	0.000000E+0	2.225670E+5
1.082000E-2	0.000000E+0	2.238330E+5
1.084000E-2	0.000000E+0	2.224300E+5
1.086000E-2	0.000000E+0	2.226370E+5
1.088000E-2	0.000000E+0	2.226130E+5
1.090000E-2	0.000000E+0	2.224570E+5
1.092000E-2	0.000000E+0	2.228840E+5
1.094000E-2	0.000000E+0	2.223240E+5
1.096000E-2	0.000000E+0	2.225180E+5
1.098000E-2	0.000000E+0	2.227780E+5
1.100000E-2	0.000000E+0	2.232080E+5
1.102000E-2	0.000000E+0	2.222830E+5
1.104000E-2	0.000000E+0	2.230320E+5
1.106000E-2	0.000000E+0	2.226600E+5
1.108000E-2	0.000000E+0	2.222860E+5
1.110000E-2	0.000000E+0	2.225650E+5
1.112000E-2	0.000000E+0	2.230300E+5
1.114000E-2	0.000000E+0	2.226330E+5
1.116000E-2	0.000000E+0	2.212720E+5
1.118000E-2	0.000000E+0	2.230480E+5
1.120000E-2	0.000000E+0	2.227910E+5
1.122000E-2	0.000000E+0	2.238680E+5
1.124000E-2	0.000000E+0	2.227820E+5
1.126000E-2	0.000000E+0	2.218970E+5
1.128000E-2	0.000000E+0	2.223280E+5
1.130000E-2	0.000000E+0	2.216650E+5
1.132000E-2	0.000000E+0	2.231020E+5
1.134000E-2	0.000000E+0	2.222440E+5
1.136000E-2	0.000000E+0	2.240330E+5
1.138000E-2	0.000000E+0	2.223650E+5
1.140000E-2	0.000000E+0	2.234230E+5
1.142000E-2	0.000000E+0	2.223090E+5
1.144000E-2	0.000000E+0	2.226270E+5
1.146000E-2	0.000000E+0	2.230470E+5
1.148000E-2	0.000000E+0	2.229920E+5
1.150000E-2	0.000000E+0	2.229110E+5
1.152000E-2	0.000000E+0	2.221770E+5
1.154000E-2	0.000000E+0	2.223200E+5
1.156000E-2	0.000000E+0	2.232440E+5
1.158000E-2	0.000000E+0	2.219730E+5
1.160000E-2	0.000000E+0	2.225370E+5
1.162000E-2	0.000000E+0	2.226500E+5
1.164000E-2	0.000000E+0	2.238160E+5
1.166000E-2	0.000000E+0	2.234110E+5
1.168000E-2	0.000000E+0	2.237050E+5
1.170000E-2	0.000000E+0	2.233000E+5
1.172000E-2	0.000000E+0	2.225260E+5
1.174000E-2	0.000000E+0	2.227780E+5
1.176000E-2	0.000000E+0	2.229830E+5
1.178000E-2	0.000000E+0	2.218330E+5
1.180000E-2	0.000000E+0	2.224980E+5
1.182000E-2	0.000000E+0	2.223450E+5
1.184000E-2	0.000000E+0	2.221060E+5
1.186000E-2	0.000000E+0	2.225660E+5
1.188000E-2	0.000000E+0	2.223370E+5
1.190000E-2	0.000000E+0	2.223470E+5
1.192000E-2	0.000000E+0	2.219500E+5
1.194000E-2	0.000000E+0	2.232730E+5
1.196000E-2	0.000000E+0	2.223080E+5
1.198000E-2	0.000000E+0	2.226670E+5
1.200000E-2	0.000000E+0	2.223990E+5
1.202000E-2	0.000000E+0	2.230010E+5
1.204000E-2	0.000000E+0	2.225720E+5
1.206000E-2	0.000000E+0	2.228050E+5
1.208000E-2	0.000000E+0	2.234380E+5
1.210000E-2	0.000000E+0	2.225620E+5
1.212000E-2	0.000000E+0	2.223150E+5
1.214000E-2	0.000000E+0	2.217630E+5
1.216000E-2	0.000000E+0	2.224170E+5
1.218000E-2	0.000000E+0	2.231560E+5
1.220000E-2	0.000000E+0	2.218630E+5
1.222000E-2	0.000000E+0	2.222200E+5
1.224000E-2	0.000000E+0	2.228350E+5
1.226000E-2	0.000000E+0	2.227990E+5
1.228000E-2	0.000000E+0	2.228520E+5
1.230000E-2	0.000000E+0	2.229470E+5
1.232000E-2	0.000000E+0	2.225360E+5
1.234000E-2	0.000000E+0	2.228640E+5
1.236000E-2	0.000000E+0	2.229830E+5
1.238000E-2	0.000000E+0	2.227430E+5
1.240000E-2	0.000000E+0	2.232220E+5
1.242000E-2	0.000000E+0	2.230710E+5
1.244000E-2	0.000000E+0	2.229490E+5
1.246000E-2	0.000000E+0	2.223270E+5
1.248000E-2	0.000000E+0	2.226170E+5
1.250000E-2	0.000000E+0	2.221250E+5
1.252000E-2	0.000000E+0	2.233180E+5
1.254000E-2	0.000000E+0	2.228380E+5
1.256000E-2	0.000000E+0	2.221580E+5
1.258000E-2	0.000000E+0	2.232050E+5
1.260000E-2	0.000000E+0	2.230600E+5
1.262000E-2	0.000000E+0	2.217710E+5
1.264000E-2	0.000000E+0	2.216440E+5
1.266000E-2	0.000000E+0	2.228400E+5
1.268000E-2	0.000000E+0	2.225430E+5
1.270000E-2	0.000000E+0	2.228980E+5
1.272000E-2	0.000000E+0	2.228140E+5
1.274000E-2	0.000000E+0	2.224590E+5
1.276000E-2	0.000000E+0	2.232350E+5
1.278000E-2	0.000000E+0	2.221150E+5
1.280000E-2	0.000000E+0	2.223700E+5
1.282000E-2	0.000000E+0	2.224590E+5
1.284000E-2	0.000000E+0	2.227750E+5
1.286000E-2	0.000000E+0	2.232640E+5
1.288000E-2	0.000000E+0	2.231630E+5
1.290000E-2	0.000000E+0	2.230400E+5
1.292000E-2	0.000000E+0	2.229040E+5
1.294000E-2	0.000000E+0	2.216240E+5
1.296000E-2	0.000000E+0	2.226510E+5
1.298000E-2	0.000000E+0	2.225430E+5
1.300000E-2	0.000000E+0	2.228810E+5
1.302000E-2	0.000000E+0	2.229690E+5
1.304000E-2	0.000000E+0	2.226080E+5
1.306000E-2	0.000000E+0	2.229530E+5
1.308000E-2	0.000000E+0	2.229550E+5
1.310000E-2	0.000000E+0	2.227300E+5
1.312000E-2	0.000000E+0	2.228020E+5
1.314000E-2	0.000000E+0	2.231840E+5
1.316000E-2	0.000000E+0	2.223070E+5
1.318000E-2	0.000000E+0	2.221860E+5
1.320000E-2	0.000000E+0	2.232500E+5
1.322000E-2	0.000000E+0	2.230360E+5
1.324000E-2	0.000000E+0	2.222300E+5
1.326000E-2	0.000000E+0	2.231810E+5
1.328000E-2	0.000000E+0	2.230000E+5
1.330000E-2	0.000000E+0	2.223550E+5
1.332000E-2	0.000000E+0	2.228190E+5
1.334000E-2	0.000000E+0	2.226500E+5
1.336000E-2	0.000000E+0	2.231900E+5
1.338000E-2	0.000000E+0	2.226780E+5
1.340000E-2	0.000000E+0	2.220860E+5
1.342000E-2	0.000000E+0	2.225100E+5
1.344000E-2	0.000000E+0	2.219750E+5
1.346000E-2	0.000000E+0	2.218030E+5
1.348000E-2	0.000000E+0	2.230840E+5
1.350000E-2	0.000000E+0	2.224420E+5
1.352000E-2	0.000000E+0	2.231340E+5
1.354000E-2	0.000000E+0	2.232160E+5
1.356000E-2	0.000000E+0	2.234110E+5
1.358000E-2	0.000000E+0	2.226450E+5
1.360000E-2	0.000000E+0	2.223970E+5
1.362000E-2	0.000000E+0	2.231070E+5
1.364000E-2	0.000000E+0	2.224770E+5
1.366000E-2	0.000000E+0	2.227370E+5
1.368000E-2	0.000000E+0	2.231800E+5
1.370000E-2	0.000000E+0	2.231300E+5
1.372000E-2	0.000000E+0	2.224870E+5
1.374000E-2	0.000000E+0	2.217820E+5
1.376000E-2	0.000000E+0	2.220680E+5
1.378000E-2	0.000000E+0	2.215910E+5
1.380000E-2	0.000000E+0	2.229820E+5
1.382000E-2	0.000000E+0	2.222010E+5
1.384000E-2	0.000000E+0	2.226940E+5
1.386000E-2	0.000000E+0	2.223450E+5
1.388000E-2	0.000000E+0	2.227850E+5
1.390000E-2	0.000000E+0	2.227260E+5
1.392000E-2	0.000000E+0	2.236350E+5
1.394000E-2	0.000000E+0	2.230910E+5
1.396000E-2	0.000000E+0	2.227480E+5
1.398000E-2	0.000000E+0	2.229580E+5
1.400000E-2	0.000000E+0	2.236190E+5
1.402000E-2	0.000000E+0	2.218120E+5
1.404000E-2	0.000000E+0	2.235930E+5
1.406000E-2	0.000000E+0	2.224650E+5
1.408000E-2	0.000000E+0	2.224700E+5
1.410000E-2	0.000000E+0	2.222750E+5
1.412000E-2	0.000000E+0	2.227290E+5
1.414000E-2	0.000000E+0	2.223480E+5
1.416000E-2	0.000000E+0	2.223070E+5
1.418000E-2	0.000000E+0	2.223400E+5
1.420000E-2	0.000000E+0	2.229270E+5
1.422000E-2	0.000000E+0	2.228120E+5
1.424000E-2	0.000000E+0	2.217200E+5
1.426000E-2	0.000000E+0	2.219290E+5
1.428000E-2	0.000000E+0	2.226320E+5
1.430000E-2	0.000000E+0	2.228970E+5
1.432000E-2	0.000000E+0	2.232300E+5
1.434000E-2	0.000000E+0	2.222810E+5
1.436000E-2	0.000000E+0	2.229750E+5
1.438000E-2	0.000000E+0	2.226890E+5
1.440000E-2	0.000000E+0	2.234920E+5
1.442000E-2	0.000000E+0	2.226380E+5
1.444000E-2	0.000000E+0	2.219030E+5
1.446000E-2	0.000000E+0	2.225380E+5
1.448000E-2	0.000000E+0	2.222220E+5
1.450000E-2	0.000000E+0	2.220930E+5
1.452000E-2	0.000000E+0	2.227840E+5
1.454000E-2	0.000000E+0	2.221120E+5
1.456000E-2	0.000000E+0	2.231950E+5
1.458000E-2	0.000000E+0	2.219950E+5
1.460000E-2	0.000000E+0	2.229380E+5
1.462000E-2	0.000000E+0	2.221240E+5
1.464000E-2	0.000000E+0	2.229300E+5
1.466000E-2	0.000000E+0	2.226300E+5
1.468000E-2	0.000000E+0	2.233050E+5
1.470000E-2	0.000000E+0	2.221320E+5
1.472000E-2	0.000000E+0	2.223250E+5
1.474000E-2	0.000000E+0	2.225610E+5
1.476000E-2	0.000000E+0	2.233370E+5
1.478000E-2	0.000000E+0	2.233630E+5
1.480000E-2	0.000000E+0	2.224540E+5
1.482000E-2	0.000000E+0	2.222020E+5
1.484000E-2	0.000000E+0	2.226420E+5
1.486000E-2	0.000000E+0	2.223740E+5
1.488000E-2	0.000000E+0	2.226870E+5
1.490000E-2	0.000000E+0	2.223020E+5
1.492000E-2	0.000000E+0	2.219990E+5
1.494000E-2	0.000000E+0	2.206810E+5
1.496000E-2	0.000000E+0	2.206980E+5
1.498000E-2	0.000000E+0	2.200820E+5
1.500000E-2	0.000000E+0	2.195110E+5
1.502000E-2	0.000000E+0	2.191950E+5
1.504000E-2	0.000000E+0	2.189360E+5
1.506000E-2	0.000000E+0	2.194700E+5
1.508000E-2	0.000000E+0	2.188640E+5
1.510000E-2	0.000000E+0	2.175690E+5
1.512000E-2	0.000000E+0	2.162220E+5
1.514000E-2	0.000000E+0	2.159430E+5
1.516000E-2	0.000000E+0	2.165360E+5
1.518000E-2	0.000000E+0	2.167680E+5
1.520000E-2	0.000000E+0	2.175110E+5
1.522000E-2	0.000000E+0	2.183540E+5
1.524000E-2	0.000000E+0	2.197280E+5
1.526000E-2	0.000000E+0	2.203320E+5
1.528000E-2	0.000000E+0	2.213140E+5
1.530000E-2	0.000000E+0	2.206740E+5
1.532000E-2	0.000000E+0	2.213040E+5
1.534000E-2	0.000000E+0	2.216860E+5
1.536000E-2	0.000000E+0	2.218290E+5
1.538000E-2	0.000000E+0	2.225490E+5
1.540000E-2	0.000000E+0	2.223540E+5
1.542000E-2	0.000000E+0	2.224780E+5
1.544000E-2	0.000000E+0	2.216150E+5
1.546000E-2	0.000000E+0	2.223390E+5
1.548000E-2	0.000000E+0	2.220270E+5
1.550000E-2	0.000000E+0	2.215490E+5
1.552000E-2	0.000000E+0	2.222820E+5
1.554000E-2	0.000000E+0	2.221470E+5
1.556000E-2	0.000000E+0	2.212290E+5
1.558000E-2	0.000000E+0	2.208870E+5
1.560000E-2	0.000000E+0	2.211270E+5
1.562000E-2	0.000000E+0	2.202250E+5
1.564000E-2	0.000000E+0	2.192220E+5
1.566000E-2	0.000000E+0	2.187600E+5
1.568000E-2	0.000000E+0	2.183260E+5
1.570000E-2	0.000000E+0	2.182290E+5
1.572000E-2	0.000000E+0	2.182780E+5
1.574000E-2	0.000000E+0	2.179560E+5
1.576000E-2	0.000000E+0	2.171280E+5
1.578000E-2	0.000000E+0	2.151170E+5
1.580000E-2	0.000000E+0	2.166510E+5
1.582000E-2	0.000000E+0	2.168010E+5
1.584000E-2	0.000000E+0	2.177280E+5
1.586000E-2	0.000000E+0	2.180610E+5
1.588000E-2	0.000000E+0	2.192080E+5
1.590000E-2	0.000000E+0	2.193580E+5
1.592000E-2	0.000000E+0	2.208000E+5
1.594000E-2	0.000000E+0	2.202310E+5
1.596000E-2	0.000000E+0	2.207940E+5
1.598000E-2	0.000000E+0	2.221890E+5
1.600000E-2	0.000000E+0	2.227310E+5
1.602000E-2	0.000000E+0	2.225400E+5
1.604000E-2	0.000000E+0	2.219880E+5
1.606000E-2	0.000000E+0	2.217300E+5
1.608000E-2	0.000000E+0	2.224980E+5
1.610000E-2	0.000000E+0	2.222060E+5
1.612000E-2	0.000000E+0	2.224280E+5
1.614000E-2	0.000000E+0	2.229270E+5
1.616000E-2	0.000000E+0	2.225950E+5
1.618000E-2	0.000000E+0	2.224730E+5
1.620000E-2	0.000000E+0	2.222610E+5
1.622000E-2	0.000000E+0	2.224230E+5
1.624000E-2	0.000000E+0	2.219940E+5
1.626000E-2	0.000000E+0	2.223510E+5
1.628000E-2	0.000000E+0	2.232500E+5
1.630000E-2	0.000000E+0	2.228710E+5
1.632000E-2	0.000000E+0	2.225590E+5
1.634000E-2	0.000000E+0	2.223690E+5
1.636000E-2	0.000000E+0	2.236350E+5
1.638000E-2	0.000000E+0	2.222650E+5
1.640000E-2	0.000000E+0	2.225190E+5
1.642000E-2	0.000000E+0	2.226460E+5
1.644000E-2	0.000000E+0	2.223280E+5
1.646000E-2	0.000000E+0	2.225660E+5
1.648000E-2	0.000000E+0	2.221600E+5
1.650000E-2	0.000000E+0	2.226430E+5
1.652000E-2	0.000000E+0	2.232830E+5
1.654000E-2	0.000000E+0	2.226460E+5
1.656000E-2	0.000000E+0	2.225830E+5
1.658000E-2	0.000000E+0	2.227030E+5
1.660000E-2	0.000000E+0	2.228510E+5
1.662000E-2	0.000000E+0	2.225770E+5
1.664000E-2	0.000000E+0	2.226150E+5
1.666000E-2	0.000000E+0	2.225190E+5
1.668000E-2	0.000000E+0	2.221020E+5
1.670000E-2	0.000000E+0	2.223410E+5
1.672000E-2	0.000000E+0	2.233850E+5
1.674000E-2	0.000000E+0	2.223790E+5
1.676000E-2	0.000000E+0	2.224950E+5
1.678000E-2	0.000000E+0	2.221470E+5
1.680000E-2	0.000000E+0	2.226230E+5
1.682000E-2	0.000000E+0	2.222970E+5
1.684000E-2	0.000000E+0	2.222840E+5
1.686000E-2	0.000000E+0	2.230750E+5
1.688000E-2	0.000000E+0	2.224050E+5
1.690000E-2	0.000000E+0	2.228450E+5
1.692000E-2	0.000000E+0	2.223390E+5
1.694000E-2	0.000000E+0	2.226560E+5
1.696000E-2	0.000000E+0	2.219660E+5
1.698000E-2	0.000000E+0	2.224460E+5
1.700000E-2	0.000000E+0	2.223450E+5
1.702000E-2	0.000000E+0	2.228400E+5
1.704000E-2	0.000000E+0	2.228880E+5
1.706000E-2	0.000000E+0	2.237670E+5
1.708000E-2	0.000000E+0	2.221040E+5
1.710000E-2	0.000000E+0	2.228600E+5
1.712000E-2	0.000000E+0	2.228770E+5
1.714000E-2	0.000000E+0	2.225090E+5
1.716000E-2	0.000000E+0	2.231260E+5
1.718000E-2	0.000000E+0	2.224490E+5
1.720000E-2	0.000000E+0	2.232110E+5
1.722000E-2	0.000000E+0	2.232260E+5
1.724000E-2	0.000000E+0	2.218300E+5
1.726000E-2	0.000000E+0	2.222120E+5
1.728000E-2	0.000000E+0	2.226260E+5
1.730000E-2	0.000000E+0	2.223790E+5
1.732000E-2	0.000000E+0	2.221050E+5
1.734000E-2	0.000000E+0	2.222300E+5
1.736000E-2	0.000000E+0	2.234300E+5
1.738000E-2	0.000000E+0	2.232980E+5
1.740000E-2	0.000000E+0	2.227680E+5
1.742000E-2	0.000000E+0	2.214990E+5
1.744000E-2	0.000000E+0	2.222940E+5
1.746000E-2	0.000000E+0	2.222940E+5
1.748000E-2	0.000000E+0	2.228550E+5
1.750000E-2	0.000000E+0	2.223700E+5
1.752000E-2	0.000000E+0	2.228490E+5
1.754000E-2	0.000000E+0	2.216340E+5
1.756000E-2	0.000000E+0	2.222350E+5
1.758000E-2	0.000000E+0	2.228760E+5
1.760000E-2	0.000000E+0	2.227490E+5
1.762000E-2	0.000000E+0	2.226470E+5
1.764000E-2	0.000000E+0	2.228400E+5
1.766000E-2	0.000000E+0	2.228230E+5
1.768000E-2	0.000000E+0	2.229020E+5
1.770000E-2	0.000000E+0	2.228900E+5
1.772000E-2	0.000000E+0	2.234140E+5
1.774000E-2	0.000000E+0	2.221480E+5
1.776000E-2	0.000000E+0	2.221690E+5
1.778000E-2	0.000000E+0	2.236030E+5
1.780000E-2	0.000000E+0	2.221930E+5
1.782000E-2	0.000000E+0	2.227830E+5
1.784000E-2	0.000000E+0	2.223160E+5
1.786000E-2	0.000000E+0	2.226670E+5
1.788000E-2	0.000000E+0	2.221870E+5
1.790000E-2	0.000000E+0	2.227340E+5
1.792000E-2	0.000000E+0	2.221260E+5
1.794000E-2	0.000000E+0	2.226480E+5
1.796000E-2	0.000000E+0	2.225620E+5
1.798000E-2	0.000000E+0	2.230470E+5
1.800000E-2	0.000000E+0	2.219970E+5
1.802000E-2	0.000000E+0	2.226080E+5
1.804000E-2	0.000000E+0	2.220280E+5
1.806000E-2	0.000000E+0	2.224690E+5
1.808000E-2	0.000000E+0	2.223630E+5
1.810000E-2	0.000000E+0	2.235670E+5
1.812000E-2	0.000000E+0	2.233970E+5
1.814000E-2	0.000000E+0	2.229460E+5
1.816000E-2	0.000000E+0	2.229790E+5
1.818000E-2	0.000000E+0	2.221460E+5
1.820000E-2	0.000000E+0	2.233860E+5
1.822000E-2	0.000000E+0	2.217700E+5
1.824000E-2	0.000000E+0	2.226680E+5
1.826000E-2	0.000000E+0	2.228770E+5
1.828000E-2	0.000000E+0	2.224900E+5
1.830000E-2	0.000000E+0	2.223110E+5
1.832000E-2	0.000000E+0	2.232910E+5
1.834000E-2	0.000000E+0	2.216060E+5
1.836000E-2	0.000000E+0	2.231480E+5
1.838000E-2	0.000000E+0	2.224130E+5
1.840000E-2	0.000000E+0	2.224330E+5
1.842000E-2	0.000000E+0	2.227980E+5
1.844000E-2	0.000000E+0	2.222350E+5
1.846000E-2	0.000000E+0	2.218160E+5
1.848000E-2	0.000000E+0	2.228840E+5
1.850000E-2	0.000000E+0	2.228940E+5
1.852000E-2	0.000000E+0	2.228350E+5
1.854000E-2	0.000000E+0	2.230350E+5
1.856000E-2	0.000000E+0	2.217660E+5
1.858000E-2	0.000000E+0	2.228130E+5
1.860000E-2	0.000000E+0	2.231760E+5
1.862000E-2	0.000000E+0	2.224960E+5
1.864000E-2	0.000000E+0	2.222410E+5
1.866000E-2	0.000000E+0	2.227520E+5
1.868000E-2	0.000000E+0	2.224270E+5
1.870000E-2	0.000000E+0	2.224880E+5
1.872000E-2	0.000000E+0	2.228560E+5
1.874000E-2	0.000000E+0	2.218670E+5
1.876000E-2	0.000000E+0	2.224650E+5
1.878000E-2	0.000000E+0	2.229720E+5
1.880000E-2	0.000000E+0	2.226680E+5
1.882000E-2	0.000000E+0	2.222960E+5
1.884000E-2	0.000000E+0	2.229520E+5
1.886000E-2	0.000000E+0	2.226410E+5
1.888000E-2	0.000000E+0	2.221840E+5
1.890000E-2	0.000000E+0	2.224130E+5
1.892000E-2	0.000000E+0	2.236680E+5
1.894000E-2	0.000000E+0	2.230070E+5
1.896000E-2	0.000000E+0	2.231450E+5
1.898000E-2	0.000000E+0	2.224740E+5
1.900000E-2	0.000000E+0	2.226380E+5
1.902000E-2	0.000000E+0	2.217220E+5
1.904000E-2	0.000000E+0	2.229770E+5
1.906000E-2	0.000000E+0	2.230190E+5
1.908000E-2	0.000000E+0	2.226290E+5
1.910000E-2	0.000000E+0	2.218200E+5
1.912000E-2	0.000000E+0	2.229060E+5
1.914000E-2	0.000000E+0	2.225030E+5
1.916000E-2	0.000000E+0	2.218390E+5
1.918000E-2	0.000000E+0	2.225010E+5
1.920000E-2	0.000000E+0	2.228670E+5
1.922000E-2	0.000000E+0	2.223710E+5
1.924000E-2	0.000000E+0	2.225380E+5
1.926000E-2	0.000000E+0	2.226440E+5
1.928000E-2	0.000000E+0	2.229060E+5
1.930000E-2	0.000000E+0	2.225450E+5
1.932000E-2	0.000000E+0	2.224370E+5
1.934000E-2	0.000000E+0	2.225260E+5
1.936000E-2	0.000000E+0	2.222280E+5
1.938000E-2	0.000000E+0	2.230350E+5
1.940000E-2	0.000000E+0	2.224680E+5
1.942000E-2	0.000000E+0	2.234340E+5
1.944000E-2	0.000000E+0	2.231250E+5
1.946000E-2	0.000000E+0	2.221970E+5
1.948000E-2	0.000000E+0	2.227870E+5
1.950000E-2	0.000000E+0	2.223820E+5
1.952000E-2	0.000000E+0	2.232800E+5
1.954000E-2	0.000000E+0	2.227030E+5
1.956000E-2	0.000000E+0	2.229600E+5
1.958000E-2	0.000000E+0	2.228520E+5
1.960000E-2	0.000000E+0	2.226880E+5
1.962000E-2	0.000000E+0	2.226910E+5
1.964000E-2	0.000000E+0	2.230630E+5
1.966000E-2	0.000000E+0	2.227590E+5
1.968000E-2	0.000000E+0	2.230690E+5
1.970000E-2	0.000000E+0	2.224120E+5
1.972000E-2	0.000000E+0	2.225780E+5
1.974000E-2	0.000000E+0	2.224160E+5
1.976000E-2	0.000000E+0	2.218040E+5
1.978000E-2	0.000000E+0	2.223390E+5
1.980000E-2	0.000000E+0	2.227270E+5
1.982000E-2	0.000000E+0	2.224010E+5
1.984000E-2	0.000000E+0	2.231150E+5
1.986000E-2	0.000000E+0	2.223950E+5
1.988000E-2	0.000000E+0	2.217890E+5
1.990000E-2	0.000000E+0	2.227530E+5
1.992000E-2	0.000000E+0	2.221920E+5
1.994000E-2	0.000000E+0	2.229330E+5
1.996000E-2	0.000000E+0	2.223730E+5
1.998000E-2	0.000000E+0	2.227700E+5
