

live time:  122426.060000
real time:  169205.690000
sweeps:  6121303.000000
0.000000E+0	0.000000E+0	0.000000E+0
2.000000E-5	0.000000E+0	2.685150E+5
4.000000E-5	0.000000E+0	2.689640E+5
6.000000E-5	0.000000E+0	2.684660E+5
8.000000E-5	0.000000E+0	2.691010E+5
1.000000E-4	0.000000E+0	2.682990E+5
1.200000E-4	0.000000E+0	2.685900E+5
1.400000E-4	0.000000E+0	2.687170E+5
1.600000E-4	0.000000E+0	2.692790E+5
1.800000E-4	0.000000E+0	2.686600E+5
2.000000E-4	0.000000E+0	2.690820E+5
2.200000E-4	0.000000E+0	2.684710E+5
2.400000E-4	0.000000E+0	2.681660E+5
2.600000E-4	0.000000E+0	2.679370E+5
2.800000E-4	0.000000E+0	2.685400E+5
3.000000E-4	0.000000E+0	2.693320E+5
3.200000E-4	0.000000E+0	2.688060E+5
3.400000E-4	0.000000E+0	2.686430E+5
3.600000E-4	0.000000E+0	2.689920E+5
3.800000E-4	0.000000E+0	2.683540E+5
4.000000E-4	0.000000E+0	2.680930E+5
4.200000E-4	0.000000E+0	2.687490E+5
4.400000E-4	0.000000E+0	2.683000E+5
4.600000E-4	0.000000E+0	2.693320E+5
4.800000E-4	0.000000E+0	2.682260E+5
5.000000E-4	0.000000E+0	2.689650E+5
5.200000E-4	0.000000E+0	2.688930E+5
5.400000E-4	0.000000E+0	2.686360E+5
5.600000E-4	0.000000E+0	2.681000E+5
5.800000E-4	0.000000E+0	2.690450E+5
6.000000E-4	0.000000E+0	2.692000E+5
6.200000E-4	0.000000E+0	2.683630E+5
6.400000E-4	0.000000E+0	2.698390E+5
6.600000E-4	0.000000E+0	2.680950E+5
6.800000E-4	0.000000E+0	2.682530E+5
7.000000E-4	0.000000E+0	2.687250E+5
7.200000E-4	0.000000E+0	2.696060E+5
7.400000E-4	0.000000E+0	2.680820E+5
7.600000E-4	0.000000E+0	2.685880E+5
7.800000E-4	0.000000E+0	2.676820E+5
8.000000E-4	0.000000E+0	2.687610E+5
8.200000E-4	0.000000E+0	2.690650E+5
8.400000E-4	0.000000E+0	2.688160E+5
8.600000E-4	0.000000E+0	2.694610E+5
8.800000E-4	0.000000E+0	2.678480E+5
9.000000E-4	0.000000E+0	2.693560E+5
9.200000E-4	0.000000E+0	2.681940E+5
9.400000E-4	0.000000E+0	2.685870E+5
9.600000E-4	0.000000E+0	2.675720E+5
9.800000E-4	0.000000E+0	2.697470E+5
1.000000E-3	0.000000E+0	2.688620E+5
1.020000E-3	0.000000E+0	2.685630E+5
1.040000E-3	0.000000E+0	2.684610E+5
1.060000E-3	0.000000E+0	2.683190E+5
1.080000E-3	0.000000E+0	2.685460E+5
1.100000E-3	0.000000E+0	2.676750E+5
1.120000E-3	0.000000E+0	2.688430E+5
1.140000E-3	0.000000E+0	2.679260E+5
1.160000E-3	0.000000E+0	2.679630E+5
1.180000E-3	0.000000E+0	2.681040E+5
1.200000E-3	0.000000E+0	2.691130E+5
1.220000E-3	0.000000E+0	2.692880E+5
1.240000E-3	0.000000E+0	2.685470E+5
1.260000E-3	0.000000E+0	2.684060E+5
1.280000E-3	0.000000E+0	2.696900E+5
1.300000E-3	0.000000E+0	2.678030E+5
1.320000E-3	0.000000E+0	2.693130E+5
1.340000E-3	0.000000E+0	2.684780E+5
1.360000E-3	0.000000E+0	2.681580E+5
1.380000E-3	0.000000E+0	2.691310E+5
1.400000E-3	0.000000E+0	2.685860E+5
1.420000E-3	0.000000E+0	2.689870E+5
1.440000E-3	0.000000E+0	2.680790E+5
1.460000E-3	0.000000E+0	2.678940E+5
1.480000E-3	0.000000E+0	2.691570E+5
1.500000E-3	0.000000E+0	2.688320E+5
1.520000E-3	0.000000E+0	2.686460E+5
1.540000E-3	0.000000E+0	2.688180E+5
1.560000E-3	0.000000E+0	2.682700E+5
1.580000E-3	0.000000E+0	2.686130E+5
1.600000E-3	0.000000E+0	2.685120E+5
1.620000E-3	0.000000E+0	2.684230E+5
1.640000E-3	0.000000E+0	2.679410E+5
1.660000E-3	0.000000E+0	2.698330E+5
1.680000E-3	0.000000E+0	2.679840E+5
1.700000E-3	0.000000E+0	2.679640E+5
1.720000E-3	0.000000E+0	2.692210E+5
1.740000E-3	0.000000E+0	2.695300E+5
1.760000E-3	0.000000E+0	2.691210E+5
1.780000E-3	0.000000E+0	2.696150E+5
1.800000E-3	0.000000E+0	2.692850E+5
1.820000E-3	0.000000E+0	2.686130E+5
1.840000E-3	0.000000E+0	2.686850E+5
1.860000E-3	0.000000E+0	2.689900E+5
1.880000E-3	0.000000E+0	2.686540E+5
1.900000E-3	0.000000E+0	2.682200E+5
1.920000E-3	0.000000E+0	2.687100E+5
1.940000E-3	0.000000E+0	2.686820E+5
1.960000E-3	0.000000E+0	2.685960E+5
1.980000E-3	0.000000E+0	2.692000E+5
2.000000E-3	0.000000E+0	2.685090E+5
2.020000E-3	0.000000E+0	2.684000E+5
2.040000E-3	0.000000E+0	2.681420E+5
2.060000E-3	0.000000E+0	2.692390E+5
2.080000E-3	0.000000E+0	2.696270E+5
2.100000E-3	0.000000E+0	2.697700E+5
2.120000E-3	0.000000E+0	2.688140E+5
2.140000E-3	0.000000E+0	2.685840E+5
2.160000E-3	0.000000E+0	2.679540E+5
2.180000E-3	0.000000E+0	2.691270E+5
2.200000E-3	0.000000E+0	2.692350E+5
2.220000E-3	0.000000E+0	2.691140E+5
2.240000E-3	0.000000E+0	2.688980E+5
2.260000E-3	0.000000E+0	2.692650E+5
2.280000E-3	0.000000E+0	2.687690E+5
2.300000E-3	0.000000E+0	2.689780E+5
2.320000E-3	0.000000E+0	2.679840E+5
2.340000E-3	0.000000E+0	2.686110E+5
2.360000E-3	0.000000E+0	2.689770E+5
2.380000E-3	0.000000E+0	2.690210E+5
2.400000E-3	0.000000E+0	2.679050E+5
2.420000E-3	0.000000E+0	2.687830E+5
2.440000E-3	0.000000E+0	2.675920E+5
2.460000E-3	0.000000E+0	2.685220E+5
2.480000E-3	0.000000E+0	2.700110E+5
2.500000E-3	0.000000E+0	2.689650E+5
2.520000E-3	0.000000E+0	2.692580E+5
2.540000E-3	0.000000E+0	2.680740E+5
2.560000E-3	0.000000E+0	2.685790E+5
2.580000E-3	0.000000E+0	2.682850E+5
2.600000E-3	0.000000E+0	2.695300E+5
2.620000E-3	0.000000E+0	2.679050E+5
2.640000E-3	0.000000E+0	2.679000E+5
2.660000E-3	0.000000E+0	2.690710E+5
2.680000E-3	0.000000E+0	2.687880E+5
2.700000E-3	0.000000E+0	2.688910E+5
2.720000E-3	0.000000E+0	2.683560E+5
2.740000E-3	0.000000E+0	2.692980E+5
2.760000E-3	0.000000E+0	2.685200E+5
2.780000E-3	0.000000E+0	2.692450E+5
2.800000E-3	0.000000E+0	2.683440E+5
2.820000E-3	0.000000E+0	2.683970E+5
2.840000E-3	0.000000E+0	2.676170E+5
2.860000E-3	0.000000E+0	2.689900E+5
2.880000E-3	0.000000E+0	2.686450E+5
2.900000E-3	0.000000E+0	2.690260E+5
2.920000E-3	0.000000E+0	2.681920E+5
2.940000E-3	0.000000E+0	2.690330E+5
2.960000E-3	0.000000E+0	2.692530E+5
2.980000E-3	0.000000E+0	2.677560E+5
3.000000E-3	0.000000E+0	2.689630E+5
3.020000E-3	0.000000E+0	2.686840E+5
3.040000E-3	0.000000E+0	2.691020E+5
3.060000E-3	0.000000E+0	2.699640E+5
3.080000E-3	0.000000E+0	2.687790E+5
3.100000E-3	0.000000E+0	2.680420E+5
3.120000E-3	0.000000E+0	2.688940E+5
3.140000E-3	0.000000E+0	2.687450E+5
3.160000E-3	0.000000E+0	2.685420E+5
3.180000E-3	0.000000E+0	2.691870E+5
3.200000E-3	0.000000E+0	2.690680E+5
3.220000E-3	0.000000E+0	2.690370E+5
3.240000E-3	0.000000E+0	2.689210E+5
3.260000E-3	0.000000E+0	2.686470E+5
3.280000E-3	0.000000E+0	2.688120E+5
3.300000E-3	0.000000E+0	2.680640E+5
3.320000E-3	0.000000E+0	2.687030E+5
3.340000E-3	0.000000E+0	2.686300E+5
3.360000E-3	0.000000E+0	2.682980E+5
3.380000E-3	0.000000E+0	2.683850E+5
3.400000E-3	0.000000E+0	2.688260E+5
3.420000E-3	0.000000E+0	2.691430E+5
3.440000E-3	0.000000E+0	2.682250E+5
3.460000E-3	0.000000E+0	2.691640E+5
3.480000E-3	0.000000E+0	2.685610E+5
3.500000E-3	0.000000E+0	2.694410E+5
3.520000E-3	0.000000E+0	2.680010E+5
3.540000E-3	0.000000E+0	2.685930E+5
3.560000E-3	0.000000E+0	2.686210E+5
3.580000E-3	0.000000E+0	2.680360E+5
3.600000E-3	0.000000E+0	2.681430E+5
3.620000E-3	0.000000E+0	2.674990E+5
3.640000E-3	0.000000E+0	2.690220E+5
3.660000E-3	0.000000E+0	2.687340E+5
3.680000E-3	0.000000E+0	2.685580E+5
3.700000E-3	0.000000E+0	2.679630E+5
3.720000E-3	0.000000E+0	2.689170E+5
3.740000E-3	0.000000E+0	2.685310E+5
3.760000E-3	0.000000E+0	2.685220E+5
3.780000E-3	0.000000E+0	2.685100E+5
3.800000E-3	0.000000E+0	2.684830E+5
3.820000E-3	0.000000E+0	2.680170E+5
3.840000E-3	0.000000E+0	2.682630E+5
3.860000E-3	0.000000E+0	2.685820E+5
3.880000E-3	0.000000E+0	2.678520E+5
3.900000E-3	0.000000E+0	2.686960E+5
3.920000E-3	0.000000E+0	2.698630E+5
3.940000E-3	0.000000E+0	2.691170E+5
3.960000E-3	0.000000E+0	2.689360E+5
3.980000E-3	0.000000E+0	2.681090E+5
4.000000E-3	0.000000E+0	2.689270E+5
4.020000E-3	0.000000E+0	2.687340E+5
4.040000E-3	0.000000E+0	2.683260E+5
4.060000E-3	0.000000E+0	2.688850E+5
4.080000E-3	0.000000E+0	2.689030E+5
4.100000E-3	0.000000E+0	2.688870E+5
4.120000E-3	0.000000E+0	2.685940E+5
4.140000E-3	0.000000E+0	2.682560E+5
4.160000E-3	0.000000E+0	2.693360E+5
4.180000E-3	0.000000E+0	2.680970E+5
4.200000E-3	0.000000E+0	2.681650E+5
4.220000E-3	0.000000E+0	2.684230E+5
4.240000E-3	0.000000E+0	2.685870E+5
4.260000E-3	0.000000E+0	2.677470E+5
4.280000E-3	0.000000E+0	2.688070E+5
4.300000E-3	0.000000E+0	2.682870E+5
4.320000E-3	0.000000E+0	2.680550E+5
4.340000E-3	0.000000E+0	2.678100E+5
4.360000E-3	0.000000E+0	2.685000E+5
4.380000E-3	0.000000E+0	2.674650E+5
4.400000E-3	0.000000E+0	2.686070E+5
4.420000E-3	0.000000E+0	2.686530E+5
4.440000E-3	0.000000E+0	2.683460E+5
4.460000E-3	0.000000E+0	2.679190E+5
4.480000E-3	0.000000E+0	2.680460E+5
4.500000E-3	0.000000E+0	2.681940E+5
4.520000E-3	0.000000E+0	2.682310E+5
4.540000E-3	0.000000E+0	2.683200E+5
4.560000E-3	0.000000E+0	2.675990E+5
4.580000E-3	0.000000E+0	2.683010E+5
4.600000E-3	0.000000E+0	2.680430E+5
4.620000E-3	0.000000E+0	2.679830E+5
4.640000E-3	0.000000E+0	2.686880E+5
4.660000E-3	0.000000E+0	2.683530E+5
4.680000E-3	0.000000E+0	2.682710E+5
4.700000E-3	0.000000E+0	2.686240E+5
4.720000E-3	0.000000E+0	2.689690E+5
4.740000E-3	0.000000E+0	2.674320E+5
4.760000E-3	0.000000E+0	2.688570E+5
4.780000E-3	0.000000E+0	2.676950E+5
4.800000E-3	0.000000E+0	2.685730E+5
4.820000E-3	0.000000E+0	2.680440E+5
4.840000E-3	0.000000E+0	2.683080E+5
4.860000E-3	0.000000E+0	2.671100E+5
4.880000E-3	0.000000E+0	2.666290E+5
4.900000E-3	0.000000E+0	2.669010E+5
4.920000E-3	0.000000E+0	2.655180E+5
4.940000E-3	0.000000E+0	2.646970E+5
4.960000E-3	0.000000E+0	2.643810E+5
4.980000E-3	0.000000E+0	2.649690E+5
5.000000E-3	0.000000E+0	2.636240E+5
5.020000E-3	0.000000E+0	2.640410E+5
5.040000E-3	0.000000E+0	2.627190E+5
5.060000E-3	0.000000E+0	2.610230E+5
5.080000E-3	0.000000E+0	2.606470E+5
5.100000E-3	0.000000E+0	2.609870E+5
5.120000E-3	0.000000E+0	2.605430E+5
5.140000E-3	0.000000E+0	2.611730E+5
5.160000E-3	0.000000E+0	2.621980E+5
5.180000E-3	0.000000E+0	2.631500E+5
5.200000E-3	0.000000E+0	2.636870E+5
5.220000E-3	0.000000E+0	2.647920E+5
5.240000E-3	0.000000E+0	2.647870E+5
5.260000E-3	0.000000E+0	2.666650E+5
5.280000E-3	0.000000E+0	2.653680E+5
5.300000E-3	0.000000E+0	2.671470E+5
5.320000E-3	0.000000E+0	2.678580E+5
5.340000E-3	0.000000E+0	2.678060E+5
5.360000E-3	0.000000E+0	2.687260E+5
5.380000E-3	0.000000E+0	2.677280E+5
5.400000E-3	0.000000E+0	2.688800E+5
5.420000E-3	0.000000E+0	2.683670E+5
5.440000E-3	0.000000E+0	2.672410E+5
5.460000E-3	0.000000E+0	2.673900E+5
5.480000E-3	0.000000E+0	2.675680E+5
5.500000E-3	0.000000E+0	2.676470E+5
5.520000E-3	0.000000E+0	2.672260E+5
5.540000E-3	0.000000E+0	2.669740E+5
5.560000E-3	0.000000E+0	2.661970E+5
5.580000E-3	0.000000E+0	2.658380E+5
5.600000E-3	0.000000E+0	2.642070E+5
5.620000E-3	0.000000E+0	2.638750E+5
5.640000E-3	0.000000E+0	2.645150E+5
5.660000E-3	0.000000E+0	2.641000E+5
5.680000E-3	0.000000E+0	2.640570E+5
5.700000E-3	0.000000E+0	2.623940E+5
5.720000E-3	0.000000E+0	2.617470E+5
5.740000E-3	0.000000E+0	2.609730E+5
5.760000E-3	0.000000E+0	2.613500E+5
5.780000E-3	0.000000E+0	2.620400E+5
5.800000E-3	0.000000E+0	2.619320E+5
5.820000E-3	0.000000E+0	2.631840E+5
5.840000E-3	0.000000E+0	2.641070E+5
5.860000E-3	0.000000E+0	2.642280E+5
5.880000E-3	0.000000E+0	2.655860E+5
5.900000E-3	0.000000E+0	2.668670E+5
5.920000E-3	0.000000E+0	2.672520E+5
5.940000E-3	0.000000E+0	2.662050E+5
5.960000E-3	0.000000E+0	2.673460E+5
5.980000E-3	0.000000E+0	2.681700E+5
6.000000E-3	0.000000E+0	2.678030E+5
6.020000E-3	0.000000E+0	2.682780E+5
6.040000E-3	0.000000E+0	2.685440E+5
6.060000E-3	0.000000E+0	2.682110E+5
6.080000E-3	0.000000E+0	2.684800E+5
6.100000E-3	0.000000E+0	2.681050E+5
6.120000E-3	0.000000E+0	2.683060E+5
6.140000E-3	0.000000E+0	2.680080E+5
6.160000E-3	0.000000E+0	2.683040E+5
6.180000E-3	0.000000E+0	2.688070E+5
6.200000E-3	0.000000E+0	2.680070E+5
6.220000E-3	0.000000E+0	2.689230E+5
6.240000E-3	0.000000E+0	2.677670E+5
6.260000E-3	0.000000E+0	2.680990E+5
6.280000E-3	0.000000E+0	2.693730E+5
6.300000E-3	0.000000E+0	2.683870E+5
6.320000E-3	0.000000E+0	2.683770E+5
6.340000E-3	0.000000E+0	2.687090E+5
6.360000E-3	0.000000E+0	2.675470E+5
6.380000E-3	0.000000E+0	2.690050E+5
6.400000E-3	0.000000E+0	2.680900E+5
6.420000E-3	0.000000E+0	2.681670E+5
6.440000E-3	0.000000E+0	2.694870E+5
6.460000E-3	0.000000E+0	2.683590E+5
6.480000E-3	0.000000E+0	2.681650E+5
6.500000E-3	0.000000E+0	2.684550E+5
6.520000E-3	0.000000E+0	2.692800E+5
6.540000E-3	0.000000E+0	2.679750E+5
6.560000E-3	0.000000E+0	2.693870E+5
6.580000E-3	0.000000E+0	2.684040E+5
6.600000E-3	0.000000E+0	2.691910E+5
6.620000E-3	0.000000E+0	2.683300E+5
6.640000E-3	0.000000E+0	2.682050E+5
6.660000E-3	0.000000E+0	2.679290E+5
6.680000E-3	0.000000E+0	2.682500E+5
6.700000E-3	0.000000E+0	2.688740E+5
6.720000E-3	0.000000E+0	2.685890E+5
6.740000E-3	0.000000E+0	2.687130E+5
6.760000E-3	0.000000E+0	2.689090E+5
6.780000E-3	0.000000E+0	2.679600E+5
6.800000E-3	0.000000E+0	2.690390E+5
6.820000E-3	0.000000E+0	2.685820E+5
6.840000E-3	0.000000E+0	2.683670E+5
6.860000E-3	0.000000E+0	2.685970E+5
6.880000E-3	0.000000E+0	2.688220E+5
6.900000E-3	0.000000E+0	2.678700E+5
6.920000E-3	0.000000E+0	2.687760E+5
6.940000E-3	0.000000E+0	2.681240E+5
6.960000E-3	0.000000E+0	2.673410E+5
6.980000E-3	0.000000E+0	2.686520E+5
7.000000E-3	0.000000E+0	2.677780E+5
7.020000E-3	0.000000E+0	2.685720E+5
7.040000E-3	0.000000E+0	2.684030E+5
7.060000E-3	0.000000E+0	2.684980E+5
7.080000E-3	0.000000E+0	2.686570E+5
7.100000E-3	0.000000E+0	2.683380E+5
7.120000E-3	0.000000E+0	2.683940E+5
7.140000E-3	0.000000E+0	2.686100E+5
7.160000E-3	0.000000E+0	2.689100E+5
7.180000E-3	0.000000E+0	2.678310E+5
7.200000E-3	0.000000E+0	2.689000E+5
7.220000E-3	0.000000E+0	2.691960E+5
7.240000E-3	0.000000E+0	2.687020E+5
7.260000E-3	0.000000E+0	2.682000E+5
7.280000E-3	0.000000E+0	2.679780E+5
7.300000E-3	0.000000E+0	2.680950E+5
7.320000E-3	0.000000E+0	2.691900E+5
7.340000E-3	0.000000E+0	2.690090E+5
7.360000E-3	0.000000E+0	2.684610E+5
7.380000E-3	0.000000E+0	2.692270E+5
7.400000E-3	0.000000E+0	2.682770E+5
7.420000E-3	0.000000E+0	2.684560E+5
7.440000E-3	0.000000E+0	2.685200E+5
7.460000E-3	0.000000E+0	2.691590E+5
7.480000E-3	0.000000E+0	2.685240E+5
7.500000E-3	0.000000E+0	2.691330E+5
7.520000E-3	0.000000E+0	2.693810E+5
7.540000E-3	0.000000E+0	2.689160E+5
7.560000E-3	0.000000E+0	2.692050E+5
7.580000E-3	0.000000E+0	2.683420E+5
7.600000E-3	0.000000E+0	2.685250E+5
7.620000E-3	0.000000E+0	2.689610E+5
7.640000E-3	0.000000E+0	2.699270E+5
7.660000E-3	0.000000E+0	2.683580E+5
7.680000E-3	0.000000E+0	2.677400E+5
7.700000E-3	0.000000E+0	2.681890E+5
7.720000E-3	0.000000E+0	2.685120E+5
7.740000E-3	0.000000E+0	2.682410E+5
7.760000E-3	0.000000E+0	2.676570E+5
7.780000E-3	0.000000E+0	2.694820E+5
7.800000E-3	0.000000E+0	2.687940E+5
7.820000E-3	0.000000E+0	2.688730E+5
7.840000E-3	0.000000E+0	2.694070E+5
7.860000E-3	0.000000E+0	2.683970E+5
7.880000E-3	0.000000E+0	2.688330E+5
7.900000E-3	0.000000E+0	2.686210E+5
7.920000E-3	0.000000E+0	2.679940E+5
7.940000E-3	0.000000E+0	2.693860E+5
7.960000E-3	0.000000E+0	2.689390E+5
7.980000E-3	0.000000E+0	2.694490E+5
8.000000E-3	0.000000E+0	2.689850E+5
8.020000E-3	0.000000E+0	2.692010E+5
8.040000E-3	0.000000E+0	2.673790E+5
8.060000E-3	0.000000E+0	2.687910E+5
8.080000E-3	0.000000E+0	2.682690E+5
8.100000E-3	0.000000E+0	2.685970E+5
8.120000E-3	0.000000E+0	2.688980E+5
8.140000E-3	0.000000E+0	2.682250E+5
8.160000E-3	0.000000E+0	2.685290E+5
8.180000E-3	0.000000E+0	2.684250E+5
8.200000E-3	0.000000E+0	2.684870E+5
8.220000E-3	0.000000E+0	2.683310E+5
8.240000E-3	0.000000E+0	2.682660E+5
8.260000E-3	0.000000E+0	2.700120E+5
8.280000E-3	0.000000E+0	2.682360E+5
8.300000E-3	0.000000E+0	2.686960E+5
8.320000E-3	0.000000E+0	2.684960E+5
8.340000E-3	0.000000E+0	2.687300E+5
8.360000E-3	0.000000E+0	2.683280E+5
8.380000E-3	0.000000E+0	2.668140E+5
8.400000E-3	0.000000E+0	2.682600E+5
8.420000E-3	0.000000E+0	2.687940E+5
8.440000E-3	0.000000E+0	2.690930E+5
8.460000E-3	0.000000E+0	2.689950E+5
8.480000E-3	0.000000E+0	2.697230E+5
8.500000E-3	0.000000E+0	2.676510E+5
8.520000E-3	0.000000E+0	2.690290E+5
8.540000E-3	0.000000E+0	2.687520E+5
8.560000E-3	0.000000E+0	2.691960E+5
8.580000E-3	0.000000E+0	2.699810E+5
8.600000E-3	0.000000E+0	2.677160E+5
8.620000E-3	0.000000E+0	2.691500E+5
8.640000E-3	0.000000E+0	2.684060E+5
8.660000E-3	0.000000E+0	2.680530E+5
8.680000E-3	0.000000E+0	2.688920E+5
8.700000E-3	0.000000E+0	2.678800E+5
8.720000E-3	0.000000E+0	2.685260E+5
8.740000E-3	0.000000E+0	2.680740E+5
8.760000E-3	0.000000E+0	2.685370E+5
8.780000E-3	0.000000E+0	2.689310E+5
8.800000E-3	0.000000E+0	2.695200E+5
8.820000E-3	0.000000E+0	2.690430E+5
8.840000E-3	0.000000E+0	2.682890E+5
8.860000E-3	0.000000E+0	2.696810E+5
8.880000E-3	0.000000E+0	2.683510E+5
8.900000E-3	0.000000E+0	2.689600E+5
8.920000E-3	0.000000E+0	2.678520E+5
8.940000E-3	0.000000E+0	2.681520E+5
8.960000E-3	0.000000E+0	2.693300E+5
8.980000E-3	0.000000E+0	2.683570E+5
9.000000E-3	0.000000E+0	2.683460E+5
9.020000E-3	0.000000E+0	2.677930E+5
9.040000E-3	0.000000E+0	2.687040E+5
9.060000E-3	0.000000E+0	2.699470E+5
9.080000E-3	0.000000E+0	2.692330E+5
9.100000E-3	0.000000E+0	2.695110E+5
9.120000E-3	0.000000E+0	2.682740E+5
9.140000E-3	0.000000E+0	2.688640E+5
9.160000E-3	0.000000E+0	2.694970E+5
9.180000E-3	0.000000E+0	2.681400E+5
9.200000E-3	0.000000E+0	2.686680E+5
9.220000E-3	0.000000E+0	2.687870E+5
9.240000E-3	0.000000E+0	2.693090E+5
9.260000E-3	0.000000E+0	2.693020E+5
9.280000E-3	0.000000E+0	2.696150E+5
9.300000E-3	0.000000E+0	2.688310E+5
9.320000E-3	0.000000E+0	2.682950E+5
9.340000E-3	0.000000E+0	2.688160E+5
9.360000E-3	0.000000E+0	2.680220E+5
9.380000E-3	0.000000E+0	2.689190E+5
9.400000E-3	0.000000E+0	2.692110E+5
9.420000E-3	0.000000E+0	2.696850E+5
9.440000E-3	0.000000E+0	2.685020E+5
9.460000E-3	0.000000E+0	2.696030E+5
9.480000E-3	0.000000E+0	2.681510E+5
9.500000E-3	0.000000E+0	2.679420E+5
9.520000E-3	0.000000E+0	2.689700E+5
9.540000E-3	0.000000E+0	2.675780E+5
9.560000E-3	0.000000E+0	2.680940E+5
9.580000E-3	0.000000E+0	2.686200E+5
9.600000E-3	0.000000E+0	2.689660E+5
9.620000E-3	0.000000E+0	2.680030E+5
9.640000E-3	0.000000E+0	2.686280E+5
9.660000E-3	0.000000E+0	2.689570E+5
9.680000E-3	0.000000E+0	2.674840E+5
9.700000E-3	0.000000E+0	2.689070E+5
9.720000E-3	0.000000E+0	2.686510E+5
9.740000E-3	0.000000E+0	2.687660E+5
9.760000E-3	0.000000E+0	2.683200E+5
9.780000E-3	0.000000E+0	2.687610E+5
9.800000E-3	0.000000E+0	2.686080E+5
9.820000E-3	0.000000E+0	2.693920E+5
9.840000E-3	0.000000E+0	2.686290E+5
9.860000E-3	0.000000E+0	2.687600E+5
9.880000E-3	0.000000E+0	2.695000E+5
9.900000E-3	0.000000E+0	2.690300E+5
9.920000E-3	0.000000E+0	2.679820E+5
9.940000E-3	0.000000E+0	2.681180E+5
9.960000E-3	0.000000E+0	2.685430E+5
9.980000E-3	0.000000E+0	2.697510E+5
1.000000E-2	0.000000E+0	2.682580E+5
1.002000E-2	0.000000E+0	2.687830E+5
1.004000E-2	0.000000E+0	2.692800E+5
1.006000E-2	0.000000E+0	2.694010E+5
1.008000E-2	0.000000E+0	2.683900E+5
1.010000E-2	0.000000E+0	2.683250E+5
1.012000E-2	0.000000E+0	2.694470E+5
1.014000E-2	0.000000E+0	2.699530E+5
1.016000E-2	0.000000E+0	2.690570E+5
1.018000E-2	0.000000E+0	2.687520E+5
1.020000E-2	0.000000E+0	2.688790E+5
1.022000E-2	0.000000E+0	2.693720E+5
1.024000E-2	0.000000E+0	2.683470E+5
1.026000E-2	0.000000E+0	2.697940E+5
1.028000E-2	0.000000E+0	2.685550E+5
1.030000E-2	0.000000E+0	2.688020E+5
1.032000E-2	0.000000E+0	2.685770E+5
1.034000E-2	0.000000E+0	2.691000E+5
1.036000E-2	0.000000E+0	2.684200E+5
1.038000E-2	0.000000E+0	2.693020E+5
1.040000E-2	0.000000E+0	2.688950E+5
1.042000E-2	0.000000E+0	2.687040E+5
1.044000E-2	0.000000E+0	2.682840E+5
1.046000E-2	0.000000E+0	2.692720E+5
1.048000E-2	0.000000E+0	2.685840E+5
1.050000E-2	0.000000E+0	2.685220E+5
1.052000E-2	0.000000E+0	2.690490E+5
1.054000E-2	0.000000E+0	2.694360E+5
1.056000E-2	0.000000E+0	2.687980E+5
1.058000E-2	0.000000E+0	2.691970E+5
1.060000E-2	0.000000E+0	2.683170E+5
1.062000E-2	0.000000E+0	2.686460E+5
1.064000E-2	0.000000E+0	2.686550E+5
1.066000E-2	0.000000E+0	2.688980E+5
1.068000E-2	0.000000E+0	2.694630E+5
1.070000E-2	0.000000E+0	2.686300E+5
1.072000E-2	0.000000E+0	2.687840E+5
1.074000E-2	0.000000E+0	2.691350E+5
1.076000E-2	0.000000E+0	2.700410E+5
1.078000E-2	0.000000E+0	2.692730E+5
1.080000E-2	0.000000E+0	2.692530E+5
1.082000E-2	0.000000E+0	2.698890E+5
1.084000E-2	0.000000E+0	2.686560E+5
1.086000E-2	0.000000E+0	2.690460E+5
1.088000E-2	0.000000E+0	2.688010E+5
1.090000E-2	0.000000E+0	2.687200E+5
1.092000E-2	0.000000E+0	2.687920E+5
1.094000E-2	0.000000E+0	2.683510E+5
1.096000E-2	0.000000E+0	2.686500E+5
1.098000E-2	0.000000E+0	2.692570E+5
1.100000E-2	0.000000E+0	2.693600E+5
1.102000E-2	0.000000E+0	2.681860E+5
1.104000E-2	0.000000E+0	2.694640E+5
1.106000E-2	0.000000E+0	2.688350E+5
1.108000E-2	0.000000E+0	2.689010E+5
1.110000E-2	0.000000E+0	2.683280E+5
1.112000E-2	0.000000E+0	2.692490E+5
1.114000E-2	0.000000E+0	2.690960E+5
1.116000E-2	0.000000E+0	2.673400E+5
1.118000E-2	0.000000E+0	2.693760E+5
1.120000E-2	0.000000E+0	2.687160E+5
1.122000E-2	0.000000E+0	2.697950E+5
1.124000E-2	0.000000E+0	2.691100E+5
1.126000E-2	0.000000E+0	2.679960E+5
1.128000E-2	0.000000E+0	2.682560E+5
1.130000E-2	0.000000E+0	2.679270E+5
1.132000E-2	0.000000E+0	2.695490E+5
1.134000E-2	0.000000E+0	2.685270E+5
1.136000E-2	0.000000E+0	2.701380E+5
1.138000E-2	0.000000E+0	2.686270E+5
1.140000E-2	0.000000E+0	2.697120E+5
1.142000E-2	0.000000E+0	2.685560E+5
1.144000E-2	0.000000E+0	2.689030E+5
1.146000E-2	0.000000E+0	2.691110E+5
1.148000E-2	0.000000E+0	2.692380E+5
1.150000E-2	0.000000E+0	2.688290E+5
1.152000E-2	0.000000E+0	2.684300E+5
1.154000E-2	0.000000E+0	2.682610E+5
1.156000E-2	0.000000E+0	2.691580E+5
1.158000E-2	0.000000E+0	2.682520E+5
1.160000E-2	0.000000E+0	2.687060E+5
1.162000E-2	0.000000E+0	2.686430E+5
1.164000E-2	0.000000E+0	2.701330E+5
1.166000E-2	0.000000E+0	2.699350E+5
1.168000E-2	0.000000E+0	2.699290E+5
1.170000E-2	0.000000E+0	2.695240E+5
1.172000E-2	0.000000E+0	2.691460E+5
1.174000E-2	0.000000E+0	2.689840E+5
1.176000E-2	0.000000E+0	2.688500E+5
1.178000E-2	0.000000E+0	2.681070E+5
1.180000E-2	0.000000E+0	2.688220E+5
1.182000E-2	0.000000E+0	2.688330E+5
1.184000E-2	0.000000E+0	2.686020E+5
1.186000E-2	0.000000E+0	2.686380E+5
1.188000E-2	0.000000E+0	2.682590E+5
1.190000E-2	0.000000E+0	2.684380E+5
1.192000E-2	0.000000E+0	2.683020E+5
1.194000E-2	0.000000E+0	2.699110E+5
1.196000E-2	0.000000E+0	2.683410E+5
1.198000E-2	0.000000E+0	2.689350E+5
1.200000E-2	0.000000E+0	2.684900E+5
1.202000E-2	0.000000E+0	2.694060E+5
1.204000E-2	0.000000E+0	2.687580E+5
1.206000E-2	0.000000E+0	2.689800E+5
1.208000E-2	0.000000E+0	2.692180E+5
1.210000E-2	0.000000E+0	2.689960E+5
1.212000E-2	0.000000E+0	2.689990E+5
1.214000E-2	0.000000E+0	2.680090E+5
1.216000E-2	0.000000E+0	2.687150E+5
1.218000E-2	0.000000E+0	2.691590E+5
1.220000E-2	0.000000E+0	2.678510E+5
1.222000E-2	0.000000E+0	2.687680E+5
1.224000E-2	0.000000E+0	2.691090E+5
1.226000E-2	0.000000E+0	2.689370E+5
1.228000E-2	0.000000E+0	2.693980E+5
1.230000E-2	0.000000E+0	2.692910E+5
1.232000E-2	0.000000E+0	2.689330E+5
1.234000E-2	0.000000E+0	2.689340E+5
1.236000E-2	0.000000E+0	2.689290E+5
1.238000E-2	0.000000E+0	2.692240E+5
1.240000E-2	0.000000E+0	2.694910E+5
1.242000E-2	0.000000E+0	2.691610E+5
1.244000E-2	0.000000E+0	2.693340E+5
1.246000E-2	0.000000E+0	2.684860E+5
1.248000E-2	0.000000E+0	2.689210E+5
1.250000E-2	0.000000E+0	2.683960E+5
1.252000E-2	0.000000E+0	2.696330E+5
1.254000E-2	0.000000E+0	2.689880E+5
1.256000E-2	0.000000E+0	2.684520E+5
1.258000E-2	0.000000E+0	2.694910E+5
1.260000E-2	0.000000E+0	2.696100E+5
1.262000E-2	0.000000E+0	2.681340E+5
1.264000E-2	0.000000E+0	2.678040E+5
1.266000E-2	0.000000E+0	2.692850E+5
1.268000E-2	0.000000E+0	2.691110E+5
1.270000E-2	0.000000E+0	2.691490E+5
1.272000E-2	0.000000E+0	2.692420E+5
1.274000E-2	0.000000E+0	2.690160E+5
1.276000E-2	0.000000E+0	2.692730E+5
1.278000E-2	0.000000E+0	2.685240E+5
1.280000E-2	0.000000E+0	2.684970E+5
1.282000E-2	0.000000E+0	2.688060E+5
1.284000E-2	0.000000E+0	2.691140E+5
1.286000E-2	0.000000E+0	2.694620E+5
1.288000E-2	0.000000E+0	2.692350E+5
1.290000E-2	0.000000E+0	2.689780E+5
1.292000E-2	0.000000E+0	2.692440E+5
1.294000E-2	0.000000E+0	2.677110E+5
1.296000E-2	0.000000E+0	2.689310E+5
1.298000E-2	0.000000E+0	2.688340E+5
1.300000E-2	0.000000E+0	2.692050E+5
1.302000E-2	0.000000E+0	2.691780E+5
1.304000E-2	0.000000E+0	2.688110E+5
1.306000E-2	0.000000E+0	2.688580E+5
1.308000E-2	0.000000E+0	2.693370E+5
1.310000E-2	0.000000E+0	2.691660E+5
1.312000E-2	0.000000E+0	2.693030E+5
1.314000E-2	0.000000E+0	2.696740E+5
1.316000E-2	0.000000E+0	2.688540E+5
1.318000E-2	0.000000E+0	2.684090E+5
1.320000E-2	0.000000E+0	2.692130E+5
1.322000E-2	0.000000E+0	2.693580E+5
1.324000E-2	0.000000E+0	2.686720E+5
1.326000E-2	0.000000E+0	2.699230E+5
1.328000E-2	0.000000E+0	2.692420E+5
1.330000E-2	0.000000E+0	2.684770E+5
1.332000E-2	0.000000E+0	2.688180E+5
1.334000E-2	0.000000E+0	2.689060E+5
1.336000E-2	0.000000E+0	2.689540E+5
1.338000E-2	0.000000E+0	2.690120E+5
1.340000E-2	0.000000E+0	2.682070E+5
1.342000E-2	0.000000E+0	2.685840E+5
1.344000E-2	0.000000E+0	2.683550E+5
1.346000E-2	0.000000E+0	2.678450E+5
1.348000E-2	0.000000E+0	2.697110E+5
1.350000E-2	0.000000E+0	2.690170E+5
1.352000E-2	0.000000E+0	2.697880E+5
1.354000E-2	0.000000E+0	2.696660E+5
1.356000E-2	0.000000E+0	2.695570E+5
1.358000E-2	0.000000E+0	2.689230E+5
1.360000E-2	0.000000E+0	2.685170E+5
1.362000E-2	0.000000E+0	2.694080E+5
1.364000E-2	0.000000E+0	2.685540E+5
1.366000E-2	0.000000E+0	2.686740E+5
1.368000E-2	0.000000E+0	2.691190E+5
1.370000E-2	0.000000E+0	2.692640E+5
1.372000E-2	0.000000E+0	2.685640E+5
1.374000E-2	0.000000E+0	2.683460E+5
1.376000E-2	0.000000E+0	2.682040E+5
1.378000E-2	0.000000E+0	2.679140E+5
1.380000E-2	0.000000E+0	2.688800E+5
1.382000E-2	0.000000E+0	2.680160E+5
1.384000E-2	0.000000E+0	2.685580E+5
1.386000E-2	0.000000E+0	2.681340E+5
1.388000E-2	0.000000E+0	2.686720E+5
1.390000E-2	0.000000E+0	2.692320E+5
1.392000E-2	0.000000E+0	2.697620E+5
1.394000E-2	0.000000E+0	2.692950E+5
1.396000E-2	0.000000E+0	2.688920E+5
1.398000E-2	0.000000E+0	2.691940E+5
1.400000E-2	0.000000E+0	2.701060E+5
1.402000E-2	0.000000E+0	2.680270E+5
1.404000E-2	0.000000E+0	2.700430E+5
1.406000E-2	0.000000E+0	2.688510E+5
1.408000E-2	0.000000E+0	2.685740E+5
1.410000E-2	0.000000E+0	2.684470E+5
1.412000E-2	0.000000E+0	2.690380E+5
1.414000E-2	0.000000E+0	2.685720E+5
1.416000E-2	0.000000E+0	2.684170E+5
1.418000E-2	0.000000E+0	2.688800E+5
1.420000E-2	0.000000E+0	2.689190E+5
1.422000E-2	0.000000E+0	2.689730E+5
1.424000E-2	0.000000E+0	2.676940E+5
1.426000E-2	0.000000E+0	2.677710E+5
1.428000E-2	0.000000E+0	2.686370E+5
1.430000E-2	0.000000E+0	2.688130E+5
1.432000E-2	0.000000E+0	2.693130E+5
1.434000E-2	0.000000E+0	2.682420E+5
1.436000E-2	0.000000E+0	2.690790E+5
1.438000E-2	0.000000E+0	2.687960E+5
1.440000E-2	0.000000E+0	2.696810E+5
1.442000E-2	0.000000E+0	2.686730E+5
1.444000E-2	0.000000E+0	2.681600E+5
1.446000E-2	0.000000E+0	2.689550E+5
1.448000E-2	0.000000E+0	2.688230E+5
1.450000E-2	0.000000E+0	2.682510E+5
1.452000E-2	0.000000E+0	2.688010E+5
1.454000E-2	0.000000E+0	2.686950E+5
1.456000E-2	0.000000E+0	2.695300E+5
1.458000E-2	0.000000E+0	2.681050E+5
1.460000E-2	0.000000E+0	2.692480E+5
1.462000E-2	0.000000E+0	2.681260E+5
1.464000E-2	0.000000E+0	2.693740E+5
1.466000E-2	0.000000E+0	2.688090E+5
1.468000E-2	0.000000E+0	2.696260E+5
1.470000E-2	0.000000E+0	2.683770E+5
1.472000E-2	0.000000E+0	2.684900E+5
1.474000E-2	0.000000E+0	2.683790E+5
1.476000E-2	0.000000E+0	2.695760E+5
1.478000E-2	0.000000E+0	2.695510E+5
1.480000E-2	0.000000E+0	2.686150E+5
1.482000E-2	0.000000E+0	2.681530E+5
1.484000E-2	0.000000E+0	2.690490E+5
1.486000E-2	0.000000E+0	2.687210E+5
1.488000E-2	0.000000E+0	2.685390E+5
1.490000E-2	0.000000E+0	2.681470E+5
1.492000E-2	0.000000E+0	2.680250E+5
1.494000E-2	0.000000E+0	2.660900E+5
1.496000E-2	0.000000E+0	2.659890E+5
1.498000E-2	0.000000E+0	2.656040E+5
1.500000E-2	0.000000E+0	2.652360E+5
1.502000E-2	0.000000E+0	2.647330E+5
1.504000E-2	0.000000E+0	2.642540E+5
1.506000E-2	0.000000E+0	2.647460E+5
1.508000E-2	0.000000E+0	2.639190E+5
1.510000E-2	0.000000E+0	2.626440E+5
1.512000E-2	0.000000E+0	2.614440E+5
1.514000E-2	0.000000E+0	2.612400E+5
1.516000E-2	0.000000E+0	2.615300E+5
1.518000E-2	0.000000E+0	2.620420E+5
1.520000E-2	0.000000E+0	2.628740E+5
1.522000E-2	0.000000E+0	2.636270E+5
1.524000E-2	0.000000E+0	2.657140E+5
1.526000E-2	0.000000E+0	2.658210E+5
1.528000E-2	0.000000E+0	2.674040E+5
1.530000E-2	0.000000E+0	2.665200E+5
1.532000E-2	0.000000E+0	2.670900E+5
1.534000E-2	0.000000E+0	2.675120E+5
1.536000E-2	0.000000E+0	2.677820E+5
1.538000E-2	0.000000E+0	2.686610E+5
1.540000E-2	0.000000E+0	2.684330E+5
1.542000E-2	0.000000E+0	2.687860E+5
1.544000E-2	0.000000E+0	2.678200E+5
1.546000E-2	0.000000E+0	2.682860E+5
1.548000E-2	0.000000E+0	2.682300E+5
1.550000E-2	0.000000E+0	2.675540E+5
1.552000E-2	0.000000E+0	2.684990E+5
1.554000E-2	0.000000E+0	2.683700E+5
1.556000E-2	0.000000E+0	2.669520E+5
1.558000E-2	0.000000E+0	2.664260E+5
1.560000E-2	0.000000E+0	2.665950E+5
1.562000E-2	0.000000E+0	2.654310E+5
1.564000E-2	0.000000E+0	2.646750E+5
1.566000E-2	0.000000E+0	2.638840E+5
1.568000E-2	0.000000E+0	2.636910E+5
1.570000E-2	0.000000E+0	2.637990E+5
1.572000E-2	0.000000E+0	2.632250E+5
1.574000E-2	0.000000E+0	2.626200E+5
1.576000E-2	0.000000E+0	2.623600E+5
1.578000E-2	0.000000E+0	2.598260E+5
1.580000E-2	0.000000E+0	2.613550E+5
1.582000E-2	0.000000E+0	2.618430E+5
1.584000E-2	0.000000E+0	2.626210E+5
1.586000E-2	0.000000E+0	2.632030E+5
1.588000E-2	0.000000E+0	2.646620E+5
1.590000E-2	0.000000E+0	2.651310E+5
1.592000E-2	0.000000E+0	2.667240E+5
1.594000E-2	0.000000E+0	2.659650E+5
1.596000E-2	0.000000E+0	2.670120E+5
1.598000E-2	0.000000E+0	2.681480E+5
1.600000E-2	0.000000E+0	2.689710E+5
1.602000E-2	0.000000E+0	2.686560E+5
1.604000E-2	0.000000E+0	2.679040E+5
1.606000E-2	0.000000E+0	2.678310E+5
1.608000E-2	0.000000E+0	2.684770E+5
1.610000E-2	0.000000E+0	2.682280E+5
1.612000E-2	0.000000E+0	2.686640E+5
1.614000E-2	0.000000E+0	2.691370E+5
1.616000E-2	0.000000E+0	2.692180E+5
1.618000E-2	0.000000E+0	2.687330E+5
1.620000E-2	0.000000E+0	2.685320E+5
1.622000E-2	0.000000E+0	2.687520E+5
1.624000E-2	0.000000E+0	2.681770E+5
1.626000E-2	0.000000E+0	2.688490E+5
1.628000E-2	0.000000E+0	2.695990E+5
1.630000E-2	0.000000E+0	2.688890E+5
1.632000E-2	0.000000E+0	2.690220E+5
1.634000E-2	0.000000E+0	2.689690E+5
1.636000E-2	0.000000E+0	2.699360E+5
1.638000E-2	0.000000E+0	2.684840E+5
1.640000E-2	0.000000E+0	2.685360E+5
1.642000E-2	0.000000E+0	2.687120E+5
1.644000E-2	0.000000E+0	2.684990E+5
1.646000E-2	0.000000E+0	2.688810E+5
1.648000E-2	0.000000E+0	2.678670E+5
1.650000E-2	0.000000E+0	2.688040E+5
1.652000E-2	0.000000E+0	2.694000E+5
1.654000E-2	0.000000E+0	2.688580E+5
1.656000E-2	0.000000E+0	2.687570E+5
1.658000E-2	0.000000E+0	2.685730E+5
1.660000E-2	0.000000E+0	2.694910E+5
1.662000E-2	0.000000E+0	2.688910E+5
1.664000E-2	0.000000E+0	2.686570E+5
1.666000E-2	0.000000E+0	2.686850E+5
1.668000E-2	0.000000E+0	2.680900E+5
1.670000E-2	0.000000E+0	2.686080E+5
1.672000E-2	0.000000E+0	2.695970E+5
1.674000E-2	0.000000E+0	2.684930E+5
1.676000E-2	0.000000E+0	2.685210E+5
1.678000E-2	0.000000E+0	2.682610E+5
1.680000E-2	0.000000E+0	2.690670E+5
1.682000E-2	0.000000E+0	2.685630E+5
1.684000E-2	0.000000E+0	2.688120E+5
1.686000E-2	0.000000E+0	2.695350E+5
1.688000E-2	0.000000E+0	2.686220E+5
1.690000E-2	0.000000E+0	2.691020E+5
1.692000E-2	0.000000E+0	2.686800E+5
1.694000E-2	0.000000E+0	2.685670E+5
1.696000E-2	0.000000E+0	2.680440E+5
1.698000E-2	0.000000E+0	2.684800E+5
1.700000E-2	0.000000E+0	2.685800E+5
1.702000E-2	0.000000E+0	2.688940E+5
1.704000E-2	0.000000E+0	2.695190E+5
1.706000E-2	0.000000E+0	2.701190E+5
1.708000E-2	0.000000E+0	2.685780E+5
1.710000E-2	0.000000E+0	2.689200E+5
1.712000E-2	0.000000E+0	2.686590E+5
1.714000E-2	0.000000E+0	2.687470E+5
1.716000E-2	0.000000E+0	2.689240E+5
1.718000E-2	0.000000E+0	2.685880E+5
1.720000E-2	0.000000E+0	2.693130E+5
1.722000E-2	0.000000E+0	2.693820E+5
1.724000E-2	0.000000E+0	2.678540E+5
1.726000E-2	0.000000E+0	2.685000E+5
1.728000E-2	0.000000E+0	2.688040E+5
1.730000E-2	0.000000E+0	2.684990E+5
1.732000E-2	0.000000E+0	2.683400E+5
1.734000E-2	0.000000E+0	2.682650E+5
1.736000E-2	0.000000E+0	2.696410E+5
1.738000E-2	0.000000E+0	2.695330E+5
1.740000E-2	0.000000E+0	2.688510E+5
1.742000E-2	0.000000E+0	2.675740E+5
1.744000E-2	0.000000E+0	2.687610E+5
1.746000E-2	0.000000E+0	2.686600E+5
1.748000E-2	0.000000E+0	2.690200E+5
1.750000E-2	0.000000E+0	2.687410E+5
1.752000E-2	0.000000E+0	2.691550E+5
1.754000E-2	0.000000E+0	2.677570E+5
1.756000E-2	0.000000E+0	2.682810E+5
1.758000E-2	0.000000E+0	2.692860E+5
1.760000E-2	0.000000E+0	2.688210E+5
1.762000E-2	0.000000E+0	2.689850E+5
1.764000E-2	0.000000E+0	2.692150E+5
1.766000E-2	0.000000E+0	2.690500E+5
1.768000E-2	0.000000E+0	2.691420E+5
1.770000E-2	0.000000E+0	2.688200E+5
1.772000E-2	0.000000E+0	2.699110E+5
1.774000E-2	0.000000E+0	2.686480E+5
1.776000E-2	0.000000E+0	2.683980E+5
1.778000E-2	0.000000E+0	2.694590E+5
1.780000E-2	0.000000E+0	2.684330E+5
1.782000E-2	0.000000E+0	2.691420E+5
1.784000E-2	0.000000E+0	2.684940E+5
1.786000E-2	0.000000E+0	2.690180E+5
1.788000E-2	0.000000E+0	2.685670E+5
1.790000E-2	0.000000E+0	2.690520E+5
1.792000E-2	0.000000E+0	2.681970E+5
1.794000E-2	0.000000E+0	2.692240E+5
1.796000E-2	0.000000E+0	2.686860E+5
1.798000E-2	0.000000E+0	2.690210E+5
1.800000E-2	0.000000E+0	2.679390E+5
1.802000E-2	0.000000E+0	2.685060E+5
1.804000E-2	0.000000E+0	2.684510E+5
1.806000E-2	0.000000E+0	2.687770E+5
1.808000E-2	0.000000E+0	2.682640E+5
1.810000E-2	0.000000E+0	2.698180E+5
1.812000E-2	0.000000E+0	2.696000E+5
1.814000E-2	0.000000E+0	2.691740E+5
1.816000E-2	0.000000E+0	2.692660E+5
1.818000E-2	0.000000E+0	2.683700E+5
1.820000E-2	0.000000E+0	2.696890E+5
1.822000E-2	0.000000E+0	2.681440E+5
1.824000E-2	0.000000E+0	2.690310E+5
1.826000E-2	0.000000E+0	2.692920E+5
1.828000E-2	0.000000E+0	2.686920E+5
1.830000E-2	0.000000E+0	2.686180E+5
1.832000E-2	0.000000E+0	2.690040E+5
1.834000E-2	0.000000E+0	2.679030E+5
1.836000E-2	0.000000E+0	2.692660E+5
1.838000E-2	0.000000E+0	2.686710E+5
1.840000E-2	0.000000E+0	2.685340E+5
1.842000E-2	0.000000E+0	2.687030E+5
1.844000E-2	0.000000E+0	2.683820E+5
1.846000E-2	0.000000E+0	2.679580E+5
1.848000E-2	0.000000E+0	2.692750E+5
1.850000E-2	0.000000E+0	2.691660E+5
1.852000E-2	0.000000E+0	2.697260E+5
1.854000E-2	0.000000E+0	2.697180E+5
1.856000E-2	0.000000E+0	2.680580E+5
1.858000E-2	0.000000E+0	2.687720E+5
1.860000E-2	0.000000E+0	2.694350E+5
1.862000E-2	0.000000E+0	2.687250E+5
1.864000E-2	0.000000E+0	2.682050E+5
1.866000E-2	0.000000E+0	2.687920E+5
1.868000E-2	0.000000E+0	2.682190E+5
1.870000E-2	0.000000E+0	2.684260E+5
1.872000E-2	0.000000E+0	2.695510E+5
1.874000E-2	0.000000E+0	2.680220E+5
1.876000E-2	0.000000E+0	2.687850E+5
1.878000E-2	0.000000E+0	2.690790E+5
1.880000E-2	0.000000E+0	2.687310E+5
1.882000E-2	0.000000E+0	2.683460E+5
1.884000E-2	0.000000E+0	2.688980E+5
1.886000E-2	0.000000E+0	2.686530E+5
1.888000E-2	0.000000E+0	2.684080E+5
1.890000E-2	0.000000E+0	2.684240E+5
1.892000E-2	0.000000E+0	2.699480E+5
1.894000E-2	0.000000E+0	2.691650E+5
1.896000E-2	0.000000E+0	2.693250E+5
1.898000E-2	0.000000E+0	2.687040E+5
1.900000E-2	0.000000E+0	2.686310E+5
1.902000E-2	0.000000E+0	2.677780E+5
1.904000E-2	0.000000E+0	2.690770E+5
1.906000E-2	0.000000E+0	2.693300E+5
1.908000E-2	0.000000E+0	2.686730E+5
1.910000E-2	0.000000E+0	2.680940E+5
1.912000E-2	0.000000E+0	2.687730E+5
1.914000E-2	0.000000E+0	2.685470E+5
1.916000E-2	0.000000E+0	2.682400E+5
1.918000E-2	0.000000E+0	2.689770E+5
1.920000E-2	0.000000E+0	2.688330E+5
1.922000E-2	0.000000E+0	2.686670E+5
1.924000E-2	0.000000E+0	2.689610E+5
1.926000E-2	0.000000E+0	2.690880E+5
1.928000E-2	0.000000E+0	2.690010E+5
1.930000E-2	0.000000E+0	2.690310E+5
1.932000E-2	0.000000E+0	2.683370E+5
1.934000E-2	0.000000E+0	2.686770E+5
1.936000E-2	0.000000E+0	2.683950E+5
1.938000E-2	0.000000E+0	2.691470E+5
1.940000E-2	0.000000E+0	2.684530E+5
1.942000E-2	0.000000E+0	2.699310E+5
1.944000E-2	0.000000E+0	2.695820E+5
1.946000E-2	0.000000E+0	2.683090E+5
1.948000E-2	0.000000E+0	2.693060E+5
1.950000E-2	0.000000E+0	2.683760E+5
1.952000E-2	0.000000E+0	2.694320E+5
1.954000E-2	0.000000E+0	2.685680E+5
1.956000E-2	0.000000E+0	2.690500E+5
1.958000E-2	0.000000E+0	2.691730E+5
1.960000E-2	0.000000E+0	2.690900E+5
1.962000E-2	0.000000E+0	2.689260E+5
1.964000E-2	0.000000E+0	2.693140E+5
1.966000E-2	0.000000E+0	2.692210E+5
1.968000E-2	0.000000E+0	2.690090E+5
1.970000E-2	0.000000E+0	2.686070E+5
1.972000E-2	0.000000E+0	2.690860E+5
1.974000E-2	0.000000E+0	2.685360E+5
1.976000E-2	0.000000E+0	2.679260E+5
1.978000E-2	0.000000E+0	2.683830E+5
1.980000E-2	0.000000E+0	2.691620E+5
1.982000E-2	0.000000E+0	2.685700E+5
1.984000E-2	0.000000E+0	2.689630E+5
1.986000E-2	0.000000E+0	2.683310E+5
1.988000E-2	0.000000E+0	2.679210E+5
1.990000E-2	0.000000E+0	2.685620E+5
1.992000E-2	0.000000E+0	2.682010E+5
1.994000E-2	0.000000E+0	2.690870E+5
1.996000E-2	0.000000E+0	2.684310E+5
1.998000E-2	0.000000E+0	2.688860E+5
