

live time:  179327.980000
real time:  248409.934000
sweeps:  8966399.000000
0.000000E+0	0.000000E+0	0.000000E+0
2.000000E-5	0.000000E+0	3.930810E+5
4.000000E-5	0.000000E+0	3.933970E+5
6.000000E-5	0.000000E+0	3.932170E+5
8.000000E-5	0.000000E+0	3.934350E+5
1.000000E-4	0.000000E+0	3.920610E+5
1.200000E-4	0.000000E+0	3.936380E+5
1.400000E-4	0.000000E+0	3.937300E+5
1.600000E-4	0.000000E+0	3.933940E+5
1.800000E-4	0.000000E+0	3.931920E+5
2.000000E-4	0.000000E+0	3.931100E+5
2.200000E-4	0.000000E+0	3.932910E+5
2.400000E-4	0.000000E+0	3.920570E+5
2.600000E-4	0.000000E+0	3.920620E+5
2.800000E-4	0.000000E+0	3.928130E+5
3.000000E-4	0.000000E+0	3.943340E+5
3.200000E-4	0.000000E+0	3.930560E+5
3.400000E-4	0.000000E+0	3.931750E+5
3.600000E-4	0.000000E+0	3.939280E+5
3.800000E-4	0.000000E+0	3.928270E+5
4.000000E-4	0.000000E+0	3.923370E+5
4.200000E-4	0.000000E+0	3.929870E+5
4.400000E-4	0.000000E+0	3.925820E+5
4.600000E-4	0.000000E+0	3.938150E+5
4.800000E-4	0.000000E+0	3.926350E+5
5.000000E-4	0.000000E+0	3.931090E+5
5.200000E-4	0.000000E+0	3.934300E+5
5.400000E-4	0.000000E+0	3.927370E+5
5.600000E-4	0.000000E+0	3.923550E+5
5.800000E-4	0.000000E+0	3.931210E+5
6.000000E-4	0.000000E+0	3.937210E+5
6.200000E-4	0.000000E+0	3.926670E+5
6.400000E-4	0.000000E+0	3.943520E+5
6.600000E-4	0.000000E+0	3.921290E+5
6.800000E-4	0.000000E+0	3.927530E+5
7.000000E-4	0.000000E+0	3.934000E+5
7.200000E-4	0.000000E+0	3.941860E+5
7.400000E-4	0.000000E+0	3.925200E+5
7.600000E-4	0.000000E+0	3.925230E+5
7.800000E-4	0.000000E+0	3.919250E+5
8.000000E-4	0.000000E+0	3.936590E+5
8.200000E-4	0.000000E+0	3.929330E+5
8.400000E-4	0.000000E+0	3.927350E+5
8.600000E-4	0.000000E+0	3.939160E+5
8.800000E-4	0.000000E+0	3.926500E+5
9.000000E-4	0.000000E+0	3.941650E+5
9.200000E-4	0.000000E+0	3.927700E+5
9.400000E-4	0.000000E+0	3.933730E+5
9.600000E-4	0.000000E+0	3.920750E+5
9.800000E-4	0.000000E+0	3.944710E+5
1.000000E-3	0.000000E+0	3.936440E+5
1.020000E-3	0.000000E+0	3.930320E+5
1.040000E-3	0.000000E+0	3.929100E+5
1.060000E-3	0.000000E+0	3.927250E+5
1.080000E-3	0.000000E+0	3.927670E+5
1.100000E-3	0.000000E+0	3.923240E+5
1.120000E-3	0.000000E+0	3.935290E+5
1.140000E-3	0.000000E+0	3.923160E+5
1.160000E-3	0.000000E+0	3.928270E+5
1.180000E-3	0.000000E+0	3.927680E+5
1.200000E-3	0.000000E+0	3.931900E+5
1.220000E-3	0.000000E+0	3.936040E+5
1.240000E-3	0.000000E+0	3.931100E+5
1.260000E-3	0.000000E+0	3.926120E+5
1.280000E-3	0.000000E+0	3.933070E+5
1.300000E-3	0.000000E+0	3.917600E+5
1.320000E-3	0.000000E+0	3.942150E+5
1.340000E-3	0.000000E+0	3.932990E+5
1.360000E-3	0.000000E+0	3.921870E+5
1.380000E-3	0.000000E+0	3.942710E+5
1.400000E-3	0.000000E+0	3.931090E+5
1.420000E-3	0.000000E+0	3.934210E+5
1.440000E-3	0.000000E+0	3.929430E+5
1.460000E-3	0.000000E+0	3.919900E+5
1.480000E-3	0.000000E+0	3.942440E+5
1.500000E-3	0.000000E+0	3.932590E+5
1.520000E-3	0.000000E+0	3.928800E+5
1.540000E-3	0.000000E+0	3.934720E+5
1.560000E-3	0.000000E+0	3.935120E+5
1.580000E-3	0.000000E+0	3.933700E+5
1.600000E-3	0.000000E+0	3.926530E+5
1.620000E-3	0.000000E+0	3.927610E+5
1.640000E-3	0.000000E+0	3.921230E+5
1.660000E-3	0.000000E+0	3.934050E+5
1.680000E-3	0.000000E+0	3.928530E+5
1.700000E-3	0.000000E+0	3.923660E+5
1.720000E-3	0.000000E+0	3.932560E+5
1.740000E-3	0.000000E+0	3.941480E+5
1.760000E-3	0.000000E+0	3.936420E+5
1.780000E-3	0.000000E+0	3.941860E+5
1.800000E-3	0.000000E+0	3.939420E+5
1.820000E-3	0.000000E+0	3.926370E+5
1.840000E-3	0.000000E+0	3.923360E+5
1.860000E-3	0.000000E+0	3.932220E+5
1.880000E-3	0.000000E+0	3.930300E+5
1.900000E-3	0.000000E+0	3.921970E+5
1.920000E-3	0.000000E+0	3.929830E+5
1.940000E-3	0.000000E+0	3.927990E+5
1.960000E-3	0.000000E+0	3.931430E+5
1.980000E-3	0.000000E+0	3.936370E+5
2.000000E-3	0.000000E+0	3.926480E+5
2.020000E-3	0.000000E+0	3.932010E+5
2.040000E-3	0.000000E+0	3.928170E+5
2.060000E-3	0.000000E+0	3.937640E+5
2.080000E-3	0.000000E+0	3.940800E+5
2.100000E-3	0.000000E+0	3.940920E+5
2.120000E-3	0.000000E+0	3.939290E+5
2.140000E-3	0.000000E+0	3.917630E+5
2.160000E-3	0.000000E+0	3.920830E+5
2.180000E-3	0.000000E+0	3.930910E+5
2.200000E-3	0.000000E+0	3.936900E+5
2.220000E-3	0.000000E+0	3.937060E+5
2.240000E-3	0.000000E+0	3.925170E+5
2.260000E-3	0.000000E+0	3.932210E+5
2.280000E-3	0.000000E+0	3.931800E+5
2.300000E-3	0.000000E+0	3.935000E+5
2.320000E-3	0.000000E+0	3.930440E+5
2.340000E-3	0.000000E+0	3.928350E+5
2.360000E-3	0.000000E+0	3.929990E+5
2.380000E-3	0.000000E+0	3.944250E+5
2.400000E-3	0.000000E+0	3.918480E+5
2.420000E-3	0.000000E+0	3.928290E+5
2.440000E-3	0.000000E+0	3.923950E+5
2.460000E-3	0.000000E+0	3.931050E+5
2.480000E-3	0.000000E+0	3.944930E+5
2.500000E-3	0.000000E+0	3.927170E+5
2.520000E-3	0.000000E+0	3.936380E+5
2.540000E-3	0.000000E+0	3.920940E+5
2.560000E-3	0.000000E+0	3.932460E+5
2.580000E-3	0.000000E+0	3.925610E+5
2.600000E-3	0.000000E+0	3.937860E+5
2.620000E-3	0.000000E+0	3.929630E+5
2.640000E-3	0.000000E+0	3.919910E+5
2.660000E-3	0.000000E+0	3.935630E+5
2.680000E-3	0.000000E+0	3.926640E+5
2.700000E-3	0.000000E+0	3.931260E+5
2.720000E-3	0.000000E+0	3.913640E+5
2.740000E-3	0.000000E+0	3.932050E+5
2.760000E-3	0.000000E+0	3.927770E+5
2.780000E-3	0.000000E+0	3.931330E+5
2.800000E-3	0.000000E+0	3.928900E+5
2.820000E-3	0.000000E+0	3.927310E+5
2.840000E-3	0.000000E+0	3.922570E+5
2.860000E-3	0.000000E+0	3.940520E+5
2.880000E-3	0.000000E+0	3.932130E+5
2.900000E-3	0.000000E+0	3.936710E+5
2.920000E-3	0.000000E+0	3.921040E+5
2.940000E-3	0.000000E+0	3.932340E+5
2.960000E-3	0.000000E+0	3.928260E+5
2.980000E-3	0.000000E+0	3.920720E+5
3.000000E-3	0.000000E+0	3.932320E+5
3.020000E-3	0.000000E+0	3.931450E+5
3.040000E-3	0.000000E+0	3.938220E+5
3.060000E-3	0.000000E+0	3.947000E+5
3.080000E-3	0.000000E+0	3.930470E+5
3.100000E-3	0.000000E+0	3.921670E+5
3.120000E-3	0.000000E+0	3.934130E+5
3.140000E-3	0.000000E+0	3.934330E+5
3.160000E-3	0.000000E+0	3.928880E+5
3.180000E-3	0.000000E+0	3.933640E+5
3.200000E-3	0.000000E+0	3.928780E+5
3.220000E-3	0.000000E+0	3.934880E+5
3.240000E-3	0.000000E+0	3.940330E+5
3.260000E-3	0.000000E+0	3.935180E+5
3.280000E-3	0.000000E+0	3.932310E+5
3.300000E-3	0.000000E+0	3.925340E+5
3.320000E-3	0.000000E+0	3.931570E+5
3.340000E-3	0.000000E+0	3.924670E+5
3.360000E-3	0.000000E+0	3.921290E+5
3.380000E-3	0.000000E+0	3.921120E+5
3.400000E-3	0.000000E+0	3.931410E+5
3.420000E-3	0.000000E+0	3.938900E+5
3.440000E-3	0.000000E+0	3.923380E+5
3.460000E-3	0.000000E+0	3.936060E+5
3.480000E-3	0.000000E+0	3.926180E+5
3.500000E-3	0.000000E+0	3.931260E+5
3.520000E-3	0.000000E+0	3.925180E+5
3.540000E-3	0.000000E+0	3.929440E+5
3.560000E-3	0.000000E+0	3.927930E+5
3.580000E-3	0.000000E+0	3.921200E+5
3.600000E-3	0.000000E+0	3.925610E+5
3.620000E-3	0.000000E+0	3.913420E+5
3.640000E-3	0.000000E+0	3.935930E+5
3.660000E-3	0.000000E+0	3.928920E+5
3.680000E-3	0.000000E+0	3.926980E+5
3.700000E-3	0.000000E+0	3.921590E+5
3.720000E-3	0.000000E+0	3.930760E+5
3.740000E-3	0.000000E+0	3.923500E+5
3.760000E-3	0.000000E+0	3.929560E+5
3.780000E-3	0.000000E+0	3.924110E+5
3.800000E-3	0.000000E+0	3.922740E+5
3.820000E-3	0.000000E+0	3.923280E+5
3.840000E-3	0.000000E+0	3.929570E+5
3.860000E-3	0.000000E+0	3.926190E+5
3.880000E-3	0.000000E+0	3.921240E+5
3.900000E-3	0.000000E+0	3.935700E+5
3.920000E-3	0.000000E+0	3.945380E+5
3.940000E-3	0.000000E+0	3.936150E+5
3.960000E-3	0.000000E+0	3.937810E+5
3.980000E-3	0.000000E+0	3.932280E+5
4.000000E-3	0.000000E+0	3.930080E+5
4.020000E-3	0.000000E+0	3.934890E+5
4.040000E-3	0.000000E+0	3.925890E+5
4.060000E-3	0.000000E+0	3.934240E+5
4.080000E-3	0.000000E+0	3.933330E+5
4.100000E-3	0.000000E+0	3.934640E+5
4.120000E-3	0.000000E+0	3.928580E+5
4.140000E-3	0.000000E+0	3.923110E+5
4.160000E-3	0.000000E+0	3.936870E+5
4.180000E-3	0.000000E+0	3.923940E+5
4.200000E-3	0.000000E+0	3.934120E+5
4.220000E-3	0.000000E+0	3.928210E+5
4.240000E-3	0.000000E+0	3.927990E+5
4.260000E-3	0.000000E+0	3.921700E+5
4.280000E-3	0.000000E+0	3.937340E+5
4.300000E-3	0.000000E+0	3.932770E+5
4.320000E-3	0.000000E+0	3.925980E+5
4.340000E-3	0.000000E+0	3.922650E+5
4.360000E-3	0.000000E+0	3.925170E+5
4.380000E-3	0.000000E+0	3.924150E+5
4.400000E-3	0.000000E+0	3.933260E+5
4.420000E-3	0.000000E+0	3.927160E+5
4.440000E-3	0.000000E+0	3.926500E+5
4.460000E-3	0.000000E+0	3.924850E+5
4.480000E-3	0.000000E+0	3.922430E+5
4.500000E-3	0.000000E+0	3.930290E+5
4.520000E-3	0.000000E+0	3.919170E+5
4.540000E-3	0.000000E+0	3.920780E+5
4.560000E-3	0.000000E+0	3.920010E+5
4.580000E-3	0.000000E+0	3.929490E+5
4.600000E-3	0.000000E+0	3.925780E+5
4.620000E-3	0.000000E+0	3.921020E+5
4.640000E-3	0.000000E+0	3.929160E+5
4.660000E-3	0.000000E+0	3.930140E+5
4.680000E-3	0.000000E+0	3.924860E+5
4.700000E-3	0.000000E+0	3.931210E+5
4.720000E-3	0.000000E+0	3.930110E+5
4.740000E-3	0.000000E+0	3.920140E+5
4.760000E-3	0.000000E+0	3.933480E+5
4.780000E-3	0.000000E+0	3.920300E+5
4.800000E-3	0.000000E+0	3.921940E+5
4.820000E-3	0.000000E+0	3.920120E+5
4.840000E-3	0.000000E+0	3.920570E+5
4.860000E-3	0.000000E+0	3.907780E+5
4.880000E-3	0.000000E+0	3.901500E+5
4.900000E-3	0.000000E+0	3.903660E+5
4.920000E-3	0.000000E+0	3.877240E+5
4.940000E-3	0.000000E+0	3.868100E+5
4.960000E-3	0.000000E+0	3.869110E+5
4.980000E-3	0.000000E+0	3.872370E+5
5.000000E-3	0.000000E+0	3.855130E+5
5.020000E-3	0.000000E+0	3.848440E+5
5.040000E-3	0.000000E+0	3.830320E+5
5.060000E-3	0.000000E+0	3.824440E+5
5.080000E-3	0.000000E+0	3.819630E+5
5.100000E-3	0.000000E+0	3.823250E+5
5.120000E-3	0.000000E+0	3.819710E+5
5.140000E-3	0.000000E+0	3.831910E+5
5.160000E-3	0.000000E+0	3.847030E+5
5.180000E-3	0.000000E+0	3.856610E+5
5.200000E-3	0.000000E+0	3.868820E+5
5.220000E-3	0.000000E+0	3.876140E+5
5.240000E-3	0.000000E+0	3.877730E+5
5.260000E-3	0.000000E+0	3.903540E+5
5.280000E-3	0.000000E+0	3.884450E+5
5.300000E-3	0.000000E+0	3.901790E+5
5.320000E-3	0.000000E+0	3.917870E+5
5.340000E-3	0.000000E+0	3.915500E+5
5.360000E-3	0.000000E+0	3.926660E+5
5.380000E-3	0.000000E+0	3.912030E+5
5.400000E-3	0.000000E+0	3.930810E+5
5.420000E-3	0.000000E+0	3.919840E+5
5.440000E-3	0.000000E+0	3.916320E+5
5.460000E-3	0.000000E+0	3.911540E+5
5.480000E-3	0.000000E+0	3.908800E+5
5.500000E-3	0.000000E+0	3.916020E+5
5.520000E-3	0.000000E+0	3.904810E+5
5.540000E-3	0.000000E+0	3.902380E+5
5.560000E-3	0.000000E+0	3.884040E+5
5.580000E-3	0.000000E+0	3.879770E+5
5.600000E-3	0.000000E+0	3.859800E+5
5.620000E-3	0.000000E+0	3.864730E+5
5.640000E-3	0.000000E+0	3.874150E+5
5.660000E-3	0.000000E+0	3.857200E+5
5.680000E-3	0.000000E+0	3.854420E+5
5.700000E-3	0.000000E+0	3.838160E+5
5.720000E-3	0.000000E+0	3.827640E+5
5.740000E-3	0.000000E+0	3.830540E+5
5.760000E-3	0.000000E+0	3.834160E+5
5.780000E-3	0.000000E+0	3.836050E+5
5.800000E-3	0.000000E+0	3.842190E+5
5.820000E-3	0.000000E+0	3.859100E+5
5.840000E-3	0.000000E+0	3.869980E+5
5.860000E-3	0.000000E+0	3.875670E+5
5.880000E-3	0.000000E+0	3.891720E+5
5.900000E-3	0.000000E+0	3.904930E+5
5.920000E-3	0.000000E+0	3.915600E+5
5.940000E-3	0.000000E+0	3.904930E+5
5.960000E-3	0.000000E+0	3.913390E+5
5.980000E-3	0.000000E+0	3.922970E+5
6.000000E-3	0.000000E+0	3.921000E+5
6.020000E-3	0.000000E+0	3.921110E+5
6.040000E-3	0.000000E+0	3.926630E+5
6.060000E-3	0.000000E+0	3.923640E+5
6.080000E-3	0.000000E+0	3.924360E+5
6.100000E-3	0.000000E+0	3.918740E+5
6.120000E-3	0.000000E+0	3.929000E+5
6.140000E-3	0.000000E+0	3.925850E+5
6.160000E-3	0.000000E+0	3.922040E+5
6.180000E-3	0.000000E+0	3.929540E+5
6.200000E-3	0.000000E+0	3.925260E+5
6.220000E-3	0.000000E+0	3.932510E+5
6.240000E-3	0.000000E+0	3.918420E+5
6.260000E-3	0.000000E+0	3.921990E+5
6.280000E-3	0.000000E+0	3.943560E+5
6.300000E-3	0.000000E+0	3.939080E+5
6.320000E-3	0.000000E+0	3.931570E+5
6.340000E-3	0.000000E+0	3.931830E+5
6.360000E-3	0.000000E+0	3.923140E+5
6.380000E-3	0.000000E+0	3.933030E+5
6.400000E-3	0.000000E+0	3.923800E+5
6.420000E-3	0.000000E+0	3.921190E+5
6.440000E-3	0.000000E+0	3.943710E+5
6.460000E-3	0.000000E+0	3.927150E+5
6.480000E-3	0.000000E+0	3.924200E+5
6.500000E-3	0.000000E+0	3.924030E+5
6.520000E-3	0.000000E+0	3.927950E+5
6.540000E-3	0.000000E+0	3.923940E+5
6.560000E-3	0.000000E+0	3.935080E+5
6.580000E-3	0.000000E+0	3.924410E+5
6.600000E-3	0.000000E+0	3.934490E+5
6.620000E-3	0.000000E+0	3.928750E+5
6.640000E-3	0.000000E+0	3.925550E+5
6.660000E-3	0.000000E+0	3.921280E+5
6.680000E-3	0.000000E+0	3.928100E+5
6.700000E-3	0.000000E+0	3.931730E+5
6.720000E-3	0.000000E+0	3.930210E+5
6.740000E-3	0.000000E+0	3.935100E+5
6.760000E-3	0.000000E+0	3.936770E+5
6.780000E-3	0.000000E+0	3.921960E+5
6.800000E-3	0.000000E+0	3.931770E+5
6.820000E-3	0.000000E+0	3.931730E+5
6.840000E-3	0.000000E+0	3.925730E+5
6.860000E-3	0.000000E+0	3.930940E+5
6.880000E-3	0.000000E+0	3.939300E+5
6.900000E-3	0.000000E+0	3.919300E+5
6.920000E-3	0.000000E+0	3.919900E+5
6.940000E-3	0.000000E+0	3.930910E+5
6.960000E-3	0.000000E+0	3.913190E+5
6.980000E-3	0.000000E+0	3.929850E+5
7.000000E-3	0.000000E+0	3.927700E+5
7.020000E-3	0.000000E+0	3.931570E+5
7.040000E-3	0.000000E+0	3.929240E+5
7.060000E-3	0.000000E+0	3.933920E+5
7.080000E-3	0.000000E+0	3.930370E+5
7.100000E-3	0.000000E+0	3.928630E+5
7.120000E-3	0.000000E+0	3.930470E+5
7.140000E-3	0.000000E+0	3.929520E+5
7.160000E-3	0.000000E+0	3.934200E+5
7.180000E-3	0.000000E+0	3.923950E+5
7.200000E-3	0.000000E+0	3.933440E+5
7.220000E-3	0.000000E+0	3.934190E+5
7.240000E-3	0.000000E+0	3.930930E+5
7.260000E-3	0.000000E+0	3.926560E+5
7.280000E-3	0.000000E+0	3.929300E+5
7.300000E-3	0.000000E+0	3.924520E+5
7.320000E-3	0.000000E+0	3.934400E+5
7.340000E-3	0.000000E+0	3.937590E+5
7.360000E-3	0.000000E+0	3.927910E+5
7.380000E-3	0.000000E+0	3.934430E+5
7.400000E-3	0.000000E+0	3.928870E+5
7.420000E-3	0.000000E+0	3.928980E+5
7.440000E-3	0.000000E+0	3.930350E+5
7.460000E-3	0.000000E+0	3.936190E+5
7.480000E-3	0.000000E+0	3.926370E+5
7.500000E-3	0.000000E+0	3.935320E+5
7.520000E-3	0.000000E+0	3.934540E+5
7.540000E-3	0.000000E+0	3.930790E+5
7.560000E-3	0.000000E+0	3.937360E+5
7.580000E-3	0.000000E+0	3.933280E+5
7.600000E-3	0.000000E+0	3.923280E+5
7.620000E-3	0.000000E+0	3.932600E+5
7.640000E-3	0.000000E+0	3.938940E+5
7.660000E-3	0.000000E+0	3.927430E+5
7.680000E-3	0.000000E+0	3.929780E+5
7.700000E-3	0.000000E+0	3.924250E+5
7.720000E-3	0.000000E+0	3.931700E+5
7.740000E-3	0.000000E+0	3.924200E+5
7.760000E-3	0.000000E+0	3.927200E+5
7.780000E-3	0.000000E+0	3.940620E+5
7.800000E-3	0.000000E+0	3.927870E+5
7.820000E-3	0.000000E+0	3.926340E+5
7.840000E-3	0.000000E+0	3.940990E+5
7.860000E-3	0.000000E+0	3.929260E+5
7.880000E-3	0.000000E+0	3.930400E+5
7.900000E-3	0.000000E+0	3.926360E+5
7.920000E-3	0.000000E+0	3.927180E+5
7.940000E-3	0.000000E+0	3.939280E+5
7.960000E-3	0.000000E+0	3.941970E+5
7.980000E-3	0.000000E+0	3.941010E+5
8.000000E-3	0.000000E+0	3.933160E+5
8.020000E-3	0.000000E+0	3.931020E+5
8.040000E-3	0.000000E+0	3.920550E+5
8.060000E-3	0.000000E+0	3.925440E+5
8.080000E-3	0.000000E+0	3.934290E+5
8.100000E-3	0.000000E+0	3.937980E+5
8.120000E-3	0.000000E+0	3.930170E+5
8.140000E-3	0.000000E+0	3.924040E+5
8.160000E-3	0.000000E+0	3.932860E+5
8.180000E-3	0.000000E+0	3.925770E+5
8.200000E-3	0.000000E+0	3.933410E+5
8.220000E-3	0.000000E+0	3.925730E+5
8.240000E-3	0.000000E+0	3.934120E+5
8.260000E-3	0.000000E+0	3.944620E+5
8.280000E-3	0.000000E+0	3.922600E+5
8.300000E-3	0.000000E+0	3.931650E+5
8.320000E-3	0.000000E+0	3.922110E+5
8.340000E-3	0.000000E+0	3.925060E+5
8.360000E-3	0.000000E+0	3.925390E+5
8.380000E-3	0.000000E+0	3.912300E+5
8.400000E-3	0.000000E+0	3.925090E+5
8.420000E-3	0.000000E+0	3.929700E+5
8.440000E-3	0.000000E+0	3.936820E+5
8.460000E-3	0.000000E+0	3.933990E+5
8.480000E-3	0.000000E+0	3.940270E+5
8.500000E-3	0.000000E+0	3.920260E+5
8.520000E-3	0.000000E+0	3.936420E+5
8.540000E-3	0.000000E+0	3.934220E+5
8.560000E-3	0.000000E+0	3.930580E+5
8.580000E-3	0.000000E+0	3.942720E+5
8.600000E-3	0.000000E+0	3.926500E+5
8.620000E-3	0.000000E+0	3.939110E+5
8.640000E-3	0.000000E+0	3.928630E+5
8.660000E-3	0.000000E+0	3.927360E+5
8.680000E-3	0.000000E+0	3.933210E+5
8.700000E-3	0.000000E+0	3.912900E+5
8.720000E-3	0.000000E+0	3.936390E+5
8.740000E-3	0.000000E+0	3.922350E+5
8.760000E-3	0.000000E+0	3.930580E+5
8.780000E-3	0.000000E+0	3.932040E+5
8.800000E-3	0.000000E+0	3.936230E+5
8.820000E-3	0.000000E+0	3.932890E+5
8.840000E-3	0.000000E+0	3.925670E+5
8.860000E-3	0.000000E+0	3.944510E+5
8.880000E-3	0.000000E+0	3.923000E+5
8.900000E-3	0.000000E+0	3.930470E+5
8.920000E-3	0.000000E+0	3.918860E+5
8.940000E-3	0.000000E+0	3.923190E+5
8.960000E-3	0.000000E+0	3.937590E+5
8.980000E-3	0.000000E+0	3.929650E+5
9.000000E-3	0.000000E+0	3.925550E+5
9.020000E-3	0.000000E+0	3.918700E+5
9.040000E-3	0.000000E+0	3.933320E+5
9.060000E-3	0.000000E+0	3.949520E+5
9.080000E-3	0.000000E+0	3.930900E+5
9.100000E-3	0.000000E+0	3.936990E+5
9.120000E-3	0.000000E+0	3.924920E+5
9.140000E-3	0.000000E+0	3.933250E+5
9.160000E-3	0.000000E+0	3.932940E+5
9.180000E-3	0.000000E+0	3.919930E+5
9.200000E-3	0.000000E+0	3.929820E+5
9.220000E-3	0.000000E+0	3.928730E+5
9.240000E-3	0.000000E+0	3.936720E+5
9.260000E-3	0.000000E+0	3.942840E+5
9.280000E-3	0.000000E+0	3.942540E+5
9.300000E-3	0.000000E+0	3.936650E+5
9.320000E-3	0.000000E+0	3.927170E+5
9.340000E-3	0.000000E+0	3.930240E+5
9.360000E-3	0.000000E+0	3.927880E+5
9.380000E-3	0.000000E+0	3.940240E+5
9.400000E-3	0.000000E+0	3.937450E+5
9.420000E-3	0.000000E+0	3.942130E+5
9.440000E-3	0.000000E+0	3.927570E+5
9.460000E-3	0.000000E+0	3.940400E+5
9.480000E-3	0.000000E+0	3.930100E+5
9.500000E-3	0.000000E+0	3.919320E+5
9.520000E-3	0.000000E+0	3.936570E+5
9.540000E-3	0.000000E+0	3.921830E+5
9.560000E-3	0.000000E+0	3.927860E+5
9.580000E-3	0.000000E+0	3.931470E+5
9.600000E-3	0.000000E+0	3.932330E+5
9.620000E-3	0.000000E+0	3.925230E+5
9.640000E-3	0.000000E+0	3.927730E+5
9.660000E-3	0.000000E+0	3.937160E+5
9.680000E-3	0.000000E+0	3.919380E+5
9.700000E-3	0.000000E+0	3.926550E+5
9.720000E-3	0.000000E+0	3.937300E+5
9.740000E-3	0.000000E+0	3.929520E+5
9.760000E-3	0.000000E+0	3.927630E+5
9.780000E-3	0.000000E+0	3.933820E+5
9.800000E-3	0.000000E+0	3.936830E+5
9.820000E-3	0.000000E+0	3.939850E+5
9.840000E-3	0.000000E+0	3.933100E+5
9.860000E-3	0.000000E+0	3.926790E+5
9.880000E-3	0.000000E+0	3.940520E+5
9.900000E-3	0.000000E+0	3.943300E+5
9.920000E-3	0.000000E+0	3.923720E+5
9.940000E-3	0.000000E+0	3.921310E+5
9.960000E-3	0.000000E+0	3.923720E+5
9.980000E-3	0.000000E+0	3.940820E+5
1.000000E-2	0.000000E+0	3.924810E+5
1.002000E-2	0.000000E+0	3.930060E+5
1.004000E-2	0.000000E+0	3.934790E+5
1.006000E-2	0.000000E+0	3.935480E+5
1.008000E-2	0.000000E+0	3.926840E+5
1.010000E-2	0.000000E+0	3.931260E+5
1.012000E-2	0.000000E+0	3.943220E+5
1.014000E-2	0.000000E+0	3.945190E+5
1.016000E-2	0.000000E+0	3.938250E+5
1.018000E-2	0.000000E+0	3.934420E+5
1.020000E-2	0.000000E+0	3.939490E+5
1.022000E-2	0.000000E+0	3.929090E+5
1.024000E-2	0.000000E+0	3.925920E+5
1.026000E-2	0.000000E+0	3.944310E+5
1.028000E-2	0.000000E+0	3.925410E+5
1.030000E-2	0.000000E+0	3.936970E+5
1.032000E-2	0.000000E+0	3.927210E+5
1.034000E-2	0.000000E+0	3.938310E+5
1.036000E-2	0.000000E+0	3.933060E+5
1.038000E-2	0.000000E+0	3.937270E+5
1.040000E-2	0.000000E+0	3.927450E+5
1.042000E-2	0.000000E+0	3.929040E+5
1.044000E-2	0.000000E+0	3.927640E+5
1.046000E-2	0.000000E+0	3.939420E+5
1.048000E-2	0.000000E+0	3.940340E+5
1.050000E-2	0.000000E+0	3.930390E+5
1.052000E-2	0.000000E+0	3.938560E+5
1.054000E-2	0.000000E+0	3.947100E+5
1.056000E-2	0.000000E+0	3.926750E+5
1.058000E-2	0.000000E+0	3.936610E+5
1.060000E-2	0.000000E+0	3.926590E+5
1.062000E-2	0.000000E+0	3.929260E+5
1.064000E-2	0.000000E+0	3.935820E+5
1.066000E-2	0.000000E+0	3.933970E+5
1.068000E-2	0.000000E+0	3.937420E+5
1.070000E-2	0.000000E+0	3.925310E+5
1.072000E-2	0.000000E+0	3.931990E+5
1.074000E-2	0.000000E+0	3.937100E+5
1.076000E-2	0.000000E+0	3.943000E+5
1.078000E-2	0.000000E+0	3.942890E+5
1.080000E-2	0.000000E+0	3.941290E+5
1.082000E-2	0.000000E+0	3.948500E+5
1.084000E-2	0.000000E+0	3.930440E+5
1.086000E-2	0.000000E+0	3.933940E+5
1.088000E-2	0.000000E+0	3.934580E+5
1.090000E-2	0.000000E+0	3.937270E+5
1.092000E-2	0.000000E+0	3.930080E+5
1.094000E-2	0.000000E+0	3.928040E+5
1.096000E-2	0.000000E+0	3.927590E+5
1.098000E-2	0.000000E+0	3.936130E+5
1.100000E-2	0.000000E+0	3.934370E+5
1.102000E-2	0.000000E+0	3.922010E+5
1.104000E-2	0.000000E+0	3.938670E+5
1.106000E-2	0.000000E+0	3.934020E+5
1.108000E-2	0.000000E+0	3.939660E+5
1.110000E-2	0.000000E+0	3.931080E+5
1.112000E-2	0.000000E+0	3.932170E+5
1.114000E-2	0.000000E+0	3.938140E+5
1.116000E-2	0.000000E+0	3.913990E+5
1.118000E-2	0.000000E+0	3.933380E+5
1.120000E-2	0.000000E+0	3.932430E+5
1.122000E-2	0.000000E+0	3.947840E+5
1.124000E-2	0.000000E+0	3.944770E+5
1.126000E-2	0.000000E+0	3.921600E+5
1.128000E-2	0.000000E+0	3.924330E+5
1.130000E-2	0.000000E+0	3.931770E+5
1.132000E-2	0.000000E+0	3.941660E+5
1.134000E-2	0.000000E+0	3.927300E+5
1.136000E-2	0.000000E+0	3.941850E+5
1.138000E-2	0.000000E+0	3.929280E+5
1.140000E-2	0.000000E+0	3.946260E+5
1.142000E-2	0.000000E+0	3.930800E+5
1.144000E-2	0.000000E+0	3.941310E+5
1.146000E-2	0.000000E+0	3.931270E+5
1.148000E-2	0.000000E+0	3.931700E+5
1.150000E-2	0.000000E+0	3.928320E+5
1.152000E-2	0.000000E+0	3.926230E+5
1.154000E-2	0.000000E+0	3.927830E+5
1.156000E-2	0.000000E+0	3.938070E+5
1.158000E-2	0.000000E+0	3.925550E+5
1.160000E-2	0.000000E+0	3.933050E+5
1.162000E-2	0.000000E+0	3.929610E+5
1.164000E-2	0.000000E+0	3.944960E+5
1.166000E-2	0.000000E+0	3.951860E+5
1.168000E-2	0.000000E+0	3.944640E+5
1.170000E-2	0.000000E+0	3.942240E+5
1.172000E-2	0.000000E+0	3.940320E+5
1.174000E-2	0.000000E+0	3.931710E+5
1.176000E-2	0.000000E+0	3.936080E+5
1.178000E-2	0.000000E+0	3.928290E+5
1.180000E-2	0.000000E+0	3.937520E+5
1.182000E-2	0.000000E+0	3.941350E+5
1.184000E-2	0.000000E+0	3.939290E+5
1.186000E-2	0.000000E+0	3.927430E+5
1.188000E-2	0.000000E+0	3.928720E+5
1.190000E-2	0.000000E+0	3.924500E+5
1.192000E-2	0.000000E+0	3.929230E+5
1.194000E-2	0.000000E+0	3.945790E+5
1.196000E-2	0.000000E+0	3.931770E+5
1.198000E-2	0.000000E+0	3.937220E+5
1.200000E-2	0.000000E+0	3.928860E+5
1.202000E-2	0.000000E+0	3.934040E+5
1.204000E-2	0.000000E+0	3.931770E+5
1.206000E-2	0.000000E+0	3.933080E+5
1.208000E-2	0.000000E+0	3.945420E+5
1.210000E-2	0.000000E+0	3.940280E+5
1.212000E-2	0.000000E+0	3.934860E+5
1.214000E-2	0.000000E+0	3.923950E+5
1.216000E-2	0.000000E+0	3.926780E+5
1.218000E-2	0.000000E+0	3.933420E+5
1.220000E-2	0.000000E+0	3.921820E+5
1.222000E-2	0.000000E+0	3.938240E+5
1.224000E-2	0.000000E+0	3.934250E+5
1.226000E-2	0.000000E+0	3.931360E+5
1.228000E-2	0.000000E+0	3.939450E+5
1.230000E-2	0.000000E+0	3.938070E+5
1.232000E-2	0.000000E+0	3.939290E+5
1.234000E-2	0.000000E+0	3.935610E+5
1.236000E-2	0.000000E+0	3.930190E+5
1.238000E-2	0.000000E+0	3.942040E+5
1.240000E-2	0.000000E+0	3.942550E+5
1.242000E-2	0.000000E+0	3.937020E+5
1.244000E-2	0.000000E+0	3.941050E+5
1.246000E-2	0.000000E+0	3.929720E+5
1.248000E-2	0.000000E+0	3.937740E+5
1.250000E-2	0.000000E+0	3.929780E+5
1.252000E-2	0.000000E+0	3.947680E+5
1.254000E-2	0.000000E+0	3.936620E+5
1.256000E-2	0.000000E+0	3.932650E+5
1.258000E-2	0.000000E+0	3.944620E+5
1.260000E-2	0.000000E+0	3.940530E+5
1.262000E-2	0.000000E+0	3.924600E+5
1.264000E-2	0.000000E+0	3.925090E+5
1.266000E-2	0.000000E+0	3.947580E+5
1.268000E-2	0.000000E+0	3.936290E+5
1.270000E-2	0.000000E+0	3.927860E+5
1.272000E-2	0.000000E+0	3.942820E+5
1.274000E-2	0.000000E+0	3.933550E+5
1.276000E-2	0.000000E+0	3.934670E+5
1.278000E-2	0.000000E+0	3.928770E+5
1.280000E-2	0.000000E+0	3.927840E+5
1.282000E-2	0.000000E+0	3.925470E+5
1.284000E-2	0.000000E+0	3.931800E+5
1.286000E-2	0.000000E+0	3.941460E+5
1.288000E-2	0.000000E+0	3.945130E+5
1.290000E-2	0.000000E+0	3.931840E+5
1.292000E-2	0.000000E+0	3.936470E+5
1.294000E-2	0.000000E+0	3.924340E+5
1.296000E-2	0.000000E+0	3.929650E+5
1.298000E-2	0.000000E+0	3.933280E+5
1.300000E-2	0.000000E+0	3.936200E+5
1.302000E-2	0.000000E+0	3.940710E+5
1.304000E-2	0.000000E+0	3.934400E+5
1.306000E-2	0.000000E+0	3.926660E+5
1.308000E-2	0.000000E+0	3.945490E+5
1.310000E-2	0.000000E+0	3.936040E+5
1.312000E-2	0.000000E+0	3.939730E+5
1.314000E-2	0.000000E+0	3.944390E+5
1.316000E-2	0.000000E+0	3.938300E+5
1.318000E-2	0.000000E+0	3.928940E+5
1.320000E-2	0.000000E+0	3.934150E+5
1.322000E-2	0.000000E+0	3.939000E+5
1.324000E-2	0.000000E+0	3.926010E+5
1.326000E-2	0.000000E+0	3.941400E+5
1.328000E-2	0.000000E+0	3.942330E+5
1.330000E-2	0.000000E+0	3.926910E+5
1.332000E-2	0.000000E+0	3.925500E+5
1.334000E-2	0.000000E+0	3.930070E+5
1.336000E-2	0.000000E+0	3.934770E+5
1.338000E-2	0.000000E+0	3.937320E+5
1.340000E-2	0.000000E+0	3.925390E+5
1.342000E-2	0.000000E+0	3.925770E+5
1.344000E-2	0.000000E+0	3.926940E+5
1.346000E-2	0.000000E+0	3.925730E+5
1.348000E-2	0.000000E+0	3.937020E+5
1.350000E-2	0.000000E+0	3.934920E+5
1.352000E-2	0.000000E+0	3.942570E+5
1.354000E-2	0.000000E+0	3.936870E+5
1.356000E-2	0.000000E+0	3.937350E+5
1.358000E-2	0.000000E+0	3.931680E+5
1.360000E-2	0.000000E+0	3.929030E+5
1.362000E-2	0.000000E+0	3.934500E+5
1.364000E-2	0.000000E+0	3.921510E+5
1.366000E-2	0.000000E+0	3.933690E+5
1.368000E-2	0.000000E+0	3.938500E+5
1.370000E-2	0.000000E+0	3.939920E+5
1.372000E-2	0.000000E+0	3.928860E+5
1.374000E-2	0.000000E+0	3.933140E+5
1.376000E-2	0.000000E+0	3.928050E+5
1.378000E-2	0.000000E+0	3.927880E+5
1.380000E-2	0.000000E+0	3.937120E+5
1.382000E-2	0.000000E+0	3.926520E+5
1.384000E-2	0.000000E+0	3.926310E+5
1.386000E-2	0.000000E+0	3.935980E+5
1.388000E-2	0.000000E+0	3.934920E+5
1.390000E-2	0.000000E+0	3.939270E+5
1.392000E-2	0.000000E+0	3.943010E+5
1.394000E-2	0.000000E+0	3.935340E+5
1.396000E-2	0.000000E+0	3.935310E+5
1.398000E-2	0.000000E+0	3.943840E+5
1.400000E-2	0.000000E+0	3.939880E+5
1.402000E-2	0.000000E+0	3.927880E+5
1.404000E-2	0.000000E+0	3.946450E+5
1.406000E-2	0.000000E+0	3.929240E+5
1.408000E-2	0.000000E+0	3.928320E+5
1.410000E-2	0.000000E+0	3.933220E+5
1.412000E-2	0.000000E+0	3.934550E+5
1.414000E-2	0.000000E+0	3.930350E+5
1.416000E-2	0.000000E+0	3.927340E+5
1.418000E-2	0.000000E+0	3.932920E+5
1.420000E-2	0.000000E+0	3.932650E+5
1.422000E-2	0.000000E+0	3.933250E+5
1.424000E-2	0.000000E+0	3.922780E+5
1.426000E-2	0.000000E+0	3.918540E+5
1.428000E-2	0.000000E+0	3.928520E+5
1.430000E-2	0.000000E+0	3.930160E+5
1.432000E-2	0.000000E+0	3.933140E+5
1.434000E-2	0.000000E+0	3.928290E+5
1.436000E-2	0.000000E+0	3.936280E+5
1.438000E-2	0.000000E+0	3.934850E+5
1.440000E-2	0.000000E+0	3.945910E+5
1.442000E-2	0.000000E+0	3.934140E+5
1.444000E-2	0.000000E+0	3.921420E+5
1.446000E-2	0.000000E+0	3.937620E+5
1.448000E-2	0.000000E+0	3.935850E+5
1.450000E-2	0.000000E+0	3.932620E+5
1.452000E-2	0.000000E+0	3.938180E+5
1.454000E-2	0.000000E+0	3.931060E+5
1.456000E-2	0.000000E+0	3.939050E+5
1.458000E-2	0.000000E+0	3.923690E+5
1.460000E-2	0.000000E+0	3.940880E+5
1.462000E-2	0.000000E+0	3.919600E+5
1.464000E-2	0.000000E+0	3.938990E+5
1.466000E-2	0.000000E+0	3.930130E+5
1.468000E-2	0.000000E+0	3.941940E+5
1.470000E-2	0.000000E+0	3.930720E+5
1.472000E-2	0.000000E+0	3.926150E+5
1.474000E-2	0.000000E+0	3.931440E+5
1.476000E-2	0.000000E+0	3.943990E+5
1.478000E-2	0.000000E+0	3.939650E+5
1.480000E-2	0.000000E+0	3.926400E+5
1.482000E-2	0.000000E+0	3.924370E+5
1.484000E-2	0.000000E+0	3.941540E+5
1.486000E-2	0.000000E+0	3.927840E+5
1.488000E-2	0.000000E+0	3.925720E+5
1.490000E-2	0.000000E+0	3.918910E+5
1.492000E-2	0.000000E+0	3.914000E+5
1.494000E-2	0.000000E+0	3.889540E+5
1.496000E-2	0.000000E+0	3.884950E+5
1.498000E-2	0.000000E+0	3.888190E+5
1.500000E-2	0.000000E+0	3.877650E+5
1.502000E-2	0.000000E+0	3.872460E+5
1.504000E-2	0.000000E+0	3.859580E+5
1.506000E-2	0.000000E+0	3.859720E+5
1.508000E-2	0.000000E+0	3.847730E+5
1.510000E-2	0.000000E+0	3.833250E+5
1.512000E-2	0.000000E+0	3.829800E+5
1.514000E-2	0.000000E+0	3.827620E+5
1.516000E-2	0.000000E+0	3.830020E+5
1.518000E-2	0.000000E+0	3.840830E+5
1.520000E-2	0.000000E+0	3.854380E+5
1.522000E-2	0.000000E+0	3.871720E+5
1.524000E-2	0.000000E+0	3.892290E+5
1.526000E-2	0.000000E+0	3.891260E+5
1.528000E-2	0.000000E+0	3.911460E+5
1.530000E-2	0.000000E+0	3.900660E+5
1.532000E-2	0.000000E+0	3.913620E+5
1.534000E-2	0.000000E+0	3.922850E+5
1.536000E-2	0.000000E+0	3.920250E+5
1.538000E-2	0.000000E+0	3.931540E+5
1.540000E-2	0.000000E+0	3.924780E+5
1.542000E-2	0.000000E+0	3.925870E+5
1.544000E-2	0.000000E+0	3.921410E+5
1.546000E-2	0.000000E+0	3.925560E+5
1.548000E-2	0.000000E+0	3.923100E+5
1.550000E-2	0.000000E+0	3.918250E+5
1.552000E-2	0.000000E+0	3.927780E+5
1.554000E-2	0.000000E+0	3.917660E+5
1.556000E-2	0.000000E+0	3.900050E+5
1.558000E-2	0.000000E+0	3.888440E+5
1.560000E-2	0.000000E+0	3.894200E+5
1.562000E-2	0.000000E+0	3.880840E+5
1.564000E-2	0.000000E+0	3.875280E+5
1.566000E-2	0.000000E+0	3.866860E+5
1.568000E-2	0.000000E+0	3.861360E+5
1.570000E-2	0.000000E+0	3.856570E+5
1.572000E-2	0.000000E+0	3.843920E+5
1.574000E-2	0.000000E+0	3.837950E+5
1.576000E-2	0.000000E+0	3.838540E+5
1.578000E-2	0.000000E+0	3.813970E+5
1.580000E-2	0.000000E+0	3.830480E+5
1.582000E-2	0.000000E+0	3.837590E+5
1.584000E-2	0.000000E+0	3.849190E+5
1.586000E-2	0.000000E+0	3.863540E+5
1.588000E-2	0.000000E+0	3.880730E+5
1.590000E-2	0.000000E+0	3.887080E+5
1.592000E-2	0.000000E+0	3.894560E+5
1.594000E-2	0.000000E+0	3.896110E+5
1.596000E-2	0.000000E+0	3.912440E+5
1.598000E-2	0.000000E+0	3.925280E+5
1.600000E-2	0.000000E+0	3.937970E+5
1.602000E-2	0.000000E+0	3.926170E+5
1.604000E-2	0.000000E+0	3.924490E+5
1.606000E-2	0.000000E+0	3.926360E+5
1.608000E-2	0.000000E+0	3.926140E+5
1.610000E-2	0.000000E+0	3.936730E+5
1.612000E-2	0.000000E+0	3.935780E+5
1.614000E-2	0.000000E+0	3.933340E+5
1.616000E-2	0.000000E+0	3.942610E+5
1.618000E-2	0.000000E+0	3.931430E+5
1.620000E-2	0.000000E+0	3.929380E+5
1.622000E-2	0.000000E+0	3.929060E+5
1.624000E-2	0.000000E+0	3.930100E+5
1.626000E-2	0.000000E+0	3.929120E+5
1.628000E-2	0.000000E+0	3.946070E+5
1.630000E-2	0.000000E+0	3.931400E+5
1.632000E-2	0.000000E+0	3.940530E+5
1.634000E-2	0.000000E+0	3.938190E+5
1.636000E-2	0.000000E+0	3.941300E+5
1.638000E-2	0.000000E+0	3.937310E+5
1.640000E-2	0.000000E+0	3.935030E+5
1.642000E-2	0.000000E+0	3.931560E+5
1.644000E-2	0.000000E+0	3.927660E+5
1.646000E-2	0.000000E+0	3.934000E+5
1.648000E-2	0.000000E+0	3.923450E+5
1.650000E-2	0.000000E+0	3.933520E+5
1.652000E-2	0.000000E+0	3.940660E+5
1.654000E-2	0.000000E+0	3.930500E+5
1.656000E-2	0.000000E+0	3.929540E+5
1.658000E-2	0.000000E+0	3.936930E+5
1.660000E-2	0.000000E+0	3.935860E+5
1.662000E-2	0.000000E+0	3.928620E+5
1.664000E-2	0.000000E+0	3.933640E+5
1.666000E-2	0.000000E+0	3.934350E+5
1.668000E-2	0.000000E+0	3.925820E+5
1.670000E-2	0.000000E+0	3.929020E+5
1.672000E-2	0.000000E+0	3.935660E+5
1.674000E-2	0.000000E+0	3.927210E+5
1.676000E-2	0.000000E+0	3.923160E+5
1.678000E-2	0.000000E+0	3.920840E+5
1.680000E-2	0.000000E+0	3.933490E+5
1.682000E-2	0.000000E+0	3.928080E+5
1.684000E-2	0.000000E+0	3.936680E+5
1.686000E-2	0.000000E+0	3.944430E+5
1.688000E-2	0.000000E+0	3.933030E+5
1.690000E-2	0.000000E+0	3.932550E+5
1.692000E-2	0.000000E+0	3.934070E+5
1.694000E-2	0.000000E+0	3.931530E+5
1.696000E-2	0.000000E+0	3.922660E+5
1.698000E-2	0.000000E+0	3.925460E+5
1.700000E-2	0.000000E+0	3.937080E+5
1.702000E-2	0.000000E+0	3.935740E+5
1.704000E-2	0.000000E+0	3.936310E+5
1.706000E-2	0.000000E+0	3.947410E+5
1.708000E-2	0.000000E+0	3.933400E+5
1.710000E-2	0.000000E+0	3.937650E+5
1.712000E-2	0.000000E+0	3.931820E+5
1.714000E-2	0.000000E+0	3.930490E+5
1.716000E-2	0.000000E+0	3.937550E+5
1.718000E-2	0.000000E+0	3.932030E+5
1.720000E-2	0.000000E+0	3.938810E+5
1.722000E-2	0.000000E+0	3.941190E+5
1.724000E-2	0.000000E+0	3.930500E+5
1.726000E-2	0.000000E+0	3.929260E+5
1.728000E-2	0.000000E+0	3.932260E+5
1.730000E-2	0.000000E+0	3.928890E+5
1.732000E-2	0.000000E+0	3.925080E+5
1.734000E-2	0.000000E+0	3.933540E+5
1.736000E-2	0.000000E+0	3.945440E+5
1.738000E-2	0.000000E+0	3.943170E+5
1.740000E-2	0.000000E+0	3.935940E+5
1.742000E-2	0.000000E+0	3.923590E+5
1.744000E-2	0.000000E+0	3.937640E+5
1.746000E-2	0.000000E+0	3.937570E+5
1.748000E-2	0.000000E+0	3.932530E+5
1.750000E-2	0.000000E+0	3.935960E+5
1.752000E-2	0.000000E+0	3.939270E+5
1.754000E-2	0.000000E+0	3.928360E+5
1.756000E-2	0.000000E+0	3.926680E+5
1.758000E-2	0.000000E+0	3.940390E+5
1.760000E-2	0.000000E+0	3.931420E+5
1.762000E-2	0.000000E+0	3.935680E+5
1.764000E-2	0.000000E+0	3.942750E+5
1.766000E-2	0.000000E+0	3.936420E+5
1.768000E-2	0.000000E+0	3.938720E+5
1.770000E-2	0.000000E+0	3.935170E+5
1.772000E-2	0.000000E+0	3.945150E+5
1.774000E-2	0.000000E+0	3.933990E+5
1.776000E-2	0.000000E+0	3.925890E+5
1.778000E-2	0.000000E+0	3.938150E+5
1.780000E-2	0.000000E+0	3.927770E+5
1.782000E-2	0.000000E+0	3.934260E+5
1.784000E-2	0.000000E+0	3.928540E+5
1.786000E-2	0.000000E+0	3.932810E+5
1.788000E-2	0.000000E+0	3.930180E+5
1.790000E-2	0.000000E+0	3.939330E+5
1.792000E-2	0.000000E+0	3.927890E+5
1.794000E-2	0.000000E+0	3.935410E+5
1.796000E-2	0.000000E+0	3.939810E+5
1.798000E-2	0.000000E+0	3.944370E+5
1.800000E-2	0.000000E+0	3.925660E+5
1.802000E-2	0.000000E+0	3.930980E+5
1.804000E-2	0.000000E+0	3.924090E+5
1.806000E-2	0.000000E+0	3.932080E+5
1.808000E-2	0.000000E+0	3.933840E+5
1.810000E-2	0.000000E+0	3.938350E+5
1.812000E-2	0.000000E+0	3.939390E+5
1.814000E-2	0.000000E+0	3.942310E+5
1.816000E-2	0.000000E+0	3.942660E+5
1.818000E-2	0.000000E+0	3.932380E+5
1.820000E-2	0.000000E+0	3.943920E+5
1.822000E-2	0.000000E+0	3.927850E+5
1.824000E-2	0.000000E+0	3.934480E+5
1.826000E-2	0.000000E+0	3.939070E+5
1.828000E-2	0.000000E+0	3.932470E+5
1.830000E-2	0.000000E+0	3.926180E+5
1.832000E-2	0.000000E+0	3.936050E+5
1.834000E-2	0.000000E+0	3.928840E+5
1.836000E-2	0.000000E+0	3.944230E+5
1.838000E-2	0.000000E+0	3.932520E+5
1.840000E-2	0.000000E+0	3.931830E+5
1.842000E-2	0.000000E+0	3.929000E+5
1.844000E-2	0.000000E+0	3.929090E+5
1.846000E-2	0.000000E+0	3.922040E+5
1.848000E-2	0.000000E+0	3.943090E+5
1.850000E-2	0.000000E+0	3.938050E+5
1.852000E-2	0.000000E+0	3.941070E+5
1.854000E-2	0.000000E+0	3.948860E+5
1.856000E-2	0.000000E+0	3.928790E+5
1.858000E-2	0.000000E+0	3.931340E+5
1.860000E-2	0.000000E+0	3.936790E+5
1.862000E-2	0.000000E+0	3.929440E+5
1.864000E-2	0.000000E+0	3.925440E+5
1.866000E-2	0.000000E+0	3.935740E+5
1.868000E-2	0.000000E+0	3.926740E+5
1.870000E-2	0.000000E+0	3.935370E+5
1.872000E-2	0.000000E+0	3.939900E+5
1.874000E-2	0.000000E+0	3.918020E+5
1.876000E-2	0.000000E+0	3.930590E+5
1.878000E-2	0.000000E+0	3.930820E+5
1.880000E-2	0.000000E+0	3.929630E+5
1.882000E-2	0.000000E+0	3.931740E+5
1.884000E-2	0.000000E+0	3.938280E+5
1.886000E-2	0.000000E+0	3.936390E+5
1.888000E-2	0.000000E+0	3.924560E+5
1.890000E-2	0.000000E+0	3.929130E+5
1.892000E-2	0.000000E+0	3.943180E+5
1.894000E-2	0.000000E+0	3.937110E+5
1.896000E-2	0.000000E+0	3.933250E+5
1.898000E-2	0.000000E+0	3.936480E+5
1.900000E-2	0.000000E+0	3.925260E+5
1.902000E-2	0.000000E+0	3.931100E+5
1.904000E-2	0.000000E+0	3.939760E+5
1.906000E-2	0.000000E+0	3.935580E+5
1.908000E-2	0.000000E+0	3.933780E+5
1.910000E-2	0.000000E+0	3.921870E+5
1.912000E-2	0.000000E+0	3.925890E+5
1.914000E-2	0.000000E+0	3.933710E+5
1.916000E-2	0.000000E+0	3.924940E+5
1.918000E-2	0.000000E+0	3.926590E+5
1.920000E-2	0.000000E+0	3.938620E+5
1.922000E-2	0.000000E+0	3.931670E+5
1.924000E-2	0.000000E+0	3.931410E+5
1.926000E-2	0.000000E+0	3.941940E+5
1.928000E-2	0.000000E+0	3.940620E+5
1.930000E-2	0.000000E+0	3.932870E+5
1.932000E-2	0.000000E+0	3.930300E+5
1.934000E-2	0.000000E+0	3.935770E+5
1.936000E-2	0.000000E+0	3.927970E+5
1.938000E-2	0.000000E+0	3.937920E+5
1.940000E-2	0.000000E+0	3.925700E+5
1.942000E-2	0.000000E+0	3.949580E+5
1.944000E-2	0.000000E+0	3.940510E+5
1.946000E-2	0.000000E+0	3.926630E+5
1.948000E-2	0.000000E+0	3.937410E+5
1.950000E-2	0.000000E+0	3.931970E+5
1.952000E-2	0.000000E+0	3.943110E+5
1.954000E-2	0.000000E+0	3.935920E+5
1.956000E-2	0.000000E+0	3.938950E+5
1.958000E-2	0.000000E+0	3.933530E+5
1.960000E-2	0.000000E+0	3.936990E+5
1.962000E-2	0.000000E+0	3.926480E+5
1.964000E-2	0.000000E+0	3.941220E+5
1.966000E-2	0.000000E+0	3.937970E+5
1.968000E-2	0.000000E+0	3.933560E+5
1.970000E-2	0.000000E+0	3.931330E+5
1.972000E-2	0.000000E+0	3.937830E+5
1.974000E-2	0.000000E+0	3.937260E+5
1.976000E-2	0.000000E+0	3.922940E+5
1.978000E-2	0.000000E+0	3.932220E+5
1.980000E-2	0.000000E+0	3.939920E+5
1.982000E-2	0.000000E+0	3.931570E+5
1.984000E-2	0.000000E+0	3.935330E+5
1.986000E-2	0.000000E+0	3.928740E+5
1.988000E-2	0.000000E+0	3.922580E+5
1.990000E-2	0.000000E+0	3.936150E+5
1.992000E-2	0.000000E+0	3.926350E+5
1.994000E-2	0.000000E+0	3.945360E+5
1.996000E-2	0.000000E+0	3.925400E+5
1.998000E-2	0.000000E+0	3.938300E+5
