

live time:  28359.500000
real time:  39608.941000
sweeps:  1417975.000000
0.000000E+0	0.000000E+0	0.000000E+0
2.000000E-5	0.000000E+0	6.233700E+4
4.000000E-5	0.000000E+0	6.254400E+4
6.000000E-5	0.000000E+0	6.225000E+4
8.000000E-5	0.000000E+0	6.220500E+4
1.000000E-4	0.000000E+0	6.199700E+4
1.200000E-4	0.000000E+0	6.242500E+4
1.400000E-4	0.000000E+0	6.223200E+4
1.600000E-4	0.000000E+0	6.247100E+4
1.800000E-4	0.000000E+0	6.234300E+4
2.000000E-4	0.000000E+0	6.203800E+4
2.200000E-4	0.000000E+0	6.186100E+4
2.400000E-4	0.000000E+0	6.204100E+4
2.600000E-4	0.000000E+0	6.200500E+4
2.800000E-4	0.000000E+0	6.224400E+4
3.000000E-4	0.000000E+0	6.239600E+4
3.200000E-4	0.000000E+0	6.264300E+4
3.400000E-4	0.000000E+0	6.215300E+4
3.600000E-4	0.000000E+0	6.215400E+4
3.800000E-4	0.000000E+0	6.184800E+4
4.000000E-4	0.000000E+0	6.223000E+4
4.200000E-4	0.000000E+0	6.203900E+4
4.400000E-4	0.000000E+0	6.214800E+4
4.600000E-4	0.000000E+0	6.255200E+4
4.800000E-4	0.000000E+0	6.220500E+4
5.000000E-4	0.000000E+0	6.249400E+4
5.200000E-4	0.000000E+0	6.228200E+4
5.400000E-4	0.000000E+0	6.195100E+4
5.600000E-4	0.000000E+0	6.168700E+4
5.800000E-4	0.000000E+0	6.224500E+4
6.000000E-4	0.000000E+0	6.273700E+4
6.200000E-4	0.000000E+0	6.190300E+4
6.400000E-4	0.000000E+0	6.241700E+4
6.600000E-4	0.000000E+0	6.213800E+4
6.800000E-4	0.000000E+0	6.232800E+4
7.000000E-4	0.000000E+0	6.224100E+4
7.200000E-4	0.000000E+0	6.273100E+4
7.400000E-4	0.000000E+0	6.238600E+4
7.600000E-4	0.000000E+0	6.221300E+4
7.800000E-4	0.000000E+0	6.211900E+4
8.000000E-4	0.000000E+0	6.195600E+4
8.200000E-4	0.000000E+0	6.247400E+4
8.400000E-4	0.000000E+0	6.208700E+4
8.600000E-4	0.000000E+0	6.189500E+4
8.800000E-4	0.000000E+0	6.215500E+4
9.000000E-4	0.000000E+0	6.226200E+4
9.200000E-4	0.000000E+0	6.184000E+4
9.400000E-4	0.000000E+0	6.210600E+4
9.600000E-4	0.000000E+0	6.199000E+4
9.800000E-4	0.000000E+0	6.269300E+4
1.000000E-3	0.000000E+0	6.210500E+4
1.020000E-3	0.000000E+0	6.233000E+4
1.040000E-3	0.000000E+0	6.224400E+4
1.060000E-3	0.000000E+0	6.187300E+4
1.080000E-3	0.000000E+0	6.228200E+4
1.100000E-3	0.000000E+0	6.217600E+4
1.120000E-3	0.000000E+0	6.237500E+4
1.140000E-3	0.000000E+0	6.210500E+4
1.160000E-3	0.000000E+0	6.226300E+4
1.180000E-3	0.000000E+0	6.173600E+4
1.200000E-3	0.000000E+0	6.214800E+4
1.220000E-3	0.000000E+0	6.220600E+4
1.240000E-3	0.000000E+0	6.219000E+4
1.260000E-3	0.000000E+0	6.186000E+4
1.280000E-3	0.000000E+0	6.240800E+4
1.300000E-3	0.000000E+0	6.175000E+4
1.320000E-3	0.000000E+0	6.233500E+4
1.340000E-3	0.000000E+0	6.223900E+4
1.360000E-3	0.000000E+0	6.176600E+4
1.380000E-3	0.000000E+0	6.241400E+4
1.400000E-3	0.000000E+0	6.226600E+4
1.420000E-3	0.000000E+0	6.226300E+4
1.440000E-3	0.000000E+0	6.207500E+4
1.460000E-3	0.000000E+0	6.186200E+4
1.480000E-3	0.000000E+0	6.206200E+4
1.500000E-3	0.000000E+0	6.229600E+4
1.520000E-3	0.000000E+0	6.273400E+4
1.540000E-3	0.000000E+0	6.244900E+4
1.560000E-3	0.000000E+0	6.199700E+4
1.580000E-3	0.000000E+0	6.237100E+4
1.600000E-3	0.000000E+0	6.222100E+4
1.620000E-3	0.000000E+0	6.183400E+4
1.640000E-3	0.000000E+0	6.206400E+4
1.660000E-3	0.000000E+0	6.233000E+4
1.680000E-3	0.000000E+0	6.231700E+4
1.700000E-3	0.000000E+0	6.176100E+4
1.720000E-3	0.000000E+0	6.268000E+4
1.740000E-3	0.000000E+0	6.251800E+4
1.760000E-3	0.000000E+0	6.243700E+4
1.780000E-3	0.000000E+0	6.292900E+4
1.800000E-3	0.000000E+0	6.239500E+4
1.820000E-3	0.000000E+0	6.229000E+4
1.840000E-3	0.000000E+0	6.219600E+4
1.860000E-3	0.000000E+0	6.277100E+4
1.880000E-3	0.000000E+0	6.252300E+4
1.900000E-3	0.000000E+0	6.238200E+4
1.920000E-3	0.000000E+0	6.220100E+4
1.940000E-3	0.000000E+0	6.225800E+4
1.960000E-3	0.000000E+0	6.216600E+4
1.980000E-3	0.000000E+0	6.270900E+4
2.000000E-3	0.000000E+0	6.223600E+4
2.020000E-3	0.000000E+0	6.230700E+4
2.040000E-3	0.000000E+0	6.206900E+4
2.060000E-3	0.000000E+0	6.241900E+4
2.080000E-3	0.000000E+0	6.240300E+4
2.100000E-3	0.000000E+0	6.249200E+4
2.120000E-3	0.000000E+0	6.207700E+4
2.140000E-3	0.000000E+0	6.254600E+4
2.160000E-3	0.000000E+0	6.192000E+4
2.180000E-3	0.000000E+0	6.238000E+4
2.200000E-3	0.000000E+0	6.279100E+4
2.220000E-3	0.000000E+0	6.252000E+4
2.240000E-3	0.000000E+0	6.221900E+4
2.260000E-3	0.000000E+0	6.239700E+4
2.280000E-3	0.000000E+0	6.237200E+4
2.300000E-3	0.000000E+0	6.234400E+4
2.320000E-3	0.000000E+0	6.262000E+4
2.340000E-3	0.000000E+0	6.225300E+4
2.360000E-3	0.000000E+0	6.245900E+4
2.380000E-3	0.000000E+0	6.276300E+4
2.400000E-3	0.000000E+0	6.207400E+4
2.420000E-3	0.000000E+0	6.244400E+4
2.440000E-3	0.000000E+0	6.180800E+4
2.460000E-3	0.000000E+0	6.199900E+4
2.480000E-3	0.000000E+0	6.236800E+4
2.500000E-3	0.000000E+0	6.255400E+4
2.520000E-3	0.000000E+0	6.205100E+4
2.540000E-3	0.000000E+0	6.231100E+4
2.560000E-3	0.000000E+0	6.262900E+4
2.580000E-3	0.000000E+0	6.213500E+4
2.600000E-3	0.000000E+0	6.239500E+4
2.620000E-3	0.000000E+0	6.235400E+4
2.640000E-3	0.000000E+0	6.208500E+4
2.660000E-3	0.000000E+0	6.235000E+4
2.680000E-3	0.000000E+0	6.237500E+4
2.700000E-3	0.000000E+0	6.263500E+4
2.720000E-3	0.000000E+0	6.249300E+4
2.740000E-3	0.000000E+0	6.243200E+4
2.760000E-3	0.000000E+0	6.252600E+4
2.780000E-3	0.000000E+0	6.258700E+4
2.800000E-3	0.000000E+0	6.214900E+4
2.820000E-3	0.000000E+0	6.216600E+4
2.840000E-3	0.000000E+0	6.205100E+4
2.860000E-3	0.000000E+0	6.223900E+4
2.880000E-3	0.000000E+0	6.254500E+4
2.900000E-3	0.000000E+0	6.233800E+4
2.920000E-3	0.000000E+0	6.267600E+4
2.940000E-3	0.000000E+0	6.258900E+4
2.960000E-3	0.000000E+0	6.223900E+4
2.980000E-3	0.000000E+0	6.231500E+4
3.000000E-3	0.000000E+0	6.247800E+4
3.020000E-3	0.000000E+0	6.217500E+4
3.040000E-3	0.000000E+0	6.233900E+4
3.060000E-3	0.000000E+0	6.253500E+4
3.080000E-3	0.000000E+0	6.249500E+4
3.100000E-3	0.000000E+0	6.177200E+4
3.120000E-3	0.000000E+0	6.213000E+4
3.140000E-3	0.000000E+0	6.245800E+4
3.160000E-3	0.000000E+0	6.249900E+4
3.180000E-3	0.000000E+0	6.276200E+4
3.200000E-3	0.000000E+0	6.266000E+4
3.220000E-3	0.000000E+0	6.236600E+4
3.240000E-3	0.000000E+0	6.197700E+4
3.260000E-3	0.000000E+0	6.259500E+4
3.280000E-3	0.000000E+0	6.219400E+4
3.300000E-3	0.000000E+0	6.199300E+4
3.320000E-3	0.000000E+0	6.233700E+4
3.340000E-3	0.000000E+0	6.200400E+4
3.360000E-3	0.000000E+0	6.234000E+4
3.380000E-3	0.000000E+0	6.195300E+4
3.400000E-3	0.000000E+0	6.260800E+4
3.420000E-3	0.000000E+0	6.201200E+4
3.440000E-3	0.000000E+0	6.241900E+4
3.460000E-3	0.000000E+0	6.241900E+4
3.480000E-3	0.000000E+0	6.212200E+4
3.500000E-3	0.000000E+0	6.284000E+4
3.520000E-3	0.000000E+0	6.211900E+4
3.540000E-3	0.000000E+0	6.209300E+4
3.560000E-3	0.000000E+0	6.183400E+4
3.580000E-3	0.000000E+0	6.225500E+4
3.600000E-3	0.000000E+0	6.229400E+4
3.620000E-3	0.000000E+0	6.164400E+4
3.640000E-3	0.000000E+0	6.206100E+4
3.660000E-3	0.000000E+0	6.220800E+4
3.680000E-3	0.000000E+0	6.187300E+4
3.700000E-3	0.000000E+0	6.195900E+4
3.720000E-3	0.000000E+0	6.235200E+4
3.740000E-3	0.000000E+0	6.230500E+4
3.760000E-3	0.000000E+0	6.256200E+4
3.780000E-3	0.000000E+0	6.245400E+4
3.800000E-3	0.000000E+0	6.252500E+4
3.820000E-3	0.000000E+0	6.183500E+4
3.840000E-3	0.000000E+0	6.241400E+4
3.860000E-3	0.000000E+0	6.225200E+4
3.880000E-3	0.000000E+0	6.232900E+4
3.900000E-3	0.000000E+0	6.235200E+4
3.920000E-3	0.000000E+0	6.244300E+4
3.940000E-3	0.000000E+0	6.287000E+4
3.960000E-3	0.000000E+0	6.250900E+4
3.980000E-3	0.000000E+0	6.208300E+4
4.000000E-3	0.000000E+0	6.277400E+4
4.020000E-3	0.000000E+0	6.235300E+4
4.040000E-3	0.000000E+0	6.229600E+4
4.060000E-3	0.000000E+0	6.208800E+4
4.080000E-3	0.000000E+0	6.238100E+4
4.100000E-3	0.000000E+0	6.252900E+4
4.120000E-3	0.000000E+0	6.193700E+4
4.140000E-3	0.000000E+0	6.226700E+4
4.160000E-3	0.000000E+0	6.237400E+4
4.180000E-3	0.000000E+0	6.181800E+4
4.200000E-3	0.000000E+0	6.196000E+4
4.220000E-3	0.000000E+0	6.169300E+4
4.240000E-3	0.000000E+0	6.285700E+4
4.260000E-3	0.000000E+0	6.162300E+4
4.280000E-3	0.000000E+0	6.230900E+4
4.300000E-3	0.000000E+0	6.259000E+4
4.320000E-3	0.000000E+0	6.196000E+4
4.340000E-3	0.000000E+0	6.218500E+4
4.360000E-3	0.000000E+0	6.248200E+4
4.380000E-3	0.000000E+0	6.184300E+4
4.400000E-3	0.000000E+0	6.270100E+4
4.420000E-3	0.000000E+0	6.222500E+4
4.440000E-3	0.000000E+0	6.205500E+4
4.460000E-3	0.000000E+0	6.251800E+4
4.480000E-3	0.000000E+0	6.185500E+4
4.500000E-3	0.000000E+0	6.192900E+4
4.520000E-3	0.000000E+0	6.231700E+4
4.540000E-3	0.000000E+0	6.247300E+4
4.560000E-3	0.000000E+0	6.203000E+4
4.580000E-3	0.000000E+0	6.210800E+4
4.600000E-3	0.000000E+0	6.200800E+4
4.620000E-3	0.000000E+0	6.211100E+4
4.640000E-3	0.000000E+0	6.198700E+4
4.660000E-3	0.000000E+0	6.218400E+4
4.680000E-3	0.000000E+0	6.239000E+4
4.700000E-3	0.000000E+0	6.234400E+4
4.720000E-3	0.000000E+0	6.233500E+4
4.740000E-3	0.000000E+0	6.175600E+4
4.760000E-3	0.000000E+0	6.221100E+4
4.780000E-3	0.000000E+0	6.220400E+4
4.800000E-3	0.000000E+0	6.218800E+4
4.820000E-3	0.000000E+0	6.186900E+4
4.840000E-3	0.000000E+0	6.261700E+4
4.860000E-3	0.000000E+0	6.235200E+4
4.880000E-3	0.000000E+0	6.200300E+4
4.900000E-3	0.000000E+0	6.183600E+4
4.920000E-3	0.000000E+0	6.182000E+4
4.940000E-3	0.000000E+0	6.154800E+4
4.960000E-3	0.000000E+0	6.137400E+4
4.980000E-3	0.000000E+0	6.149400E+4
5.000000E-3	0.000000E+0	6.115600E+4
5.020000E-3	0.000000E+0	6.135200E+4
5.040000E-3	0.000000E+0	6.069200E+4
5.060000E-3	0.000000E+0	6.066800E+4
5.080000E-3	0.000000E+0	6.042000E+4
5.100000E-3	0.000000E+0	6.024000E+4
5.120000E-3	0.000000E+0	6.039300E+4
5.140000E-3	0.000000E+0	6.078300E+4
5.160000E-3	0.000000E+0	6.078000E+4
5.180000E-3	0.000000E+0	6.075700E+4
5.200000E-3	0.000000E+0	6.090400E+4
5.220000E-3	0.000000E+0	6.112300E+4
5.240000E-3	0.000000E+0	6.132900E+4
5.260000E-3	0.000000E+0	6.153100E+4
5.280000E-3	0.000000E+0	6.168400E+4
5.300000E-3	0.000000E+0	6.179000E+4
5.320000E-3	0.000000E+0	6.172100E+4
5.340000E-3	0.000000E+0	6.204800E+4
5.360000E-3	0.000000E+0	6.189400E+4
5.380000E-3	0.000000E+0	6.231000E+4
5.400000E-3	0.000000E+0	6.241200E+4
5.420000E-3	0.000000E+0	6.221700E+4
5.440000E-3	0.000000E+0	6.195000E+4
5.460000E-3	0.000000E+0	6.219500E+4
5.480000E-3	0.000000E+0	6.190100E+4
5.500000E-3	0.000000E+0	6.234100E+4
5.520000E-3	0.000000E+0	6.172800E+4
5.540000E-3	0.000000E+0	6.198600E+4
5.560000E-3	0.000000E+0	6.186300E+4
5.580000E-3	0.000000E+0	6.155900E+4
5.600000E-3	0.000000E+0	6.114700E+4
5.620000E-3	0.000000E+0	6.119200E+4
5.640000E-3	0.000000E+0	6.117600E+4
5.660000E-3	0.000000E+0	6.119300E+4
5.680000E-3	0.000000E+0	6.138300E+4
5.700000E-3	0.000000E+0	6.095900E+4
5.720000E-3	0.000000E+0	6.077100E+4
5.740000E-3	0.000000E+0	6.019700E+4
5.760000E-3	0.000000E+0	6.047100E+4
5.780000E-3	0.000000E+0	6.073200E+4
5.800000E-3	0.000000E+0	6.093000E+4
5.820000E-3	0.000000E+0	6.116600E+4
5.840000E-3	0.000000E+0	6.102700E+4
5.860000E-3	0.000000E+0	6.129700E+4
5.880000E-3	0.000000E+0	6.133300E+4
5.900000E-3	0.000000E+0	6.164900E+4
5.920000E-3	0.000000E+0	6.176700E+4
5.940000E-3	0.000000E+0	6.156500E+4
5.960000E-3	0.000000E+0	6.199200E+4
5.980000E-3	0.000000E+0	6.233400E+4
6.000000E-3	0.000000E+0	6.197000E+4
6.020000E-3	0.000000E+0	6.250600E+4
6.040000E-3	0.000000E+0	6.241900E+4
6.060000E-3	0.000000E+0	6.231200E+4
6.080000E-3	0.000000E+0	6.241200E+4
6.100000E-3	0.000000E+0	6.245100E+4
6.120000E-3	0.000000E+0	6.206700E+4
6.140000E-3	0.000000E+0	6.198000E+4
6.160000E-3	0.000000E+0	6.225200E+4
6.180000E-3	0.000000E+0	6.224300E+4
6.200000E-3	0.000000E+0	6.241600E+4
6.220000E-3	0.000000E+0	6.204700E+4
6.240000E-3	0.000000E+0	6.173400E+4
6.260000E-3	0.000000E+0	6.226500E+4
6.280000E-3	0.000000E+0	6.250200E+4
6.300000E-3	0.000000E+0	6.219300E+4
6.320000E-3	0.000000E+0	6.219700E+4
6.340000E-3	0.000000E+0	6.216400E+4
6.360000E-3	0.000000E+0	6.203600E+4
6.380000E-3	0.000000E+0	6.211700E+4
6.400000E-3	0.000000E+0	6.236000E+4
6.420000E-3	0.000000E+0	6.227400E+4
6.440000E-3	0.000000E+0	6.207600E+4
6.460000E-3	0.000000E+0	6.237800E+4
6.480000E-3	0.000000E+0	6.221000E+4
6.500000E-3	0.000000E+0	6.204900E+4
6.520000E-3	0.000000E+0	6.220100E+4
6.540000E-3	0.000000E+0	6.182400E+4
6.560000E-3	0.000000E+0	6.273700E+4
6.580000E-3	0.000000E+0	6.258800E+4
6.600000E-3	0.000000E+0	6.292900E+4
6.620000E-3	0.000000E+0	6.249800E+4
6.640000E-3	0.000000E+0	6.207700E+4
6.660000E-3	0.000000E+0	6.163000E+4
6.680000E-3	0.000000E+0	6.208000E+4
6.700000E-3	0.000000E+0	6.185200E+4
6.720000E-3	0.000000E+0	6.169000E+4
6.740000E-3	0.000000E+0	6.209100E+4
6.760000E-3	0.000000E+0	6.262300E+4
6.780000E-3	0.000000E+0	6.188400E+4
6.800000E-3	0.000000E+0	6.239200E+4
6.820000E-3	0.000000E+0	6.230500E+4
6.840000E-3	0.000000E+0	6.187000E+4
6.860000E-3	0.000000E+0	6.242400E+4
6.880000E-3	0.000000E+0	6.251300E+4
6.900000E-3	0.000000E+0	6.234700E+4
6.920000E-3	0.000000E+0	6.260000E+4
6.940000E-3	0.000000E+0	6.228300E+4
6.960000E-3	0.000000E+0	6.214100E+4
6.980000E-3	0.000000E+0	6.241800E+4
7.000000E-3	0.000000E+0	6.229300E+4
7.020000E-3	0.000000E+0	6.200100E+4
7.040000E-3	0.000000E+0	6.210900E+4
7.060000E-3	0.000000E+0	6.181500E+4
7.080000E-3	0.000000E+0	6.205900E+4
7.100000E-3	0.000000E+0	6.241300E+4
7.120000E-3	0.000000E+0	6.246300E+4
7.140000E-3	0.000000E+0	6.259700E+4
7.160000E-3	0.000000E+0	6.219400E+4
7.180000E-3	0.000000E+0	6.187100E+4
7.200000E-3	0.000000E+0	6.216000E+4
7.220000E-3	0.000000E+0	6.200900E+4
7.240000E-3	0.000000E+0	6.227300E+4
7.260000E-3	0.000000E+0	6.190100E+4
7.280000E-3	0.000000E+0	6.206700E+4
7.300000E-3	0.000000E+0	6.230500E+4
7.320000E-3	0.000000E+0	6.260200E+4
7.340000E-3	0.000000E+0	6.285500E+4
7.360000E-3	0.000000E+0	6.213200E+4
7.380000E-3	0.000000E+0	6.239700E+4
7.400000E-3	0.000000E+0	6.232800E+4
7.420000E-3	0.000000E+0	6.233600E+4
7.440000E-3	0.000000E+0	6.218700E+4
7.460000E-3	0.000000E+0	6.253800E+4
7.480000E-3	0.000000E+0	6.218500E+4
7.500000E-3	0.000000E+0	6.253900E+4
7.520000E-3	0.000000E+0	6.258600E+4
7.540000E-3	0.000000E+0	6.224800E+4
7.560000E-3	0.000000E+0	6.237300E+4
7.580000E-3	0.000000E+0	6.229600E+4
7.600000E-3	0.000000E+0	6.208600E+4
7.620000E-3	0.000000E+0	6.217100E+4
7.640000E-3	0.000000E+0	6.257900E+4
7.660000E-3	0.000000E+0	6.193500E+4
7.680000E-3	0.000000E+0	6.212700E+4
7.700000E-3	0.000000E+0	6.205100E+4
7.720000E-3	0.000000E+0	6.201600E+4
7.740000E-3	0.000000E+0	6.233600E+4
7.760000E-3	0.000000E+0	6.194300E+4
7.780000E-3	0.000000E+0	6.252200E+4
7.800000E-3	0.000000E+0	6.230700E+4
7.820000E-3	0.000000E+0	6.231300E+4
7.840000E-3	0.000000E+0	6.258400E+4
7.860000E-3	0.000000E+0	6.245800E+4
7.880000E-3	0.000000E+0	6.217700E+4
7.900000E-3	0.000000E+0	6.224000E+4
7.920000E-3	0.000000E+0	6.203000E+4
7.940000E-3	0.000000E+0	6.216300E+4
7.960000E-3	0.000000E+0	6.228000E+4
7.980000E-3	0.000000E+0	6.218400E+4
8.000000E-3	0.000000E+0	6.217000E+4
8.020000E-3	0.000000E+0	6.254600E+4
8.040000E-3	0.000000E+0	6.205100E+4
8.060000E-3	0.000000E+0	6.216800E+4
8.080000E-3	0.000000E+0	6.207700E+4
8.100000E-3	0.000000E+0	6.212900E+4
8.120000E-3	0.000000E+0	6.247300E+4
8.140000E-3	0.000000E+0	6.196500E+4
8.160000E-3	0.000000E+0	6.251300E+4
8.180000E-3	0.000000E+0	6.183900E+4
8.200000E-3	0.000000E+0	6.200300E+4
8.220000E-3	0.000000E+0	6.219000E+4
8.240000E-3	0.000000E+0	6.231500E+4
8.260000E-3	0.000000E+0	6.264000E+4
8.280000E-3	0.000000E+0	6.219200E+4
8.300000E-3	0.000000E+0	6.215400E+4
8.320000E-3	0.000000E+0	6.195800E+4
8.340000E-3	0.000000E+0	6.252400E+4
8.360000E-3	0.000000E+0	6.203200E+4
8.380000E-3	0.000000E+0	6.202100E+4
8.400000E-3	0.000000E+0	6.210800E+4
8.420000E-3	0.000000E+0	6.265500E+4
8.440000E-3	0.000000E+0	6.228600E+4
8.460000E-3	0.000000E+0	6.260500E+4
8.480000E-3	0.000000E+0	6.278400E+4
8.500000E-3	0.000000E+0	6.186800E+4
8.520000E-3	0.000000E+0	6.248900E+4
8.540000E-3	0.000000E+0	6.223800E+4
8.560000E-3	0.000000E+0	6.205300E+4
8.580000E-3	0.000000E+0	6.245700E+4
8.600000E-3	0.000000E+0	6.178400E+4
8.620000E-3	0.000000E+0	6.267500E+4
8.640000E-3	0.000000E+0	6.252500E+4
8.660000E-3	0.000000E+0	6.204500E+4
8.680000E-3	0.000000E+0	6.242800E+4
8.700000E-3	0.000000E+0	6.207900E+4
8.720000E-3	0.000000E+0	6.252300E+4
8.740000E-3	0.000000E+0	6.207400E+4
8.760000E-3	0.000000E+0	6.257200E+4
8.780000E-3	0.000000E+0	6.230800E+4
8.800000E-3	0.000000E+0	6.243800E+4
8.820000E-3	0.000000E+0	6.200500E+4
8.840000E-3	0.000000E+0	6.246500E+4
8.860000E-3	0.000000E+0	6.261400E+4
8.880000E-3	0.000000E+0	6.219800E+4
8.900000E-3	0.000000E+0	6.236300E+4
8.920000E-3	0.000000E+0	6.186900E+4
8.940000E-3	0.000000E+0	6.202800E+4
8.960000E-3	0.000000E+0	6.273500E+4
8.980000E-3	0.000000E+0	6.215400E+4
9.000000E-3	0.000000E+0	6.191400E+4
9.020000E-3	0.000000E+0	6.222800E+4
9.040000E-3	0.000000E+0	6.216500E+4
9.060000E-3	0.000000E+0	6.279900E+4
9.080000E-3	0.000000E+0	6.250600E+4
9.100000E-3	0.000000E+0	6.236600E+4
9.120000E-3	0.000000E+0	6.235400E+4
9.140000E-3	0.000000E+0	6.188700E+4
9.160000E-3	0.000000E+0	6.232600E+4
9.180000E-3	0.000000E+0	6.243300E+4
9.200000E-3	0.000000E+0	6.242600E+4
9.220000E-3	0.000000E+0	6.208800E+4
9.240000E-3	0.000000E+0	6.210500E+4
9.260000E-3	0.000000E+0	6.278300E+4
9.280000E-3	0.000000E+0	6.187500E+4
9.300000E-3	0.000000E+0	6.232300E+4
9.320000E-3	0.000000E+0	6.193800E+4
9.340000E-3	0.000000E+0	6.237200E+4
9.360000E-3	0.000000E+0	6.218700E+4
9.380000E-3	0.000000E+0	6.244600E+4
9.400000E-3	0.000000E+0	6.254300E+4
9.420000E-3	0.000000E+0	6.227200E+4
9.440000E-3	0.000000E+0	6.234700E+4
9.460000E-3	0.000000E+0	6.243100E+4
9.480000E-3	0.000000E+0	6.196800E+4
9.500000E-3	0.000000E+0	6.229000E+4
9.520000E-3	0.000000E+0	6.247600E+4
9.540000E-3	0.000000E+0	6.158900E+4
9.560000E-3	0.000000E+0	6.234100E+4
9.580000E-3	0.000000E+0	6.241000E+4
9.600000E-3	0.000000E+0	6.253000E+4
9.620000E-3	0.000000E+0	6.208500E+4
9.640000E-3	0.000000E+0	6.234800E+4
9.660000E-3	0.000000E+0	6.246700E+4
9.680000E-3	0.000000E+0	6.195800E+4
9.700000E-3	0.000000E+0	6.240700E+4
9.720000E-3	0.000000E+0	6.246100E+4
9.740000E-3	0.000000E+0	6.220400E+4
9.760000E-3	0.000000E+0	6.226400E+4
9.780000E-3	0.000000E+0	6.238500E+4
9.800000E-3	0.000000E+0	6.204500E+4
9.820000E-3	0.000000E+0	6.257300E+4
9.840000E-3	0.000000E+0	6.252600E+4
9.860000E-3	0.000000E+0	6.230300E+4
9.880000E-3	0.000000E+0	6.255800E+4
9.900000E-3	0.000000E+0	6.263000E+4
9.920000E-3	0.000000E+0	6.222600E+4
9.940000E-3	0.000000E+0	6.178000E+4
9.960000E-3	0.000000E+0	6.210400E+4
9.980000E-3	0.000000E+0	6.247300E+4
1.000000E-2	0.000000E+0	6.227400E+4
1.002000E-2	0.000000E+0	6.204100E+4
1.004000E-2	0.000000E+0	6.235000E+4
1.006000E-2	0.000000E+0	6.274400E+4
1.008000E-2	0.000000E+0	6.232800E+4
1.010000E-2	0.000000E+0	6.213300E+4
1.012000E-2	0.000000E+0	6.273600E+4
1.014000E-2	0.000000E+0	6.246500E+4
1.016000E-2	0.000000E+0	6.260900E+4
1.018000E-2	0.000000E+0	6.252800E+4
1.020000E-2	0.000000E+0	6.214900E+4
1.022000E-2	0.000000E+0	6.233900E+4
1.024000E-2	0.000000E+0	6.230200E+4
1.026000E-2	0.000000E+0	6.275700E+4
1.028000E-2	0.000000E+0	6.212700E+4
1.030000E-2	0.000000E+0	6.234600E+4
1.032000E-2	0.000000E+0	6.274400E+4
1.034000E-2	0.000000E+0	6.198000E+4
1.036000E-2	0.000000E+0	6.206800E+4
1.038000E-2	0.000000E+0	6.234900E+4
1.040000E-2	0.000000E+0	6.251000E+4
1.042000E-2	0.000000E+0	6.225900E+4
1.044000E-2	0.000000E+0	6.224400E+4
1.046000E-2	0.000000E+0	6.226500E+4
1.048000E-2	0.000000E+0	6.240500E+4
1.050000E-2	0.000000E+0	6.223300E+4
1.052000E-2	0.000000E+0	6.241100E+4
1.054000E-2	0.000000E+0	6.232200E+4
1.056000E-2	0.000000E+0	6.238900E+4
1.058000E-2	0.000000E+0	6.232700E+4
1.060000E-2	0.000000E+0	6.243900E+4
1.062000E-2	0.000000E+0	6.232800E+4
1.064000E-2	0.000000E+0	6.251400E+4
1.066000E-2	0.000000E+0	6.227400E+4
1.068000E-2	0.000000E+0	6.271800E+4
1.070000E-2	0.000000E+0	6.204100E+4
1.072000E-2	0.000000E+0	6.231800E+4
1.074000E-2	0.000000E+0	6.249700E+4
1.076000E-2	0.000000E+0	6.215500E+4
1.078000E-2	0.000000E+0	6.257300E+4
1.080000E-2	0.000000E+0	6.233500E+4
1.082000E-2	0.000000E+0	6.279900E+4
1.084000E-2	0.000000E+0	6.199000E+4
1.086000E-2	0.000000E+0	6.214000E+4
1.088000E-2	0.000000E+0	6.222200E+4
1.090000E-2	0.000000E+0	6.245000E+4
1.092000E-2	0.000000E+0	6.243600E+4
1.094000E-2	0.000000E+0	6.206800E+4
1.096000E-2	0.000000E+0	6.253000E+4
1.098000E-2	0.000000E+0	6.228900E+4
1.100000E-2	0.000000E+0	6.254800E+4
1.102000E-2	0.000000E+0	6.213900E+4
1.104000E-2	0.000000E+0	6.240000E+4
1.106000E-2	0.000000E+0	6.258700E+4
1.108000E-2	0.000000E+0	6.215300E+4
1.110000E-2	0.000000E+0	6.224600E+4
1.112000E-2	0.000000E+0	6.236400E+4
1.114000E-2	0.000000E+0	6.257900E+4
1.116000E-2	0.000000E+0	6.228600E+4
1.118000E-2	0.000000E+0	6.246300E+4
1.120000E-2	0.000000E+0	6.209300E+4
1.122000E-2	0.000000E+0	6.254200E+4
1.124000E-2	0.000000E+0	6.248000E+4
1.126000E-2	0.000000E+0	6.169400E+4
1.128000E-2	0.000000E+0	6.180400E+4
1.130000E-2	0.000000E+0	6.196100E+4
1.132000E-2	0.000000E+0	6.255400E+4
1.134000E-2	0.000000E+0	6.196200E+4
1.136000E-2	0.000000E+0	6.269400E+4
1.138000E-2	0.000000E+0	6.239500E+4
1.140000E-2	0.000000E+0	6.251200E+4
1.142000E-2	0.000000E+0	6.218000E+4
1.144000E-2	0.000000E+0	6.193200E+4
1.146000E-2	0.000000E+0	6.234200E+4
1.148000E-2	0.000000E+0	6.228600E+4
1.150000E-2	0.000000E+0	6.226400E+4
1.152000E-2	0.000000E+0	6.221200E+4
1.154000E-2	0.000000E+0	6.220700E+4
1.156000E-2	0.000000E+0	6.220400E+4
1.158000E-2	0.000000E+0	6.206000E+4
1.160000E-2	0.000000E+0	6.222000E+4
1.162000E-2	0.000000E+0	6.232700E+4
1.164000E-2	0.000000E+0	6.251700E+4
1.166000E-2	0.000000E+0	6.258700E+4
1.168000E-2	0.000000E+0	6.264100E+4
1.170000E-2	0.000000E+0	6.239500E+4
1.172000E-2	0.000000E+0	6.217200E+4
1.174000E-2	0.000000E+0	6.248700E+4
1.176000E-2	0.000000E+0	6.222900E+4
1.178000E-2	0.000000E+0	6.178200E+4
1.180000E-2	0.000000E+0	6.271400E+4
1.182000E-2	0.000000E+0	6.175300E+4
1.184000E-2	0.000000E+0	6.200600E+4
1.186000E-2	0.000000E+0	6.245000E+4
1.188000E-2	0.000000E+0	6.245700E+4
1.190000E-2	0.000000E+0	6.208800E+4
1.192000E-2	0.000000E+0	6.231000E+4
1.194000E-2	0.000000E+0	6.266000E+4
1.196000E-2	0.000000E+0	6.215700E+4
1.198000E-2	0.000000E+0	6.195200E+4
1.200000E-2	0.000000E+0	6.195900E+4
1.202000E-2	0.000000E+0	6.275200E+4
1.204000E-2	0.000000E+0	6.239600E+4
1.206000E-2	0.000000E+0	6.225400E+4
1.208000E-2	0.000000E+0	6.251200E+4
1.210000E-2	0.000000E+0	6.193800E+4
1.212000E-2	0.000000E+0	6.228600E+4
1.214000E-2	0.000000E+0	6.179000E+4
1.216000E-2	0.000000E+0	6.205100E+4
1.218000E-2	0.000000E+0	6.279200E+4
1.220000E-2	0.000000E+0	6.208100E+4
1.222000E-2	0.000000E+0	6.209400E+4
1.224000E-2	0.000000E+0	6.246400E+4
1.226000E-2	0.000000E+0	6.252200E+4
1.228000E-2	0.000000E+0	6.251900E+4
1.230000E-2	0.000000E+0	6.226400E+4
1.232000E-2	0.000000E+0	6.238600E+4
1.234000E-2	0.000000E+0	6.249500E+4
1.236000E-2	0.000000E+0	6.232100E+4
1.238000E-2	0.000000E+0	6.231500E+4
1.240000E-2	0.000000E+0	6.222700E+4
1.242000E-2	0.000000E+0	6.252000E+4
1.244000E-2	0.000000E+0	6.208400E+4
1.246000E-2	0.000000E+0	6.215000E+4
1.248000E-2	0.000000E+0	6.215200E+4
1.250000E-2	0.000000E+0	6.170300E+4
1.252000E-2	0.000000E+0	6.250200E+4
1.254000E-2	0.000000E+0	6.237900E+4
1.256000E-2	0.000000E+0	6.201200E+4
1.258000E-2	0.000000E+0	6.217500E+4
1.260000E-2	0.000000E+0	6.257500E+4
1.262000E-2	0.000000E+0	6.214600E+4
1.264000E-2	0.000000E+0	6.214200E+4
1.266000E-2	0.000000E+0	6.288600E+4
1.268000E-2	0.000000E+0	6.250800E+4
1.270000E-2	0.000000E+0	6.232100E+4
1.272000E-2	0.000000E+0	6.254800E+4
1.274000E-2	0.000000E+0	6.222100E+4
1.276000E-2	0.000000E+0	6.225300E+4
1.278000E-2	0.000000E+0	6.232100E+4
1.280000E-2	0.000000E+0	6.224300E+4
1.282000E-2	0.000000E+0	6.249400E+4
1.284000E-2	0.000000E+0	6.255300E+4
1.286000E-2	0.000000E+0	6.260400E+4
1.288000E-2	0.000000E+0	6.252800E+4
1.290000E-2	0.000000E+0	6.234200E+4
1.292000E-2	0.000000E+0	6.230300E+4
1.294000E-2	0.000000E+0	6.221000E+4
1.296000E-2	0.000000E+0	6.238900E+4
1.298000E-2	0.000000E+0	6.214800E+4
1.300000E-2	0.000000E+0	6.245700E+4
1.302000E-2	0.000000E+0	6.247700E+4
1.304000E-2	0.000000E+0	6.219700E+4
1.306000E-2	0.000000E+0	6.201100E+4
1.308000E-2	0.000000E+0	6.247600E+4
1.310000E-2	0.000000E+0	6.259800E+4
1.312000E-2	0.000000E+0	6.258100E+4
1.314000E-2	0.000000E+0	6.257500E+4
1.316000E-2	0.000000E+0	6.195400E+4
1.318000E-2	0.000000E+0	6.240800E+4
1.320000E-2	0.000000E+0	6.246500E+4
1.322000E-2	0.000000E+0	6.270300E+4
1.324000E-2	0.000000E+0	6.228400E+4
1.326000E-2	0.000000E+0	6.225700E+4
1.328000E-2	0.000000E+0	6.259500E+4
1.330000E-2	0.000000E+0	6.223600E+4
1.332000E-2	0.000000E+0	6.269300E+4
1.334000E-2	0.000000E+0	6.215700E+4
1.336000E-2	0.000000E+0	6.222000E+4
1.338000E-2	0.000000E+0	6.268700E+4
1.340000E-2	0.000000E+0	6.238800E+4
1.342000E-2	0.000000E+0	6.225100E+4
1.344000E-2	0.000000E+0	6.219200E+4
1.346000E-2	0.000000E+0	6.227000E+4
1.348000E-2	0.000000E+0	6.236200E+4
1.350000E-2	0.000000E+0	6.241600E+4
1.352000E-2	0.000000E+0	6.222700E+4
1.354000E-2	0.000000E+0	6.238700E+4
1.356000E-2	0.000000E+0	6.254900E+4
1.358000E-2	0.000000E+0	6.258800E+4
1.360000E-2	0.000000E+0	6.215200E+4
1.362000E-2	0.000000E+0	6.278100E+4
1.364000E-2	0.000000E+0	6.194600E+4
1.366000E-2	0.000000E+0	6.267800E+4
1.368000E-2	0.000000E+0	6.278000E+4
1.370000E-2	0.000000E+0	6.238900E+4
1.372000E-2	0.000000E+0	6.244200E+4
1.374000E-2	0.000000E+0	6.225400E+4
1.376000E-2	0.000000E+0	6.214700E+4
1.378000E-2	0.000000E+0	6.185000E+4
1.380000E-2	0.000000E+0	6.231100E+4
1.382000E-2	0.000000E+0	6.240800E+4
1.384000E-2	0.000000E+0	6.255900E+4
1.386000E-2	0.000000E+0	6.214500E+4
1.388000E-2	0.000000E+0	6.230000E+4
1.390000E-2	0.000000E+0	6.235600E+4
1.392000E-2	0.000000E+0	6.272700E+4
1.394000E-2	0.000000E+0	6.255300E+4
1.396000E-2	0.000000E+0	6.259600E+4
1.398000E-2	0.000000E+0	6.226400E+4
1.400000E-2	0.000000E+0	6.265200E+4
1.402000E-2	0.000000E+0	6.192000E+4
1.404000E-2	0.000000E+0	6.245300E+4
1.406000E-2	0.000000E+0	6.233800E+4
1.408000E-2	0.000000E+0	6.238300E+4
1.410000E-2	0.000000E+0	6.187000E+4
1.412000E-2	0.000000E+0	6.244800E+4
1.414000E-2	0.000000E+0	6.207000E+4
1.416000E-2	0.000000E+0	6.201700E+4
1.418000E-2	0.000000E+0	6.232800E+4
1.420000E-2	0.000000E+0	6.259700E+4
1.422000E-2	0.000000E+0	6.201400E+4
1.424000E-2	0.000000E+0	6.197900E+4
1.426000E-2	0.000000E+0	6.200900E+4
1.428000E-2	0.000000E+0	6.262300E+4
1.430000E-2	0.000000E+0	6.245400E+4
1.432000E-2	0.000000E+0	6.268000E+4
1.434000E-2	0.000000E+0	6.194100E+4
1.436000E-2	0.000000E+0	6.250400E+4
1.438000E-2	0.000000E+0	6.246100E+4
1.440000E-2	0.000000E+0	6.262500E+4
1.442000E-2	0.000000E+0	6.252100E+4
1.444000E-2	0.000000E+0	6.199000E+4
1.446000E-2	0.000000E+0	6.266800E+4
1.448000E-2	0.000000E+0	6.220700E+4
1.450000E-2	0.000000E+0	6.209300E+4
1.452000E-2	0.000000E+0	6.219400E+4
1.454000E-2	0.000000E+0	6.200000E+4
1.456000E-2	0.000000E+0	6.247400E+4
1.458000E-2	0.000000E+0	6.201900E+4
1.460000E-2	0.000000E+0	6.264000E+4
1.462000E-2	0.000000E+0	6.228400E+4
1.464000E-2	0.000000E+0	6.205700E+4
1.466000E-2	0.000000E+0	6.256100E+4
1.468000E-2	0.000000E+0	6.207000E+4
1.470000E-2	0.000000E+0	6.217300E+4
1.472000E-2	0.000000E+0	6.222500E+4
1.474000E-2	0.000000E+0	6.219400E+4
1.476000E-2	0.000000E+0	6.258100E+4
1.478000E-2	0.000000E+0	6.265000E+4
1.480000E-2	0.000000E+0	6.189700E+4
1.482000E-2	0.000000E+0	6.220900E+4
1.484000E-2	0.000000E+0	6.238700E+4
1.486000E-2	0.000000E+0	6.194600E+4
1.488000E-2	0.000000E+0	6.244500E+4
1.490000E-2	0.000000E+0	6.213300E+4
1.492000E-2	0.000000E+0	6.193000E+4
1.494000E-2	0.000000E+0	6.262100E+4
1.496000E-2	0.000000E+0	6.148300E+4
1.498000E-2	0.000000E+0	6.171500E+4
1.500000E-2	0.000000E+0	6.148500E+4
1.502000E-2	0.000000E+0	6.139800E+4
1.504000E-2	0.000000E+0	6.139100E+4
1.506000E-2	0.000000E+0	6.143000E+4
1.508000E-2	0.000000E+0	6.127800E+4
1.510000E-2	0.000000E+0	6.084500E+4
1.512000E-2	0.000000E+0	6.038400E+4
1.514000E-2	0.000000E+0	6.073600E+4
1.516000E-2	0.000000E+0	6.064600E+4
1.518000E-2	0.000000E+0	6.046200E+4
1.520000E-2	0.000000E+0	6.087100E+4
1.522000E-2	0.000000E+0	6.095300E+4
1.524000E-2	0.000000E+0	6.144100E+4
1.526000E-2	0.000000E+0	6.159800E+4
1.528000E-2	0.000000E+0	6.186200E+4
1.530000E-2	0.000000E+0	6.175700E+4
1.532000E-2	0.000000E+0	6.229800E+4
1.534000E-2	0.000000E+0	6.270100E+4
1.536000E-2	0.000000E+0	6.192800E+4
1.538000E-2	0.000000E+0	6.245700E+4
1.540000E-2	0.000000E+0	6.217300E+4
1.542000E-2	0.000000E+0	6.212700E+4
1.544000E-2	0.000000E+0	6.208100E+4
1.546000E-2	0.000000E+0	6.236300E+4
1.548000E-2	0.000000E+0	6.197300E+4
1.550000E-2	0.000000E+0	6.203100E+4
1.552000E-2	0.000000E+0	6.242800E+4
1.554000E-2	0.000000E+0	6.200100E+4
1.556000E-2	0.000000E+0	6.193700E+4
1.558000E-2	0.000000E+0	6.165100E+4
1.560000E-2	0.000000E+0	6.193600E+4
1.562000E-2	0.000000E+0	6.165200E+4
1.564000E-2	0.000000E+0	6.140500E+4
1.566000E-2	0.000000E+0	6.132300E+4
1.568000E-2	0.000000E+0	6.109100E+4
1.570000E-2	0.000000E+0	6.085400E+4
1.572000E-2	0.000000E+0	6.095600E+4
1.574000E-2	0.000000E+0	6.093100E+4
1.576000E-2	0.000000E+0	6.052800E+4
1.578000E-2	0.000000E+0	6.037100E+4
1.580000E-2	0.000000E+0	6.028600E+4
1.582000E-2	0.000000E+0	6.072600E+4
1.584000E-2	0.000000E+0	6.120600E+4
1.586000E-2	0.000000E+0	6.061700E+4
1.588000E-2	0.000000E+0	6.130100E+4
1.590000E-2	0.000000E+0	6.143600E+4
1.592000E-2	0.000000E+0	6.199300E+4
1.594000E-2	0.000000E+0	6.173000E+4
1.596000E-2	0.000000E+0	6.163700E+4
1.598000E-2	0.000000E+0	6.232600E+4
1.600000E-2	0.000000E+0	6.244100E+4
1.602000E-2	0.000000E+0	6.236700E+4
1.604000E-2	0.000000E+0	6.209000E+4
1.606000E-2	0.000000E+0	6.223300E+4
1.608000E-2	0.000000E+0	6.236800E+4
1.610000E-2	0.000000E+0	6.220000E+4
1.612000E-2	0.000000E+0	6.250400E+4
1.614000E-2	0.000000E+0	6.241900E+4
1.616000E-2	0.000000E+0	6.184300E+4
1.618000E-2	0.000000E+0	6.194800E+4
1.620000E-2	0.000000E+0	6.243600E+4
1.622000E-2	0.000000E+0	6.223500E+4
1.624000E-2	0.000000E+0	6.192100E+4
1.626000E-2	0.000000E+0	6.249400E+4
1.628000E-2	0.000000E+0	6.256700E+4
1.630000E-2	0.000000E+0	6.223000E+4
1.632000E-2	0.000000E+0	6.257300E+4
1.634000E-2	0.000000E+0	6.191400E+4
1.636000E-2	0.000000E+0	6.254900E+4
1.638000E-2	0.000000E+0	6.198700E+4
1.640000E-2	0.000000E+0	6.257500E+4
1.642000E-2	0.000000E+0	6.230500E+4
1.644000E-2	0.000000E+0	6.216900E+4
1.646000E-2	0.000000E+0	6.218400E+4
1.648000E-2	0.000000E+0	6.202100E+4
1.650000E-2	0.000000E+0	6.256400E+4
1.652000E-2	0.000000E+0	6.245900E+4
1.654000E-2	0.000000E+0	6.231900E+4
1.656000E-2	0.000000E+0	6.222400E+4
1.658000E-2	0.000000E+0	6.219100E+4
1.660000E-2	0.000000E+0	6.254600E+4
1.662000E-2	0.000000E+0	6.226900E+4
1.664000E-2	0.000000E+0	6.224200E+4
1.666000E-2	0.000000E+0	6.245700E+4
1.668000E-2	0.000000E+0	6.235400E+4
1.670000E-2	0.000000E+0	6.245900E+4
1.672000E-2	0.000000E+0	6.276900E+4
1.674000E-2	0.000000E+0	6.255700E+4
1.676000E-2	0.000000E+0	6.214400E+4
1.678000E-2	0.000000E+0	6.246500E+4
1.680000E-2	0.000000E+0	6.227300E+4
1.682000E-2	0.000000E+0	6.224000E+4
1.684000E-2	0.000000E+0	6.231400E+4
1.686000E-2	0.000000E+0	6.244000E+4
1.688000E-2	0.000000E+0	6.193100E+4
1.690000E-2	0.000000E+0	6.210000E+4
1.692000E-2	0.000000E+0	6.229600E+4
1.694000E-2	0.000000E+0	6.246300E+4
1.696000E-2	0.000000E+0	6.258600E+4
1.698000E-2	0.000000E+0	6.246800E+4
1.700000E-2	0.000000E+0	6.239900E+4
1.702000E-2	0.000000E+0	6.250200E+4
1.704000E-2	0.000000E+0	6.228700E+4
1.706000E-2	0.000000E+0	6.191700E+4
1.708000E-2	0.000000E+0	6.229300E+4
1.710000E-2	0.000000E+0	6.249200E+4
1.712000E-2	0.000000E+0	6.257600E+4
1.714000E-2	0.000000E+0	6.240400E+4
1.716000E-2	0.000000E+0	6.254100E+4
1.718000E-2	0.000000E+0	6.172500E+4
1.720000E-2	0.000000E+0	6.232400E+4
1.722000E-2	0.000000E+0	6.273200E+4
1.724000E-2	0.000000E+0	6.187100E+4
1.726000E-2	0.000000E+0	6.253500E+4
1.728000E-2	0.000000E+0	6.210100E+4
1.730000E-2	0.000000E+0	6.258800E+4
1.732000E-2	0.000000E+0	6.219000E+4
1.734000E-2	0.000000E+0	6.227900E+4
1.736000E-2	0.000000E+0	6.283300E+4
1.738000E-2	0.000000E+0	6.282000E+4
1.740000E-2	0.000000E+0	6.252700E+4
1.742000E-2	0.000000E+0	6.219300E+4
1.744000E-2	0.000000E+0	6.242700E+4
1.746000E-2	0.000000E+0	6.234100E+4
1.748000E-2	0.000000E+0	6.218000E+4
1.750000E-2	0.000000E+0	6.239800E+4
1.752000E-2	0.000000E+0	6.230200E+4
1.754000E-2	0.000000E+0	6.204600E+4
1.756000E-2	0.000000E+0	6.212300E+4
1.758000E-2	0.000000E+0	6.239000E+4
1.760000E-2	0.000000E+0	6.229500E+4
1.762000E-2	0.000000E+0	6.211900E+4
1.764000E-2	0.000000E+0	6.260100E+4
1.766000E-2	0.000000E+0	6.229000E+4
1.768000E-2	0.000000E+0	6.192500E+4
1.770000E-2	0.000000E+0	6.257300E+4
1.772000E-2	0.000000E+0	6.285600E+4
1.774000E-2	0.000000E+0	6.230700E+4
1.776000E-2	0.000000E+0	6.209300E+4
1.778000E-2	0.000000E+0	6.250800E+4
1.780000E-2	0.000000E+0	6.227600E+4
1.782000E-2	0.000000E+0	6.207300E+4
1.784000E-2	0.000000E+0	6.190500E+4
1.786000E-2	0.000000E+0	6.273100E+4
1.788000E-2	0.000000E+0	6.224300E+4
1.790000E-2	0.000000E+0	6.204500E+4
1.792000E-2	0.000000E+0	6.219900E+4
1.794000E-2	0.000000E+0	6.247200E+4
1.796000E-2	0.000000E+0	6.200900E+4
1.798000E-2	0.000000E+0	6.218100E+4
1.800000E-2	0.000000E+0	6.190000E+4
1.802000E-2	0.000000E+0	6.212700E+4
1.804000E-2	0.000000E+0	6.175600E+4
1.806000E-2	0.000000E+0	6.203900E+4
1.808000E-2	0.000000E+0	6.210100E+4
1.810000E-2	0.000000E+0	6.251400E+4
1.812000E-2	0.000000E+0	6.256700E+4
1.814000E-2	0.000000E+0	6.247900E+4
1.816000E-2	0.000000E+0	6.248800E+4
1.818000E-2	0.000000E+0	6.234600E+4
1.820000E-2	0.000000E+0	6.228400E+4
1.822000E-2	0.000000E+0	6.218700E+4
1.824000E-2	0.000000E+0	6.196300E+4
1.826000E-2	0.000000E+0	6.247800E+4
1.828000E-2	0.000000E+0	6.191500E+4
1.830000E-2	0.000000E+0	6.216300E+4
1.832000E-2	0.000000E+0	6.261000E+4
1.834000E-2	0.000000E+0	6.228000E+4
1.836000E-2	0.000000E+0	6.257400E+4
1.838000E-2	0.000000E+0	6.238200E+4
1.840000E-2	0.000000E+0	6.224800E+4
1.842000E-2	0.000000E+0	6.232400E+4
1.844000E-2	0.000000E+0	6.213300E+4
1.846000E-2	0.000000E+0	6.201600E+4
1.848000E-2	0.000000E+0	6.199100E+4
1.850000E-2	0.000000E+0	6.242400E+4
1.852000E-2	0.000000E+0	6.230300E+4
1.854000E-2	0.000000E+0	6.260200E+4
1.856000E-2	0.000000E+0	6.229900E+4
1.858000E-2	0.000000E+0	6.241000E+4
1.860000E-2	0.000000E+0	6.212500E+4
1.862000E-2	0.000000E+0	6.222500E+4
1.864000E-2	0.000000E+0	6.204400E+4
1.866000E-2	0.000000E+0	6.214200E+4
1.868000E-2	0.000000E+0	6.250300E+4
1.870000E-2	0.000000E+0	6.228800E+4
1.872000E-2	0.000000E+0	6.273900E+4
1.874000E-2	0.000000E+0	6.213300E+4
1.876000E-2	0.000000E+0	6.242000E+4
1.878000E-2	0.000000E+0	6.272900E+4
1.880000E-2	0.000000E+0	6.234100E+4
1.882000E-2	0.000000E+0	6.184400E+4
1.884000E-2	0.000000E+0	6.247800E+4
1.886000E-2	0.000000E+0	6.212300E+4
1.888000E-2	0.000000E+0	6.238500E+4
1.890000E-2	0.000000E+0	6.232000E+4
1.892000E-2	0.000000E+0	6.262200E+4
1.894000E-2	0.000000E+0	6.241100E+4
1.896000E-2	0.000000E+0	6.226400E+4
1.898000E-2	0.000000E+0	6.200600E+4
1.900000E-2	0.000000E+0	6.238300E+4
1.902000E-2	0.000000E+0	6.212100E+4
1.904000E-2	0.000000E+0	6.259500E+4
1.906000E-2	0.000000E+0	6.193800E+4
1.908000E-2	0.000000E+0	6.270500E+4
1.910000E-2	0.000000E+0	6.204000E+4
1.912000E-2	0.000000E+0	6.232500E+4
1.914000E-2	0.000000E+0	6.240300E+4
1.916000E-2	0.000000E+0	6.182600E+4
1.918000E-2	0.000000E+0	6.233500E+4
1.920000E-2	0.000000E+0	6.253900E+4
1.922000E-2	0.000000E+0	6.214600E+4
1.924000E-2	0.000000E+0	6.218000E+4
1.926000E-2	0.000000E+0	6.219700E+4
1.928000E-2	0.000000E+0	6.258500E+4
1.930000E-2	0.000000E+0	6.242300E+4
1.932000E-2	0.000000E+0	6.212800E+4
1.934000E-2	0.000000E+0	6.213400E+4
1.936000E-2	0.000000E+0	6.215200E+4
1.938000E-2	0.000000E+0	6.272900E+4
1.940000E-2	0.000000E+0	6.224300E+4
1.942000E-2	0.000000E+0	6.244900E+4
1.944000E-2	0.000000E+0	6.251700E+4
1.946000E-2	0.000000E+0	6.190200E+4
1.948000E-2	0.000000E+0	6.226100E+4
1.950000E-2	0.000000E+0	6.207100E+4
1.952000E-2	0.000000E+0	6.268600E+4
1.954000E-2	0.000000E+0	6.236300E+4
1.956000E-2	0.000000E+0	6.273700E+4
1.958000E-2	0.000000E+0	6.262700E+4
1.960000E-2	0.000000E+0	6.248800E+4
1.962000E-2	0.000000E+0	6.243700E+4
1.964000E-2	0.000000E+0	6.237800E+4
1.966000E-2	0.000000E+0	6.240500E+4
1.968000E-2	0.000000E+0	6.259100E+4
1.970000E-2	0.000000E+0	6.201100E+4
1.972000E-2	0.000000E+0	6.225800E+4
1.974000E-2	0.000000E+0	6.191900E+4
1.976000E-2	0.000000E+0	6.222800E+4
1.978000E-2	0.000000E+0	6.225300E+4
1.980000E-2	0.000000E+0	6.208200E+4
1.982000E-2	0.000000E+0	6.230200E+4
1.984000E-2	0.000000E+0	6.254100E+4
1.986000E-2	0.000000E+0	6.218600E+4
1.988000E-2	0.000000E+0	6.185000E+4
1.990000E-2	0.000000E+0	6.288100E+4
1.992000E-2	0.000000E+0	6.199400E+4
1.994000E-2	0.000000E+0	6.268800E+4
1.996000E-2	0.000000E+0	6.242800E+4
1.998000E-2	0.000000E+0	6.229100E+4
