

live time:  151097.980000
real time:  208802.200000
sweeps:  7554899.000000
0.000000E+0	0.000000E+0	0.000000E+0
2.000000E-5	0.000000E+0	3.313090E+5
4.000000E-5	0.000000E+0	3.316710E+5
6.000000E-5	0.000000E+0	3.312720E+5
8.000000E-5	0.000000E+0	3.321300E+5
1.000000E-4	0.000000E+0	3.305120E+5
1.200000E-4	0.000000E+0	3.315720E+5
1.400000E-4	0.000000E+0	3.317870E+5
1.600000E-4	0.000000E+0	3.317130E+5
1.800000E-4	0.000000E+0	3.312510E+5
2.000000E-4	0.000000E+0	3.318970E+5
2.200000E-4	0.000000E+0	3.314040E+5
2.400000E-4	0.000000E+0	3.303550E+5
2.600000E-4	0.000000E+0	3.306890E+5
2.800000E-4	0.000000E+0	3.310010E+5
3.000000E-4	0.000000E+0	3.321040E+5
3.200000E-4	0.000000E+0	3.316400E+5
3.400000E-4	0.000000E+0	3.313110E+5
3.600000E-4	0.000000E+0	3.321040E+5
3.800000E-4	0.000000E+0	3.308520E+5
4.000000E-4	0.000000E+0	3.307810E+5
4.200000E-4	0.000000E+0	3.311360E+5
4.400000E-4	0.000000E+0	3.311640E+5
4.600000E-4	0.000000E+0	3.319010E+5
4.800000E-4	0.000000E+0	3.310940E+5
5.000000E-4	0.000000E+0	3.317610E+5
5.200000E-4	0.000000E+0	3.313300E+5
5.400000E-4	0.000000E+0	3.312440E+5
5.600000E-4	0.000000E+0	3.305530E+5
5.800000E-4	0.000000E+0	3.315640E+5
6.000000E-4	0.000000E+0	3.316370E+5
6.200000E-4	0.000000E+0	3.311070E+5
6.400000E-4	0.000000E+0	3.323600E+5
6.600000E-4	0.000000E+0	3.304000E+5
6.800000E-4	0.000000E+0	3.311260E+5
7.000000E-4	0.000000E+0	3.316150E+5
7.200000E-4	0.000000E+0	3.326710E+5
7.400000E-4	0.000000E+0	3.305710E+5
7.600000E-4	0.000000E+0	3.312490E+5
7.800000E-4	0.000000E+0	3.299840E+5
8.000000E-4	0.000000E+0	3.316860E+5
8.200000E-4	0.000000E+0	3.315590E+5
8.400000E-4	0.000000E+0	3.313010E+5
8.600000E-4	0.000000E+0	3.321650E+5
8.800000E-4	0.000000E+0	3.308990E+5
9.000000E-4	0.000000E+0	3.323820E+5
9.200000E-4	0.000000E+0	3.308650E+5
9.400000E-4	0.000000E+0	3.314210E+5
9.600000E-4	0.000000E+0	3.306910E+5
9.800000E-4	0.000000E+0	3.326320E+5
1.000000E-3	0.000000E+0	3.319470E+5
1.020000E-3	0.000000E+0	3.311750E+5
1.040000E-3	0.000000E+0	3.313700E+5
1.060000E-3	0.000000E+0	3.312460E+5
1.080000E-3	0.000000E+0	3.312580E+5
1.100000E-3	0.000000E+0	3.303580E+5
1.120000E-3	0.000000E+0	3.318760E+5
1.140000E-3	0.000000E+0	3.305900E+5
1.160000E-3	0.000000E+0	3.309630E+5
1.180000E-3	0.000000E+0	3.307470E+5
1.200000E-3	0.000000E+0	3.318700E+5
1.220000E-3	0.000000E+0	3.318520E+5
1.240000E-3	0.000000E+0	3.312860E+5
1.260000E-3	0.000000E+0	3.313910E+5
1.280000E-3	0.000000E+0	3.319880E+5
1.300000E-3	0.000000E+0	3.307290E+5
1.320000E-3	0.000000E+0	3.320100E+5
1.340000E-3	0.000000E+0	3.311480E+5
1.360000E-3	0.000000E+0	3.307160E+5
1.380000E-3	0.000000E+0	3.323160E+5
1.400000E-3	0.000000E+0	3.313340E+5
1.420000E-3	0.000000E+0	3.319430E+5
1.440000E-3	0.000000E+0	3.311950E+5
1.460000E-3	0.000000E+0	3.302990E+5
1.480000E-3	0.000000E+0	3.322790E+5
1.500000E-3	0.000000E+0	3.314880E+5
1.520000E-3	0.000000E+0	3.312410E+5
1.540000E-3	0.000000E+0	3.316390E+5
1.560000E-3	0.000000E+0	3.314590E+5
1.580000E-3	0.000000E+0	3.313550E+5
1.600000E-3	0.000000E+0	3.310480E+5
1.620000E-3	0.000000E+0	3.311170E+5
1.640000E-3	0.000000E+0	3.305210E+5
1.660000E-3	0.000000E+0	3.323000E+5
1.680000E-3	0.000000E+0	3.308630E+5
1.700000E-3	0.000000E+0	3.306910E+5
1.720000E-3	0.000000E+0	3.317900E+5
1.740000E-3	0.000000E+0	3.324010E+5
1.760000E-3	0.000000E+0	3.316830E+5
1.780000E-3	0.000000E+0	3.326980E+5
1.800000E-3	0.000000E+0	3.320770E+5
1.820000E-3	0.000000E+0	3.313570E+5
1.840000E-3	0.000000E+0	3.307610E+5
1.860000E-3	0.000000E+0	3.315390E+5
1.880000E-3	0.000000E+0	3.312410E+5
1.900000E-3	0.000000E+0	3.308380E+5
1.920000E-3	0.000000E+0	3.311460E+5
1.940000E-3	0.000000E+0	3.316680E+5
1.960000E-3	0.000000E+0	3.313670E+5
1.980000E-3	0.000000E+0	3.319250E+5
2.000000E-3	0.000000E+0	3.308460E+5
2.020000E-3	0.000000E+0	3.313000E+5
2.040000E-3	0.000000E+0	3.309540E+5
2.060000E-3	0.000000E+0	3.319460E+5
2.080000E-3	0.000000E+0	3.324320E+5
2.100000E-3	0.000000E+0	3.326340E+5
2.120000E-3	0.000000E+0	3.318070E+5
2.140000E-3	0.000000E+0	3.309340E+5
2.160000E-3	0.000000E+0	3.304610E+5
2.180000E-3	0.000000E+0	3.316090E+5
2.200000E-3	0.000000E+0	3.319100E+5
2.220000E-3	0.000000E+0	3.319290E+5
2.240000E-3	0.000000E+0	3.311770E+5
2.260000E-3	0.000000E+0	3.317370E+5
2.280000E-3	0.000000E+0	3.315530E+5
2.300000E-3	0.000000E+0	3.315190E+5
2.320000E-3	0.000000E+0	3.309960E+5
2.340000E-3	0.000000E+0	3.311630E+5
2.360000E-3	0.000000E+0	3.314720E+5
2.380000E-3	0.000000E+0	3.321560E+5
2.400000E-3	0.000000E+0	3.303900E+5
2.420000E-3	0.000000E+0	3.310290E+5
2.440000E-3	0.000000E+0	3.305300E+5
2.460000E-3	0.000000E+0	3.311080E+5
2.480000E-3	0.000000E+0	3.327740E+5
2.500000E-3	0.000000E+0	3.313950E+5
2.520000E-3	0.000000E+0	3.318800E+5
2.540000E-3	0.000000E+0	3.307300E+5
2.560000E-3	0.000000E+0	3.313060E+5
2.580000E-3	0.000000E+0	3.307310E+5
2.600000E-3	0.000000E+0	3.319780E+5
2.620000E-3	0.000000E+0	3.308490E+5
2.640000E-3	0.000000E+0	3.299870E+5
2.660000E-3	0.000000E+0	3.320700E+5
2.680000E-3	0.000000E+0	3.311460E+5
2.700000E-3	0.000000E+0	3.310840E+5
2.720000E-3	0.000000E+0	3.304110E+5
2.740000E-3	0.000000E+0	3.318040E+5
2.760000E-3	0.000000E+0	3.312270E+5
2.780000E-3	0.000000E+0	3.315950E+5
2.800000E-3	0.000000E+0	3.309370E+5
2.820000E-3	0.000000E+0	3.311140E+5
2.840000E-3	0.000000E+0	3.307230E+5
2.860000E-3	0.000000E+0	3.320130E+5
2.880000E-3	0.000000E+0	3.315700E+5
2.900000E-3	0.000000E+0	3.316700E+5
2.920000E-3	0.000000E+0	3.305790E+5
2.940000E-3	0.000000E+0	3.314030E+5
2.960000E-3	0.000000E+0	3.317080E+5
2.980000E-3	0.000000E+0	3.305180E+5
3.000000E-3	0.000000E+0	3.316950E+5
3.020000E-3	0.000000E+0	3.313460E+5
3.040000E-3	0.000000E+0	3.318220E+5
3.060000E-3	0.000000E+0	3.332120E+5
3.080000E-3	0.000000E+0	3.311170E+5
3.100000E-3	0.000000E+0	3.306710E+5
3.120000E-3	0.000000E+0	3.318210E+5
3.140000E-3	0.000000E+0	3.316400E+5
3.160000E-3	0.000000E+0	3.312070E+5
3.180000E-3	0.000000E+0	3.318630E+5
3.200000E-3	0.000000E+0	3.315750E+5
3.220000E-3	0.000000E+0	3.320550E+5
3.240000E-3	0.000000E+0	3.319290E+5
3.260000E-3	0.000000E+0	3.317760E+5
3.280000E-3	0.000000E+0	3.314610E+5
3.300000E-3	0.000000E+0	3.308610E+5
3.320000E-3	0.000000E+0	3.310790E+5
3.340000E-3	0.000000E+0	3.308390E+5
3.360000E-3	0.000000E+0	3.305580E+5
3.380000E-3	0.000000E+0	3.309030E+5
3.400000E-3	0.000000E+0	3.315490E+5
3.420000E-3	0.000000E+0	3.318790E+5
3.440000E-3	0.000000E+0	3.308090E+5
3.460000E-3	0.000000E+0	3.320020E+5
3.480000E-3	0.000000E+0	3.310870E+5
3.500000E-3	0.000000E+0	3.320740E+5
3.520000E-3	0.000000E+0	3.309390E+5
3.540000E-3	0.000000E+0	3.311110E+5
3.560000E-3	0.000000E+0	3.311570E+5
3.580000E-3	0.000000E+0	3.306880E+5
3.600000E-3	0.000000E+0	3.307270E+5
3.620000E-3	0.000000E+0	3.300780E+5
3.640000E-3	0.000000E+0	3.316910E+5
3.660000E-3	0.000000E+0	3.312350E+5
3.680000E-3	0.000000E+0	3.310110E+5
3.700000E-3	0.000000E+0	3.305890E+5
3.720000E-3	0.000000E+0	3.316240E+5
3.740000E-3	0.000000E+0	3.312050E+5
3.760000E-3	0.000000E+0	3.313700E+5
3.780000E-3	0.000000E+0	3.309490E+5
3.800000E-3	0.000000E+0	3.308520E+5
3.820000E-3	0.000000E+0	3.303660E+5
3.840000E-3	0.000000E+0	3.311390E+5
3.860000E-3	0.000000E+0	3.310950E+5
3.880000E-3	0.000000E+0	3.306330E+5
3.900000E-3	0.000000E+0	3.318280E+5
3.920000E-3	0.000000E+0	3.320660E+5
3.940000E-3	0.000000E+0	3.321720E+5
3.960000E-3	0.000000E+0	3.318660E+5
3.980000E-3	0.000000E+0	3.308310E+5
4.000000E-3	0.000000E+0	3.313600E+5
4.020000E-3	0.000000E+0	3.317810E+5
4.040000E-3	0.000000E+0	3.307930E+5
4.060000E-3	0.000000E+0	3.318700E+5
4.080000E-3	0.000000E+0	3.315140E+5
4.100000E-3	0.000000E+0	3.314400E+5
4.120000E-3	0.000000E+0	3.312890E+5
4.140000E-3	0.000000E+0	3.305920E+5
4.160000E-3	0.000000E+0	3.320260E+5
4.180000E-3	0.000000E+0	3.307310E+5
4.200000E-3	0.000000E+0	3.313490E+5
4.220000E-3	0.000000E+0	3.311190E+5
4.240000E-3	0.000000E+0	3.314060E+5
4.260000E-3	0.000000E+0	3.305480E+5
4.280000E-3	0.000000E+0	3.318380E+5
4.300000E-3	0.000000E+0	3.312430E+5
4.320000E-3	0.000000E+0	3.307360E+5
4.340000E-3	0.000000E+0	3.306400E+5
4.360000E-3	0.000000E+0	3.311510E+5
4.380000E-3	0.000000E+0	3.305630E+5
4.400000E-3	0.000000E+0	3.315330E+5
4.420000E-3	0.000000E+0	3.310490E+5
4.440000E-3	0.000000E+0	3.311810E+5
4.460000E-3	0.000000E+0	3.308190E+5
4.480000E-3	0.000000E+0	3.305290E+5
4.500000E-3	0.000000E+0	3.310460E+5
4.520000E-3	0.000000E+0	3.306530E+5
4.540000E-3	0.000000E+0	3.308160E+5
4.560000E-3	0.000000E+0	3.302360E+5
4.580000E-3	0.000000E+0	3.310180E+5
4.600000E-3	0.000000E+0	3.312440E+5
4.620000E-3	0.000000E+0	3.304060E+5
4.640000E-3	0.000000E+0	3.315450E+5
4.660000E-3	0.000000E+0	3.308270E+5
4.680000E-3	0.000000E+0	3.310580E+5
4.700000E-3	0.000000E+0	3.312570E+5
4.720000E-3	0.000000E+0	3.313590E+5
4.740000E-3	0.000000E+0	3.302810E+5
4.760000E-3	0.000000E+0	3.316370E+5
4.780000E-3	0.000000E+0	3.301040E+5
4.800000E-3	0.000000E+0	3.308220E+5
4.820000E-3	0.000000E+0	3.308330E+5
4.840000E-3	0.000000E+0	3.305710E+5
4.860000E-3	0.000000E+0	3.296740E+5
4.880000E-3	0.000000E+0	3.290490E+5
4.900000E-3	0.000000E+0	3.290450E+5
4.920000E-3	0.000000E+0	3.269560E+5
4.940000E-3	0.000000E+0	3.263270E+5
4.960000E-3	0.000000E+0	3.265470E+5
4.980000E-3	0.000000E+0	3.265920E+5
5.000000E-3	0.000000E+0	3.251840E+5
5.020000E-3	0.000000E+0	3.250190E+5
5.040000E-3	0.000000E+0	3.233270E+5
5.060000E-3	0.000000E+0	3.225330E+5
5.080000E-3	0.000000E+0	3.216480E+5
5.100000E-3	0.000000E+0	3.218570E+5
5.120000E-3	0.000000E+0	3.215720E+5
5.140000E-3	0.000000E+0	3.228940E+5
5.160000E-3	0.000000E+0	3.237990E+5
5.180000E-3	0.000000E+0	3.248240E+5
5.200000E-3	0.000000E+0	3.255120E+5
5.220000E-3	0.000000E+0	3.265350E+5
5.240000E-3	0.000000E+0	3.270260E+5
5.260000E-3	0.000000E+0	3.291460E+5
5.280000E-3	0.000000E+0	3.275820E+5
5.300000E-3	0.000000E+0	3.294900E+5
5.320000E-3	0.000000E+0	3.302690E+5
5.340000E-3	0.000000E+0	3.303690E+5
5.360000E-3	0.000000E+0	3.315080E+5
5.380000E-3	0.000000E+0	3.301380E+5
5.400000E-3	0.000000E+0	3.313900E+5
5.420000E-3	0.000000E+0	3.306690E+5
5.440000E-3	0.000000E+0	3.301420E+5
5.460000E-3	0.000000E+0	3.297180E+5
5.480000E-3	0.000000E+0	3.295070E+5
5.500000E-3	0.000000E+0	3.299900E+5
5.520000E-3	0.000000E+0	3.292850E+5
5.540000E-3	0.000000E+0	3.291660E+5
5.560000E-3	0.000000E+0	3.278620E+5
5.580000E-3	0.000000E+0	3.275190E+5
5.600000E-3	0.000000E+0	3.259160E+5
5.620000E-3	0.000000E+0	3.258250E+5
5.640000E-3	0.000000E+0	3.266640E+5
5.660000E-3	0.000000E+0	3.254140E+5
5.680000E-3	0.000000E+0	3.251400E+5
5.700000E-3	0.000000E+0	3.236780E+5
5.720000E-3	0.000000E+0	3.227320E+5
5.740000E-3	0.000000E+0	3.224440E+5
5.760000E-3	0.000000E+0	3.225860E+5
5.780000E-3	0.000000E+0	3.234770E+5
5.800000E-3	0.000000E+0	3.237440E+5
5.820000E-3	0.000000E+0	3.250530E+5
5.840000E-3	0.000000E+0	3.257680E+5
5.860000E-3	0.000000E+0	3.263870E+5
5.880000E-3	0.000000E+0	3.280780E+5
5.900000E-3	0.000000E+0	3.290580E+5
5.920000E-3	0.000000E+0	3.296220E+5
5.940000E-3	0.000000E+0	3.290710E+5
5.960000E-3	0.000000E+0	3.297110E+5
5.980000E-3	0.000000E+0	3.309390E+5
6.000000E-3	0.000000E+0	3.302440E+5
6.020000E-3	0.000000E+0	3.309400E+5
6.040000E-3	0.000000E+0	3.312210E+5
6.060000E-3	0.000000E+0	3.308840E+5
6.080000E-3	0.000000E+0	3.311660E+5
6.100000E-3	0.000000E+0	3.306570E+5
6.120000E-3	0.000000E+0	3.312610E+5
6.140000E-3	0.000000E+0	3.310400E+5
6.160000E-3	0.000000E+0	3.307040E+5
6.180000E-3	0.000000E+0	3.316500E+5
6.200000E-3	0.000000E+0	3.308900E+5
6.220000E-3	0.000000E+0	3.313010E+5
6.240000E-3	0.000000E+0	3.306940E+5
6.260000E-3	0.000000E+0	3.304530E+5
6.280000E-3	0.000000E+0	3.322400E+5
6.300000E-3	0.000000E+0	3.315360E+5
6.320000E-3	0.000000E+0	3.311320E+5
6.340000E-3	0.000000E+0	3.313050E+5
6.360000E-3	0.000000E+0	3.305380E+5
6.380000E-3	0.000000E+0	3.314570E+5
6.400000E-3	0.000000E+0	3.309420E+5
6.420000E-3	0.000000E+0	3.306080E+5
6.440000E-3	0.000000E+0	3.323690E+5
6.460000E-3	0.000000E+0	3.310650E+5
6.480000E-3	0.000000E+0	3.310600E+5
6.500000E-3	0.000000E+0	3.308180E+5
6.520000E-3	0.000000E+0	3.315440E+5
6.540000E-3	0.000000E+0	3.306480E+5
6.560000E-3	0.000000E+0	3.317980E+5
6.580000E-3	0.000000E+0	3.309370E+5
6.600000E-3	0.000000E+0	3.317210E+5
6.620000E-3	0.000000E+0	3.312520E+5
6.640000E-3	0.000000E+0	3.308560E+5
6.660000E-3	0.000000E+0	3.303460E+5
6.680000E-3	0.000000E+0	3.311580E+5
6.700000E-3	0.000000E+0	3.318140E+5
6.720000E-3	0.000000E+0	3.311380E+5
6.740000E-3	0.000000E+0	3.314080E+5
6.760000E-3	0.000000E+0	3.321400E+5
6.780000E-3	0.000000E+0	3.304440E+5
6.800000E-3	0.000000E+0	3.315360E+5
6.820000E-3	0.000000E+0	3.315020E+5
6.840000E-3	0.000000E+0	3.311440E+5
6.860000E-3	0.000000E+0	3.314820E+5
6.880000E-3	0.000000E+0	3.316330E+5
6.900000E-3	0.000000E+0	3.301430E+5
6.920000E-3	0.000000E+0	3.307470E+5
6.940000E-3	0.000000E+0	3.309080E+5
6.960000E-3	0.000000E+0	3.296150E+5
6.980000E-3	0.000000E+0	3.308400E+5
7.000000E-3	0.000000E+0	3.307470E+5
7.020000E-3	0.000000E+0	3.311730E+5
7.040000E-3	0.000000E+0	3.312330E+5
7.060000E-3	0.000000E+0	3.313040E+5
7.080000E-3	0.000000E+0	3.314050E+5
7.100000E-3	0.000000E+0	3.308460E+5
7.120000E-3	0.000000E+0	3.313140E+5
7.140000E-3	0.000000E+0	3.311450E+5
7.160000E-3	0.000000E+0	3.318720E+5
7.180000E-3	0.000000E+0	3.305940E+5
7.200000E-3	0.000000E+0	3.316320E+5
7.220000E-3	0.000000E+0	3.316440E+5
7.240000E-3	0.000000E+0	3.314220E+5
7.260000E-3	0.000000E+0	3.312110E+5
7.280000E-3	0.000000E+0	3.310890E+5
7.300000E-3	0.000000E+0	3.310090E+5
7.320000E-3	0.000000E+0	3.315410E+5
7.340000E-3	0.000000E+0	3.318610E+5
7.360000E-3	0.000000E+0	3.312440E+5
7.380000E-3	0.000000E+0	3.319620E+5
7.400000E-3	0.000000E+0	3.310770E+5
7.420000E-3	0.000000E+0	3.308510E+5
7.440000E-3	0.000000E+0	3.313790E+5
7.460000E-3	0.000000E+0	3.320340E+5
7.480000E-3	0.000000E+0	3.311990E+5
7.500000E-3	0.000000E+0	3.314860E+5
7.520000E-3	0.000000E+0	3.321710E+5
7.540000E-3	0.000000E+0	3.314160E+5
7.560000E-3	0.000000E+0	3.321140E+5
7.580000E-3	0.000000E+0	3.313750E+5
7.600000E-3	0.000000E+0	3.307660E+5
7.620000E-3	0.000000E+0	3.318990E+5
7.640000E-3	0.000000E+0	3.322380E+5
7.660000E-3	0.000000E+0	3.308770E+5
7.680000E-3	0.000000E+0	3.305430E+5
7.700000E-3	0.000000E+0	3.307880E+5
7.720000E-3	0.000000E+0	3.314690E+5
7.740000E-3	0.000000E+0	3.310120E+5
7.760000E-3	0.000000E+0	3.305090E+5
7.780000E-3	0.000000E+0	3.322310E+5
7.800000E-3	0.000000E+0	3.312140E+5
7.820000E-3	0.000000E+0	3.313000E+5
7.840000E-3	0.000000E+0	3.321680E+5
7.860000E-3	0.000000E+0	3.311580E+5
7.880000E-3	0.000000E+0	3.312280E+5
7.900000E-3	0.000000E+0	3.311350E+5
7.920000E-3	0.000000E+0	3.306360E+5
7.940000E-3	0.000000E+0	3.322900E+5
7.960000E-3	0.000000E+0	3.321040E+5
7.980000E-3	0.000000E+0	3.322640E+5
8.000000E-3	0.000000E+0	3.319400E+5
8.020000E-3	0.000000E+0	3.317580E+5
8.040000E-3	0.000000E+0	3.301200E+5
8.060000E-3	0.000000E+0	3.312200E+5
8.080000E-3	0.000000E+0	3.315910E+5
8.100000E-3	0.000000E+0	3.317330E+5
8.120000E-3	0.000000E+0	3.313060E+5
8.140000E-3	0.000000E+0	3.308390E+5
8.160000E-3	0.000000E+0	3.310880E+5
8.180000E-3	0.000000E+0	3.310250E+5
8.200000E-3	0.000000E+0	3.315440E+5
8.220000E-3	0.000000E+0	3.310650E+5
8.240000E-3	0.000000E+0	3.315150E+5
8.260000E-3	0.000000E+0	3.328210E+5
8.280000E-3	0.000000E+0	3.307280E+5
8.300000E-3	0.000000E+0	3.314730E+5
8.320000E-3	0.000000E+0	3.314380E+5
8.340000E-3	0.000000E+0	3.312790E+5
8.360000E-3	0.000000E+0	3.311020E+5
8.380000E-3	0.000000E+0	3.299240E+5
8.400000E-3	0.000000E+0	3.307830E+5
8.420000E-3	0.000000E+0	3.312850E+5
8.440000E-3	0.000000E+0	3.317680E+5
8.460000E-3	0.000000E+0	3.319000E+5
8.480000E-3	0.000000E+0	3.327110E+5
8.500000E-3	0.000000E+0	3.301870E+5
8.520000E-3	0.000000E+0	3.319890E+5
8.540000E-3	0.000000E+0	3.314390E+5
8.560000E-3	0.000000E+0	3.316430E+5
8.580000E-3	0.000000E+0	3.326120E+5
8.600000E-3	0.000000E+0	3.305560E+5
8.620000E-3	0.000000E+0	3.324800E+5
8.640000E-3	0.000000E+0	3.309980E+5
8.660000E-3	0.000000E+0	3.308900E+5
8.680000E-3	0.000000E+0	3.314690E+5
8.700000E-3	0.000000E+0	3.301520E+5
8.720000E-3	0.000000E+0	3.316820E+5
8.740000E-3	0.000000E+0	3.305010E+5
8.760000E-3	0.000000E+0	3.311650E+5
8.780000E-3	0.000000E+0	3.314300E+5
8.800000E-3	0.000000E+0	3.320540E+5
8.820000E-3	0.000000E+0	3.314790E+5
8.840000E-3	0.000000E+0	3.309130E+5
8.860000E-3	0.000000E+0	3.327090E+5
8.880000E-3	0.000000E+0	3.310400E+5
8.900000E-3	0.000000E+0	3.317890E+5
8.920000E-3	0.000000E+0	3.305750E+5
8.940000E-3	0.000000E+0	3.305940E+5
8.960000E-3	0.000000E+0	3.318850E+5
8.980000E-3	0.000000E+0	3.311750E+5
9.000000E-3	0.000000E+0	3.306260E+5
9.020000E-3	0.000000E+0	3.304540E+5
9.040000E-3	0.000000E+0	3.315190E+5
9.060000E-3	0.000000E+0	3.330510E+5
9.080000E-3	0.000000E+0	3.315560E+5
9.100000E-3	0.000000E+0	3.321180E+5
9.120000E-3	0.000000E+0	3.309770E+5
9.140000E-3	0.000000E+0	3.316920E+5
9.160000E-3	0.000000E+0	3.320710E+5
9.180000E-3	0.000000E+0	3.305650E+5
9.200000E-3	0.000000E+0	3.312060E+5
9.220000E-3	0.000000E+0	3.314150E+5
9.240000E-3	0.000000E+0	3.319880E+5
9.260000E-3	0.000000E+0	3.321530E+5
9.280000E-3	0.000000E+0	3.324460E+5
9.300000E-3	0.000000E+0	3.316550E+5
9.320000E-3	0.000000E+0	3.309730E+5
9.340000E-3	0.000000E+0	3.316630E+5
9.360000E-3	0.000000E+0	3.310480E+5
9.380000E-3	0.000000E+0	3.321850E+5
9.400000E-3	0.000000E+0	3.322490E+5
9.420000E-3	0.000000E+0	3.321960E+5
9.440000E-3	0.000000E+0	3.311950E+5
9.460000E-3	0.000000E+0	3.323670E+5
9.480000E-3	0.000000E+0	3.315100E+5
9.500000E-3	0.000000E+0	3.304700E+5
9.520000E-3	0.000000E+0	3.318620E+5
9.540000E-3	0.000000E+0	3.305650E+5
9.560000E-3	0.000000E+0	3.309450E+5
9.580000E-3	0.000000E+0	3.312760E+5
9.600000E-3	0.000000E+0	3.320550E+5
9.620000E-3	0.000000E+0	3.308730E+5
9.640000E-3	0.000000E+0	3.312210E+5
9.660000E-3	0.000000E+0	3.315820E+5
9.680000E-3	0.000000E+0	3.302290E+5
9.700000E-3	0.000000E+0	3.310950E+5
9.720000E-3	0.000000E+0	3.316490E+5
9.740000E-3	0.000000E+0	3.315290E+5
9.760000E-3	0.000000E+0	3.309420E+5
9.780000E-3	0.000000E+0	3.316910E+5
9.800000E-3	0.000000E+0	3.317660E+5
9.820000E-3	0.000000E+0	3.325210E+5
9.840000E-3	0.000000E+0	3.314180E+5
9.860000E-3	0.000000E+0	3.314350E+5
9.880000E-3	0.000000E+0	3.323320E+5
9.900000E-3	0.000000E+0	3.321540E+5
9.920000E-3	0.000000E+0	3.309350E+5
9.940000E-3	0.000000E+0	3.304150E+5
9.960000E-3	0.000000E+0	3.309810E+5
9.980000E-3	0.000000E+0	3.322210E+5
1.000000E-2	0.000000E+0	3.309360E+5
1.002000E-2	0.000000E+0	3.314770E+5
1.004000E-2	0.000000E+0	3.321510E+5
1.006000E-2	0.000000E+0	3.319910E+5
1.008000E-2	0.000000E+0	3.310710E+5
1.010000E-2	0.000000E+0	3.311150E+5
1.012000E-2	0.000000E+0	3.324050E+5
1.014000E-2	0.000000E+0	3.330320E+5
1.016000E-2	0.000000E+0	3.317960E+5
1.018000E-2	0.000000E+0	3.314330E+5
1.020000E-2	0.000000E+0	3.318510E+5
1.022000E-2	0.000000E+0	3.315870E+5
1.024000E-2	0.000000E+0	3.311510E+5
1.026000E-2	0.000000E+0	3.328300E+5
1.028000E-2	0.000000E+0	3.313340E+5
1.030000E-2	0.000000E+0	3.319480E+5
1.032000E-2	0.000000E+0	3.310150E+5
1.034000E-2	0.000000E+0	3.319180E+5
1.036000E-2	0.000000E+0	3.312520E+5
1.038000E-2	0.000000E+0	3.319070E+5
1.040000E-2	0.000000E+0	3.310580E+5
1.042000E-2	0.000000E+0	3.313380E+5
1.044000E-2	0.000000E+0	3.313290E+5
1.046000E-2	0.000000E+0	3.317310E+5
1.048000E-2	0.000000E+0	3.319500E+5
1.050000E-2	0.000000E+0	3.314660E+5
1.052000E-2	0.000000E+0	3.319880E+5
1.054000E-2	0.000000E+0	3.325180E+5
1.056000E-2	0.000000E+0	3.312590E+5
1.058000E-2	0.000000E+0	3.322510E+5
1.060000E-2	0.000000E+0	3.311580E+5
1.062000E-2	0.000000E+0	3.314310E+5
1.064000E-2	0.000000E+0	3.317230E+5
1.066000E-2	0.000000E+0	3.315280E+5
1.068000E-2	0.000000E+0	3.322480E+5
1.070000E-2	0.000000E+0	3.309420E+5
1.072000E-2	0.000000E+0	3.315180E+5
1.074000E-2	0.000000E+0	3.322020E+5
1.076000E-2	0.000000E+0	3.325300E+5
1.078000E-2	0.000000E+0	3.322110E+5
1.080000E-2	0.000000E+0	3.320790E+5
1.082000E-2	0.000000E+0	3.328780E+5
1.084000E-2	0.000000E+0	3.313060E+5
1.086000E-2	0.000000E+0	3.316200E+5
1.088000E-2	0.000000E+0	3.314670E+5
1.090000E-2	0.000000E+0	3.317880E+5
1.092000E-2	0.000000E+0	3.313680E+5
1.094000E-2	0.000000E+0	3.308830E+5
1.096000E-2	0.000000E+0	3.310940E+5
1.098000E-2	0.000000E+0	3.318810E+5
1.100000E-2	0.000000E+0	3.315260E+5
1.102000E-2	0.000000E+0	3.307760E+5
1.104000E-2	0.000000E+0	3.320730E+5
1.106000E-2	0.000000E+0	3.314530E+5
1.108000E-2	0.000000E+0	3.319320E+5
1.110000E-2	0.000000E+0	3.310970E+5
1.112000E-2	0.000000E+0	3.317470E+5
1.114000E-2	0.000000E+0	3.318850E+5
1.116000E-2	0.000000E+0	3.297620E+5
1.118000E-2	0.000000E+0	3.317820E+5
1.120000E-2	0.000000E+0	3.315970E+5
1.122000E-2	0.000000E+0	3.327630E+5
1.124000E-2	0.000000E+0	3.321840E+5
1.126000E-2	0.000000E+0	3.304790E+5
1.128000E-2	0.000000E+0	3.309100E+5
1.130000E-2	0.000000E+0	3.311580E+5
1.132000E-2	0.000000E+0	3.322570E+5
1.134000E-2	0.000000E+0	3.310320E+5
1.136000E-2	0.000000E+0	3.329010E+5
1.138000E-2	0.000000E+0	3.314250E+5
1.140000E-2	0.000000E+0	3.329060E+5
1.142000E-2	0.000000E+0	3.314580E+5
1.144000E-2	0.000000E+0	3.320460E+5
1.146000E-2	0.000000E+0	3.312930E+5
1.148000E-2	0.000000E+0	3.317490E+5
1.150000E-2	0.000000E+0	3.313390E+5
1.152000E-2	0.000000E+0	3.309090E+5
1.154000E-2	0.000000E+0	3.311720E+5
1.156000E-2	0.000000E+0	3.318110E+5
1.158000E-2	0.000000E+0	3.308090E+5
1.160000E-2	0.000000E+0	3.316060E+5
1.162000E-2	0.000000E+0	3.317070E+5
1.164000E-2	0.000000E+0	3.328420E+5
1.166000E-2	0.000000E+0	3.331990E+5
1.168000E-2	0.000000E+0	3.326380E+5
1.170000E-2	0.000000E+0	3.326690E+5
1.172000E-2	0.000000E+0	3.323530E+5
1.174000E-2	0.000000E+0	3.315320E+5
1.176000E-2	0.000000E+0	3.317030E+5
1.178000E-2	0.000000E+0	3.311650E+5
1.180000E-2	0.000000E+0	3.321730E+5
1.182000E-2	0.000000E+0	3.321210E+5
1.184000E-2	0.000000E+0	3.315700E+5
1.186000E-2	0.000000E+0	3.313100E+5
1.188000E-2	0.000000E+0	3.308090E+5
1.190000E-2	0.000000E+0	3.309440E+5
1.192000E-2	0.000000E+0	3.309870E+5
1.194000E-2	0.000000E+0	3.328440E+5
1.196000E-2	0.000000E+0	3.311520E+5
1.198000E-2	0.000000E+0	3.322050E+5
1.200000E-2	0.000000E+0	3.312170E+5
1.202000E-2	0.000000E+0	3.319960E+5
1.204000E-2	0.000000E+0	3.315890E+5
1.206000E-2	0.000000E+0	3.318150E+5
1.208000E-2	0.000000E+0	3.322890E+5
1.210000E-2	0.000000E+0	3.319220E+5
1.212000E-2	0.000000E+0	3.322130E+5
1.214000E-2	0.000000E+0	3.307190E+5
1.216000E-2	0.000000E+0	3.311400E+5
1.218000E-2	0.000000E+0	3.318940E+5
1.220000E-2	0.000000E+0	3.303320E+5
1.222000E-2	0.000000E+0	3.320260E+5
1.224000E-2	0.000000E+0	3.317780E+5
1.226000E-2	0.000000E+0	3.316350E+5
1.228000E-2	0.000000E+0	3.321610E+5
1.230000E-2	0.000000E+0	3.319530E+5
1.232000E-2	0.000000E+0	3.319470E+5
1.234000E-2	0.000000E+0	3.317280E+5
1.236000E-2	0.000000E+0	3.313290E+5
1.238000E-2	0.000000E+0	3.318910E+5
1.240000E-2	0.000000E+0	3.326410E+5
1.242000E-2	0.000000E+0	3.321590E+5
1.244000E-2	0.000000E+0	3.323420E+5
1.246000E-2	0.000000E+0	3.313410E+5
1.248000E-2	0.000000E+0	3.321260E+5
1.250000E-2	0.000000E+0	3.312080E+5
1.252000E-2	0.000000E+0	3.324890E+5
1.254000E-2	0.000000E+0	3.317280E+5
1.256000E-2	0.000000E+0	3.315630E+5
1.258000E-2	0.000000E+0	3.323920E+5
1.260000E-2	0.000000E+0	3.325170E+5
1.262000E-2	0.000000E+0	3.309930E+5
1.264000E-2	0.000000E+0	3.307910E+5
1.266000E-2	0.000000E+0	3.324940E+5
1.268000E-2	0.000000E+0	3.323950E+5
1.270000E-2	0.000000E+0	3.315900E+5
1.272000E-2	0.000000E+0	3.323520E+5
1.274000E-2	0.000000E+0	3.317230E+5
1.276000E-2	0.000000E+0	3.322310E+5
1.278000E-2	0.000000E+0	3.312590E+5
1.280000E-2	0.000000E+0	3.310140E+5
1.282000E-2	0.000000E+0	3.313580E+5
1.284000E-2	0.000000E+0	3.316330E+5
1.286000E-2	0.000000E+0	3.321120E+5
1.288000E-2	0.000000E+0	3.324610E+5
1.290000E-2	0.000000E+0	3.313670E+5
1.292000E-2	0.000000E+0	3.317200E+5
1.294000E-2	0.000000E+0	3.308370E+5
1.296000E-2	0.000000E+0	3.318020E+5
1.298000E-2	0.000000E+0	3.318660E+5
1.300000E-2	0.000000E+0	3.316540E+5
1.302000E-2	0.000000E+0	3.320130E+5
1.304000E-2	0.000000E+0	3.314700E+5
1.306000E-2	0.000000E+0	3.314530E+5
1.308000E-2	0.000000E+0	3.325520E+5
1.310000E-2	0.000000E+0	3.319760E+5
1.312000E-2	0.000000E+0	3.321790E+5
1.314000E-2	0.000000E+0	3.324930E+5
1.316000E-2	0.000000E+0	3.318120E+5
1.318000E-2	0.000000E+0	3.310920E+5
1.320000E-2	0.000000E+0	3.317980E+5
1.322000E-2	0.000000E+0	3.322150E+5
1.324000E-2	0.000000E+0	3.309400E+5
1.326000E-2	0.000000E+0	3.328560E+5
1.328000E-2	0.000000E+0	3.323610E+5
1.330000E-2	0.000000E+0	3.310320E+5
1.332000E-2	0.000000E+0	3.312580E+5
1.334000E-2	0.000000E+0	3.316160E+5
1.336000E-2	0.000000E+0	3.319270E+5
1.338000E-2	0.000000E+0	3.317760E+5
1.340000E-2	0.000000E+0	3.307880E+5
1.342000E-2	0.000000E+0	3.310340E+5
1.344000E-2	0.000000E+0	3.309020E+5
1.346000E-2	0.000000E+0	3.304280E+5
1.348000E-2	0.000000E+0	3.321220E+5
1.350000E-2	0.000000E+0	3.314110E+5
1.352000E-2	0.000000E+0	3.326840E+5
1.354000E-2	0.000000E+0	3.321860E+5
1.356000E-2	0.000000E+0	3.320580E+5
1.358000E-2	0.000000E+0	3.315900E+5
1.360000E-2	0.000000E+0	3.310970E+5
1.362000E-2	0.000000E+0	3.318640E+5
1.364000E-2	0.000000E+0	3.306980E+5
1.366000E-2	0.000000E+0	3.315860E+5
1.368000E-2	0.000000E+0	3.319840E+5
1.370000E-2	0.000000E+0	3.319270E+5
1.372000E-2	0.000000E+0	3.314730E+5
1.374000E-2	0.000000E+0	3.314420E+5
1.376000E-2	0.000000E+0	3.310650E+5
1.378000E-2	0.000000E+0	3.308960E+5
1.380000E-2	0.000000E+0	3.315420E+5
1.382000E-2	0.000000E+0	3.305200E+5
1.384000E-2	0.000000E+0	3.310430E+5
1.386000E-2	0.000000E+0	3.313430E+5
1.388000E-2	0.000000E+0	3.312120E+5
1.390000E-2	0.000000E+0	3.319230E+5
1.392000E-2	0.000000E+0	3.328560E+5
1.394000E-2	0.000000E+0	3.318090E+5
1.396000E-2	0.000000E+0	3.318150E+5
1.398000E-2	0.000000E+0	3.321950E+5
1.400000E-2	0.000000E+0	3.326570E+5
1.402000E-2	0.000000E+0	3.310700E+5
1.404000E-2	0.000000E+0	3.328650E+5
1.406000E-2	0.000000E+0	3.314500E+5
1.408000E-2	0.000000E+0	3.312030E+5
1.410000E-2	0.000000E+0	3.314610E+5
1.412000E-2	0.000000E+0	3.316340E+5
1.414000E-2	0.000000E+0	3.312850E+5
1.416000E-2	0.000000E+0	3.311260E+5
1.418000E-2	0.000000E+0	3.314200E+5
1.420000E-2	0.000000E+0	3.315640E+5
1.422000E-2	0.000000E+0	3.316760E+5
1.424000E-2	0.000000E+0	3.304120E+5
1.426000E-2	0.000000E+0	3.304280E+5
1.428000E-2	0.000000E+0	3.315050E+5
1.430000E-2	0.000000E+0	3.312750E+5
1.432000E-2	0.000000E+0	3.320390E+5
1.434000E-2	0.000000E+0	3.312210E+5
1.436000E-2	0.000000E+0	3.317740E+5
1.438000E-2	0.000000E+0	3.318140E+5
1.440000E-2	0.000000E+0	3.325200E+5
1.442000E-2	0.000000E+0	3.315520E+5
1.444000E-2	0.000000E+0	3.305490E+5
1.446000E-2	0.000000E+0	3.315950E+5
1.448000E-2	0.000000E+0	3.315660E+5
1.450000E-2	0.000000E+0	3.313490E+5
1.452000E-2	0.000000E+0	3.318210E+5
1.454000E-2	0.000000E+0	3.314860E+5
1.456000E-2	0.000000E+0	3.321000E+5
1.458000E-2	0.000000E+0	3.305890E+5
1.460000E-2	0.000000E+0	3.324920E+5
1.462000E-2	0.000000E+0	3.304310E+5
1.464000E-2	0.000000E+0	3.321110E+5
1.466000E-2	0.000000E+0	3.314440E+5
1.468000E-2	0.000000E+0	3.321390E+5
1.470000E-2	0.000000E+0	3.313170E+5
1.472000E-2	0.000000E+0	3.313490E+5
1.474000E-2	0.000000E+0	3.313950E+5
1.476000E-2	0.000000E+0	3.326900E+5
1.478000E-2	0.000000E+0	3.325520E+5
1.480000E-2	0.000000E+0	3.312510E+5
1.482000E-2	0.000000E+0	3.308580E+5
1.484000E-2	0.000000E+0	3.318220E+5
1.486000E-2	0.000000E+0	3.313290E+5
1.488000E-2	0.000000E+0	3.311080E+5
1.490000E-2	0.000000E+0	3.304910E+5
1.492000E-2	0.000000E+0	3.300250E+5
1.494000E-2	0.000000E+0	3.284140E+5
1.496000E-2	0.000000E+0	3.277100E+5
1.498000E-2	0.000000E+0	3.275490E+5
1.500000E-2	0.000000E+0	3.267880E+5
1.502000E-2	0.000000E+0	3.264250E+5
1.504000E-2	0.000000E+0	3.259540E+5
1.506000E-2	0.000000E+0	3.258820E+5
1.508000E-2	0.000000E+0	3.247100E+5
1.510000E-2	0.000000E+0	3.234690E+5
1.512000E-2	0.000000E+0	3.224600E+5
1.514000E-2	0.000000E+0	3.226280E+5
1.516000E-2	0.000000E+0	3.229110E+5
1.518000E-2	0.000000E+0	3.235430E+5
1.520000E-2	0.000000E+0	3.246790E+5
1.522000E-2	0.000000E+0	3.256480E+5
1.524000E-2	0.000000E+0	3.278310E+5
1.526000E-2	0.000000E+0	3.280560E+5
1.528000E-2	0.000000E+0	3.298160E+5
1.530000E-2	0.000000E+0	3.290230E+5
1.532000E-2	0.000000E+0	3.300650E+5
1.534000E-2	0.000000E+0	3.304520E+5
1.536000E-2	0.000000E+0	3.301050E+5
1.538000E-2	0.000000E+0	3.313040E+5
1.540000E-2	0.000000E+0	3.307100E+5
1.542000E-2	0.000000E+0	3.309680E+5
1.544000E-2	0.000000E+0	3.304050E+5
1.546000E-2	0.000000E+0	3.304540E+5
1.548000E-2	0.000000E+0	3.308140E+5
1.550000E-2	0.000000E+0	3.302350E+5
1.552000E-2	0.000000E+0	3.314060E+5
1.554000E-2	0.000000E+0	3.303020E+5
1.556000E-2	0.000000E+0	3.286940E+5
1.558000E-2	0.000000E+0	3.282940E+5
1.560000E-2	0.000000E+0	3.284750E+5
1.562000E-2	0.000000E+0	3.272800E+5
1.564000E-2	0.000000E+0	3.263940E+5
1.566000E-2	0.000000E+0	3.257730E+5
1.568000E-2	0.000000E+0	3.253060E+5
1.570000E-2	0.000000E+0	3.250690E+5
1.572000E-2	0.000000E+0	3.241800E+5
1.574000E-2	0.000000E+0	3.240420E+5
1.576000E-2	0.000000E+0	3.235190E+5
1.578000E-2	0.000000E+0	3.212050E+5
1.580000E-2	0.000000E+0	3.227190E+5
1.582000E-2	0.000000E+0	3.233180E+5
1.584000E-2	0.000000E+0	3.240780E+5
1.586000E-2	0.000000E+0	3.253340E+5
1.588000E-2	0.000000E+0	3.270850E+5
1.590000E-2	0.000000E+0	3.274030E+5
1.592000E-2	0.000000E+0	3.283280E+5
1.594000E-2	0.000000E+0	3.282870E+5
1.596000E-2	0.000000E+0	3.295160E+5
1.598000E-2	0.000000E+0	3.309390E+5
1.600000E-2	0.000000E+0	3.320030E+5
1.602000E-2	0.000000E+0	3.313820E+5
1.604000E-2	0.000000E+0	3.307100E+5
1.606000E-2	0.000000E+0	3.305530E+5
1.608000E-2	0.000000E+0	3.308610E+5
1.610000E-2	0.000000E+0	3.314650E+5
1.612000E-2	0.000000E+0	3.315180E+5
1.614000E-2	0.000000E+0	3.318000E+5
1.616000E-2	0.000000E+0	3.322590E+5
1.618000E-2	0.000000E+0	3.312410E+5
1.620000E-2	0.000000E+0	3.311710E+5
1.622000E-2	0.000000E+0	3.312670E+5
1.624000E-2	0.000000E+0	3.312390E+5
1.626000E-2	0.000000E+0	3.315640E+5
1.628000E-2	0.000000E+0	3.326080E+5
1.630000E-2	0.000000E+0	3.313210E+5
1.632000E-2	0.000000E+0	3.318900E+5
1.634000E-2	0.000000E+0	3.321810E+5
1.636000E-2	0.000000E+0	3.327880E+5
1.638000E-2	0.000000E+0	3.317600E+5
1.640000E-2	0.000000E+0	3.316250E+5
1.642000E-2	0.000000E+0	3.316050E+5
1.644000E-2	0.000000E+0	3.311490E+5
1.646000E-2	0.000000E+0	3.316510E+5
1.648000E-2	0.000000E+0	3.307030E+5
1.650000E-2	0.000000E+0	3.314670E+5
1.652000E-2	0.000000E+0	3.322710E+5
1.654000E-2	0.000000E+0	3.315000E+5
1.656000E-2	0.000000E+0	3.313400E+5
1.658000E-2	0.000000E+0	3.317500E+5
1.660000E-2	0.000000E+0	3.320130E+5
1.662000E-2	0.000000E+0	3.312800E+5
1.664000E-2	0.000000E+0	3.318060E+5
1.666000E-2	0.000000E+0	3.317230E+5
1.668000E-2	0.000000E+0	3.308780E+5
1.670000E-2	0.000000E+0	3.312420E+5
1.672000E-2	0.000000E+0	3.321420E+5
1.674000E-2	0.000000E+0	3.309760E+5
1.676000E-2	0.000000E+0	3.309830E+5
1.678000E-2	0.000000E+0	3.304320E+5
1.680000E-2	0.000000E+0	3.317670E+5
1.682000E-2	0.000000E+0	3.312730E+5
1.684000E-2	0.000000E+0	3.319960E+5
1.686000E-2	0.000000E+0	3.322550E+5
1.688000E-2	0.000000E+0	3.314300E+5
1.690000E-2	0.000000E+0	3.313570E+5
1.692000E-2	0.000000E+0	3.316480E+5
1.694000E-2	0.000000E+0	3.311610E+5
1.696000E-2	0.000000E+0	3.303990E+5
1.698000E-2	0.000000E+0	3.308450E+5
1.700000E-2	0.000000E+0	3.314440E+5
1.702000E-2	0.000000E+0	3.320100E+5
1.704000E-2	0.000000E+0	3.321570E+5
1.706000E-2	0.000000E+0	3.331340E+5
1.708000E-2	0.000000E+0	3.312840E+5
1.710000E-2	0.000000E+0	3.316100E+5
1.712000E-2	0.000000E+0	3.313670E+5
1.714000E-2	0.000000E+0	3.312810E+5
1.716000E-2	0.000000E+0	3.318350E+5
1.718000E-2	0.000000E+0	3.311770E+5
1.720000E-2	0.000000E+0	3.322760E+5
1.722000E-2	0.000000E+0	3.322310E+5
1.724000E-2	0.000000E+0	3.312790E+5
1.726000E-2	0.000000E+0	3.312240E+5
1.728000E-2	0.000000E+0	3.314090E+5
1.730000E-2	0.000000E+0	3.314370E+5
1.732000E-2	0.000000E+0	3.308470E+5
1.734000E-2	0.000000E+0	3.314510E+5
1.736000E-2	0.000000E+0	3.324480E+5
1.738000E-2	0.000000E+0	3.323220E+5
1.740000E-2	0.000000E+0	3.315040E+5
1.742000E-2	0.000000E+0	3.302860E+5
1.744000E-2	0.000000E+0	3.316500E+5
1.746000E-2	0.000000E+0	3.315410E+5
1.748000E-2	0.000000E+0	3.316410E+5
1.750000E-2	0.000000E+0	3.315640E+5
1.752000E-2	0.000000E+0	3.320200E+5
1.754000E-2	0.000000E+0	3.305560E+5
1.756000E-2	0.000000E+0	3.308690E+5
1.758000E-2	0.000000E+0	3.325110E+5
1.760000E-2	0.000000E+0	3.316330E+5
1.762000E-2	0.000000E+0	3.320170E+5
1.764000E-2	0.000000E+0	3.324840E+5
1.766000E-2	0.000000E+0	3.318570E+5
1.768000E-2	0.000000E+0	3.321150E+5
1.770000E-2	0.000000E+0	3.313780E+5
1.772000E-2	0.000000E+0	3.326870E+5
1.774000E-2	0.000000E+0	3.316900E+5
1.776000E-2	0.000000E+0	3.310520E+5
1.778000E-2	0.000000E+0	3.321000E+5
1.780000E-2	0.000000E+0	3.313710E+5
1.782000E-2	0.000000E+0	3.317030E+5
1.784000E-2	0.000000E+0	3.310850E+5
1.786000E-2	0.000000E+0	3.317630E+5
1.788000E-2	0.000000E+0	3.313130E+5
1.790000E-2	0.000000E+0	3.317010E+5
1.792000E-2	0.000000E+0	3.307920E+5
1.794000E-2	0.000000E+0	3.318950E+5
1.796000E-2	0.000000E+0	3.318990E+5
1.798000E-2	0.000000E+0	3.322350E+5
1.800000E-2	0.000000E+0	3.311730E+5
1.802000E-2	0.000000E+0	3.314990E+5
1.804000E-2	0.000000E+0	3.310050E+5
1.806000E-2	0.000000E+0	3.313310E+5
1.808000E-2	0.000000E+0	3.313080E+5
1.810000E-2	0.000000E+0	3.324240E+5
1.812000E-2	0.000000E+0	3.322570E+5
1.814000E-2	0.000000E+0	3.323700E+5
1.816000E-2	0.000000E+0	3.322730E+5
1.818000E-2	0.000000E+0	3.312650E+5
1.820000E-2	0.000000E+0	3.328290E+5
1.822000E-2	0.000000E+0	3.308360E+5
1.824000E-2	0.000000E+0	3.318220E+5
1.826000E-2	0.000000E+0	3.322240E+5
1.828000E-2	0.000000E+0	3.313990E+5
1.830000E-2	0.000000E+0	3.310020E+5
1.832000E-2	0.000000E+0	3.312990E+5
1.834000E-2	0.000000E+0	3.308240E+5
1.836000E-2	0.000000E+0	3.323580E+5
1.838000E-2	0.000000E+0	3.313960E+5
1.840000E-2	0.000000E+0	3.311830E+5
1.842000E-2	0.000000E+0	3.316070E+5
1.844000E-2	0.000000E+0	3.312160E+5
1.846000E-2	0.000000E+0	3.307040E+5
1.848000E-2	0.000000E+0	3.324530E+5
1.850000E-2	0.000000E+0	3.320640E+5
1.852000E-2	0.000000E+0	3.324320E+5
1.854000E-2	0.000000E+0	3.325780E+5
1.856000E-2	0.000000E+0	3.309460E+5
1.858000E-2	0.000000E+0	3.314070E+5
1.860000E-2	0.000000E+0	3.322490E+5
1.862000E-2	0.000000E+0	3.314050E+5
1.864000E-2	0.000000E+0	3.307530E+5
1.866000E-2	0.000000E+0	3.317690E+5
1.868000E-2	0.000000E+0	3.310920E+5
1.870000E-2	0.000000E+0	3.316250E+5
1.872000E-2	0.000000E+0	3.324360E+5
1.874000E-2	0.000000E+0	3.304570E+5
1.876000E-2	0.000000E+0	3.314450E+5
1.878000E-2	0.000000E+0	3.313220E+5
1.880000E-2	0.000000E+0	3.313950E+5
1.882000E-2	0.000000E+0	3.315510E+5
1.884000E-2	0.000000E+0	3.317360E+5
1.886000E-2	0.000000E+0	3.321500E+5
1.888000E-2	0.000000E+0	3.309640E+5
1.890000E-2	0.000000E+0	3.312950E+5
1.892000E-2	0.000000E+0	3.326200E+5
1.894000E-2	0.000000E+0	3.315670E+5
1.896000E-2	0.000000E+0	3.319010E+5
1.898000E-2	0.000000E+0	3.317570E+5
1.900000E-2	0.000000E+0	3.311220E+5
1.902000E-2	0.000000E+0	3.312570E+5
1.904000E-2	0.000000E+0	3.318810E+5
1.906000E-2	0.000000E+0	3.319110E+5
1.908000E-2	0.000000E+0	3.317520E+5
1.910000E-2	0.000000E+0	3.305580E+5
1.912000E-2	0.000000E+0	3.312590E+5
1.914000E-2	0.000000E+0	3.315210E+5
1.916000E-2	0.000000E+0	3.308050E+5
1.918000E-2	0.000000E+0	3.310010E+5
1.920000E-2	0.000000E+0	3.320490E+5
1.922000E-2	0.000000E+0	3.313140E+5
1.924000E-2	0.000000E+0	3.315890E+5
1.926000E-2	0.000000E+0	3.320010E+5
1.928000E-2	0.000000E+0	3.324810E+5
1.930000E-2	0.000000E+0	3.315270E+5
1.932000E-2	0.000000E+0	3.313070E+5
1.934000E-2	0.000000E+0	3.313820E+5
1.936000E-2	0.000000E+0	3.311010E+5
1.938000E-2	0.000000E+0	3.320640E+5
1.940000E-2	0.000000E+0	3.311040E+5
1.942000E-2	0.000000E+0	3.329290E+5
1.944000E-2	0.000000E+0	3.323360E+5
1.946000E-2	0.000000E+0	3.308200E+5
1.948000E-2	0.000000E+0	3.319610E+5
1.950000E-2	0.000000E+0	3.315340E+5
1.952000E-2	0.000000E+0	3.322320E+5
1.954000E-2	0.000000E+0	3.316370E+5
1.956000E-2	0.000000E+0	3.320340E+5
1.958000E-2	0.000000E+0	3.317060E+5
1.960000E-2	0.000000E+0	3.318250E+5
1.962000E-2	0.000000E+0	3.310530E+5
1.964000E-2	0.000000E+0	3.323340E+5
1.966000E-2	0.000000E+0	3.319970E+5
1.968000E-2	0.000000E+0	3.313310E+5
1.970000E-2	0.000000E+0	3.316180E+5
1.972000E-2	0.000000E+0	3.318690E+5
1.974000E-2	0.000000E+0	3.316940E+5
1.976000E-2	0.000000E+0	3.305620E+5
1.978000E-2	0.000000E+0	3.310920E+5
1.980000E-2	0.000000E+0	3.320260E+5
1.982000E-2	0.000000E+0	3.316640E+5
1.984000E-2	0.000000E+0	3.316730E+5
1.986000E-2	0.000000E+0	3.308350E+5
1.988000E-2	0.000000E+0	3.305570E+5
1.990000E-2	0.000000E+0	3.312460E+5
1.992000E-2	0.000000E+0	3.311460E+5
1.994000E-2	0.000000E+0	3.325030E+5
1.996000E-2	0.000000E+0	3.308550E+5
1.998000E-2	0.000000E+0	3.319300E+5
