

live time:  64342.700000
real time:  90001.374000
sweeps:  3217135.000000
0.000000E+0	0.000000E+0	0.000000E+0
2.000000E-5	0.000000E+0	1.410850E+5
4.000000E-5	0.000000E+0	1.419770E+5
6.000000E-5	0.000000E+0	1.411820E+5
8.000000E-5	0.000000E+0	1.417070E+5
1.000000E-4	0.000000E+0	1.411550E+5
1.200000E-4	0.000000E+0	1.412870E+5
1.400000E-4	0.000000E+0	1.410630E+5
1.600000E-4	0.000000E+0	1.416600E+5
1.800000E-4	0.000000E+0	1.416310E+5
2.000000E-4	0.000000E+0	1.413830E+5
2.200000E-4	0.000000E+0	1.411090E+5
2.400000E-4	0.000000E+0	1.409030E+5
2.600000E-4	0.000000E+0	1.408010E+5
2.800000E-4	0.000000E+0	1.413690E+5
3.000000E-4	0.000000E+0	1.417990E+5
3.200000E-4	0.000000E+0	1.416770E+5
3.400000E-4	0.000000E+0	1.412420E+5
3.600000E-4	0.000000E+0	1.410990E+5
3.800000E-4	0.000000E+0	1.405600E+5
4.000000E-4	0.000000E+0	1.411880E+5
4.200000E-4	0.000000E+0	1.416710E+5
4.400000E-4	0.000000E+0	1.408150E+5
4.600000E-4	0.000000E+0	1.416750E+5
4.800000E-4	0.000000E+0	1.407940E+5
5.000000E-4	0.000000E+0	1.414280E+5
5.200000E-4	0.000000E+0	1.414300E+5
5.400000E-4	0.000000E+0	1.411930E+5
5.600000E-4	0.000000E+0	1.404320E+5
5.800000E-4	0.000000E+0	1.413170E+5
6.000000E-4	0.000000E+0	1.413900E+5
6.200000E-4	0.000000E+0	1.407890E+5
6.400000E-4	0.000000E+0	1.417920E+5
6.600000E-4	0.000000E+0	1.410280E+5
6.800000E-4	0.000000E+0	1.411840E+5
7.000000E-4	0.000000E+0	1.413720E+5
7.200000E-4	0.000000E+0	1.416180E+5
7.400000E-4	0.000000E+0	1.412580E+5
7.600000E-4	0.000000E+0	1.410830E+5
7.800000E-4	0.000000E+0	1.406950E+5
8.000000E-4	0.000000E+0	1.413250E+5
8.200000E-4	0.000000E+0	1.418040E+5
8.400000E-4	0.000000E+0	1.411460E+5
8.600000E-4	0.000000E+0	1.411220E+5
8.800000E-4	0.000000E+0	1.407970E+5
9.000000E-4	0.000000E+0	1.415720E+5
9.200000E-4	0.000000E+0	1.410050E+5
9.400000E-4	0.000000E+0	1.412450E+5
9.600000E-4	0.000000E+0	1.407830E+5
9.800000E-4	0.000000E+0	1.418470E+5
1.000000E-3	0.000000E+0	1.414120E+5
1.020000E-3	0.000000E+0	1.409500E+5
1.040000E-3	0.000000E+0	1.411580E+5
1.060000E-3	0.000000E+0	1.406390E+5
1.080000E-3	0.000000E+0	1.413020E+5
1.100000E-3	0.000000E+0	1.410730E+5
1.120000E-3	0.000000E+0	1.413360E+5
1.140000E-3	0.000000E+0	1.410680E+5
1.160000E-3	0.000000E+0	1.404750E+5
1.180000E-3	0.000000E+0	1.410280E+5
1.200000E-3	0.000000E+0	1.414620E+5
1.220000E-3	0.000000E+0	1.418580E+5
1.240000E-3	0.000000E+0	1.412710E+5
1.260000E-3	0.000000E+0	1.408120E+5
1.280000E-3	0.000000E+0	1.419520E+5
1.300000E-3	0.000000E+0	1.405180E+5
1.320000E-3	0.000000E+0	1.417090E+5
1.340000E-3	0.000000E+0	1.410350E+5
1.360000E-3	0.000000E+0	1.407630E+5
1.380000E-3	0.000000E+0	1.415050E+5
1.400000E-3	0.000000E+0	1.412410E+5
1.420000E-3	0.000000E+0	1.415490E+5
1.440000E-3	0.000000E+0	1.407610E+5
1.460000E-3	0.000000E+0	1.402890E+5
1.480000E-3	0.000000E+0	1.414430E+5
1.500000E-3	0.000000E+0	1.414410E+5
1.520000E-3	0.000000E+0	1.414540E+5
1.540000E-3	0.000000E+0	1.417000E+5
1.560000E-3	0.000000E+0	1.406460E+5
1.580000E-3	0.000000E+0	1.409320E+5
1.600000E-3	0.000000E+0	1.410030E+5
1.620000E-3	0.000000E+0	1.408240E+5
1.640000E-3	0.000000E+0	1.410160E+5
1.660000E-3	0.000000E+0	1.419980E+5
1.680000E-3	0.000000E+0	1.411090E+5
1.700000E-3	0.000000E+0	1.412610E+5
1.720000E-3	0.000000E+0	1.418290E+5
1.740000E-3	0.000000E+0	1.420670E+5
1.760000E-3	0.000000E+0	1.421320E+5
1.780000E-3	0.000000E+0	1.419560E+5
1.800000E-3	0.000000E+0	1.420880E+5
1.820000E-3	0.000000E+0	1.407810E+5
1.840000E-3	0.000000E+0	1.412940E+5
1.860000E-3	0.000000E+0	1.415880E+5
1.880000E-3	0.000000E+0	1.414470E+5
1.900000E-3	0.000000E+0	1.412640E+5
1.920000E-3	0.000000E+0	1.412640E+5
1.940000E-3	0.000000E+0	1.409690E+5
1.960000E-3	0.000000E+0	1.415190E+5
1.980000E-3	0.000000E+0	1.420000E+5
2.000000E-3	0.000000E+0	1.412020E+5
2.020000E-3	0.000000E+0	1.412940E+5
2.040000E-3	0.000000E+0	1.411170E+5
2.060000E-3	0.000000E+0	1.417340E+5
2.080000E-3	0.000000E+0	1.412820E+5
2.100000E-3	0.000000E+0	1.419160E+5
2.120000E-3	0.000000E+0	1.412770E+5
2.140000E-3	0.000000E+0	1.413180E+5
2.160000E-3	0.000000E+0	1.410430E+5
2.180000E-3	0.000000E+0	1.416520E+5
2.200000E-3	0.000000E+0	1.419420E+5
2.220000E-3	0.000000E+0	1.414600E+5
2.240000E-3	0.000000E+0	1.415440E+5
2.260000E-3	0.000000E+0	1.416010E+5
2.280000E-3	0.000000E+0	1.412750E+5
2.300000E-3	0.000000E+0	1.416000E+5
2.320000E-3	0.000000E+0	1.411010E+5
2.340000E-3	0.000000E+0	1.415090E+5
2.360000E-3	0.000000E+0	1.411760E+5
2.380000E-3	0.000000E+0	1.417220E+5
2.400000E-3	0.000000E+0	1.411130E+5
2.420000E-3	0.000000E+0	1.411240E+5
2.440000E-3	0.000000E+0	1.402910E+5
2.460000E-3	0.000000E+0	1.408330E+5
2.480000E-3	0.000000E+0	1.418850E+5
2.500000E-3	0.000000E+0	1.415270E+5
2.520000E-3	0.000000E+0	1.414070E+5
2.540000E-3	0.000000E+0	1.411050E+5
2.560000E-3	0.000000E+0	1.413120E+5
2.580000E-3	0.000000E+0	1.407980E+5
2.600000E-3	0.000000E+0	1.417060E+5
2.620000E-3	0.000000E+0	1.409370E+5
2.640000E-3	0.000000E+0	1.410370E+5
2.660000E-3	0.000000E+0	1.415710E+5
2.680000E-3	0.000000E+0	1.412980E+5
2.700000E-3	0.000000E+0	1.415380E+5
2.720000E-3	0.000000E+0	1.414290E+5
2.740000E-3	0.000000E+0	1.420790E+5
2.760000E-3	0.000000E+0	1.414740E+5
2.780000E-3	0.000000E+0	1.414200E+5
2.800000E-3	0.000000E+0	1.410130E+5
2.820000E-3	0.000000E+0	1.414660E+5
2.840000E-3	0.000000E+0	1.409690E+5
2.860000E-3	0.000000E+0	1.416580E+5
2.880000E-3	0.000000E+0	1.416010E+5
2.900000E-3	0.000000E+0	1.415080E+5
2.920000E-3	0.000000E+0	1.413360E+5
2.940000E-3	0.000000E+0	1.414900E+5
2.960000E-3	0.000000E+0	1.417720E+5
2.980000E-3	0.000000E+0	1.411250E+5
3.000000E-3	0.000000E+0	1.412550E+5
3.020000E-3	0.000000E+0	1.412510E+5
3.040000E-3	0.000000E+0	1.414120E+5
3.060000E-3	0.000000E+0	1.419300E+5
3.080000E-3	0.000000E+0	1.416310E+5
3.100000E-3	0.000000E+0	1.407580E+5
3.120000E-3	0.000000E+0	1.412740E+5
3.140000E-3	0.000000E+0	1.415790E+5
3.160000E-3	0.000000E+0	1.416030E+5
3.180000E-3	0.000000E+0	1.418110E+5
3.200000E-3	0.000000E+0	1.415910E+5
3.220000E-3	0.000000E+0	1.413440E+5
3.240000E-3	0.000000E+0	1.407800E+5
3.260000E-3	0.000000E+0	1.417890E+5
3.280000E-3	0.000000E+0	1.410670E+5
3.300000E-3	0.000000E+0	1.409550E+5
3.320000E-3	0.000000E+0	1.414900E+5
3.340000E-3	0.000000E+0	1.412770E+5
3.360000E-3	0.000000E+0	1.413740E+5
3.380000E-3	0.000000E+0	1.408550E+5
3.400000E-3	0.000000E+0	1.414870E+5
3.420000E-3	0.000000E+0	1.413450E+5
3.440000E-3	0.000000E+0	1.409730E+5
3.460000E-3	0.000000E+0	1.417660E+5
3.480000E-3	0.000000E+0	1.413210E+5
3.500000E-3	0.000000E+0	1.419990E+5
3.520000E-3	0.000000E+0	1.411780E+5
3.540000E-3	0.000000E+0	1.408350E+5
3.560000E-3	0.000000E+0	1.407040E+5
3.580000E-3	0.000000E+0	1.412860E+5
3.600000E-3	0.000000E+0	1.412870E+5
3.620000E-3	0.000000E+0	1.400510E+5
3.640000E-3	0.000000E+0	1.413600E+5
3.660000E-3	0.000000E+0	1.411870E+5
3.680000E-3	0.000000E+0	1.409450E+5
3.700000E-3	0.000000E+0	1.410110E+5
3.720000E-3	0.000000E+0	1.415460E+5
3.740000E-3	0.000000E+0	1.414050E+5
3.760000E-3	0.000000E+0	1.415890E+5
3.780000E-3	0.000000E+0	1.413260E+5
3.800000E-3	0.000000E+0	1.410990E+5
3.820000E-3	0.000000E+0	1.407280E+5
3.840000E-3	0.000000E+0	1.415200E+5
3.860000E-3	0.000000E+0	1.408720E+5
3.880000E-3	0.000000E+0	1.409900E+5
3.900000E-3	0.000000E+0	1.413380E+5
3.920000E-3	0.000000E+0	1.421220E+5
3.940000E-3	0.000000E+0	1.421590E+5
3.960000E-3	0.000000E+0	1.412320E+5
3.980000E-3	0.000000E+0	1.412330E+5
4.000000E-3	0.000000E+0	1.418830E+5
4.020000E-3	0.000000E+0	1.411210E+5
4.040000E-3	0.000000E+0	1.408050E+5
4.060000E-3	0.000000E+0	1.413880E+5
4.080000E-3	0.000000E+0	1.414570E+5
4.100000E-3	0.000000E+0	1.413520E+5
4.120000E-3	0.000000E+0	1.414910E+5
4.140000E-3	0.000000E+0	1.415280E+5
4.160000E-3	0.000000E+0	1.416630E+5
4.180000E-3	0.000000E+0	1.406110E+5
4.200000E-3	0.000000E+0	1.404990E+5
4.220000E-3	0.000000E+0	1.404890E+5
4.240000E-3	0.000000E+0	1.415100E+5
4.260000E-3	0.000000E+0	1.408680E+5
4.280000E-3	0.000000E+0	1.413300E+5
4.300000E-3	0.000000E+0	1.415390E+5
4.320000E-3	0.000000E+0	1.410150E+5
4.340000E-3	0.000000E+0	1.412830E+5
4.360000E-3	0.000000E+0	1.414950E+5
4.380000E-3	0.000000E+0	1.405660E+5
4.400000E-3	0.000000E+0	1.420110E+5
4.420000E-3	0.000000E+0	1.414740E+5
4.440000E-3	0.000000E+0	1.409420E+5
4.460000E-3	0.000000E+0	1.412280E+5
4.480000E-3	0.000000E+0	1.406400E+5
4.500000E-3	0.000000E+0	1.405360E+5
4.520000E-3	0.000000E+0	1.410070E+5
4.540000E-3	0.000000E+0	1.415030E+5
4.560000E-3	0.000000E+0	1.408520E+5
4.580000E-3	0.000000E+0	1.411250E+5
4.600000E-3	0.000000E+0	1.406980E+5
4.620000E-3	0.000000E+0	1.409060E+5
4.640000E-3	0.000000E+0	1.409350E+5
4.660000E-3	0.000000E+0	1.411100E+5
4.680000E-3	0.000000E+0	1.416080E+5
4.700000E-3	0.000000E+0	1.414210E+5
4.720000E-3	0.000000E+0	1.414240E+5
4.740000E-3	0.000000E+0	1.399330E+5
4.760000E-3	0.000000E+0	1.414920E+5
4.780000E-3	0.000000E+0	1.407540E+5
4.800000E-3	0.000000E+0	1.412510E+5
4.820000E-3	0.000000E+0	1.407480E+5
4.840000E-3	0.000000E+0	1.414420E+5
4.860000E-3	0.000000E+0	1.411320E+5
4.880000E-3	0.000000E+0	1.405860E+5
4.900000E-3	0.000000E+0	1.403020E+5
4.920000E-3	0.000000E+0	1.399200E+5
4.940000E-3	0.000000E+0	1.397050E+5
4.960000E-3	0.000000E+0	1.393610E+5
4.980000E-3	0.000000E+0	1.392060E+5
5.000000E-3	0.000000E+0	1.389500E+5
5.020000E-3	0.000000E+0	1.390180E+5
5.040000E-3	0.000000E+0	1.381090E+5
5.060000E-3	0.000000E+0	1.375700E+5
5.080000E-3	0.000000E+0	1.371050E+5
5.100000E-3	0.000000E+0	1.367700E+5
5.120000E-3	0.000000E+0	1.368900E+5
5.140000E-3	0.000000E+0	1.374050E+5
5.160000E-3	0.000000E+0	1.375640E+5
5.180000E-3	0.000000E+0	1.380550E+5
5.200000E-3	0.000000E+0	1.384280E+5
5.220000E-3	0.000000E+0	1.391680E+5
5.240000E-3	0.000000E+0	1.393220E+5
5.260000E-3	0.000000E+0	1.402830E+5
5.280000E-3	0.000000E+0	1.394660E+5
5.300000E-3	0.000000E+0	1.401520E+5
5.320000E-3	0.000000E+0	1.402270E+5
5.340000E-3	0.000000E+0	1.409510E+5
5.360000E-3	0.000000E+0	1.408920E+5
5.380000E-3	0.000000E+0	1.411810E+5
5.400000E-3	0.000000E+0	1.414550E+5
5.420000E-3	0.000000E+0	1.410910E+5
5.440000E-3	0.000000E+0	1.402020E+5
5.460000E-3	0.000000E+0	1.406970E+5
5.480000E-3	0.000000E+0	1.408950E+5
5.500000E-3	0.000000E+0	1.406150E+5
5.520000E-3	0.000000E+0	1.405570E+5
5.540000E-3	0.000000E+0	1.409880E+5
5.560000E-3	0.000000E+0	1.403550E+5
5.580000E-3	0.000000E+0	1.401010E+5
5.600000E-3	0.000000E+0	1.388200E+5
5.620000E-3	0.000000E+0	1.387350E+5
5.640000E-3	0.000000E+0	1.385400E+5
5.660000E-3	0.000000E+0	1.390280E+5
5.680000E-3	0.000000E+0	1.391270E+5
5.700000E-3	0.000000E+0	1.385390E+5
5.720000E-3	0.000000E+0	1.377060E+5
5.740000E-3	0.000000E+0	1.369220E+5
5.760000E-3	0.000000E+0	1.368720E+5
5.780000E-3	0.000000E+0	1.377380E+5
5.800000E-3	0.000000E+0	1.377620E+5
5.820000E-3	0.000000E+0	1.384030E+5
5.840000E-3	0.000000E+0	1.387310E+5
5.860000E-3	0.000000E+0	1.388720E+5
5.880000E-3	0.000000E+0	1.396240E+5
5.900000E-3	0.000000E+0	1.400750E+5
5.920000E-3	0.000000E+0	1.406480E+5
5.940000E-3	0.000000E+0	1.397500E+5
5.960000E-3	0.000000E+0	1.405400E+5
5.980000E-3	0.000000E+0	1.411160E+5
6.000000E-3	0.000000E+0	1.409500E+5
6.020000E-3	0.000000E+0	1.413840E+5
6.040000E-3	0.000000E+0	1.414780E+5
6.060000E-3	0.000000E+0	1.409580E+5
6.080000E-3	0.000000E+0	1.409570E+5
6.100000E-3	0.000000E+0	1.409600E+5
6.120000E-3	0.000000E+0	1.410180E+5
6.140000E-3	0.000000E+0	1.407410E+5
6.160000E-3	0.000000E+0	1.408400E+5
6.180000E-3	0.000000E+0	1.410290E+5
6.200000E-3	0.000000E+0	1.412690E+5
6.220000E-3	0.000000E+0	1.412230E+5
6.240000E-3	0.000000E+0	1.405550E+5
6.260000E-3	0.000000E+0	1.411760E+5
6.280000E-3	0.000000E+0	1.416640E+5
6.300000E-3	0.000000E+0	1.408940E+5
6.320000E-3	0.000000E+0	1.413150E+5
6.340000E-3	0.000000E+0	1.414430E+5
6.360000E-3	0.000000E+0	1.404800E+5
6.380000E-3	0.000000E+0	1.411040E+5
6.400000E-3	0.000000E+0	1.407710E+5
6.420000E-3	0.000000E+0	1.411450E+5
6.440000E-3	0.000000E+0	1.418020E+5
6.460000E-3	0.000000E+0	1.413660E+5
6.480000E-3	0.000000E+0	1.409790E+5
6.500000E-3	0.000000E+0	1.408440E+5
6.520000E-3	0.000000E+0	1.413920E+5
6.540000E-3	0.000000E+0	1.409750E+5
6.560000E-3	0.000000E+0	1.416770E+5
6.580000E-3	0.000000E+0	1.413100E+5
6.600000E-3	0.000000E+0	1.420000E+5
6.620000E-3	0.000000E+0	1.411470E+5
6.640000E-3	0.000000E+0	1.407820E+5
6.660000E-3	0.000000E+0	1.406130E+5
6.680000E-3	0.000000E+0	1.415680E+5
6.700000E-3	0.000000E+0	1.409940E+5
6.720000E-3	0.000000E+0	1.411740E+5
6.740000E-3	0.000000E+0	1.413730E+5
6.760000E-3	0.000000E+0	1.419700E+5
6.780000E-3	0.000000E+0	1.407500E+5
6.800000E-3	0.000000E+0	1.414390E+5
6.820000E-3	0.000000E+0	1.409850E+5
6.840000E-3	0.000000E+0	1.411190E+5
6.860000E-3	0.000000E+0	1.411410E+5
6.880000E-3	0.000000E+0	1.415950E+5
6.900000E-3	0.000000E+0	1.409620E+5
6.920000E-3	0.000000E+0	1.413790E+5
6.940000E-3	0.000000E+0	1.410630E+5
6.960000E-3	0.000000E+0	1.411050E+5
6.980000E-3	0.000000E+0	1.412750E+5
7.000000E-3	0.000000E+0	1.413250E+5
7.020000E-3	0.000000E+0	1.407240E+5
7.040000E-3	0.000000E+0	1.408160E+5
7.060000E-3	0.000000E+0	1.410690E+5
7.080000E-3	0.000000E+0	1.412580E+5
7.100000E-3	0.000000E+0	1.416200E+5
7.120000E-3	0.000000E+0	1.414270E+5
7.140000E-3	0.000000E+0	1.415540E+5
7.160000E-3	0.000000E+0	1.414060E+5
7.180000E-3	0.000000E+0	1.409110E+5
7.200000E-3	0.000000E+0	1.410820E+5
7.220000E-3	0.000000E+0	1.412900E+5
7.240000E-3	0.000000E+0	1.412860E+5
7.260000E-3	0.000000E+0	1.408600E+5
7.280000E-3	0.000000E+0	1.409720E+5
7.300000E-3	0.000000E+0	1.413590E+5
7.320000E-3	0.000000E+0	1.420140E+5
7.340000E-3	0.000000E+0	1.415500E+5
7.360000E-3	0.000000E+0	1.411560E+5
7.380000E-3	0.000000E+0	1.414420E+5
7.400000E-3	0.000000E+0	1.409920E+5
7.420000E-3	0.000000E+0	1.409430E+5
7.440000E-3	0.000000E+0	1.415900E+5
7.460000E-3	0.000000E+0	1.416930E+5
7.480000E-3	0.000000E+0	1.410340E+5
7.500000E-3	0.000000E+0	1.416890E+5
7.520000E-3	0.000000E+0	1.417740E+5
7.540000E-3	0.000000E+0	1.416100E+5
7.560000E-3	0.000000E+0	1.417240E+5
7.580000E-3	0.000000E+0	1.411830E+5
7.600000E-3	0.000000E+0	1.410850E+5
7.620000E-3	0.000000E+0	1.413430E+5
7.640000E-3	0.000000E+0	1.422360E+5
7.660000E-3	0.000000E+0	1.411060E+5
7.680000E-3	0.000000E+0	1.413230E+5
7.700000E-3	0.000000E+0	1.406360E+5
7.720000E-3	0.000000E+0	1.414920E+5
7.740000E-3	0.000000E+0	1.411150E+5
7.760000E-3	0.000000E+0	1.405600E+5
7.780000E-3	0.000000E+0	1.419110E+5
7.800000E-3	0.000000E+0	1.413740E+5
7.820000E-3	0.000000E+0	1.410570E+5
7.840000E-3	0.000000E+0	1.417430E+5
7.860000E-3	0.000000E+0	1.412760E+5
7.880000E-3	0.000000E+0	1.415590E+5
7.900000E-3	0.000000E+0	1.413400E+5
7.920000E-3	0.000000E+0	1.407990E+5
7.940000E-3	0.000000E+0	1.414800E+5
7.960000E-3	0.000000E+0	1.416240E+5
7.980000E-3	0.000000E+0	1.414680E+5
8.000000E-3	0.000000E+0	1.417050E+5
8.020000E-3	0.000000E+0	1.418500E+5
8.040000E-3	0.000000E+0	1.406120E+5
8.060000E-3	0.000000E+0	1.413740E+5
8.080000E-3	0.000000E+0	1.411990E+5
8.100000E-3	0.000000E+0	1.410090E+5
8.120000E-3	0.000000E+0	1.419310E+5
8.140000E-3	0.000000E+0	1.408050E+5
8.160000E-3	0.000000E+0	1.417100E+5
8.180000E-3	0.000000E+0	1.410950E+5
8.200000E-3	0.000000E+0	1.411090E+5
8.220000E-3	0.000000E+0	1.408040E+5
8.240000E-3	0.000000E+0	1.411170E+5
8.260000E-3	0.000000E+0	1.420740E+5
8.280000E-3	0.000000E+0	1.409180E+5
8.300000E-3	0.000000E+0	1.417390E+5
8.320000E-3	0.000000E+0	1.411340E+5
8.340000E-3	0.000000E+0	1.413470E+5
8.360000E-3	0.000000E+0	1.410040E+5
8.380000E-3	0.000000E+0	1.405940E+5
8.400000E-3	0.000000E+0	1.411170E+5
8.420000E-3	0.000000E+0	1.414040E+5
8.440000E-3	0.000000E+0	1.417010E+5
8.460000E-3	0.000000E+0	1.414680E+5
8.480000E-3	0.000000E+0	1.418370E+5
8.500000E-3	0.000000E+0	1.403970E+5
8.520000E-3	0.000000E+0	1.413190E+5
8.540000E-3	0.000000E+0	1.413100E+5
8.560000E-3	0.000000E+0	1.410030E+5
8.580000E-3	0.000000E+0	1.420790E+5
8.600000E-3	0.000000E+0	1.407940E+5
8.620000E-3	0.000000E+0	1.415900E+5
8.640000E-3	0.000000E+0	1.414740E+5
8.660000E-3	0.000000E+0	1.411530E+5
8.680000E-3	0.000000E+0	1.417370E+5
8.700000E-3	0.000000E+0	1.409440E+5
8.720000E-3	0.000000E+0	1.414820E+5
8.740000E-3	0.000000E+0	1.408310E+5
8.760000E-3	0.000000E+0	1.418660E+5
8.780000E-3	0.000000E+0	1.417170E+5
8.800000E-3	0.000000E+0	1.416670E+5
8.820000E-3	0.000000E+0	1.415610E+5
8.840000E-3	0.000000E+0	1.412260E+5
8.860000E-3	0.000000E+0	1.417970E+5
8.880000E-3	0.000000E+0	1.411560E+5
8.900000E-3	0.000000E+0	1.416740E+5
8.920000E-3	0.000000E+0	1.406690E+5
8.940000E-3	0.000000E+0	1.409370E+5
8.960000E-3	0.000000E+0	1.422290E+5
8.980000E-3	0.000000E+0	1.407450E+5
9.000000E-3	0.000000E+0	1.408420E+5
9.020000E-3	0.000000E+0	1.413210E+5
9.040000E-3	0.000000E+0	1.414290E+5
9.060000E-3	0.000000E+0	1.421270E+5
9.080000E-3	0.000000E+0	1.413940E+5
9.100000E-3	0.000000E+0	1.417910E+5
9.120000E-3	0.000000E+0	1.413200E+5
9.140000E-3	0.000000E+0	1.412000E+5
9.160000E-3	0.000000E+0	1.415300E+5
9.180000E-3	0.000000E+0	1.412480E+5
9.200000E-3	0.000000E+0	1.417670E+5
9.220000E-3	0.000000E+0	1.413960E+5
9.240000E-3	0.000000E+0	1.415190E+5
9.260000E-3	0.000000E+0	1.417180E+5
9.280000E-3	0.000000E+0	1.416540E+5
9.300000E-3	0.000000E+0	1.416360E+5
9.320000E-3	0.000000E+0	1.410340E+5
9.340000E-3	0.000000E+0	1.413070E+5
9.360000E-3	0.000000E+0	1.408200E+5
9.380000E-3	0.000000E+0	1.417360E+5
9.400000E-3	0.000000E+0	1.416700E+5
9.420000E-3	0.000000E+0	1.418770E+5
9.440000E-3	0.000000E+0	1.414400E+5
9.460000E-3	0.000000E+0	1.420550E+5
9.480000E-3	0.000000E+0	1.409110E+5
9.500000E-3	0.000000E+0	1.411210E+5
9.520000E-3	0.000000E+0	1.417530E+5
9.540000E-3	0.000000E+0	1.407080E+5
9.560000E-3	0.000000E+0	1.414760E+5
9.580000E-3	0.000000E+0	1.414810E+5
9.600000E-3	0.000000E+0	1.416980E+5
9.620000E-3	0.000000E+0	1.402980E+5
9.640000E-3	0.000000E+0	1.415080E+5
9.660000E-3	0.000000E+0	1.417590E+5
9.680000E-3	0.000000E+0	1.406280E+5
9.700000E-3	0.000000E+0	1.418640E+5
9.720000E-3	0.000000E+0	1.410200E+5
9.740000E-3	0.000000E+0	1.411780E+5
9.760000E-3	0.000000E+0	1.403920E+5
9.780000E-3	0.000000E+0	1.413860E+5
9.800000E-3	0.000000E+0	1.413740E+5
9.820000E-3	0.000000E+0	1.413740E+5
9.840000E-3	0.000000E+0	1.411220E+5
9.860000E-3	0.000000E+0	1.412660E+5
9.880000E-3	0.000000E+0	1.419850E+5
9.900000E-3	0.000000E+0	1.413210E+5
9.920000E-3	0.000000E+0	1.407630E+5
9.940000E-3	0.000000E+0	1.406330E+5
9.960000E-3	0.000000E+0	1.411840E+5
9.980000E-3	0.000000E+0	1.417150E+5
1.000000E-2	0.000000E+0	1.408080E+5
1.002000E-2	0.000000E+0	1.411110E+5
1.004000E-2	0.000000E+0	1.414350E+5
1.006000E-2	0.000000E+0	1.416960E+5
1.008000E-2	0.000000E+0	1.412170E+5
1.010000E-2	0.000000E+0	1.412740E+5
1.012000E-2	0.000000E+0	1.413380E+5
1.014000E-2	0.000000E+0	1.420910E+5
1.016000E-2	0.000000E+0	1.413120E+5
1.018000E-2	0.000000E+0	1.420550E+5
1.020000E-2	0.000000E+0	1.413150E+5
1.022000E-2	0.000000E+0	1.416900E+5
1.024000E-2	0.000000E+0	1.411790E+5
1.026000E-2	0.000000E+0	1.423260E+5
1.028000E-2	0.000000E+0	1.410320E+5
1.030000E-2	0.000000E+0	1.415630E+5
1.032000E-2	0.000000E+0	1.415620E+5
1.034000E-2	0.000000E+0	1.415900E+5
1.036000E-2	0.000000E+0	1.411570E+5
1.038000E-2	0.000000E+0	1.416320E+5
1.040000E-2	0.000000E+0	1.414870E+5
1.042000E-2	0.000000E+0	1.416790E+5
1.044000E-2	0.000000E+0	1.412610E+5
1.046000E-2	0.000000E+0	1.413010E+5
1.048000E-2	0.000000E+0	1.416170E+5
1.050000E-2	0.000000E+0	1.409210E+5
1.052000E-2	0.000000E+0	1.417300E+5
1.054000E-2	0.000000E+0	1.419110E+5
1.056000E-2	0.000000E+0	1.415440E+5
1.058000E-2	0.000000E+0	1.414200E+5
1.060000E-2	0.000000E+0	1.411570E+5
1.062000E-2	0.000000E+0	1.408900E+5
1.064000E-2	0.000000E+0	1.418390E+5
1.066000E-2	0.000000E+0	1.416880E+5
1.068000E-2	0.000000E+0	1.418780E+5
1.070000E-2	0.000000E+0	1.412110E+5
1.072000E-2	0.000000E+0	1.412750E+5
1.074000E-2	0.000000E+0	1.418110E+5
1.076000E-2	0.000000E+0	1.422030E+5
1.078000E-2	0.000000E+0	1.418660E+5
1.080000E-2	0.000000E+0	1.414150E+5
1.082000E-2	0.000000E+0	1.419320E+5
1.084000E-2	0.000000E+0	1.409790E+5
1.086000E-2	0.000000E+0	1.413640E+5
1.088000E-2	0.000000E+0	1.413290E+5
1.090000E-2	0.000000E+0	1.410820E+5
1.092000E-2	0.000000E+0	1.415630E+5
1.094000E-2	0.000000E+0	1.410580E+5
1.096000E-2	0.000000E+0	1.414970E+5
1.098000E-2	0.000000E+0	1.413230E+5
1.100000E-2	0.000000E+0	1.418200E+5
1.102000E-2	0.000000E+0	1.412070E+5
1.104000E-2	0.000000E+0	1.417830E+5
1.106000E-2	0.000000E+0	1.413790E+5
1.108000E-2	0.000000E+0	1.412350E+5
1.110000E-2	0.000000E+0	1.413670E+5
1.112000E-2	0.000000E+0	1.416360E+5
1.114000E-2	0.000000E+0	1.418950E+5
1.116000E-2	0.000000E+0	1.406090E+5
1.118000E-2	0.000000E+0	1.416470E+5
1.120000E-2	0.000000E+0	1.415420E+5
1.122000E-2	0.000000E+0	1.422670E+5
1.124000E-2	0.000000E+0	1.415290E+5
1.126000E-2	0.000000E+0	1.407350E+5
1.128000E-2	0.000000E+0	1.408240E+5
1.130000E-2	0.000000E+0	1.408700E+5
1.132000E-2	0.000000E+0	1.417050E+5
1.134000E-2	0.000000E+0	1.413230E+5
1.136000E-2	0.000000E+0	1.422460E+5
1.138000E-2	0.000000E+0	1.412500E+5
1.140000E-2	0.000000E+0	1.420900E+5
1.142000E-2	0.000000E+0	1.411970E+5
1.144000E-2	0.000000E+0	1.411560E+5
1.146000E-2	0.000000E+0	1.415780E+5
1.148000E-2	0.000000E+0	1.416420E+5
1.150000E-2	0.000000E+0	1.418600E+5
1.152000E-2	0.000000E+0	1.411690E+5
1.154000E-2	0.000000E+0	1.411980E+5
1.156000E-2	0.000000E+0	1.415350E+5
1.158000E-2	0.000000E+0	1.409290E+5
1.160000E-2	0.000000E+0	1.415610E+5
1.162000E-2	0.000000E+0	1.415870E+5
1.164000E-2	0.000000E+0	1.420180E+5
1.166000E-2	0.000000E+0	1.419660E+5
1.168000E-2	0.000000E+0	1.419070E+5
1.170000E-2	0.000000E+0	1.421360E+5
1.172000E-2	0.000000E+0	1.408760E+5
1.174000E-2	0.000000E+0	1.414520E+5
1.176000E-2	0.000000E+0	1.414540E+5
1.178000E-2	0.000000E+0	1.407360E+5
1.180000E-2	0.000000E+0	1.417760E+5
1.182000E-2	0.000000E+0	1.408820E+5
1.184000E-2	0.000000E+0	1.410420E+5
1.186000E-2	0.000000E+0	1.416000E+5
1.188000E-2	0.000000E+0	1.410270E+5
1.190000E-2	0.000000E+0	1.408400E+5
1.192000E-2	0.000000E+0	1.410750E+5
1.194000E-2	0.000000E+0	1.418320E+5
1.196000E-2	0.000000E+0	1.412350E+5
1.198000E-2	0.000000E+0	1.408620E+5
1.200000E-2	0.000000E+0	1.415750E+5
1.202000E-2	0.000000E+0	1.418460E+5
1.204000E-2	0.000000E+0	1.416720E+5
1.206000E-2	0.000000E+0	1.412230E+5
1.208000E-2	0.000000E+0	1.419050E+5
1.210000E-2	0.000000E+0	1.412900E+5
1.212000E-2	0.000000E+0	1.413610E+5
1.214000E-2	0.000000E+0	1.407720E+5
1.216000E-2	0.000000E+0	1.406060E+5
1.218000E-2	0.000000E+0	1.419530E+5
1.220000E-2	0.000000E+0	1.406910E+5
1.222000E-2	0.000000E+0	1.410460E+5
1.224000E-2	0.000000E+0	1.415260E+5
1.226000E-2	0.000000E+0	1.414780E+5
1.228000E-2	0.000000E+0	1.414320E+5
1.230000E-2	0.000000E+0	1.417490E+5
1.232000E-2	0.000000E+0	1.414140E+5
1.234000E-2	0.000000E+0	1.416760E+5
1.236000E-2	0.000000E+0	1.412280E+5
1.238000E-2	0.000000E+0	1.413200E+5
1.240000E-2	0.000000E+0	1.420850E+5
1.242000E-2	0.000000E+0	1.417880E+5
1.244000E-2	0.000000E+0	1.414040E+5
1.246000E-2	0.000000E+0	1.410960E+5
1.248000E-2	0.000000E+0	1.419780E+5
1.250000E-2	0.000000E+0	1.409430E+5
1.252000E-2	0.000000E+0	1.417570E+5
1.254000E-2	0.000000E+0	1.414760E+5
1.256000E-2	0.000000E+0	1.411680E+5
1.258000E-2	0.000000E+0	1.415030E+5
1.260000E-2	0.000000E+0	1.416520E+5
1.262000E-2	0.000000E+0	1.408510E+5
1.264000E-2	0.000000E+0	1.408840E+5
1.266000E-2	0.000000E+0	1.419160E+5
1.268000E-2	0.000000E+0	1.415340E+5
1.270000E-2	0.000000E+0	1.417790E+5
1.272000E-2	0.000000E+0	1.416110E+5
1.274000E-2	0.000000E+0	1.407280E+5
1.276000E-2	0.000000E+0	1.421050E+5
1.278000E-2	0.000000E+0	1.413080E+5
1.280000E-2	0.000000E+0	1.407700E+5
1.282000E-2	0.000000E+0	1.414730E+5
1.284000E-2	0.000000E+0	1.413470E+5
1.286000E-2	0.000000E+0	1.421350E+5
1.288000E-2	0.000000E+0	1.418100E+5
1.290000E-2	0.000000E+0	1.415320E+5
1.292000E-2	0.000000E+0	1.414560E+5
1.294000E-2	0.000000E+0	1.410550E+5
1.296000E-2	0.000000E+0	1.416780E+5
1.298000E-2	0.000000E+0	1.414200E+5
1.300000E-2	0.000000E+0	1.416630E+5
1.302000E-2	0.000000E+0	1.418010E+5
1.304000E-2	0.000000E+0	1.418710E+5
1.306000E-2	0.000000E+0	1.410240E+5
1.308000E-2	0.000000E+0	1.414530E+5
1.310000E-2	0.000000E+0	1.418650E+5
1.312000E-2	0.000000E+0	1.415910E+5
1.314000E-2	0.000000E+0	1.420650E+5
1.316000E-2	0.000000E+0	1.409850E+5
1.318000E-2	0.000000E+0	1.414900E+5
1.320000E-2	0.000000E+0	1.419490E+5
1.322000E-2	0.000000E+0	1.416850E+5
1.324000E-2	0.000000E+0	1.412320E+5
1.326000E-2	0.000000E+0	1.418750E+5
1.328000E-2	0.000000E+0	1.419850E+5
1.330000E-2	0.000000E+0	1.413110E+5
1.332000E-2	0.000000E+0	1.417800E+5
1.334000E-2	0.000000E+0	1.417050E+5
1.336000E-2	0.000000E+0	1.417770E+5
1.338000E-2	0.000000E+0	1.417630E+5
1.340000E-2	0.000000E+0	1.410920E+5
1.342000E-2	0.000000E+0	1.412280E+5
1.344000E-2	0.000000E+0	1.412710E+5
1.346000E-2	0.000000E+0	1.406740E+5
1.348000E-2	0.000000E+0	1.417660E+5
1.350000E-2	0.000000E+0	1.415770E+5
1.352000E-2	0.000000E+0	1.415820E+5
1.354000E-2	0.000000E+0	1.417810E+5
1.356000E-2	0.000000E+0	1.419620E+5
1.358000E-2	0.000000E+0	1.415910E+5
1.360000E-2	0.000000E+0	1.408730E+5
1.362000E-2	0.000000E+0	1.417350E+5
1.364000E-2	0.000000E+0	1.409610E+5
1.366000E-2	0.000000E+0	1.414910E+5
1.368000E-2	0.000000E+0	1.422320E+5
1.370000E-2	0.000000E+0	1.416130E+5
1.372000E-2	0.000000E+0	1.410760E+5
1.374000E-2	0.000000E+0	1.408090E+5
1.376000E-2	0.000000E+0	1.407710E+5
1.378000E-2	0.000000E+0	1.406750E+5
1.380000E-2	0.000000E+0	1.418600E+5
1.382000E-2	0.000000E+0	1.413900E+5
1.384000E-2	0.000000E+0	1.416390E+5
1.386000E-2	0.000000E+0	1.413150E+5
1.388000E-2	0.000000E+0	1.411320E+5
1.390000E-2	0.000000E+0	1.415140E+5
1.392000E-2	0.000000E+0	1.420630E+5
1.394000E-2	0.000000E+0	1.417920E+5
1.396000E-2	0.000000E+0	1.414020E+5
1.398000E-2	0.000000E+0	1.417960E+5
1.400000E-2	0.000000E+0	1.424280E+5
1.402000E-2	0.000000E+0	1.407250E+5
1.404000E-2	0.000000E+0	1.419630E+5
1.406000E-2	0.000000E+0	1.411040E+5
1.408000E-2	0.000000E+0	1.413320E+5
1.410000E-2	0.000000E+0	1.410430E+5
1.412000E-2	0.000000E+0	1.413750E+5
1.414000E-2	0.000000E+0	1.412780E+5
1.416000E-2	0.000000E+0	1.417010E+5
1.418000E-2	0.000000E+0	1.410940E+5
1.420000E-2	0.000000E+0	1.414340E+5
1.422000E-2	0.000000E+0	1.416640E+5
1.424000E-2	0.000000E+0	1.407870E+5
1.426000E-2	0.000000E+0	1.409210E+5
1.428000E-2	0.000000E+0	1.417200E+5
1.430000E-2	0.000000E+0	1.412200E+5
1.432000E-2	0.000000E+0	1.417190E+5
1.434000E-2	0.000000E+0	1.409820E+5
1.436000E-2	0.000000E+0	1.416330E+5
1.438000E-2	0.000000E+0	1.416370E+5
1.440000E-2	0.000000E+0	1.419720E+5
1.442000E-2	0.000000E+0	1.413330E+5
1.444000E-2	0.000000E+0	1.408490E+5
1.446000E-2	0.000000E+0	1.416930E+5
1.448000E-2	0.000000E+0	1.413190E+5
1.450000E-2	0.000000E+0	1.410300E+5
1.452000E-2	0.000000E+0	1.416260E+5
1.454000E-2	0.000000E+0	1.411160E+5
1.456000E-2	0.000000E+0	1.418410E+5
1.458000E-2	0.000000E+0	1.410030E+5
1.460000E-2	0.000000E+0	1.415650E+5
1.462000E-2	0.000000E+0	1.408860E+5
1.464000E-2	0.000000E+0	1.410730E+5
1.466000E-2	0.000000E+0	1.411190E+5
1.468000E-2	0.000000E+0	1.415560E+5
1.470000E-2	0.000000E+0	1.413100E+5
1.472000E-2	0.000000E+0	1.411920E+5
1.474000E-2	0.000000E+0	1.410530E+5
1.476000E-2	0.000000E+0	1.422130E+5
1.478000E-2	0.000000E+0	1.420760E+5
1.480000E-2	0.000000E+0	1.408480E+5
1.482000E-2	0.000000E+0	1.412750E+5
1.484000E-2	0.000000E+0	1.413920E+5
1.486000E-2	0.000000E+0	1.409040E+5
1.488000E-2	0.000000E+0	1.414020E+5
1.490000E-2	0.000000E+0	1.411100E+5
1.492000E-2	0.000000E+0	1.415110E+5
1.494000E-2	0.000000E+0	1.405690E+5
1.496000E-2	0.000000E+0	1.397440E+5
1.498000E-2	0.000000E+0	1.400260E+5
1.500000E-2	0.000000E+0	1.393830E+5
1.502000E-2	0.000000E+0	1.394140E+5
1.504000E-2	0.000000E+0	1.390170E+5
1.506000E-2	0.000000E+0	1.394150E+5
1.508000E-2	0.000000E+0	1.391910E+5
1.510000E-2	0.000000E+0	1.381010E+5
1.512000E-2	0.000000E+0	1.372280E+5
1.514000E-2	0.000000E+0	1.371110E+5
1.516000E-2	0.000000E+0	1.375430E+5
1.518000E-2	0.000000E+0	1.377340E+5
1.520000E-2	0.000000E+0	1.383410E+5
1.522000E-2	0.000000E+0	1.384510E+5
1.524000E-2	0.000000E+0	1.393780E+5
1.526000E-2	0.000000E+0	1.399990E+5
1.528000E-2	0.000000E+0	1.404330E+5
1.530000E-2	0.000000E+0	1.399290E+5
1.532000E-2	0.000000E+0	1.405830E+5
1.534000E-2	0.000000E+0	1.410640E+5
1.536000E-2	0.000000E+0	1.406060E+5
1.538000E-2	0.000000E+0	1.413910E+5
1.540000E-2	0.000000E+0	1.411840E+5
1.542000E-2	0.000000E+0	1.413440E+5
1.544000E-2	0.000000E+0	1.406570E+5
1.546000E-2	0.000000E+0	1.413140E+5
1.548000E-2	0.000000E+0	1.411550E+5
1.550000E-2	0.000000E+0	1.408130E+5
1.552000E-2	0.000000E+0	1.414090E+5
1.554000E-2	0.000000E+0	1.411320E+5
1.556000E-2	0.000000E+0	1.409140E+5
1.558000E-2	0.000000E+0	1.405690E+5
1.560000E-2	0.000000E+0	1.406320E+5
1.562000E-2	0.000000E+0	1.394030E+5
1.564000E-2	0.000000E+0	1.395360E+5
1.566000E-2	0.000000E+0	1.386870E+5
1.568000E-2	0.000000E+0	1.382960E+5
1.570000E-2	0.000000E+0	1.386130E+5
1.572000E-2	0.000000E+0	1.385730E+5
1.574000E-2	0.000000E+0	1.385220E+5
1.576000E-2	0.000000E+0	1.381190E+5
1.578000E-2	0.000000E+0	1.366710E+5
1.580000E-2	0.000000E+0	1.375370E+5
1.582000E-2	0.000000E+0	1.375500E+5
1.584000E-2	0.000000E+0	1.386500E+5
1.586000E-2	0.000000E+0	1.383640E+5
1.588000E-2	0.000000E+0	1.389470E+5
1.590000E-2	0.000000E+0	1.390790E+5
1.592000E-2	0.000000E+0	1.402800E+5
1.594000E-2	0.000000E+0	1.399270E+5
1.596000E-2	0.000000E+0	1.402580E+5
1.598000E-2	0.000000E+0	1.409740E+5
1.600000E-2	0.000000E+0	1.415450E+5
1.602000E-2	0.000000E+0	1.414890E+5
1.604000E-2	0.000000E+0	1.410120E+5
1.606000E-2	0.000000E+0	1.409780E+5
1.608000E-2	0.000000E+0	1.415700E+5
1.610000E-2	0.000000E+0	1.411830E+5
1.612000E-2	0.000000E+0	1.414230E+5
1.614000E-2	0.000000E+0	1.420220E+5
1.616000E-2	0.000000E+0	1.415900E+5
1.618000E-2	0.000000E+0	1.411780E+5
1.620000E-2	0.000000E+0	1.412600E+5
1.622000E-2	0.000000E+0	1.412330E+5
1.624000E-2	0.000000E+0	1.410370E+5
1.626000E-2	0.000000E+0	1.415300E+5
1.628000E-2	0.000000E+0	1.418290E+5
1.630000E-2	0.000000E+0	1.417190E+5
1.632000E-2	0.000000E+0	1.415500E+5
1.634000E-2	0.000000E+0	1.413110E+5
1.636000E-2	0.000000E+0	1.419570E+5
1.638000E-2	0.000000E+0	1.411150E+5
1.640000E-2	0.000000E+0	1.414180E+5
1.642000E-2	0.000000E+0	1.413940E+5
1.644000E-2	0.000000E+0	1.413130E+5
1.646000E-2	0.000000E+0	1.415360E+5
1.648000E-2	0.000000E+0	1.410790E+5
1.650000E-2	0.000000E+0	1.415470E+5
1.652000E-2	0.000000E+0	1.417180E+5
1.654000E-2	0.000000E+0	1.411630E+5
1.656000E-2	0.000000E+0	1.412150E+5
1.658000E-2	0.000000E+0	1.415540E+5
1.660000E-2	0.000000E+0	1.417010E+5
1.662000E-2	0.000000E+0	1.411760E+5
1.664000E-2	0.000000E+0	1.414970E+5
1.666000E-2	0.000000E+0	1.419270E+5
1.668000E-2	0.000000E+0	1.410810E+5
1.670000E-2	0.000000E+0	1.413770E+5
1.672000E-2	0.000000E+0	1.421880E+5
1.674000E-2	0.000000E+0	1.412130E+5
1.676000E-2	0.000000E+0	1.412040E+5
1.678000E-2	0.000000E+0	1.411920E+5
1.680000E-2	0.000000E+0	1.415540E+5
1.682000E-2	0.000000E+0	1.411520E+5
1.684000E-2	0.000000E+0	1.413720E+5
1.686000E-2	0.000000E+0	1.416620E+5
1.688000E-2	0.000000E+0	1.413810E+5
1.690000E-2	0.000000E+0	1.411940E+5
1.692000E-2	0.000000E+0	1.413870E+5
1.694000E-2	0.000000E+0	1.417700E+5
1.696000E-2	0.000000E+0	1.413810E+5
1.698000E-2	0.000000E+0	1.414940E+5
1.700000E-2	0.000000E+0	1.415340E+5
1.702000E-2	0.000000E+0	1.418240E+5
1.704000E-2	0.000000E+0	1.412570E+5
1.706000E-2	0.000000E+0	1.418260E+5
1.708000E-2	0.000000E+0	1.408080E+5
1.710000E-2	0.000000E+0	1.414600E+5
1.712000E-2	0.000000E+0	1.418460E+5
1.714000E-2	0.000000E+0	1.413010E+5
1.716000E-2	0.000000E+0	1.412210E+5
1.718000E-2	0.000000E+0	1.407870E+5
1.720000E-2	0.000000E+0	1.418900E+5
1.722000E-2	0.000000E+0	1.420680E+5
1.724000E-2	0.000000E+0	1.404920E+5
1.726000E-2	0.000000E+0	1.412100E+5
1.728000E-2	0.000000E+0	1.414510E+5
1.730000E-2	0.000000E+0	1.412250E+5
1.732000E-2	0.000000E+0	1.413870E+5
1.734000E-2	0.000000E+0	1.410720E+5
1.736000E-2	0.000000E+0	1.419430E+5
1.738000E-2	0.000000E+0	1.420560E+5
1.740000E-2	0.000000E+0	1.415340E+5
1.742000E-2	0.000000E+0	1.406400E+5
1.744000E-2	0.000000E+0	1.412850E+5
1.746000E-2	0.000000E+0	1.409500E+5
1.748000E-2	0.000000E+0	1.412560E+5
1.750000E-2	0.000000E+0	1.417030E+5
1.752000E-2	0.000000E+0	1.415290E+5
1.754000E-2	0.000000E+0	1.407780E+5
1.756000E-2	0.000000E+0	1.407530E+5
1.758000E-2	0.000000E+0	1.418780E+5
1.760000E-2	0.000000E+0	1.414840E+5
1.762000E-2	0.000000E+0	1.414100E+5
1.764000E-2	0.000000E+0	1.416290E+5
1.766000E-2	0.000000E+0	1.415940E+5
1.768000E-2	0.000000E+0	1.411480E+5
1.770000E-2	0.000000E+0	1.417370E+5
1.772000E-2	0.000000E+0	1.422040E+5
1.774000E-2	0.000000E+0	1.412490E+5
1.776000E-2	0.000000E+0	1.407200E+5
1.778000E-2	0.000000E+0	1.420420E+5
1.780000E-2	0.000000E+0	1.413520E+5
1.782000E-2	0.000000E+0	1.413360E+5
1.784000E-2	0.000000E+0	1.408810E+5
1.786000E-2	0.000000E+0	1.415120E+5
1.788000E-2	0.000000E+0	1.415220E+5
1.790000E-2	0.000000E+0	1.418680E+5
1.792000E-2	0.000000E+0	1.409180E+5
1.794000E-2	0.000000E+0	1.415110E+5
1.796000E-2	0.000000E+0	1.410430E+5
1.798000E-2	0.000000E+0	1.417830E+5
1.800000E-2	0.000000E+0	1.408540E+5
1.802000E-2	0.000000E+0	1.414470E+5
1.804000E-2	0.000000E+0	1.406840E+5
1.806000E-2	0.000000E+0	1.408500E+5
1.808000E-2	0.000000E+0	1.412710E+5
1.810000E-2	0.000000E+0	1.418480E+5
1.812000E-2	0.000000E+0	1.421400E+5
1.814000E-2	0.000000E+0	1.418560E+5
1.816000E-2	0.000000E+0	1.413710E+5
1.818000E-2	0.000000E+0	1.413220E+5
1.820000E-2	0.000000E+0	1.418940E+5
1.822000E-2	0.000000E+0	1.414030E+5
1.824000E-2	0.000000E+0	1.412970E+5
1.826000E-2	0.000000E+0	1.418530E+5
1.828000E-2	0.000000E+0	1.411310E+5
1.830000E-2	0.000000E+0	1.412710E+5
1.832000E-2	0.000000E+0	1.419610E+5
1.834000E-2	0.000000E+0	1.408570E+5
1.836000E-2	0.000000E+0	1.419110E+5
1.838000E-2	0.000000E+0	1.412690E+5
1.840000E-2	0.000000E+0	1.413340E+5
1.842000E-2	0.000000E+0	1.417430E+5
1.844000E-2	0.000000E+0	1.413480E+5
1.846000E-2	0.000000E+0	1.407540E+5
1.848000E-2	0.000000E+0	1.415330E+5
1.850000E-2	0.000000E+0	1.418650E+5
1.852000E-2	0.000000E+0	1.415890E+5
1.854000E-2	0.000000E+0	1.415980E+5
1.856000E-2	0.000000E+0	1.406740E+5
1.858000E-2	0.000000E+0	1.417750E+5
1.860000E-2	0.000000E+0	1.414200E+5
1.862000E-2	0.000000E+0	1.413380E+5
1.864000E-2	0.000000E+0	1.408620E+5
1.866000E-2	0.000000E+0	1.412810E+5
1.868000E-2	0.000000E+0	1.413460E+5
1.870000E-2	0.000000E+0	1.414500E+5
1.872000E-2	0.000000E+0	1.417610E+5
1.874000E-2	0.000000E+0	1.406710E+5
1.876000E-2	0.000000E+0	1.413370E+5
1.878000E-2	0.000000E+0	1.420710E+5
1.880000E-2	0.000000E+0	1.412880E+5
1.882000E-2	0.000000E+0	1.410290E+5
1.884000E-2	0.000000E+0	1.417560E+5
1.886000E-2	0.000000E+0	1.414860E+5
1.888000E-2	0.000000E+0	1.409200E+5
1.890000E-2	0.000000E+0	1.418900E+5
1.892000E-2	0.000000E+0	1.418140E+5
1.894000E-2	0.000000E+0	1.414960E+5
1.896000E-2	0.000000E+0	1.412880E+5
1.898000E-2	0.000000E+0	1.411750E+5
1.900000E-2	0.000000E+0	1.415770E+5
1.902000E-2	0.000000E+0	1.411660E+5
1.904000E-2	0.000000E+0	1.412090E+5
1.906000E-2	0.000000E+0	1.412980E+5
1.908000E-2	0.000000E+0	1.416920E+5
1.910000E-2	0.000000E+0	1.413000E+5
1.912000E-2	0.000000E+0	1.417650E+5
1.914000E-2	0.000000E+0	1.417170E+5
1.916000E-2	0.000000E+0	1.410100E+5
1.918000E-2	0.000000E+0	1.415250E+5
1.920000E-2	0.000000E+0	1.416940E+5
1.922000E-2	0.000000E+0	1.410050E+5
1.924000E-2	0.000000E+0	1.412360E+5
1.926000E-2	0.000000E+0	1.411820E+5
1.928000E-2	0.000000E+0	1.416260E+5
1.930000E-2	0.000000E+0	1.415620E+5
1.932000E-2	0.000000E+0	1.410780E+5
1.934000E-2	0.000000E+0	1.406800E+5
1.936000E-2	0.000000E+0	1.410900E+5
1.938000E-2	0.000000E+0	1.418730E+5
1.940000E-2	0.000000E+0	1.413740E+5
1.942000E-2	0.000000E+0	1.419640E+5
1.944000E-2	0.000000E+0	1.416780E+5
1.946000E-2	0.000000E+0	1.412960E+5
1.948000E-2	0.000000E+0	1.411430E+5
1.950000E-2	0.000000E+0	1.414380E+5
1.952000E-2	0.000000E+0	1.420560E+5
1.954000E-2	0.000000E+0	1.411170E+5
1.956000E-2	0.000000E+0	1.417480E+5
1.958000E-2	0.000000E+0	1.419110E+5
1.960000E-2	0.000000E+0	1.417840E+5
1.962000E-2	0.000000E+0	1.408490E+5
1.964000E-2	0.000000E+0	1.414570E+5
1.966000E-2	0.000000E+0	1.416540E+5
1.968000E-2	0.000000E+0	1.415700E+5
1.970000E-2	0.000000E+0	1.411950E+5
1.972000E-2	0.000000E+0	1.413450E+5
1.974000E-2	0.000000E+0	1.410120E+5
1.976000E-2	0.000000E+0	1.408710E+5
1.978000E-2	0.000000E+0	1.412120E+5
1.980000E-2	0.000000E+0	1.414490E+5
1.982000E-2	0.000000E+0	1.417160E+5
1.984000E-2	0.000000E+0	1.421660E+5
1.986000E-2	0.000000E+0	1.413560E+5
1.988000E-2	0.000000E+0	1.411770E+5
1.990000E-2	0.000000E+0	1.415580E+5
1.992000E-2	0.000000E+0	1.411810E+5
1.994000E-2	0.000000E+0	1.417820E+5
1.996000E-2	0.000000E+0	1.414510E+5
1.998000E-2	0.000000E+0	1.413500E+5
