

live time:  247642.980000
real time:  345608.261000
sweeps:  12382149.000000
0.000000E+0	0.000000E+0	0.000000E+0
2.000000E-5	0.000000E+0	5.421120E+5
4.000000E-5	0.000000E+0	5.426390E+5
6.000000E-5	0.000000E+0	5.419370E+5
8.000000E-5	0.000000E+0	5.433000E+5
1.000000E-4	0.000000E+0	5.409390E+5
1.200000E-4	0.000000E+0	5.428950E+5
1.400000E-4	0.000000E+0	5.427870E+5
1.600000E-4	0.000000E+0	5.431810E+5
1.800000E-4	0.000000E+0	5.428730E+5
2.000000E-4	0.000000E+0	5.426740E+5
2.200000E-4	0.000000E+0	5.430260E+5
2.400000E-4	0.000000E+0	5.413220E+5
2.600000E-4	0.000000E+0	5.418590E+5
2.800000E-4	0.000000E+0	5.417950E+5
3.000000E-4	0.000000E+0	5.437250E+5
3.200000E-4	0.000000E+0	5.421410E+5
3.400000E-4	0.000000E+0	5.414000E+5
3.600000E-4	0.000000E+0	5.431050E+5
3.800000E-4	0.000000E+0	5.415670E+5
4.000000E-4	0.000000E+0	5.412820E+5
4.200000E-4	0.000000E+0	5.420770E+5
4.400000E-4	0.000000E+0	5.418540E+5
4.600000E-4	0.000000E+0	5.434760E+5
4.800000E-4	0.000000E+0	5.415110E+5
5.000000E-4	0.000000E+0	5.421260E+5
5.200000E-4	0.000000E+0	5.424790E+5
5.400000E-4	0.000000E+0	5.419330E+5
5.600000E-4	0.000000E+0	5.411030E+5
5.800000E-4	0.000000E+0	5.422060E+5
6.000000E-4	0.000000E+0	5.431050E+5
6.200000E-4	0.000000E+0	5.419680E+5
6.400000E-4	0.000000E+0	5.425860E+5
6.600000E-4	0.000000E+0	5.412960E+5
6.800000E-4	0.000000E+0	5.414040E+5
7.000000E-4	0.000000E+0	5.425320E+5
7.200000E-4	0.000000E+0	5.434040E+5
7.400000E-4	0.000000E+0	5.415800E+5
7.600000E-4	0.000000E+0	5.415470E+5
7.800000E-4	0.000000E+0	5.411580E+5
8.000000E-4	0.000000E+0	5.426890E+5
8.200000E-4	0.000000E+0	5.415470E+5
8.400000E-4	0.000000E+0	5.416620E+5
8.600000E-4	0.000000E+0	5.423590E+5
8.800000E-4	0.000000E+0	5.412650E+5
9.000000E-4	0.000000E+0	5.438490E+5
9.200000E-4	0.000000E+0	5.415540E+5
9.400000E-4	0.000000E+0	5.424700E+5
9.600000E-4	0.000000E+0	5.414270E+5
9.800000E-4	0.000000E+0	5.431710E+5
1.000000E-3	0.000000E+0	5.421150E+5
1.020000E-3	0.000000E+0	5.418640E+5
1.040000E-3	0.000000E+0	5.420430E+5
1.060000E-3	0.000000E+0	5.419380E+5
1.080000E-3	0.000000E+0	5.418430E+5
1.100000E-3	0.000000E+0	5.422610E+5
1.120000E-3	0.000000E+0	5.427840E+5
1.140000E-3	0.000000E+0	5.408600E+5
1.160000E-3	0.000000E+0	5.417390E+5
1.180000E-3	0.000000E+0	5.415880E+5
1.200000E-3	0.000000E+0	5.426560E+5
1.220000E-3	0.000000E+0	5.432950E+5
1.240000E-3	0.000000E+0	5.425660E+5
1.260000E-3	0.000000E+0	5.425420E+5
1.280000E-3	0.000000E+0	5.423990E+5
1.300000E-3	0.000000E+0	5.406940E+5
1.320000E-3	0.000000E+0	5.431650E+5
1.340000E-3	0.000000E+0	5.422270E+5
1.360000E-3	0.000000E+0	5.414740E+5
1.380000E-3	0.000000E+0	5.429170E+5
1.400000E-3	0.000000E+0	5.419950E+5
1.420000E-3	0.000000E+0	5.426360E+5
1.440000E-3	0.000000E+0	5.419820E+5
1.460000E-3	0.000000E+0	5.413240E+5
1.480000E-3	0.000000E+0	5.425720E+5
1.500000E-3	0.000000E+0	5.418300E+5
1.520000E-3	0.000000E+0	5.413300E+5
1.540000E-3	0.000000E+0	5.426120E+5
1.560000E-3	0.000000E+0	5.418320E+5
1.580000E-3	0.000000E+0	5.424220E+5
1.600000E-3	0.000000E+0	5.417810E+5
1.620000E-3	0.000000E+0	5.417790E+5
1.640000E-3	0.000000E+0	5.411460E+5
1.660000E-3	0.000000E+0	5.423560E+5
1.680000E-3	0.000000E+0	5.422890E+5
1.700000E-3	0.000000E+0	5.409340E+5
1.720000E-3	0.000000E+0	5.426940E+5
1.740000E-3	0.000000E+0	5.434010E+5
1.760000E-3	0.000000E+0	5.422590E+5
1.780000E-3	0.000000E+0	5.435250E+5
1.800000E-3	0.000000E+0	5.432770E+5
1.820000E-3	0.000000E+0	5.414640E+5
1.840000E-3	0.000000E+0	5.410530E+5
1.860000E-3	0.000000E+0	5.419890E+5
1.880000E-3	0.000000E+0	5.420410E+5
1.900000E-3	0.000000E+0	5.409800E+5
1.920000E-3	0.000000E+0	5.420190E+5
1.940000E-3	0.000000E+0	5.417460E+5
1.960000E-3	0.000000E+0	5.422500E+5
1.980000E-3	0.000000E+0	5.426180E+5
2.000000E-3	0.000000E+0	5.414350E+5
2.020000E-3	0.000000E+0	5.417960E+5
2.040000E-3	0.000000E+0	5.417320E+5
2.060000E-3	0.000000E+0	5.431980E+5
2.080000E-3	0.000000E+0	5.434770E+5
2.100000E-3	0.000000E+0	5.428600E+5
2.120000E-3	0.000000E+0	5.427100E+5
2.140000E-3	0.000000E+0	5.408860E+5
2.160000E-3	0.000000E+0	5.412180E+5
2.180000E-3	0.000000E+0	5.422300E+5
2.200000E-3	0.000000E+0	5.430520E+5
2.220000E-3	0.000000E+0	5.429200E+5
2.240000E-3	0.000000E+0	5.417670E+5
2.260000E-3	0.000000E+0	5.424720E+5
2.280000E-3	0.000000E+0	5.422230E+5
2.300000E-3	0.000000E+0	5.427820E+5
2.320000E-3	0.000000E+0	5.419840E+5
2.340000E-3	0.000000E+0	5.420340E+5
2.360000E-3	0.000000E+0	5.422240E+5
2.380000E-3	0.000000E+0	5.440000E+5
2.400000E-3	0.000000E+0	5.405640E+5
2.420000E-3	0.000000E+0	5.416770E+5
2.440000E-3	0.000000E+0	5.417400E+5
2.460000E-3	0.000000E+0	5.422860E+5
2.480000E-3	0.000000E+0	5.434490E+5
2.500000E-3	0.000000E+0	5.419250E+5
2.520000E-3	0.000000E+0	5.424760E+5
2.540000E-3	0.000000E+0	5.413490E+5
2.560000E-3	0.000000E+0	5.421580E+5
2.580000E-3	0.000000E+0	5.416450E+5
2.600000E-3	0.000000E+0	5.431280E+5
2.620000E-3	0.000000E+0	5.420410E+5
2.640000E-3	0.000000E+0	5.406310E+5
2.660000E-3	0.000000E+0	5.429190E+5
2.680000E-3	0.000000E+0	5.420200E+5
2.700000E-3	0.000000E+0	5.426370E+5
2.720000E-3	0.000000E+0	5.402800E+5
2.740000E-3	0.000000E+0	5.419080E+5
2.760000E-3	0.000000E+0	5.418850E+5
2.780000E-3	0.000000E+0	5.421580E+5
2.800000E-3	0.000000E+0	5.426540E+5
2.820000E-3	0.000000E+0	5.414840E+5
2.840000E-3	0.000000E+0	5.410660E+5
2.860000E-3	0.000000E+0	5.428600E+5
2.880000E-3	0.000000E+0	5.417070E+5
2.900000E-3	0.000000E+0	5.416640E+5
2.920000E-3	0.000000E+0	5.410560E+5
2.940000E-3	0.000000E+0	5.421590E+5
2.960000E-3	0.000000E+0	5.421720E+5
2.980000E-3	0.000000E+0	5.417210E+5
3.000000E-3	0.000000E+0	5.421420E+5
3.020000E-3	0.000000E+0	5.422710E+5
3.040000E-3	0.000000E+0	5.429670E+5
3.060000E-3	0.000000E+0	5.440380E+5
3.080000E-3	0.000000E+0	5.417560E+5
3.100000E-3	0.000000E+0	5.414060E+5
3.120000E-3	0.000000E+0	5.424130E+5
3.140000E-3	0.000000E+0	5.429860E+5
3.160000E-3	0.000000E+0	5.414080E+5
3.180000E-3	0.000000E+0	5.422230E+5
3.200000E-3	0.000000E+0	5.419850E+5
3.220000E-3	0.000000E+0	5.424770E+5
3.240000E-3	0.000000E+0	5.431730E+5
3.260000E-3	0.000000E+0	5.423720E+5
3.280000E-3	0.000000E+0	5.423370E+5
3.300000E-3	0.000000E+0	5.418470E+5
3.320000E-3	0.000000E+0	5.426920E+5
3.340000E-3	0.000000E+0	5.413300E+5
3.360000E-3	0.000000E+0	5.417970E+5
3.380000E-3	0.000000E+0	5.407700E+5
3.400000E-3	0.000000E+0	5.415700E+5
3.420000E-3	0.000000E+0	5.435330E+5
3.440000E-3	0.000000E+0	5.418130E+5
3.460000E-3	0.000000E+0	5.426260E+5
3.480000E-3	0.000000E+0	5.412750E+5
3.500000E-3	0.000000E+0	5.422390E+5
3.520000E-3	0.000000E+0	5.407980E+5
3.540000E-3	0.000000E+0	5.419620E+5
3.560000E-3	0.000000E+0	5.418950E+5
3.580000E-3	0.000000E+0	5.416810E+5
3.600000E-3	0.000000E+0	5.413230E+5
3.620000E-3	0.000000E+0	5.397040E+5
3.640000E-3	0.000000E+0	5.429950E+5
3.660000E-3	0.000000E+0	5.418480E+5
3.680000E-3	0.000000E+0	5.418960E+5
3.700000E-3	0.000000E+0	5.415660E+5
3.720000E-3	0.000000E+0	5.414440E+5
3.740000E-3	0.000000E+0	5.417030E+5
3.760000E-3	0.000000E+0	5.416170E+5
3.780000E-3	0.000000E+0	5.407690E+5
3.800000E-3	0.000000E+0	5.410600E+5
3.820000E-3	0.000000E+0	5.413910E+5
3.840000E-3	0.000000E+0	5.418900E+5
3.860000E-3	0.000000E+0	5.417380E+5
3.880000E-3	0.000000E+0	5.408370E+5
3.900000E-3	0.000000E+0	5.422510E+5
3.920000E-3	0.000000E+0	5.439240E+5
3.940000E-3	0.000000E+0	5.427380E+5
3.960000E-3	0.000000E+0	5.425710E+5
3.980000E-3	0.000000E+0	5.424530E+5
4.000000E-3	0.000000E+0	5.415320E+5
4.020000E-3	0.000000E+0	5.428060E+5
4.040000E-3	0.000000E+0	5.420770E+5
4.060000E-3	0.000000E+0	5.423220E+5
4.080000E-3	0.000000E+0	5.422390E+5
4.100000E-3	0.000000E+0	5.420530E+5
4.120000E-3	0.000000E+0	5.419640E+5
4.140000E-3	0.000000E+0	5.409280E+5
4.160000E-3	0.000000E+0	5.421680E+5
4.180000E-3	0.000000E+0	5.408210E+5
4.200000E-3	0.000000E+0	5.423930E+5
4.220000E-3	0.000000E+0	5.417280E+5
4.240000E-3	0.000000E+0	5.411730E+5
4.260000E-3	0.000000E+0	5.409700E+5
4.280000E-3	0.000000E+0	5.425550E+5
4.300000E-3	0.000000E+0	5.422980E+5
4.320000E-3	0.000000E+0	5.414460E+5
4.340000E-3	0.000000E+0	5.415790E+5
4.360000E-3	0.000000E+0	5.421880E+5
4.380000E-3	0.000000E+0	5.414390E+5
4.400000E-3	0.000000E+0	5.427760E+5
4.420000E-3	0.000000E+0	5.416820E+5
4.440000E-3	0.000000E+0	5.415970E+5
4.460000E-3	0.000000E+0	5.418880E+5
4.480000E-3	0.000000E+0	5.408540E+5
4.500000E-3	0.000000E+0	5.418550E+5
4.520000E-3	0.000000E+0	5.413510E+5
4.540000E-3	0.000000E+0	5.406710E+5
4.560000E-3	0.000000E+0	5.411480E+5
4.580000E-3	0.000000E+0	5.419940E+5
4.600000E-3	0.000000E+0	5.421240E+5
4.620000E-3	0.000000E+0	5.410080E+5
4.640000E-3	0.000000E+0	5.417680E+5
4.660000E-3	0.000000E+0	5.423950E+5
4.680000E-3	0.000000E+0	5.414980E+5
4.700000E-3	0.000000E+0	5.423260E+5
4.720000E-3	0.000000E+0	5.416780E+5
4.740000E-3	0.000000E+0	5.411010E+5
4.760000E-3	0.000000E+0	5.425330E+5
4.780000E-3	0.000000E+0	5.403380E+5
4.800000E-3	0.000000E+0	5.408850E+5
4.820000E-3	0.000000E+0	5.404080E+5
4.840000E-3	0.000000E+0	5.404780E+5
4.860000E-3	0.000000E+0	5.388210E+5
4.880000E-3	0.000000E+0	5.376800E+5
4.900000E-3	0.000000E+0	5.377620E+5
4.920000E-3	0.000000E+0	5.343270E+5
4.940000E-3	0.000000E+0	5.338150E+5
4.960000E-3	0.000000E+0	5.333790E+5
4.980000E-3	0.000000E+0	5.337440E+5
5.000000E-3	0.000000E+0	5.317220E+5
5.020000E-3	0.000000E+0	5.302030E+5
5.040000E-3	0.000000E+0	5.278000E+5
5.060000E-3	0.000000E+0	5.260660E+5
5.080000E-3	0.000000E+0	5.269450E+5
5.100000E-3	0.000000E+0	5.272280E+5
5.120000E-3	0.000000E+0	5.268300E+5
5.140000E-3	0.000000E+0	5.287540E+5
5.160000E-3	0.000000E+0	5.313840E+5
5.180000E-3	0.000000E+0	5.321330E+5
5.200000E-3	0.000000E+0	5.337230E+5
5.220000E-3	0.000000E+0	5.357690E+5
5.240000E-3	0.000000E+0	5.348810E+5
5.260000E-3	0.000000E+0	5.386330E+5
5.280000E-3	0.000000E+0	5.361760E+5
5.300000E-3	0.000000E+0	5.385380E+5
5.320000E-3	0.000000E+0	5.398430E+5
5.340000E-3	0.000000E+0	5.407760E+5
5.360000E-3	0.000000E+0	5.411240E+5
5.380000E-3	0.000000E+0	5.401040E+5
5.400000E-3	0.000000E+0	5.419720E+5
5.420000E-3	0.000000E+0	5.410740E+5
5.440000E-3	0.000000E+0	5.404210E+5
5.460000E-3	0.000000E+0	5.398080E+5
5.480000E-3	0.000000E+0	5.397060E+5
5.500000E-3	0.000000E+0	5.399900E+5
5.520000E-3	0.000000E+0	5.377860E+5
5.540000E-3	0.000000E+0	5.374510E+5
5.560000E-3	0.000000E+0	5.345560E+5
5.580000E-3	0.000000E+0	5.343650E+5
5.600000E-3	0.000000E+0	5.326720E+5
5.620000E-3	0.000000E+0	5.328260E+5
5.640000E-3	0.000000E+0	5.333210E+5
5.660000E-3	0.000000E+0	5.313010E+5
5.680000E-3	0.000000E+0	5.306980E+5
5.700000E-3	0.000000E+0	5.277940E+5
5.720000E-3	0.000000E+0	5.274950E+5
5.740000E-3	0.000000E+0	5.284490E+5
5.760000E-3	0.000000E+0	5.288660E+5
5.780000E-3	0.000000E+0	5.294090E+5
5.800000E-3	0.000000E+0	5.314220E+5
5.820000E-3	0.000000E+0	5.331800E+5
5.840000E-3	0.000000E+0	5.345740E+5
5.860000E-3	0.000000E+0	5.347400E+5
5.880000E-3	0.000000E+0	5.367090E+5
5.900000E-3	0.000000E+0	5.385810E+5
5.920000E-3	0.000000E+0	5.405370E+5
5.940000E-3	0.000000E+0	5.396440E+5
5.960000E-3	0.000000E+0	5.399380E+5
5.980000E-3	0.000000E+0	5.413470E+5
6.000000E-3	0.000000E+0	5.407880E+5
6.020000E-3	0.000000E+0	5.407570E+5
6.040000E-3	0.000000E+0	5.413070E+5
6.060000E-3	0.000000E+0	5.413490E+5
6.080000E-3	0.000000E+0	5.416240E+5
6.100000E-3	0.000000E+0	5.399090E+5
6.120000E-3	0.000000E+0	5.412550E+5
6.140000E-3	0.000000E+0	5.415920E+5
6.160000E-3	0.000000E+0	5.406760E+5
6.180000E-3	0.000000E+0	5.423920E+5
6.200000E-3	0.000000E+0	5.413470E+5
6.220000E-3	0.000000E+0	5.419350E+5
6.240000E-3	0.000000E+0	5.409140E+5
6.260000E-3	0.000000E+0	5.418670E+5
6.280000E-3	0.000000E+0	5.429800E+5
6.300000E-3	0.000000E+0	5.427730E+5
6.320000E-3	0.000000E+0	5.422110E+5
6.340000E-3	0.000000E+0	5.417300E+5
6.360000E-3	0.000000E+0	5.414590E+5
6.380000E-3	0.000000E+0	5.431330E+5
6.400000E-3	0.000000E+0	5.414530E+5
6.420000E-3	0.000000E+0	5.405220E+5
6.440000E-3	0.000000E+0	5.438370E+5
6.460000E-3	0.000000E+0	5.409780E+5
6.480000E-3	0.000000E+0	5.413560E+5
6.500000E-3	0.000000E+0	5.412280E+5
6.520000E-3	0.000000E+0	5.423340E+5
6.540000E-3	0.000000E+0	5.415490E+5
6.560000E-3	0.000000E+0	5.423940E+5
6.580000E-3	0.000000E+0	5.410250E+5
6.600000E-3	0.000000E+0	5.425460E+5
6.620000E-3	0.000000E+0	5.420580E+5
6.640000E-3	0.000000E+0	5.420300E+5
6.660000E-3	0.000000E+0	5.412120E+5
6.680000E-3	0.000000E+0	5.419560E+5
6.700000E-3	0.000000E+0	5.424020E+5
6.720000E-3	0.000000E+0	5.418770E+5
6.740000E-3	0.000000E+0	5.418820E+5
6.760000E-3	0.000000E+0	5.429340E+5
6.780000E-3	0.000000E+0	5.412910E+5
6.800000E-3	0.000000E+0	5.425290E+5
6.820000E-3	0.000000E+0	5.419130E+5
6.840000E-3	0.000000E+0	5.418770E+5
6.860000E-3	0.000000E+0	5.421620E+5
6.880000E-3	0.000000E+0	5.429750E+5
6.900000E-3	0.000000E+0	5.417070E+5
6.920000E-3	0.000000E+0	5.404450E+5
6.940000E-3	0.000000E+0	5.420150E+5
6.960000E-3	0.000000E+0	5.400370E+5
6.980000E-3	0.000000E+0	5.420250E+5
7.000000E-3	0.000000E+0	5.415020E+5
7.020000E-3	0.000000E+0	5.426800E+5
7.040000E-3	0.000000E+0	5.423740E+5
7.060000E-3	0.000000E+0	5.426080E+5
7.080000E-3	0.000000E+0	5.417940E+5
7.100000E-3	0.000000E+0	5.408780E+5
7.120000E-3	0.000000E+0	5.425260E+5
7.140000E-3	0.000000E+0	5.414940E+5
7.160000E-3	0.000000E+0	5.417010E+5
7.180000E-3	0.000000E+0	5.410380E+5
7.200000E-3	0.000000E+0	5.418220E+5
7.220000E-3	0.000000E+0	5.428860E+5
7.240000E-3	0.000000E+0	5.415610E+5
7.260000E-3	0.000000E+0	5.420090E+5
7.280000E-3	0.000000E+0	5.418080E+5
7.300000E-3	0.000000E+0	5.419110E+5
7.320000E-3	0.000000E+0	5.420480E+5
7.340000E-3	0.000000E+0	5.430880E+5
7.360000E-3	0.000000E+0	5.417290E+5
7.380000E-3	0.000000E+0	5.429180E+5
7.400000E-3	0.000000E+0	5.423540E+5
7.420000E-3	0.000000E+0	5.416140E+5
7.440000E-3	0.000000E+0	5.419580E+5
7.460000E-3	0.000000E+0	5.417990E+5
7.480000E-3	0.000000E+0	5.415210E+5
7.500000E-3	0.000000E+0	5.431830E+5
7.520000E-3	0.000000E+0	5.423290E+5
7.540000E-3	0.000000E+0	5.421220E+5
7.560000E-3	0.000000E+0	5.426450E+5
7.580000E-3	0.000000E+0	5.423010E+5
7.600000E-3	0.000000E+0	5.420760E+5
7.620000E-3	0.000000E+0	5.424860E+5
7.640000E-3	0.000000E+0	5.429960E+5
7.660000E-3	0.000000E+0	5.418830E+5
7.680000E-3	0.000000E+0	5.418600E+5
7.700000E-3	0.000000E+0	5.415890E+5
7.720000E-3	0.000000E+0	5.427850E+5
7.740000E-3	0.000000E+0	5.413320E+5
7.760000E-3	0.000000E+0	5.423990E+5
7.780000E-3	0.000000E+0	5.430800E+5
7.800000E-3	0.000000E+0	5.417770E+5
7.820000E-3	0.000000E+0	5.416730E+5
7.840000E-3	0.000000E+0	5.434190E+5
7.860000E-3	0.000000E+0	5.420460E+5
7.880000E-3	0.000000E+0	5.416900E+5
7.900000E-3	0.000000E+0	5.424510E+5
7.920000E-3	0.000000E+0	5.419540E+5
7.940000E-3	0.000000E+0	5.429610E+5
7.960000E-3	0.000000E+0	5.437970E+5
7.980000E-3	0.000000E+0	5.428140E+5
8.000000E-3	0.000000E+0	5.425590E+5
8.020000E-3	0.000000E+0	5.424950E+5
8.040000E-3	0.000000E+0	5.408680E+5
8.060000E-3	0.000000E+0	5.414150E+5
8.080000E-3	0.000000E+0	5.426620E+5
8.100000E-3	0.000000E+0	5.434850E+5
8.120000E-3	0.000000E+0	5.425870E+5
8.140000E-3	0.000000E+0	5.415920E+5
8.160000E-3	0.000000E+0	5.418160E+5
8.180000E-3	0.000000E+0	5.415340E+5
8.200000E-3	0.000000E+0	5.422230E+5
8.220000E-3	0.000000E+0	5.420440E+5
8.240000E-3	0.000000E+0	5.426040E+5
8.260000E-3	0.000000E+0	5.438800E+5
8.280000E-3	0.000000E+0	5.410510E+5
8.300000E-3	0.000000E+0	5.423450E+5
8.320000E-3	0.000000E+0	5.410370E+5
8.340000E-3	0.000000E+0	5.410790E+5
8.360000E-3	0.000000E+0	5.418730E+5
8.380000E-3	0.000000E+0	5.408400E+5
8.400000E-3	0.000000E+0	5.411500E+5
8.420000E-3	0.000000E+0	5.418360E+5
8.440000E-3	0.000000E+0	5.423770E+5
8.460000E-3	0.000000E+0	5.428600E+5
8.480000E-3	0.000000E+0	5.430300E+5
8.500000E-3	0.000000E+0	5.411490E+5
8.520000E-3	0.000000E+0	5.422810E+5
8.540000E-3	0.000000E+0	5.425860E+5
8.560000E-3	0.000000E+0	5.423670E+5
8.580000E-3	0.000000E+0	5.435220E+5
8.600000E-3	0.000000E+0	5.425660E+5
8.620000E-3	0.000000E+0	5.438140E+5
8.640000E-3	0.000000E+0	5.421670E+5
8.660000E-3	0.000000E+0	5.414350E+5
8.680000E-3	0.000000E+0	5.425870E+5
8.700000E-3	0.000000E+0	5.404910E+5
8.720000E-3	0.000000E+0	5.429730E+5
8.740000E-3	0.000000E+0	5.408400E+5
8.760000E-3	0.000000E+0	5.421400E+5
8.780000E-3	0.000000E+0	5.423570E+5
8.800000E-3	0.000000E+0	5.429300E+5
8.820000E-3	0.000000E+0	5.424090E+5
8.840000E-3	0.000000E+0	5.415540E+5
8.860000E-3	0.000000E+0	5.439780E+5
8.880000E-3	0.000000E+0	5.417070E+5
8.900000E-3	0.000000E+0	5.423150E+5
8.920000E-3	0.000000E+0	5.416770E+5
8.940000E-3	0.000000E+0	5.405610E+5
8.960000E-3	0.000000E+0	5.429520E+5
8.980000E-3	0.000000E+0	5.414520E+5
9.000000E-3	0.000000E+0	5.424150E+5
9.020000E-3	0.000000E+0	5.404900E+5
9.040000E-3	0.000000E+0	5.422390E+5
9.060000E-3	0.000000E+0	5.447190E+5
9.080000E-3	0.000000E+0	5.417220E+5
9.100000E-3	0.000000E+0	5.434860E+5
9.120000E-3	0.000000E+0	5.409390E+5
9.140000E-3	0.000000E+0	5.430140E+5
9.160000E-3	0.000000E+0	5.420800E+5
9.180000E-3	0.000000E+0	5.413150E+5
9.200000E-3	0.000000E+0	5.420580E+5
9.220000E-3	0.000000E+0	5.422090E+5
9.240000E-3	0.000000E+0	5.425910E+5
9.260000E-3	0.000000E+0	5.432890E+5
9.280000E-3	0.000000E+0	5.429000E+5
9.300000E-3	0.000000E+0	5.429200E+5
9.320000E-3	0.000000E+0	5.417500E+5
9.340000E-3	0.000000E+0	5.420860E+5
9.360000E-3	0.000000E+0	5.424590E+5
9.380000E-3	0.000000E+0	5.432680E+5
9.400000E-3	0.000000E+0	5.425450E+5
9.420000E-3	0.000000E+0	5.434740E+5
9.440000E-3	0.000000E+0	5.414320E+5
9.460000E-3	0.000000E+0	5.432170E+5
9.480000E-3	0.000000E+0	5.422720E+5
9.500000E-3	0.000000E+0	5.411900E+5
9.520000E-3	0.000000E+0	5.429160E+5
9.540000E-3	0.000000E+0	5.407300E+5
9.560000E-3	0.000000E+0	5.420380E+5
9.580000E-3	0.000000E+0	5.420280E+5
9.600000E-3	0.000000E+0	5.425010E+5
9.620000E-3	0.000000E+0	5.424000E+5
9.640000E-3	0.000000E+0	5.415940E+5
9.660000E-3	0.000000E+0	5.433810E+5
9.680000E-3	0.000000E+0	5.412620E+5
9.700000E-3	0.000000E+0	5.415230E+5
9.720000E-3	0.000000E+0	5.420880E+5
9.740000E-3	0.000000E+0	5.421060E+5
9.760000E-3	0.000000E+0	5.422090E+5
9.780000E-3	0.000000E+0	5.427130E+5
9.800000E-3	0.000000E+0	5.421700E+5
9.820000E-3	0.000000E+0	5.426580E+5
9.840000E-3	0.000000E+0	5.420970E+5
9.860000E-3	0.000000E+0	5.413290E+5
9.880000E-3	0.000000E+0	5.434950E+5
9.900000E-3	0.000000E+0	5.440380E+5
9.920000E-3	0.000000E+0	5.422390E+5
9.940000E-3	0.000000E+0	5.411520E+5
9.960000E-3	0.000000E+0	5.415970E+5
9.980000E-3	0.000000E+0	5.430340E+5
1.000000E-2	0.000000E+0	5.423610E+5
1.002000E-2	0.000000E+0	5.421280E+5
1.004000E-2	0.000000E+0	5.428580E+5
1.006000E-2	0.000000E+0	5.415070E+5
1.008000E-2	0.000000E+0	5.419780E+5
1.010000E-2	0.000000E+0	5.417750E+5
1.012000E-2	0.000000E+0	5.431550E+5
1.014000E-2	0.000000E+0	5.440200E+5
1.016000E-2	0.000000E+0	5.433300E+5
1.018000E-2	0.000000E+0	5.425180E+5
1.020000E-2	0.000000E+0	5.430430E+5
1.022000E-2	0.000000E+0	5.423190E+5
1.024000E-2	0.000000E+0	5.416880E+5
1.026000E-2	0.000000E+0	5.433790E+5
1.028000E-2	0.000000E+0	5.423860E+5
1.030000E-2	0.000000E+0	5.430400E+5
1.032000E-2	0.000000E+0	5.416370E+5
1.034000E-2	0.000000E+0	5.432180E+5
1.036000E-2	0.000000E+0	5.421080E+5
1.038000E-2	0.000000E+0	5.429960E+5
1.040000E-2	0.000000E+0	5.418970E+5
1.042000E-2	0.000000E+0	5.427630E+5
1.044000E-2	0.000000E+0	5.424220E+5
1.046000E-2	0.000000E+0	5.430560E+5
1.048000E-2	0.000000E+0	5.434580E+5
1.050000E-2	0.000000E+0	5.418530E+5
1.052000E-2	0.000000E+0	5.430860E+5
1.054000E-2	0.000000E+0	5.434920E+5
1.056000E-2	0.000000E+0	5.422050E+5
1.058000E-2	0.000000E+0	5.436820E+5
1.060000E-2	0.000000E+0	5.418280E+5
1.062000E-2	0.000000E+0	5.418790E+5
1.064000E-2	0.000000E+0	5.427820E+5
1.066000E-2	0.000000E+0	5.420450E+5
1.068000E-2	0.000000E+0	5.425840E+5
1.070000E-2	0.000000E+0	5.411830E+5
1.072000E-2	0.000000E+0	5.422170E+5
1.074000E-2	0.000000E+0	5.427710E+5
1.076000E-2	0.000000E+0	5.426170E+5
1.078000E-2	0.000000E+0	5.432010E+5
1.080000E-2	0.000000E+0	5.433360E+5
1.082000E-2	0.000000E+0	5.439300E+5
1.084000E-2	0.000000E+0	5.425050E+5
1.086000E-2	0.000000E+0	5.428410E+5
1.088000E-2	0.000000E+0	5.421930E+5
1.090000E-2	0.000000E+0	5.425020E+5
1.092000E-2	0.000000E+0	5.426290E+5
1.094000E-2	0.000000E+0	5.415680E+5
1.096000E-2	0.000000E+0	5.422730E+5
1.098000E-2	0.000000E+0	5.429770E+5
1.100000E-2	0.000000E+0	5.432850E+5
1.102000E-2	0.000000E+0	5.416690E+5
1.104000E-2	0.000000E+0	5.430140E+5
1.106000E-2	0.000000E+0	5.421350E+5
1.108000E-2	0.000000E+0	5.430820E+5
1.110000E-2	0.000000E+0	5.423140E+5
1.112000E-2	0.000000E+0	5.417710E+5
1.114000E-2	0.000000E+0	5.431700E+5
1.116000E-2	0.000000E+0	5.408080E+5
1.118000E-2	0.000000E+0	5.424340E+5
1.120000E-2	0.000000E+0	5.417910E+5
1.122000E-2	0.000000E+0	5.439510E+5
1.124000E-2	0.000000E+0	5.439170E+5
1.126000E-2	0.000000E+0	5.413640E+5
1.128000E-2	0.000000E+0	5.411130E+5
1.130000E-2	0.000000E+0	5.426330E+5
1.132000E-2	0.000000E+0	5.438380E+5
1.134000E-2	0.000000E+0	5.413080E+5
1.136000E-2	0.000000E+0	5.436810E+5
1.138000E-2	0.000000E+0	5.422300E+5
1.140000E-2	0.000000E+0	5.438340E+5
1.142000E-2	0.000000E+0	5.415790E+5
1.144000E-2	0.000000E+0	5.433510E+5
1.146000E-2	0.000000E+0	5.420730E+5
1.148000E-2	0.000000E+0	5.423590E+5
1.150000E-2	0.000000E+0	5.421210E+5
1.152000E-2	0.000000E+0	5.420720E+5
1.154000E-2	0.000000E+0	5.419430E+5
1.156000E-2	0.000000E+0	5.429120E+5
1.158000E-2	0.000000E+0	5.418200E+5
1.160000E-2	0.000000E+0	5.428520E+5
1.162000E-2	0.000000E+0	5.428570E+5
1.164000E-2	0.000000E+0	5.433720E+5
1.166000E-2	0.000000E+0	5.441490E+5
1.168000E-2	0.000000E+0	5.429900E+5
1.170000E-2	0.000000E+0	5.435830E+5
1.172000E-2	0.000000E+0	5.433460E+5
1.174000E-2	0.000000E+0	5.422150E+5
1.176000E-2	0.000000E+0	5.426250E+5
1.178000E-2	0.000000E+0	5.412910E+5
1.180000E-2	0.000000E+0	5.423680E+5
1.182000E-2	0.000000E+0	5.430800E+5
1.184000E-2	0.000000E+0	5.434730E+5
1.186000E-2	0.000000E+0	5.416350E+5
1.188000E-2	0.000000E+0	5.414590E+5
1.190000E-2	0.000000E+0	5.416210E+5
1.192000E-2	0.000000E+0	5.413720E+5
1.194000E-2	0.000000E+0	5.441200E+5
1.196000E-2	0.000000E+0	5.424830E+5
1.198000E-2	0.000000E+0	5.427130E+5
1.200000E-2	0.000000E+0	5.425310E+5
1.202000E-2	0.000000E+0	5.422070E+5
1.204000E-2	0.000000E+0	5.419540E+5
1.206000E-2	0.000000E+0	5.427180E+5
1.208000E-2	0.000000E+0	5.433390E+5
1.210000E-2	0.000000E+0	5.427910E+5
1.212000E-2	0.000000E+0	5.421220E+5
1.214000E-2	0.000000E+0	5.412620E+5
1.216000E-2	0.000000E+0	5.419970E+5
1.218000E-2	0.000000E+0	5.421230E+5
1.220000E-2	0.000000E+0	5.417740E+5
1.222000E-2	0.000000E+0	5.427510E+5
1.224000E-2	0.000000E+0	5.427830E+5
1.226000E-2	0.000000E+0	5.423190E+5
1.228000E-2	0.000000E+0	5.425520E+5
1.230000E-2	0.000000E+0	5.426000E+5
1.232000E-2	0.000000E+0	5.430930E+5
1.234000E-2	0.000000E+0	5.432530E+5
1.236000E-2	0.000000E+0	5.422760E+5
1.238000E-2	0.000000E+0	5.436820E+5
1.240000E-2	0.000000E+0	5.432500E+5
1.242000E-2	0.000000E+0	5.432150E+5
1.244000E-2	0.000000E+0	5.433270E+5
1.246000E-2	0.000000E+0	5.427780E+5
1.248000E-2	0.000000E+0	5.422010E+5
1.250000E-2	0.000000E+0	5.423200E+5
1.252000E-2	0.000000E+0	5.443580E+5
1.254000E-2	0.000000E+0	5.429210E+5
1.256000E-2	0.000000E+0	5.417890E+5
1.258000E-2	0.000000E+0	5.435290E+5
1.260000E-2	0.000000E+0	5.434640E+5
1.262000E-2	0.000000E+0	5.417130E+5
1.264000E-2	0.000000E+0	5.416210E+5
1.266000E-2	0.000000E+0	5.443090E+5
1.268000E-2	0.000000E+0	5.427700E+5
1.270000E-2	0.000000E+0	5.421150E+5
1.272000E-2	0.000000E+0	5.432850E+5
1.274000E-2	0.000000E+0	5.421890E+5
1.276000E-2	0.000000E+0	5.426740E+5
1.278000E-2	0.000000E+0	5.422570E+5
1.280000E-2	0.000000E+0	5.420800E+5
1.282000E-2	0.000000E+0	5.420240E+5
1.284000E-2	0.000000E+0	5.424250E+5
1.286000E-2	0.000000E+0	5.430870E+5
1.288000E-2	0.000000E+0	5.432390E+5
1.290000E-2	0.000000E+0	5.424220E+5
1.292000E-2	0.000000E+0	5.427450E+5
1.294000E-2	0.000000E+0	5.416380E+5
1.296000E-2	0.000000E+0	5.427710E+5
1.298000E-2	0.000000E+0	5.426460E+5
1.300000E-2	0.000000E+0	5.428320E+5
1.302000E-2	0.000000E+0	5.431700E+5
1.304000E-2	0.000000E+0	5.431090E+5
1.306000E-2	0.000000E+0	5.417960E+5
1.308000E-2	0.000000E+0	5.440800E+5
1.310000E-2	0.000000E+0	5.432680E+5
1.312000E-2	0.000000E+0	5.427610E+5
1.314000E-2	0.000000E+0	5.436430E+5
1.316000E-2	0.000000E+0	5.426510E+5
1.318000E-2	0.000000E+0	5.424640E+5
1.320000E-2	0.000000E+0	5.429440E+5
1.322000E-2	0.000000E+0	5.429460E+5
1.324000E-2	0.000000E+0	5.417730E+5
1.326000E-2	0.000000E+0	5.435600E+5
1.328000E-2	0.000000E+0	5.433200E+5
1.330000E-2	0.000000E+0	5.408920E+5
1.332000E-2	0.000000E+0	5.421160E+5
1.334000E-2	0.000000E+0	5.419440E+5
1.336000E-2	0.000000E+0	5.428010E+5
1.338000E-2	0.000000E+0	5.431200E+5
1.340000E-2	0.000000E+0	5.422730E+5
1.342000E-2	0.000000E+0	5.411680E+5
1.344000E-2	0.000000E+0	5.423550E+5
1.346000E-2	0.000000E+0	5.416620E+5
1.348000E-2	0.000000E+0	5.431440E+5
1.350000E-2	0.000000E+0	5.430600E+5
1.352000E-2	0.000000E+0	5.432440E+5
1.354000E-2	0.000000E+0	5.426450E+5
1.356000E-2	0.000000E+0	5.434840E+5
1.358000E-2	0.000000E+0	5.422670E+5
1.360000E-2	0.000000E+0	5.424260E+5
1.362000E-2	0.000000E+0	5.429830E+5
1.364000E-2	0.000000E+0	5.408440E+5
1.366000E-2	0.000000E+0	5.422740E+5
1.368000E-2	0.000000E+0	5.433460E+5
1.370000E-2	0.000000E+0	5.434410E+5
1.372000E-2	0.000000E+0	5.419070E+5
1.374000E-2	0.000000E+0	5.430440E+5
1.376000E-2	0.000000E+0	5.419830E+5
1.378000E-2	0.000000E+0	5.419280E+5
1.380000E-2	0.000000E+0	5.431510E+5
1.382000E-2	0.000000E+0	5.414340E+5
1.384000E-2	0.000000E+0	5.422580E+5
1.386000E-2	0.000000E+0	5.428600E+5
1.388000E-2	0.000000E+0	5.422050E+5
1.390000E-2	0.000000E+0	5.433600E+5
1.392000E-2	0.000000E+0	5.436930E+5
1.394000E-2	0.000000E+0	5.431100E+5
1.396000E-2	0.000000E+0	5.425960E+5
1.398000E-2	0.000000E+0	5.436610E+5
1.400000E-2	0.000000E+0	5.436810E+5
1.402000E-2	0.000000E+0	5.418400E+5
1.404000E-2	0.000000E+0	5.439320E+5
1.406000E-2	0.000000E+0	5.419860E+5
1.408000E-2	0.000000E+0	5.422140E+5
1.410000E-2	0.000000E+0	5.430360E+5
1.412000E-2	0.000000E+0	5.420750E+5
1.414000E-2	0.000000E+0	5.416030E+5
1.416000E-2	0.000000E+0	5.417810E+5
1.418000E-2	0.000000E+0	5.418400E+5
1.420000E-2	0.000000E+0	5.429590E+5
1.422000E-2	0.000000E+0	5.428960E+5
1.424000E-2	0.000000E+0	5.411070E+5
1.426000E-2	0.000000E+0	5.414660E+5
1.428000E-2	0.000000E+0	5.421960E+5
1.430000E-2	0.000000E+0	5.423770E+5
1.432000E-2	0.000000E+0	5.421120E+5
1.434000E-2	0.000000E+0	5.423470E+5
1.436000E-2	0.000000E+0	5.429680E+5
1.438000E-2	0.000000E+0	5.426930E+5
1.440000E-2	0.000000E+0	5.441040E+5
1.442000E-2	0.000000E+0	5.426180E+5
1.444000E-2	0.000000E+0	5.412980E+5
1.446000E-2	0.000000E+0	5.430550E+5
1.448000E-2	0.000000E+0	5.431830E+5
1.450000E-2	0.000000E+0	5.422600E+5
1.452000E-2	0.000000E+0	5.427850E+5
1.454000E-2	0.000000E+0	5.425750E+5
1.456000E-2	0.000000E+0	5.431460E+5
1.458000E-2	0.000000E+0	5.413350E+5
1.460000E-2	0.000000E+0	5.426920E+5
1.462000E-2	0.000000E+0	5.405520E+5
1.464000E-2	0.000000E+0	5.427830E+5
1.466000E-2	0.000000E+0	5.420770E+5
1.468000E-2	0.000000E+0	5.441930E+5
1.470000E-2	0.000000E+0	5.420930E+5
1.472000E-2	0.000000E+0	5.417140E+5
1.474000E-2	0.000000E+0	5.427370E+5
1.476000E-2	0.000000E+0	5.434750E+5
1.478000E-2	0.000000E+0	5.434070E+5
1.480000E-2	0.000000E+0	5.414700E+5
1.482000E-2	0.000000E+0	5.414520E+5
1.484000E-2	0.000000E+0	5.435320E+5
1.486000E-2	0.000000E+0	5.415540E+5
1.488000E-2	0.000000E+0	5.411120E+5
1.490000E-2	0.000000E+0	5.403770E+5
1.492000E-2	0.000000E+0	5.396340E+5
1.494000E-2	0.000000E+0	5.368660E+5
1.496000E-2	0.000000E+0	5.354810E+5
1.498000E-2	0.000000E+0	5.352640E+5
1.500000E-2	0.000000E+0	5.343810E+5
1.502000E-2	0.000000E+0	5.340850E+5
1.504000E-2	0.000000E+0	5.326480E+5
1.506000E-2	0.000000E+0	5.317790E+5
1.508000E-2	0.000000E+0	5.298150E+5
1.510000E-2	0.000000E+0	5.282890E+5
1.512000E-2	0.000000E+0	5.275970E+5
1.514000E-2	0.000000E+0	5.287520E+5
1.516000E-2	0.000000E+0	5.291880E+5
1.518000E-2	0.000000E+0	5.302280E+5
1.520000E-2	0.000000E+0	5.331280E+5
1.522000E-2	0.000000E+0	5.338920E+5
1.524000E-2	0.000000E+0	5.375220E+5
1.526000E-2	0.000000E+0	5.373160E+5
1.528000E-2	0.000000E+0	5.388010E+5
1.530000E-2	0.000000E+0	5.383660E+5
1.532000E-2	0.000000E+0	5.404930E+5
1.534000E-2	0.000000E+0	5.403670E+5
1.536000E-2	0.000000E+0	5.406030E+5
1.538000E-2	0.000000E+0	5.421250E+5
1.540000E-2	0.000000E+0	5.415710E+5
1.542000E-2	0.000000E+0	5.416860E+5
1.544000E-2	0.000000E+0	5.409920E+5
1.546000E-2	0.000000E+0	5.409280E+5
1.548000E-2	0.000000E+0	5.409520E+5
1.550000E-2	0.000000E+0	5.402470E+5
1.552000E-2	0.000000E+0	5.416250E+5
1.554000E-2	0.000000E+0	5.401550E+5
1.556000E-2	0.000000E+0	5.380310E+5
1.558000E-2	0.000000E+0	5.363970E+5
1.560000E-2	0.000000E+0	5.357580E+5
1.562000E-2	0.000000E+0	5.347740E+5
1.564000E-2	0.000000E+0	5.335160E+5
1.566000E-2	0.000000E+0	5.342820E+5
1.568000E-2	0.000000E+0	5.328770E+5
1.570000E-2	0.000000E+0	5.316830E+5
1.572000E-2	0.000000E+0	5.292790E+5
1.574000E-2	0.000000E+0	5.275850E+5
1.576000E-2	0.000000E+0	5.289140E+5
1.578000E-2	0.000000E+0	5.263700E+5
1.580000E-2	0.000000E+0	5.286070E+5
1.582000E-2	0.000000E+0	5.303120E+5
1.584000E-2	0.000000E+0	5.314380E+5
1.586000E-2	0.000000E+0	5.338230E+5
1.588000E-2	0.000000E+0	5.356410E+5
1.590000E-2	0.000000E+0	5.366520E+5
1.592000E-2	0.000000E+0	5.383550E+5
1.594000E-2	0.000000E+0	5.377190E+5
1.596000E-2	0.000000E+0	5.398160E+5
1.598000E-2	0.000000E+0	5.415100E+5
1.600000E-2	0.000000E+0	5.420360E+5
1.602000E-2	0.000000E+0	5.414250E+5
1.604000E-2	0.000000E+0	5.412860E+5
1.606000E-2	0.000000E+0	5.415870E+5
1.608000E-2	0.000000E+0	5.420290E+5
1.610000E-2	0.000000E+0	5.429620E+5
1.612000E-2	0.000000E+0	5.425850E+5
1.614000E-2	0.000000E+0	5.420060E+5
1.616000E-2	0.000000E+0	5.442380E+5
1.618000E-2	0.000000E+0	5.422700E+5
1.620000E-2	0.000000E+0	5.424330E+5
1.622000E-2	0.000000E+0	5.427180E+5
1.624000E-2	0.000000E+0	5.423330E+5
1.626000E-2	0.000000E+0	5.424730E+5
1.628000E-2	0.000000E+0	5.435390E+5
1.630000E-2	0.000000E+0	5.423500E+5
1.632000E-2	0.000000E+0	5.428880E+5
1.634000E-2	0.000000E+0	5.427410E+5
1.636000E-2	0.000000E+0	5.431470E+5
1.638000E-2	0.000000E+0	5.423860E+5
1.640000E-2	0.000000E+0	5.432010E+5
1.642000E-2	0.000000E+0	5.425970E+5
1.644000E-2	0.000000E+0	5.420270E+5
1.646000E-2	0.000000E+0	5.426140E+5
1.648000E-2	0.000000E+0	5.420050E+5
1.650000E-2	0.000000E+0	5.419520E+5
1.652000E-2	0.000000E+0	5.433790E+5
1.654000E-2	0.000000E+0	5.420490E+5
1.656000E-2	0.000000E+0	5.418320E+5
1.658000E-2	0.000000E+0	5.422330E+5
1.660000E-2	0.000000E+0	5.422660E+5
1.662000E-2	0.000000E+0	5.425660E+5
1.664000E-2	0.000000E+0	5.423880E+5
1.666000E-2	0.000000E+0	5.423580E+5
1.668000E-2	0.000000E+0	5.419010E+5
1.670000E-2	0.000000E+0	5.423970E+5
1.672000E-2	0.000000E+0	5.432150E+5
1.674000E-2	0.000000E+0	5.423000E+5
1.676000E-2	0.000000E+0	5.412660E+5
1.678000E-2	0.000000E+0	5.413620E+5
1.680000E-2	0.000000E+0	5.425600E+5
1.682000E-2	0.000000E+0	5.427280E+5
1.684000E-2	0.000000E+0	5.431140E+5
1.686000E-2	0.000000E+0	5.443760E+5
1.688000E-2	0.000000E+0	5.425420E+5
1.690000E-2	0.000000E+0	5.425950E+5
1.692000E-2	0.000000E+0	5.429020E+5
1.694000E-2	0.000000E+0	5.423250E+5
1.696000E-2	0.000000E+0	5.417410E+5
1.698000E-2	0.000000E+0	5.421550E+5
1.700000E-2	0.000000E+0	5.433110E+5
1.702000E-2	0.000000E+0	5.427150E+5
1.704000E-2	0.000000E+0	5.432880E+5
1.706000E-2	0.000000E+0	5.430600E+5
1.708000E-2	0.000000E+0	5.423750E+5
1.710000E-2	0.000000E+0	5.435260E+5
1.712000E-2	0.000000E+0	5.424910E+5
1.714000E-2	0.000000E+0	5.416230E+5
1.716000E-2	0.000000E+0	5.433100E+5
1.718000E-2	0.000000E+0	5.426050E+5
1.720000E-2	0.000000E+0	5.433430E+5
1.722000E-2	0.000000E+0	5.436380E+5
1.724000E-2	0.000000E+0	5.424220E+5
1.726000E-2	0.000000E+0	5.419480E+5
1.728000E-2	0.000000E+0	5.418380E+5
1.730000E-2	0.000000E+0	5.423450E+5
1.732000E-2	0.000000E+0	5.421050E+5
1.734000E-2	0.000000E+0	5.428450E+5
1.736000E-2	0.000000E+0	5.438670E+5
1.738000E-2	0.000000E+0	5.435360E+5
1.740000E-2	0.000000E+0	5.435920E+5
1.742000E-2	0.000000E+0	5.418780E+5
1.744000E-2	0.000000E+0	5.423100E+5
1.746000E-2	0.000000E+0	5.423700E+5
1.748000E-2	0.000000E+0	5.424600E+5
1.750000E-2	0.000000E+0	5.429840E+5
1.752000E-2	0.000000E+0	5.432900E+5
1.754000E-2	0.000000E+0	5.422640E+5
1.756000E-2	0.000000E+0	5.416580E+5
1.758000E-2	0.000000E+0	5.423450E+5
1.760000E-2	0.000000E+0	5.429370E+5
1.762000E-2	0.000000E+0	5.430970E+5
1.764000E-2	0.000000E+0	5.432880E+5
1.766000E-2	0.000000E+0	5.421300E+5
1.768000E-2	0.000000E+0	5.430120E+5
1.770000E-2	0.000000E+0	5.423770E+5
1.772000E-2	0.000000E+0	5.439170E+5
1.774000E-2	0.000000E+0	5.425370E+5
1.776000E-2	0.000000E+0	5.421750E+5
1.778000E-2	0.000000E+0	5.433590E+5
1.780000E-2	0.000000E+0	5.411080E+5
1.782000E-2	0.000000E+0	5.426110E+5
1.784000E-2	0.000000E+0	5.423060E+5
1.786000E-2	0.000000E+0	5.423630E+5
1.788000E-2	0.000000E+0	5.429340E+5
1.790000E-2	0.000000E+0	5.429700E+5
1.792000E-2	0.000000E+0	5.417970E+5
1.794000E-2	0.000000E+0	5.423150E+5
1.796000E-2	0.000000E+0	5.428710E+5
1.798000E-2	0.000000E+0	5.430980E+5
1.800000E-2	0.000000E+0	5.411140E+5
1.802000E-2	0.000000E+0	5.421160E+5
1.804000E-2	0.000000E+0	5.413350E+5
1.806000E-2	0.000000E+0	5.421170E+5
1.808000E-2	0.000000E+0	5.422740E+5
1.810000E-2	0.000000E+0	5.429840E+5
1.812000E-2	0.000000E+0	5.437730E+5
1.814000E-2	0.000000E+0	5.441680E+5
1.816000E-2	0.000000E+0	5.433630E+5
1.818000E-2	0.000000E+0	5.415050E+5
1.820000E-2	0.000000E+0	5.434270E+5
1.822000E-2	0.000000E+0	5.423100E+5
1.824000E-2	0.000000E+0	5.427100E+5
1.826000E-2	0.000000E+0	5.432480E+5
1.828000E-2	0.000000E+0	5.419460E+5
1.830000E-2	0.000000E+0	5.416080E+5
1.832000E-2	0.000000E+0	5.432380E+5
1.834000E-2	0.000000E+0	5.418540E+5
1.836000E-2	0.000000E+0	5.437690E+5
1.838000E-2	0.000000E+0	5.419090E+5
1.840000E-2	0.000000E+0	5.421540E+5
1.842000E-2	0.000000E+0	5.418470E+5
1.844000E-2	0.000000E+0	5.419220E+5
1.846000E-2	0.000000E+0	5.409690E+5
1.848000E-2	0.000000E+0	5.435240E+5
1.850000E-2	0.000000E+0	5.428860E+5
1.852000E-2	0.000000E+0	5.426230E+5
1.854000E-2	0.000000E+0	5.441700E+5
1.856000E-2	0.000000E+0	5.409690E+5
1.858000E-2	0.000000E+0	5.416620E+5
1.860000E-2	0.000000E+0	5.428640E+5
1.862000E-2	0.000000E+0	5.419850E+5
1.864000E-2	0.000000E+0	5.413650E+5
1.866000E-2	0.000000E+0	5.432040E+5
1.868000E-2	0.000000E+0	5.423710E+5
1.870000E-2	0.000000E+0	5.426760E+5
1.872000E-2	0.000000E+0	5.429470E+5
1.874000E-2	0.000000E+0	5.406430E+5
1.876000E-2	0.000000E+0	5.424320E+5
1.878000E-2	0.000000E+0	5.423390E+5
1.880000E-2	0.000000E+0	5.424310E+5
1.882000E-2	0.000000E+0	5.424030E+5
1.884000E-2	0.000000E+0	5.431810E+5
1.886000E-2	0.000000E+0	5.422310E+5
1.888000E-2	0.000000E+0	5.418130E+5
1.890000E-2	0.000000E+0	5.420020E+5
1.892000E-2	0.000000E+0	5.437090E+5
1.894000E-2	0.000000E+0	5.425430E+5
1.896000E-2	0.000000E+0	5.429140E+5
1.898000E-2	0.000000E+0	5.432880E+5
1.900000E-2	0.000000E+0	5.419610E+5
1.902000E-2	0.000000E+0	5.415800E+5
1.904000E-2	0.000000E+0	5.426190E+5
1.906000E-2	0.000000E+0	5.435060E+5
1.908000E-2	0.000000E+0	5.428950E+5
1.910000E-2	0.000000E+0	5.411720E+5
1.912000E-2	0.000000E+0	5.413340E+5
1.914000E-2	0.000000E+0	5.425940E+5
1.916000E-2	0.000000E+0	5.421300E+5
1.918000E-2	0.000000E+0	5.418880E+5
1.920000E-2	0.000000E+0	5.432930E+5
1.922000E-2	0.000000E+0	5.424890E+5
1.924000E-2	0.000000E+0	5.427330E+5
1.926000E-2	0.000000E+0	5.431900E+5
1.928000E-2	0.000000E+0	5.433280E+5
1.930000E-2	0.000000E+0	5.424490E+5
1.932000E-2	0.000000E+0	5.422360E+5
1.934000E-2	0.000000E+0	5.424280E+5
1.936000E-2	0.000000E+0	5.421450E+5
1.938000E-2	0.000000E+0	5.431060E+5
1.940000E-2	0.000000E+0	5.407900E+5
1.942000E-2	0.000000E+0	5.437210E+5
1.944000E-2	0.000000E+0	5.433370E+5
1.946000E-2	0.000000E+0	5.412260E+5
1.948000E-2	0.000000E+0	5.428240E+5
1.950000E-2	0.000000E+0	5.426850E+5
1.952000E-2	0.000000E+0	5.434320E+5
1.954000E-2	0.000000E+0	5.422540E+5
1.956000E-2	0.000000E+0	5.436650E+5
1.958000E-2	0.000000E+0	5.419420E+5
1.960000E-2	0.000000E+0	5.428600E+5
1.962000E-2	0.000000E+0	5.418130E+5
1.964000E-2	0.000000E+0	5.432070E+5
1.966000E-2	0.000000E+0	5.434000E+5
1.968000E-2	0.000000E+0	5.425510E+5
1.970000E-2	0.000000E+0	5.424230E+5
1.972000E-2	0.000000E+0	5.425880E+5
1.974000E-2	0.000000E+0	5.428520E+5
1.976000E-2	0.000000E+0	5.410090E+5
1.978000E-2	0.000000E+0	5.420520E+5
1.980000E-2	0.000000E+0	5.428710E+5
1.982000E-2	0.000000E+0	5.418060E+5
1.984000E-2	0.000000E+0	5.425480E+5
1.986000E-2	0.000000E+0	5.413730E+5
1.988000E-2	0.000000E+0	5.412900E+5
1.990000E-2	0.000000E+0	5.424800E+5
1.992000E-2	0.000000E+0	5.421520E+5
1.994000E-2	0.000000E+0	5.441190E+5
1.996000E-2	0.000000E+0	5.420580E+5
1.998000E-2	0.000000E+0	5.426960E+5
