

live time:  214763.380000
real time:  298800.108000
sweeps:  10738169.000000
0.000000E+0	0.000000E+0	0.000000E+0
2.000000E-5	0.000000E+0	4.704920E+5
4.000000E-5	0.000000E+0	4.711330E+5
6.000000E-5	0.000000E+0	4.703030E+5
8.000000E-5	0.000000E+0	4.710250E+5
1.000000E-4	0.000000E+0	4.696660E+5
1.200000E-4	0.000000E+0	4.709470E+5
1.400000E-4	0.000000E+0	4.711120E+5
1.600000E-4	0.000000E+0	4.708040E+5
1.800000E-4	0.000000E+0	4.711050E+5
2.000000E-4	0.000000E+0	4.706410E+5
2.200000E-4	0.000000E+0	4.713450E+5
2.400000E-4	0.000000E+0	4.694960E+5
2.600000E-4	0.000000E+0	4.696300E+5
2.800000E-4	0.000000E+0	4.700920E+5
3.000000E-4	0.000000E+0	4.718670E+5
3.200000E-4	0.000000E+0	4.707280E+5
3.400000E-4	0.000000E+0	4.701190E+5
3.600000E-4	0.000000E+0	4.713620E+5
3.800000E-4	0.000000E+0	4.700130E+5
4.000000E-4	0.000000E+0	4.695730E+5
4.200000E-4	0.000000E+0	4.703430E+5
4.400000E-4	0.000000E+0	4.700390E+5
4.600000E-4	0.000000E+0	4.715100E+5
4.800000E-4	0.000000E+0	4.699890E+5
5.000000E-4	0.000000E+0	4.705680E+5
5.200000E-4	0.000000E+0	4.704660E+5
5.400000E-4	0.000000E+0	4.701390E+5
5.600000E-4	0.000000E+0	4.694070E+5
5.800000E-4	0.000000E+0	4.704550E+5
6.000000E-4	0.000000E+0	4.710890E+5
6.200000E-4	0.000000E+0	4.701040E+5
6.400000E-4	0.000000E+0	4.712730E+5
6.600000E-4	0.000000E+0	4.697580E+5
6.800000E-4	0.000000E+0	4.699560E+5
7.000000E-4	0.000000E+0	4.708260E+5
7.200000E-4	0.000000E+0	4.714870E+5
7.400000E-4	0.000000E+0	4.696280E+5
7.600000E-4	0.000000E+0	4.701650E+5
7.800000E-4	0.000000E+0	4.692940E+5
8.000000E-4	0.000000E+0	4.711910E+5
8.200000E-4	0.000000E+0	4.701320E+5
8.400000E-4	0.000000E+0	4.702040E+5
8.600000E-4	0.000000E+0	4.711460E+5
8.800000E-4	0.000000E+0	4.699410E+5
9.000000E-4	0.000000E+0	4.717140E+5
9.200000E-4	0.000000E+0	4.700880E+5
9.400000E-4	0.000000E+0	4.707170E+5
9.600000E-4	0.000000E+0	4.695120E+5
9.800000E-4	0.000000E+0	4.716790E+5
1.000000E-3	0.000000E+0	4.705460E+5
1.020000E-3	0.000000E+0	4.700180E+5
1.040000E-3	0.000000E+0	4.703150E+5
1.060000E-3	0.000000E+0	4.704790E+5
1.080000E-3	0.000000E+0	4.702190E+5
1.100000E-3	0.000000E+0	4.702500E+5
1.120000E-3	0.000000E+0	4.711710E+5
1.140000E-3	0.000000E+0	4.693620E+5
1.160000E-3	0.000000E+0	4.700690E+5
1.180000E-3	0.000000E+0	4.699780E+5
1.200000E-3	0.000000E+0	4.709280E+5
1.220000E-3	0.000000E+0	4.714650E+5
1.240000E-3	0.000000E+0	4.706700E+5
1.260000E-3	0.000000E+0	4.705910E+5
1.280000E-3	0.000000E+0	4.706390E+5
1.300000E-3	0.000000E+0	4.692660E+5
1.320000E-3	0.000000E+0	4.712350E+5
1.340000E-3	0.000000E+0	4.707940E+5
1.360000E-3	0.000000E+0	4.698910E+5
1.380000E-3	0.000000E+0	4.712450E+5
1.400000E-3	0.000000E+0	4.703420E+5
1.420000E-3	0.000000E+0	4.706890E+5
1.440000E-3	0.000000E+0	4.704120E+5
1.460000E-3	0.000000E+0	4.693670E+5
1.480000E-3	0.000000E+0	4.712260E+5
1.500000E-3	0.000000E+0	4.703230E+5
1.520000E-3	0.000000E+0	4.700740E+5
1.540000E-3	0.000000E+0	4.708310E+5
1.560000E-3	0.000000E+0	4.702770E+5
1.580000E-3	0.000000E+0	4.711550E+5
1.600000E-3	0.000000E+0	4.704490E+5
1.620000E-3	0.000000E+0	4.699810E+5
1.640000E-3	0.000000E+0	4.697570E+5
1.660000E-3	0.000000E+0	4.706310E+5
1.680000E-3	0.000000E+0	4.704820E+5
1.700000E-3	0.000000E+0	4.695650E+5
1.720000E-3	0.000000E+0	4.709920E+5
1.740000E-3	0.000000E+0	4.715010E+5
1.760000E-3	0.000000E+0	4.706220E+5
1.780000E-3	0.000000E+0	4.711120E+5
1.800000E-3	0.000000E+0	4.712200E+5
1.820000E-3	0.000000E+0	4.699710E+5
1.840000E-3	0.000000E+0	4.692160E+5
1.860000E-3	0.000000E+0	4.704000E+5
1.880000E-3	0.000000E+0	4.703950E+5
1.900000E-3	0.000000E+0	4.696170E+5
1.920000E-3	0.000000E+0	4.704230E+5
1.940000E-3	0.000000E+0	4.696870E+5
1.960000E-3	0.000000E+0	4.708800E+5
1.980000E-3	0.000000E+0	4.709860E+5
2.000000E-3	0.000000E+0	4.703990E+5
2.020000E-3	0.000000E+0	4.701690E+5
2.040000E-3	0.000000E+0	4.696320E+5
2.060000E-3	0.000000E+0	4.712640E+5
2.080000E-3	0.000000E+0	4.717130E+5
2.100000E-3	0.000000E+0	4.713480E+5
2.120000E-3	0.000000E+0	4.709140E+5
2.140000E-3	0.000000E+0	4.693200E+5
2.160000E-3	0.000000E+0	4.691870E+5
2.180000E-3	0.000000E+0	4.706950E+5
2.200000E-3	0.000000E+0	4.716750E+5
2.220000E-3	0.000000E+0	4.713060E+5
2.240000E-3	0.000000E+0	4.702010E+5
2.260000E-3	0.000000E+0	4.707290E+5
2.280000E-3	0.000000E+0	4.704970E+5
2.300000E-3	0.000000E+0	4.707480E+5
2.320000E-3	0.000000E+0	4.704900E+5
2.340000E-3	0.000000E+0	4.702970E+5
2.360000E-3	0.000000E+0	4.707080E+5
2.380000E-3	0.000000E+0	4.719160E+5
2.400000E-3	0.000000E+0	4.688590E+5
2.420000E-3	0.000000E+0	4.701290E+5
2.440000E-3	0.000000E+0	4.701480E+5
2.460000E-3	0.000000E+0	4.706150E+5
2.480000E-3	0.000000E+0	4.717400E+5
2.500000E-3	0.000000E+0	4.703210E+5
2.520000E-3	0.000000E+0	4.708580E+5
2.540000E-3	0.000000E+0	4.693320E+5
2.560000E-3	0.000000E+0	4.707350E+5
2.580000E-3	0.000000E+0	4.696980E+5
2.600000E-3	0.000000E+0	4.714130E+5
2.620000E-3	0.000000E+0	4.704450E+5
2.640000E-3	0.000000E+0	4.694770E+5
2.660000E-3	0.000000E+0	4.711900E+5
2.680000E-3	0.000000E+0	4.700660E+5
2.700000E-3	0.000000E+0	4.703280E+5
2.720000E-3	0.000000E+0	4.685880E+5
2.740000E-3	0.000000E+0	4.703860E+5
2.760000E-3	0.000000E+0	4.700950E+5
2.780000E-3	0.000000E+0	4.701830E+5
2.800000E-3	0.000000E+0	4.703910E+5
2.820000E-3	0.000000E+0	4.698950E+5
2.840000E-3	0.000000E+0	4.694160E+5
2.860000E-3	0.000000E+0	4.710200E+5
2.880000E-3	0.000000E+0	4.704390E+5
2.900000E-3	0.000000E+0	4.702470E+5
2.920000E-3	0.000000E+0	4.690470E+5
2.940000E-3	0.000000E+0	4.706740E+5
2.960000E-3	0.000000E+0	4.704000E+5
2.980000E-3	0.000000E+0	4.696210E+5
3.000000E-3	0.000000E+0	4.703980E+5
3.020000E-3	0.000000E+0	4.705440E+5
3.040000E-3	0.000000E+0	4.710370E+5
3.060000E-3	0.000000E+0	4.719480E+5
3.080000E-3	0.000000E+0	4.705390E+5
3.100000E-3	0.000000E+0	4.696480E+5
3.120000E-3	0.000000E+0	4.705390E+5
3.140000E-3	0.000000E+0	4.710480E+5
3.160000E-3	0.000000E+0	4.694110E+5
3.180000E-3	0.000000E+0	4.706640E+5
3.200000E-3	0.000000E+0	4.699500E+5
3.220000E-3	0.000000E+0	4.711320E+5
3.240000E-3	0.000000E+0	4.715530E+5
3.260000E-3	0.000000E+0	4.710690E+5
3.280000E-3	0.000000E+0	4.709720E+5
3.300000E-3	0.000000E+0	4.704520E+5
3.320000E-3	0.000000E+0	4.708520E+5
3.340000E-3	0.000000E+0	4.696420E+5
3.360000E-3	0.000000E+0	4.696690E+5
3.380000E-3	0.000000E+0	4.691140E+5
3.400000E-3	0.000000E+0	4.702650E+5
3.420000E-3	0.000000E+0	4.717660E+5
3.440000E-3	0.000000E+0	4.700310E+5
3.460000E-3	0.000000E+0	4.708920E+5
3.480000E-3	0.000000E+0	4.700590E+5
3.500000E-3	0.000000E+0	4.704200E+5
3.520000E-3	0.000000E+0	4.693070E+5
3.540000E-3	0.000000E+0	4.704570E+5
3.560000E-3	0.000000E+0	4.698810E+5
3.580000E-3	0.000000E+0	4.694590E+5
3.600000E-3	0.000000E+0	4.700570E+5
3.620000E-3	0.000000E+0	4.678950E+5
3.640000E-3	0.000000E+0	4.711160E+5
3.660000E-3	0.000000E+0	4.704960E+5
3.680000E-3	0.000000E+0	4.701310E+5
3.700000E-3	0.000000E+0	4.696150E+5
3.720000E-3	0.000000E+0	4.700100E+5
3.740000E-3	0.000000E+0	4.699090E+5
3.760000E-3	0.000000E+0	4.700020E+5
3.780000E-3	0.000000E+0	4.694700E+5
3.800000E-3	0.000000E+0	4.695570E+5
3.820000E-3	0.000000E+0	4.698680E+5
3.840000E-3	0.000000E+0	4.703000E+5
3.860000E-3	0.000000E+0	4.700170E+5
3.880000E-3	0.000000E+0	4.693360E+5
3.900000E-3	0.000000E+0	4.707410E+5
3.920000E-3	0.000000E+0	4.717810E+5
3.940000E-3	0.000000E+0	4.708670E+5
3.960000E-3	0.000000E+0	4.710560E+5
3.980000E-3	0.000000E+0	4.708470E+5
4.000000E-3	0.000000E+0	4.701340E+5
4.020000E-3	0.000000E+0	4.709700E+5
4.040000E-3	0.000000E+0	4.700520E+5
4.060000E-3	0.000000E+0	4.703760E+5
4.080000E-3	0.000000E+0	4.703020E+5
4.100000E-3	0.000000E+0	4.705730E+5
4.120000E-3	0.000000E+0	4.700700E+5
4.140000E-3	0.000000E+0	4.693460E+5
4.160000E-3	0.000000E+0	4.706290E+5
4.180000E-3	0.000000E+0	4.693680E+5
4.200000E-3	0.000000E+0	4.705160E+5
4.220000E-3	0.000000E+0	4.698710E+5
4.240000E-3	0.000000E+0	4.699620E+5
4.260000E-3	0.000000E+0	4.693040E+5
4.280000E-3	0.000000E+0	4.709610E+5
4.300000E-3	0.000000E+0	4.705400E+5
4.320000E-3	0.000000E+0	4.697070E+5
4.340000E-3	0.000000E+0	4.696950E+5
4.360000E-3	0.000000E+0	4.699440E+5
4.380000E-3	0.000000E+0	4.698120E+5
4.400000E-3	0.000000E+0	4.706370E+5
4.420000E-3	0.000000E+0	4.701130E+5
4.440000E-3	0.000000E+0	4.699320E+5
4.460000E-3	0.000000E+0	4.701040E+5
4.480000E-3	0.000000E+0	4.693700E+5
4.500000E-3	0.000000E+0	4.702190E+5
4.520000E-3	0.000000E+0	4.694310E+5
4.540000E-3	0.000000E+0	4.691120E+5
4.560000E-3	0.000000E+0	4.696620E+5
4.580000E-3	0.000000E+0	4.704760E+5
4.600000E-3	0.000000E+0	4.704940E+5
4.620000E-3	0.000000E+0	4.698000E+5
4.640000E-3	0.000000E+0	4.704790E+5
4.660000E-3	0.000000E+0	4.708320E+5
4.680000E-3	0.000000E+0	4.696810E+5
4.700000E-3	0.000000E+0	4.703040E+5
4.720000E-3	0.000000E+0	4.704500E+5
4.740000E-3	0.000000E+0	4.695430E+5
4.760000E-3	0.000000E+0	4.707530E+5
4.780000E-3	0.000000E+0	4.689590E+5
4.800000E-3	0.000000E+0	4.696020E+5
4.820000E-3	0.000000E+0	4.693210E+5
4.840000E-3	0.000000E+0	4.693050E+5
4.860000E-3	0.000000E+0	4.676590E+5
4.880000E-3	0.000000E+0	4.671780E+5
4.900000E-3	0.000000E+0	4.671570E+5
4.920000E-3	0.000000E+0	4.637080E+5
4.940000E-3	0.000000E+0	4.631440E+5
4.960000E-3	0.000000E+0	4.630150E+5
4.980000E-3	0.000000E+0	4.632820E+5
5.000000E-3	0.000000E+0	4.614250E+5
5.020000E-3	0.000000E+0	4.601790E+5
5.040000E-3	0.000000E+0	4.578630E+5
5.060000E-3	0.000000E+0	4.571930E+5
5.080000E-3	0.000000E+0	4.571610E+5
5.100000E-3	0.000000E+0	4.574660E+5
5.120000E-3	0.000000E+0	4.572750E+5
5.140000E-3	0.000000E+0	4.586650E+5
5.160000E-3	0.000000E+0	4.609230E+5
5.180000E-3	0.000000E+0	4.615900E+5
5.200000E-3	0.000000E+0	4.632270E+5
5.220000E-3	0.000000E+0	4.644450E+5
5.240000E-3	0.000000E+0	4.640220E+5
5.260000E-3	0.000000E+0	4.672920E+5
5.280000E-3	0.000000E+0	4.650240E+5
5.300000E-3	0.000000E+0	4.673840E+5
5.320000E-3	0.000000E+0	4.689060E+5
5.340000E-3	0.000000E+0	4.690600E+5
5.360000E-3	0.000000E+0	4.695180E+5
5.380000E-3	0.000000E+0	4.683770E+5
5.400000E-3	0.000000E+0	4.704250E+5
5.420000E-3	0.000000E+0	4.694700E+5
5.440000E-3	0.000000E+0	4.687490E+5
5.460000E-3	0.000000E+0	4.684200E+5
5.480000E-3	0.000000E+0	4.682800E+5
5.500000E-3	0.000000E+0	4.683080E+5
5.520000E-3	0.000000E+0	4.670720E+5
5.540000E-3	0.000000E+0	4.666420E+5
5.560000E-3	0.000000E+0	4.644280E+5
5.580000E-3	0.000000E+0	4.639110E+5
5.600000E-3	0.000000E+0	4.619410E+5
5.620000E-3	0.000000E+0	4.627770E+5
5.640000E-3	0.000000E+0	4.633910E+5
5.660000E-3	0.000000E+0	4.612690E+5
5.680000E-3	0.000000E+0	4.610110E+5
5.700000E-3	0.000000E+0	4.584430E+5
5.720000E-3	0.000000E+0	4.581200E+5
5.740000E-3	0.000000E+0	4.581660E+5
5.760000E-3	0.000000E+0	4.590890E+5
5.780000E-3	0.000000E+0	4.593090E+5
5.800000E-3	0.000000E+0	4.607480E+5
5.820000E-3	0.000000E+0	4.619990E+5
5.840000E-3	0.000000E+0	4.636560E+5
5.860000E-3	0.000000E+0	4.639380E+5
5.880000E-3	0.000000E+0	4.654500E+5
5.900000E-3	0.000000E+0	4.672800E+5
5.920000E-3	0.000000E+0	4.688590E+5
5.940000E-3	0.000000E+0	4.677740E+5
5.960000E-3	0.000000E+0	4.686540E+5
5.980000E-3	0.000000E+0	4.695460E+5
6.000000E-3	0.000000E+0	4.694140E+5
6.020000E-3	0.000000E+0	4.694000E+5
6.040000E-3	0.000000E+0	4.698210E+5
6.060000E-3	0.000000E+0	4.698010E+5
6.080000E-3	0.000000E+0	4.698830E+5
6.100000E-3	0.000000E+0	4.689440E+5
6.120000E-3	0.000000E+0	4.700170E+5
6.140000E-3	0.000000E+0	4.696320E+5
6.160000E-3	0.000000E+0	4.692490E+5
6.180000E-3	0.000000E+0	4.704710E+5
6.200000E-3	0.000000E+0	4.698410E+5
6.220000E-3	0.000000E+0	4.703770E+5
6.240000E-3	0.000000E+0	4.691500E+5
6.260000E-3	0.000000E+0	4.696450E+5
6.280000E-3	0.000000E+0	4.714770E+5
6.300000E-3	0.000000E+0	4.710740E+5
6.320000E-3	0.000000E+0	4.705210E+5
6.340000E-3	0.000000E+0	4.702310E+5
6.360000E-3	0.000000E+0	4.698470E+5
6.380000E-3	0.000000E+0	4.710950E+5
6.400000E-3	0.000000E+0	4.699740E+5
6.420000E-3	0.000000E+0	4.690670E+5
6.440000E-3	0.000000E+0	4.718350E+5
6.460000E-3	0.000000E+0	4.696430E+5
6.480000E-3	0.000000E+0	4.695490E+5
6.500000E-3	0.000000E+0	4.694730E+5
6.520000E-3	0.000000E+0	4.703430E+5
6.540000E-3	0.000000E+0	4.698160E+5
6.560000E-3	0.000000E+0	4.709150E+5
6.580000E-3	0.000000E+0	4.700830E+5
6.600000E-3	0.000000E+0	4.708800E+5
6.620000E-3	0.000000E+0	4.701950E+5
6.640000E-3	0.000000E+0	4.701950E+5
6.660000E-3	0.000000E+0	4.693350E+5
6.680000E-3	0.000000E+0	4.701610E+5
6.700000E-3	0.000000E+0	4.701220E+5
6.720000E-3	0.000000E+0	4.704910E+5
6.740000E-3	0.000000E+0	4.706260E+5
6.760000E-3	0.000000E+0	4.710580E+5
6.780000E-3	0.000000E+0	4.693160E+5
6.800000E-3	0.000000E+0	4.708250E+5
6.820000E-3	0.000000E+0	4.705840E+5
6.840000E-3	0.000000E+0	4.702910E+5
6.860000E-3	0.000000E+0	4.708470E+5
6.880000E-3	0.000000E+0	4.712250E+5
6.900000E-3	0.000000E+0	4.697620E+5
6.920000E-3	0.000000E+0	4.692450E+5
6.940000E-3	0.000000E+0	4.706280E+5
6.960000E-3	0.000000E+0	4.685480E+5
6.980000E-3	0.000000E+0	4.703880E+5
7.000000E-3	0.000000E+0	4.700570E+5
7.020000E-3	0.000000E+0	4.709910E+5
7.040000E-3	0.000000E+0	4.706320E+5
7.060000E-3	0.000000E+0	4.709180E+5
7.080000E-3	0.000000E+0	4.705500E+5
7.100000E-3	0.000000E+0	4.696290E+5
7.120000E-3	0.000000E+0	4.704280E+5
7.140000E-3	0.000000E+0	4.701590E+5
7.160000E-3	0.000000E+0	4.701670E+5
7.180000E-3	0.000000E+0	4.694490E+5
7.200000E-3	0.000000E+0	4.702620E+5
7.220000E-3	0.000000E+0	4.709090E+5
7.240000E-3	0.000000E+0	4.700060E+5
7.260000E-3	0.000000E+0	4.704000E+5
7.280000E-3	0.000000E+0	4.702500E+5
7.300000E-3	0.000000E+0	4.701950E+5
7.320000E-3	0.000000E+0	4.708020E+5
7.340000E-3	0.000000E+0	4.713010E+5
7.360000E-3	0.000000E+0	4.695650E+5
7.380000E-3	0.000000E+0	4.711400E+5
7.400000E-3	0.000000E+0	4.706010E+5
7.420000E-3	0.000000E+0	4.701410E+5
7.440000E-3	0.000000E+0	4.704690E+5
7.460000E-3	0.000000E+0	4.705670E+5
7.480000E-3	0.000000E+0	4.701430E+5
7.500000E-3	0.000000E+0	4.709860E+5
7.520000E-3	0.000000E+0	4.708630E+5
7.540000E-3	0.000000E+0	4.705630E+5
7.560000E-3	0.000000E+0	4.708800E+5
7.580000E-3	0.000000E+0	4.706910E+5
7.600000E-3	0.000000E+0	4.701180E+5
7.620000E-3	0.000000E+0	4.707380E+5
7.640000E-3	0.000000E+0	4.712230E+5
7.660000E-3	0.000000E+0	4.696340E+5
7.680000E-3	0.000000E+0	4.701490E+5
7.700000E-3	0.000000E+0	4.697990E+5
7.720000E-3	0.000000E+0	4.707090E+5
7.740000E-3	0.000000E+0	4.696730E+5
7.760000E-3	0.000000E+0	4.702920E+5
7.780000E-3	0.000000E+0	4.715030E+5
7.800000E-3	0.000000E+0	4.701970E+5
7.820000E-3	0.000000E+0	4.697180E+5
7.840000E-3	0.000000E+0	4.718280E+5
7.860000E-3	0.000000E+0	4.704360E+5
7.880000E-3	0.000000E+0	4.702190E+5
7.900000E-3	0.000000E+0	4.702510E+5
7.920000E-3	0.000000E+0	4.701750E+5
7.940000E-3	0.000000E+0	4.713090E+5
7.960000E-3	0.000000E+0	4.718570E+5
7.980000E-3	0.000000E+0	4.713420E+5
8.000000E-3	0.000000E+0	4.706900E+5
8.020000E-3	0.000000E+0	4.704920E+5
8.040000E-3	0.000000E+0	4.692550E+5
8.060000E-3	0.000000E+0	4.699310E+5
8.080000E-3	0.000000E+0	4.708300E+5
8.100000E-3	0.000000E+0	4.716610E+5
8.120000E-3	0.000000E+0	4.708130E+5
8.140000E-3	0.000000E+0	4.699160E+5
8.160000E-3	0.000000E+0	4.706440E+5
8.180000E-3	0.000000E+0	4.696510E+5
8.200000E-3	0.000000E+0	4.707870E+5
8.220000E-3	0.000000E+0	4.701880E+5
8.240000E-3	0.000000E+0	4.708280E+5
8.260000E-3	0.000000E+0	4.720500E+5
8.280000E-3	0.000000E+0	4.697110E+5
8.300000E-3	0.000000E+0	4.706570E+5
8.320000E-3	0.000000E+0	4.692600E+5
8.340000E-3	0.000000E+0	4.697090E+5
8.360000E-3	0.000000E+0	4.701300E+5
8.380000E-3	0.000000E+0	4.685340E+5
8.400000E-3	0.000000E+0	4.696950E+5
8.420000E-3	0.000000E+0	4.705030E+5
8.440000E-3	0.000000E+0	4.707550E+5
8.460000E-3	0.000000E+0	4.707860E+5
8.480000E-3	0.000000E+0	4.716300E+5
8.500000E-3	0.000000E+0	4.692050E+5
8.520000E-3	0.000000E+0	4.712010E+5
8.540000E-3	0.000000E+0	4.711770E+5
8.560000E-3	0.000000E+0	4.700810E+5
8.580000E-3	0.000000E+0	4.721970E+5
8.600000E-3	0.000000E+0	4.704560E+5
8.620000E-3	0.000000E+0	4.715540E+5
8.640000E-3	0.000000E+0	4.705650E+5
8.660000E-3	0.000000E+0	4.700290E+5
8.680000E-3	0.000000E+0	4.708120E+5
8.700000E-3	0.000000E+0	4.688690E+5
8.720000E-3	0.000000E+0	4.712380E+5
8.740000E-3	0.000000E+0	4.691860E+5
8.760000E-3	0.000000E+0	4.703960E+5
8.780000E-3	0.000000E+0	4.704760E+5
8.800000E-3	0.000000E+0	4.710890E+5
8.820000E-3	0.000000E+0	4.706890E+5
8.840000E-3	0.000000E+0	4.695430E+5
8.860000E-3	0.000000E+0	4.721370E+5
8.880000E-3	0.000000E+0	4.698390E+5
8.900000E-3	0.000000E+0	4.704000E+5
8.920000E-3	0.000000E+0	4.693930E+5
8.940000E-3	0.000000E+0	4.691000E+5
8.960000E-3	0.000000E+0	4.714900E+5
8.980000E-3	0.000000E+0	4.699120E+5
9.000000E-3	0.000000E+0	4.702880E+5
9.020000E-3	0.000000E+0	4.689450E+5
9.040000E-3	0.000000E+0	4.707600E+5
9.060000E-3	0.000000E+0	4.725370E+5
9.080000E-3	0.000000E+0	4.702900E+5
9.100000E-3	0.000000E+0	4.716680E+5
9.120000E-3	0.000000E+0	4.694700E+5
9.140000E-3	0.000000E+0	4.706440E+5
9.160000E-3	0.000000E+0	4.708610E+5
9.180000E-3	0.000000E+0	4.694970E+5
9.200000E-3	0.000000E+0	4.701870E+5
9.220000E-3	0.000000E+0	4.703790E+5
9.240000E-3	0.000000E+0	4.712370E+5
9.260000E-3	0.000000E+0	4.716700E+5
9.280000E-3	0.000000E+0	4.714630E+5
9.300000E-3	0.000000E+0	4.713140E+5
9.320000E-3	0.000000E+0	4.703810E+5
9.340000E-3	0.000000E+0	4.700290E+5
9.360000E-3	0.000000E+0	4.703570E+5
9.380000E-3	0.000000E+0	4.717830E+5
9.400000E-3	0.000000E+0	4.707250E+5
9.420000E-3	0.000000E+0	4.716510E+5
9.440000E-3	0.000000E+0	4.702790E+5
9.460000E-3	0.000000E+0	4.715500E+5
9.480000E-3	0.000000E+0	4.704450E+5
9.500000E-3	0.000000E+0	4.695830E+5
9.520000E-3	0.000000E+0	4.710320E+5
9.540000E-3	0.000000E+0	4.692390E+5
9.560000E-3	0.000000E+0	4.706160E+5
9.580000E-3	0.000000E+0	4.701090E+5
9.600000E-3	0.000000E+0	4.707630E+5
9.620000E-3	0.000000E+0	4.700180E+5
9.640000E-3	0.000000E+0	4.701210E+5
9.660000E-3	0.000000E+0	4.713170E+5
9.680000E-3	0.000000E+0	4.692550E+5
9.700000E-3	0.000000E+0	4.699060E+5
9.720000E-3	0.000000E+0	4.708810E+5
9.740000E-3	0.000000E+0	4.700760E+5
9.760000E-3	0.000000E+0	4.703680E+5
9.780000E-3	0.000000E+0	4.709610E+5
9.800000E-3	0.000000E+0	4.708130E+5
9.820000E-3	0.000000E+0	4.712610E+5
9.840000E-3	0.000000E+0	4.705960E+5
9.860000E-3	0.000000E+0	4.697950E+5
9.880000E-3	0.000000E+0	4.718440E+5
9.900000E-3	0.000000E+0	4.723470E+5
9.920000E-3	0.000000E+0	4.704520E+5
9.940000E-3	0.000000E+0	4.698370E+5
9.960000E-3	0.000000E+0	4.693540E+5
9.980000E-3	0.000000E+0	4.713390E+5
1.000000E-2	0.000000E+0	4.699910E+5
1.002000E-2	0.000000E+0	4.704150E+5
1.004000E-2	0.000000E+0	4.710870E+5
1.006000E-2	0.000000E+0	4.699060E+5
1.008000E-2	0.000000E+0	4.705360E+5
1.010000E-2	0.000000E+0	4.701870E+5
1.012000E-2	0.000000E+0	4.714900E+5
1.014000E-2	0.000000E+0	4.721890E+5
1.016000E-2	0.000000E+0	4.711840E+5
1.018000E-2	0.000000E+0	4.706390E+5
1.020000E-2	0.000000E+0	4.711260E+5
1.022000E-2	0.000000E+0	4.701560E+5
1.024000E-2	0.000000E+0	4.699350E+5
1.026000E-2	0.000000E+0	4.720870E+5
1.028000E-2	0.000000E+0	4.703420E+5
1.030000E-2	0.000000E+0	4.714770E+5
1.032000E-2	0.000000E+0	4.699410E+5
1.034000E-2	0.000000E+0	4.720420E+5
1.036000E-2	0.000000E+0	4.707210E+5
1.038000E-2	0.000000E+0	4.711820E+5
1.040000E-2	0.000000E+0	4.701100E+5
1.042000E-2	0.000000E+0	4.709680E+5
1.044000E-2	0.000000E+0	4.704460E+5
1.046000E-2	0.000000E+0	4.715110E+5
1.048000E-2	0.000000E+0	4.712660E+5
1.050000E-2	0.000000E+0	4.703040E+5
1.052000E-2	0.000000E+0	4.711230E+5
1.054000E-2	0.000000E+0	4.719160E+5
1.056000E-2	0.000000E+0	4.704130E+5
1.058000E-2	0.000000E+0	4.715830E+5
1.060000E-2	0.000000E+0	4.700550E+5
1.062000E-2	0.000000E+0	4.700600E+5
1.064000E-2	0.000000E+0	4.707850E+5
1.066000E-2	0.000000E+0	4.700900E+5
1.068000E-2	0.000000E+0	4.708460E+5
1.070000E-2	0.000000E+0	4.698620E+5
1.072000E-2	0.000000E+0	4.705730E+5
1.074000E-2	0.000000E+0	4.713730E+5
1.076000E-2	0.000000E+0	4.709710E+5
1.078000E-2	0.000000E+0	4.717290E+5
1.080000E-2	0.000000E+0	4.713130E+5
1.082000E-2	0.000000E+0	4.720860E+5
1.084000E-2	0.000000E+0	4.707060E+5
1.086000E-2	0.000000E+0	4.712500E+5
1.088000E-2	0.000000E+0	4.705660E+5
1.090000E-2	0.000000E+0	4.709380E+5
1.092000E-2	0.000000E+0	4.706890E+5
1.094000E-2	0.000000E+0	4.702980E+5
1.096000E-2	0.000000E+0	4.705400E+5
1.098000E-2	0.000000E+0	4.713630E+5
1.100000E-2	0.000000E+0	4.713740E+5
1.102000E-2	0.000000E+0	4.698800E+5
1.104000E-2	0.000000E+0	4.713200E+5
1.106000E-2	0.000000E+0	4.708170E+5
1.108000E-2	0.000000E+0	4.712320E+5
1.110000E-2	0.000000E+0	4.706420E+5
1.112000E-2	0.000000E+0	4.704250E+5
1.114000E-2	0.000000E+0	4.712520E+5
1.116000E-2	0.000000E+0	4.689150E+5
1.118000E-2	0.000000E+0	4.705560E+5
1.120000E-2	0.000000E+0	4.701940E+5
1.122000E-2	0.000000E+0	4.720670E+5
1.124000E-2	0.000000E+0	4.721170E+5
1.126000E-2	0.000000E+0	4.695050E+5
1.128000E-2	0.000000E+0	4.697690E+5
1.130000E-2	0.000000E+0	4.709620E+5
1.132000E-2	0.000000E+0	4.720870E+5
1.134000E-2	0.000000E+0	4.698400E+5
1.136000E-2	0.000000E+0	4.719190E+5
1.138000E-2	0.000000E+0	4.706880E+5
1.140000E-2	0.000000E+0	4.721240E+5
1.142000E-2	0.000000E+0	4.701830E+5
1.144000E-2	0.000000E+0	4.717470E+5
1.146000E-2	0.000000E+0	4.702600E+5
1.148000E-2	0.000000E+0	4.705070E+5
1.150000E-2	0.000000E+0	4.700950E+5
1.152000E-2	0.000000E+0	4.701150E+5
1.154000E-2	0.000000E+0	4.705260E+5
1.156000E-2	0.000000E+0	4.713020E+5
1.158000E-2	0.000000E+0	4.702320E+5
1.160000E-2	0.000000E+0	4.706930E+5
1.162000E-2	0.000000E+0	4.703900E+5
1.164000E-2	0.000000E+0	4.719770E+5
1.166000E-2	0.000000E+0	4.727170E+5
1.168000E-2	0.000000E+0	4.712860E+5
1.170000E-2	0.000000E+0	4.723110E+5
1.172000E-2	0.000000E+0	4.719490E+5
1.174000E-2	0.000000E+0	4.704460E+5
1.176000E-2	0.000000E+0	4.708460E+5
1.178000E-2	0.000000E+0	4.701230E+5
1.180000E-2	0.000000E+0	4.710280E+5
1.182000E-2	0.000000E+0	4.712040E+5
1.184000E-2	0.000000E+0	4.714760E+5
1.186000E-2	0.000000E+0	4.700150E+5
1.188000E-2	0.000000E+0	4.701070E+5
1.190000E-2	0.000000E+0	4.696050E+5
1.192000E-2	0.000000E+0	4.701790E+5
1.194000E-2	0.000000E+0	4.721370E+5
1.196000E-2	0.000000E+0	4.707530E+5
1.198000E-2	0.000000E+0	4.709500E+5
1.200000E-2	0.000000E+0	4.706060E+5
1.202000E-2	0.000000E+0	4.706600E+5
1.204000E-2	0.000000E+0	4.703380E+5
1.206000E-2	0.000000E+0	4.709050E+5
1.208000E-2	0.000000E+0	4.713420E+5
1.210000E-2	0.000000E+0	4.712900E+5
1.212000E-2	0.000000E+0	4.706420E+5
1.214000E-2	0.000000E+0	4.694260E+5
1.216000E-2	0.000000E+0	4.699450E+5
1.218000E-2	0.000000E+0	4.706840E+5
1.220000E-2	0.000000E+0	4.695990E+5
1.222000E-2	0.000000E+0	4.710530E+5
1.224000E-2	0.000000E+0	4.708220E+5
1.226000E-2	0.000000E+0	4.702100E+5
1.228000E-2	0.000000E+0	4.708340E+5
1.230000E-2	0.000000E+0	4.708460E+5
1.232000E-2	0.000000E+0	4.710070E+5
1.234000E-2	0.000000E+0	4.714220E+5
1.236000E-2	0.000000E+0	4.708280E+5
1.238000E-2	0.000000E+0	4.718780E+5
1.240000E-2	0.000000E+0	4.714760E+5
1.242000E-2	0.000000E+0	4.714100E+5
1.244000E-2	0.000000E+0	4.714260E+5
1.246000E-2	0.000000E+0	4.702780E+5
1.248000E-2	0.000000E+0	4.709630E+5
1.250000E-2	0.000000E+0	4.703360E+5
1.252000E-2	0.000000E+0	4.725880E+5
1.254000E-2	0.000000E+0	4.710880E+5
1.256000E-2	0.000000E+0	4.703530E+5
1.258000E-2	0.000000E+0	4.718230E+5
1.260000E-2	0.000000E+0	4.717640E+5
1.262000E-2	0.000000E+0	4.696160E+5
1.264000E-2	0.000000E+0	4.700870E+5
1.266000E-2	0.000000E+0	4.723030E+5
1.268000E-2	0.000000E+0	4.709150E+5
1.270000E-2	0.000000E+0	4.703430E+5
1.272000E-2	0.000000E+0	4.717010E+5
1.274000E-2	0.000000E+0	4.703640E+5
1.276000E-2	0.000000E+0	4.709130E+5
1.278000E-2	0.000000E+0	4.703290E+5
1.280000E-2	0.000000E+0	4.700840E+5
1.282000E-2	0.000000E+0	4.701780E+5
1.284000E-2	0.000000E+0	4.705750E+5
1.286000E-2	0.000000E+0	4.714110E+5
1.288000E-2	0.000000E+0	4.716780E+5
1.290000E-2	0.000000E+0	4.703150E+5
1.292000E-2	0.000000E+0	4.708510E+5
1.294000E-2	0.000000E+0	4.700230E+5
1.296000E-2	0.000000E+0	4.706340E+5
1.298000E-2	0.000000E+0	4.708900E+5
1.300000E-2	0.000000E+0	4.707500E+5
1.302000E-2	0.000000E+0	4.713960E+5
1.304000E-2	0.000000E+0	4.712590E+5
1.306000E-2	0.000000E+0	4.699780E+5
1.308000E-2	0.000000E+0	4.722680E+5
1.310000E-2	0.000000E+0	4.715110E+5
1.312000E-2	0.000000E+0	4.711340E+5
1.314000E-2	0.000000E+0	4.720910E+5
1.316000E-2	0.000000E+0	4.710020E+5
1.318000E-2	0.000000E+0	4.706210E+5
1.320000E-2	0.000000E+0	4.712630E+5
1.322000E-2	0.000000E+0	4.713900E+5
1.324000E-2	0.000000E+0	4.699180E+5
1.326000E-2	0.000000E+0	4.718010E+5
1.328000E-2	0.000000E+0	4.712840E+5
1.330000E-2	0.000000E+0	4.696080E+5
1.332000E-2	0.000000E+0	4.701710E+5
1.334000E-2	0.000000E+0	4.703000E+5
1.336000E-2	0.000000E+0	4.708270E+5
1.338000E-2	0.000000E+0	4.715170E+5
1.340000E-2	0.000000E+0	4.701420E+5
1.342000E-2	0.000000E+0	4.695640E+5
1.344000E-2	0.000000E+0	4.704330E+5
1.346000E-2	0.000000E+0	4.700350E+5
1.348000E-2	0.000000E+0	4.712250E+5
1.350000E-2	0.000000E+0	4.711000E+5
1.352000E-2	0.000000E+0	4.714310E+5
1.354000E-2	0.000000E+0	4.712140E+5
1.356000E-2	0.000000E+0	4.714270E+5
1.358000E-2	0.000000E+0	4.708760E+5
1.360000E-2	0.000000E+0	4.707020E+5
1.362000E-2	0.000000E+0	4.710410E+5
1.364000E-2	0.000000E+0	4.695580E+5
1.366000E-2	0.000000E+0	4.705190E+5
1.368000E-2	0.000000E+0	4.713540E+5
1.370000E-2	0.000000E+0	4.713890E+5
1.372000E-2	0.000000E+0	4.702530E+5
1.374000E-2	0.000000E+0	4.710780E+5
1.376000E-2	0.000000E+0	4.703680E+5
1.378000E-2	0.000000E+0	4.700550E+5
1.380000E-2	0.000000E+0	4.709150E+5
1.382000E-2	0.000000E+0	4.696950E+5
1.384000E-2	0.000000E+0	4.702720E+5
1.386000E-2	0.000000E+0	4.708400E+5
1.388000E-2	0.000000E+0	4.706000E+5
1.390000E-2	0.000000E+0	4.715870E+5
1.392000E-2	0.000000E+0	4.715220E+5
1.394000E-2	0.000000E+0	4.714130E+5
1.396000E-2	0.000000E+0	4.707980E+5
1.398000E-2	0.000000E+0	4.721680E+5
1.400000E-2	0.000000E+0	4.716180E+5
1.402000E-2	0.000000E+0	4.700810E+5
1.404000E-2	0.000000E+0	4.722300E+5
1.406000E-2	0.000000E+0	4.703030E+5
1.408000E-2	0.000000E+0	4.702500E+5
1.410000E-2	0.000000E+0	4.708750E+5
1.412000E-2	0.000000E+0	4.706580E+5
1.414000E-2	0.000000E+0	4.701380E+5
1.416000E-2	0.000000E+0	4.701340E+5
1.418000E-2	0.000000E+0	4.702990E+5
1.420000E-2	0.000000E+0	4.708890E+5
1.422000E-2	0.000000E+0	4.715750E+5
1.424000E-2	0.000000E+0	4.693680E+5
1.426000E-2	0.000000E+0	4.692990E+5
1.428000E-2	0.000000E+0	4.701330E+5
1.430000E-2	0.000000E+0	4.705510E+5
1.432000E-2	0.000000E+0	4.703290E+5
1.434000E-2	0.000000E+0	4.705080E+5
1.436000E-2	0.000000E+0	4.711020E+5
1.438000E-2	0.000000E+0	4.708270E+5
1.440000E-2	0.000000E+0	4.722900E+5
1.442000E-2	0.000000E+0	4.709030E+5
1.444000E-2	0.000000E+0	4.696440E+5
1.446000E-2	0.000000E+0	4.712970E+5
1.448000E-2	0.000000E+0	4.711680E+5
1.450000E-2	0.000000E+0	4.706020E+5
1.452000E-2	0.000000E+0	4.710350E+5
1.454000E-2	0.000000E+0	4.707340E+5
1.456000E-2	0.000000E+0	4.716270E+5
1.458000E-2	0.000000E+0	4.695360E+5
1.460000E-2	0.000000E+0	4.712740E+5
1.462000E-2	0.000000E+0	4.690740E+5
1.464000E-2	0.000000E+0	4.710610E+5
1.466000E-2	0.000000E+0	4.708500E+5
1.468000E-2	0.000000E+0	4.717590E+5
1.470000E-2	0.000000E+0	4.705040E+5
1.472000E-2	0.000000E+0	4.703300E+5
1.474000E-2	0.000000E+0	4.708390E+5
1.476000E-2	0.000000E+0	4.718400E+5
1.478000E-2	0.000000E+0	4.718710E+5
1.480000E-2	0.000000E+0	4.699330E+5
1.482000E-2	0.000000E+0	4.695270E+5
1.484000E-2	0.000000E+0	4.718900E+5
1.486000E-2	0.000000E+0	4.698770E+5
1.488000E-2	0.000000E+0	4.696960E+5
1.490000E-2	0.000000E+0	4.691090E+5
1.492000E-2	0.000000E+0	4.683020E+5
1.494000E-2	0.000000E+0	4.656540E+5
1.496000E-2	0.000000E+0	4.648170E+5
1.498000E-2	0.000000E+0	4.648870E+5
1.500000E-2	0.000000E+0	4.639690E+5
1.502000E-2	0.000000E+0	4.634000E+5
1.504000E-2	0.000000E+0	4.619190E+5
1.506000E-2	0.000000E+0	4.615810E+5
1.508000E-2	0.000000E+0	4.601420E+5
1.510000E-2	0.000000E+0	4.583260E+5
1.512000E-2	0.000000E+0	4.578970E+5
1.514000E-2	0.000000E+0	4.589600E+5
1.516000E-2	0.000000E+0	4.587030E+5
1.518000E-2	0.000000E+0	4.602070E+5
1.520000E-2	0.000000E+0	4.622110E+5
1.522000E-2	0.000000E+0	4.628660E+5
1.524000E-2	0.000000E+0	4.660760E+5
1.526000E-2	0.000000E+0	4.661900E+5
1.528000E-2	0.000000E+0	4.679730E+5
1.530000E-2	0.000000E+0	4.672930E+5
1.532000E-2	0.000000E+0	4.686920E+5
1.534000E-2	0.000000E+0	4.694310E+5
1.536000E-2	0.000000E+0	4.693880E+5
1.538000E-2	0.000000E+0	4.704130E+5
1.540000E-2	0.000000E+0	4.700200E+5
1.542000E-2	0.000000E+0	4.699700E+5
1.544000E-2	0.000000E+0	4.695380E+5
1.546000E-2	0.000000E+0	4.696690E+5
1.548000E-2	0.000000E+0	4.693220E+5
1.550000E-2	0.000000E+0	4.687500E+5
1.552000E-2	0.000000E+0	4.698830E+5
1.554000E-2	0.000000E+0	4.687560E+5
1.556000E-2	0.000000E+0	4.673650E+5
1.558000E-2	0.000000E+0	4.655130E+5
1.560000E-2	0.000000E+0	4.651470E+5
1.562000E-2	0.000000E+0	4.639650E+5
1.564000E-2	0.000000E+0	4.633210E+5
1.566000E-2	0.000000E+0	4.633360E+5
1.568000E-2	0.000000E+0	4.625730E+5
1.570000E-2	0.000000E+0	4.614830E+5
1.572000E-2	0.000000E+0	4.593840E+5
1.574000E-2	0.000000E+0	4.583810E+5
1.576000E-2	0.000000E+0	4.590890E+5
1.578000E-2	0.000000E+0	4.566230E+5
1.580000E-2	0.000000E+0	4.586350E+5
1.582000E-2	0.000000E+0	4.597650E+5
1.584000E-2	0.000000E+0	4.609280E+5
1.586000E-2	0.000000E+0	4.626490E+5
1.588000E-2	0.000000E+0	4.647020E+5
1.590000E-2	0.000000E+0	4.657220E+5
1.592000E-2	0.000000E+0	4.668030E+5
1.594000E-2	0.000000E+0	4.669860E+5
1.596000E-2	0.000000E+0	4.687590E+5
1.598000E-2	0.000000E+0	4.696190E+5
1.600000E-2	0.000000E+0	4.707650E+5
1.602000E-2	0.000000E+0	4.700120E+5
1.604000E-2	0.000000E+0	4.699850E+5
1.606000E-2	0.000000E+0	4.706020E+5
1.608000E-2	0.000000E+0	4.703350E+5
1.610000E-2	0.000000E+0	4.715370E+5
1.612000E-2	0.000000E+0	4.710590E+5
1.614000E-2	0.000000E+0	4.703200E+5
1.616000E-2	0.000000E+0	4.716720E+5
1.618000E-2	0.000000E+0	4.704430E+5
1.620000E-2	0.000000E+0	4.706370E+5
1.622000E-2	0.000000E+0	4.703130E+5
1.624000E-2	0.000000E+0	4.703590E+5
1.626000E-2	0.000000E+0	4.706640E+5
1.628000E-2	0.000000E+0	4.719690E+5
1.630000E-2	0.000000E+0	4.708180E+5
1.632000E-2	0.000000E+0	4.715610E+5
1.634000E-2	0.000000E+0	4.711230E+5
1.636000E-2	0.000000E+0	4.714270E+5
1.638000E-2	0.000000E+0	4.709120E+5
1.640000E-2	0.000000E+0	4.712570E+5
1.642000E-2	0.000000E+0	4.704100E+5
1.644000E-2	0.000000E+0	4.700760E+5
1.646000E-2	0.000000E+0	4.708090E+5
1.648000E-2	0.000000E+0	4.699830E+5
1.650000E-2	0.000000E+0	4.704520E+5
1.652000E-2	0.000000E+0	4.715890E+5
1.654000E-2	0.000000E+0	4.704550E+5
1.656000E-2	0.000000E+0	4.701220E+5
1.658000E-2	0.000000E+0	4.708230E+5
1.660000E-2	0.000000E+0	4.710530E+5
1.662000E-2	0.000000E+0	4.703530E+5
1.664000E-2	0.000000E+0	4.704900E+5
1.666000E-2	0.000000E+0	4.705740E+5
1.668000E-2	0.000000E+0	4.700760E+5
1.670000E-2	0.000000E+0	4.707230E+5
1.672000E-2	0.000000E+0	4.709230E+5
1.674000E-2	0.000000E+0	4.704000E+5
1.676000E-2	0.000000E+0	4.693980E+5
1.678000E-2	0.000000E+0	4.696430E+5
1.680000E-2	0.000000E+0	4.705010E+5
1.682000E-2	0.000000E+0	4.704700E+5
1.684000E-2	0.000000E+0	4.708500E+5
1.686000E-2	0.000000E+0	4.723100E+5
1.688000E-2	0.000000E+0	4.709400E+5
1.690000E-2	0.000000E+0	4.709250E+5
1.692000E-2	0.000000E+0	4.712620E+5
1.694000E-2	0.000000E+0	4.704180E+5
1.696000E-2	0.000000E+0	4.699710E+5
1.698000E-2	0.000000E+0	4.702580E+5
1.700000E-2	0.000000E+0	4.712900E+5
1.702000E-2	0.000000E+0	4.712690E+5
1.704000E-2	0.000000E+0	4.714780E+5
1.706000E-2	0.000000E+0	4.718120E+5
1.708000E-2	0.000000E+0	4.707410E+5
1.710000E-2	0.000000E+0	4.714240E+5
1.712000E-2	0.000000E+0	4.708040E+5
1.714000E-2	0.000000E+0	4.701030E+5
1.716000E-2	0.000000E+0	4.716050E+5
1.718000E-2	0.000000E+0	4.708860E+5
1.720000E-2	0.000000E+0	4.716820E+5
1.722000E-2	0.000000E+0	4.714290E+5
1.724000E-2	0.000000E+0	4.705520E+5
1.726000E-2	0.000000E+0	4.705270E+5
1.728000E-2	0.000000E+0	4.701360E+5
1.730000E-2	0.000000E+0	4.704490E+5
1.732000E-2	0.000000E+0	4.704840E+5
1.734000E-2	0.000000E+0	4.707600E+5
1.736000E-2	0.000000E+0	4.721390E+5
1.738000E-2	0.000000E+0	4.719270E+5
1.740000E-2	0.000000E+0	4.716980E+5
1.742000E-2	0.000000E+0	4.701650E+5
1.744000E-2	0.000000E+0	4.710830E+5
1.746000E-2	0.000000E+0	4.710440E+5
1.748000E-2	0.000000E+0	4.703030E+5
1.750000E-2	0.000000E+0	4.710940E+5
1.752000E-2	0.000000E+0	4.716510E+5
1.754000E-2	0.000000E+0	4.703700E+5
1.756000E-2	0.000000E+0	4.701210E+5
1.758000E-2	0.000000E+0	4.708720E+5
1.760000E-2	0.000000E+0	4.711990E+5
1.762000E-2	0.000000E+0	4.712370E+5
1.764000E-2	0.000000E+0	4.711610E+5
1.766000E-2	0.000000E+0	4.706930E+5
1.768000E-2	0.000000E+0	4.710440E+5
1.770000E-2	0.000000E+0	4.707760E+5
1.772000E-2	0.000000E+0	4.718250E+5
1.774000E-2	0.000000E+0	4.708190E+5
1.776000E-2	0.000000E+0	4.702360E+5
1.778000E-2	0.000000E+0	4.713750E+5
1.780000E-2	0.000000E+0	4.699120E+5
1.782000E-2	0.000000E+0	4.708540E+5
1.784000E-2	0.000000E+0	4.703560E+5
1.786000E-2	0.000000E+0	4.705320E+5
1.788000E-2	0.000000E+0	4.710580E+5
1.790000E-2	0.000000E+0	4.714800E+5
1.792000E-2	0.000000E+0	4.698010E+5
1.794000E-2	0.000000E+0	4.711880E+5
1.796000E-2	0.000000E+0	4.710860E+5
1.798000E-2	0.000000E+0	4.715840E+5
1.800000E-2	0.000000E+0	4.699050E+5
1.802000E-2	0.000000E+0	4.703750E+5
1.804000E-2	0.000000E+0	4.694810E+5
1.806000E-2	0.000000E+0	4.704670E+5
1.808000E-2	0.000000E+0	4.705420E+5
1.810000E-2	0.000000E+0	4.713180E+5
1.812000E-2	0.000000E+0	4.720210E+5
1.814000E-2	0.000000E+0	4.717910E+5
1.816000E-2	0.000000E+0	4.714750E+5
1.818000E-2	0.000000E+0	4.705510E+5
1.820000E-2	0.000000E+0	4.717310E+5
1.822000E-2	0.000000E+0	4.706270E+5
1.824000E-2	0.000000E+0	4.708510E+5
1.826000E-2	0.000000E+0	4.716000E+5
1.828000E-2	0.000000E+0	4.705000E+5
1.830000E-2	0.000000E+0	4.699130E+5
1.832000E-2	0.000000E+0	4.713740E+5
1.834000E-2	0.000000E+0	4.705190E+5
1.836000E-2	0.000000E+0	4.718130E+5
1.838000E-2	0.000000E+0	4.707200E+5
1.840000E-2	0.000000E+0	4.704480E+5
1.842000E-2	0.000000E+0	4.703650E+5
1.844000E-2	0.000000E+0	4.699250E+5
1.846000E-2	0.000000E+0	4.696240E+5
1.848000E-2	0.000000E+0	4.719040E+5
1.850000E-2	0.000000E+0	4.710730E+5
1.852000E-2	0.000000E+0	4.714790E+5
1.854000E-2	0.000000E+0	4.720060E+5
1.856000E-2	0.000000E+0	4.698960E+5
1.858000E-2	0.000000E+0	4.703430E+5
1.860000E-2	0.000000E+0	4.706810E+5
1.862000E-2	0.000000E+0	4.703140E+5
1.864000E-2	0.000000E+0	4.697170E+5
1.866000E-2	0.000000E+0	4.713710E+5
1.868000E-2	0.000000E+0	4.702510E+5
1.870000E-2	0.000000E+0	4.706970E+5
1.872000E-2	0.000000E+0	4.713900E+5
1.874000E-2	0.000000E+0	4.694210E+5
1.876000E-2	0.000000E+0	4.705930E+5
1.878000E-2	0.000000E+0	4.706220E+5
1.880000E-2	0.000000E+0	4.708390E+5
1.882000E-2	0.000000E+0	4.705680E+5
1.884000E-2	0.000000E+0	4.713090E+5
1.886000E-2	0.000000E+0	4.712750E+5
1.888000E-2	0.000000E+0	4.698610E+5
1.890000E-2	0.000000E+0	4.706580E+5
1.892000E-2	0.000000E+0	4.721520E+5
1.894000E-2	0.000000E+0	4.710490E+5
1.896000E-2	0.000000E+0	4.710210E+5
1.898000E-2	0.000000E+0	4.710140E+5
1.900000E-2	0.000000E+0	4.698370E+5
1.902000E-2	0.000000E+0	4.702210E+5
1.904000E-2	0.000000E+0	4.712080E+5
1.906000E-2	0.000000E+0	4.713900E+5
1.908000E-2	0.000000E+0	4.708020E+5
1.910000E-2	0.000000E+0	4.693920E+5
1.912000E-2	0.000000E+0	4.699430E+5
1.914000E-2	0.000000E+0	4.707250E+5
1.916000E-2	0.000000E+0	4.699980E+5
1.918000E-2	0.000000E+0	4.700370E+5
1.920000E-2	0.000000E+0	4.711940E+5
1.922000E-2	0.000000E+0	4.707790E+5
1.924000E-2	0.000000E+0	4.706380E+5
1.926000E-2	0.000000E+0	4.715730E+5
1.928000E-2	0.000000E+0	4.717750E+5
1.930000E-2	0.000000E+0	4.709720E+5
1.932000E-2	0.000000E+0	4.705300E+5
1.934000E-2	0.000000E+0	4.709180E+5
1.936000E-2	0.000000E+0	4.702670E+5
1.938000E-2	0.000000E+0	4.712970E+5
1.940000E-2	0.000000E+0	4.694970E+5
1.942000E-2	0.000000E+0	4.719340E+5
1.944000E-2	0.000000E+0	4.713900E+5
1.946000E-2	0.000000E+0	4.698610E+5
1.948000E-2	0.000000E+0	4.712050E+5
1.950000E-2	0.000000E+0	4.711460E+5
1.952000E-2	0.000000E+0	4.716970E+5
1.954000E-2	0.000000E+0	4.705360E+5
1.956000E-2	0.000000E+0	4.714910E+5
1.958000E-2	0.000000E+0	4.706540E+5
1.960000E-2	0.000000E+0	4.707210E+5
1.962000E-2	0.000000E+0	4.703700E+5
1.964000E-2	0.000000E+0	4.715550E+5
1.966000E-2	0.000000E+0	4.714630E+5
1.968000E-2	0.000000E+0	4.708460E+5
1.970000E-2	0.000000E+0	4.707530E+5
1.972000E-2	0.000000E+0	4.711380E+5
1.974000E-2	0.000000E+0	4.711520E+5
1.976000E-2	0.000000E+0	4.692740E+5
1.978000E-2	0.000000E+0	4.704040E+5
1.980000E-2	0.000000E+0	4.713460E+5
1.982000E-2	0.000000E+0	4.701340E+5
1.984000E-2	0.000000E+0	4.711560E+5
1.986000E-2	0.000000E+0	4.699840E+5
1.988000E-2	0.000000E+0	4.698720E+5
1.990000E-2	0.000000E+0	4.707850E+5
1.992000E-2	0.000000E+0	4.701530E+5
1.994000E-2	0.000000E+0	4.720230E+5
1.996000E-2	0.000000E+0	4.701680E+5
1.998000E-2	0.000000E+0	4.708260E+5
