

live time:  90701.900000
real time:  126001.242000
sweeps:  4535095.000000
0.000000E+0	0.000000E+0	0.000000E+0
2.000000E-5	0.000000E+0	1.989290E+5
4.000000E-5	0.000000E+0	1.997050E+5
6.000000E-5	0.000000E+0	1.988380E+5
8.000000E-5	0.000000E+0	1.996490E+5
1.000000E-4	0.000000E+0	1.989560E+5
1.200000E-4	0.000000E+0	1.991240E+5
1.400000E-4	0.000000E+0	1.991330E+5
1.600000E-4	0.000000E+0	1.994130E+5
1.800000E-4	0.000000E+0	1.993070E+5
2.000000E-4	0.000000E+0	1.993320E+5
2.200000E-4	0.000000E+0	1.990490E+5
2.400000E-4	0.000000E+0	1.986110E+5
2.600000E-4	0.000000E+0	1.986640E+5
2.800000E-4	0.000000E+0	1.991350E+5
3.000000E-4	0.000000E+0	1.997840E+5
3.200000E-4	0.000000E+0	1.994040E+5
3.400000E-4	0.000000E+0	1.989860E+5
3.600000E-4	0.000000E+0	1.990490E+5
3.800000E-4	0.000000E+0	1.985010E+5
4.000000E-4	0.000000E+0	1.988790E+5
4.200000E-4	0.000000E+0	1.992030E+5
4.400000E-4	0.000000E+0	1.982380E+5
4.600000E-4	0.000000E+0	1.999050E+5
4.800000E-4	0.000000E+0	1.988950E+5
5.000000E-4	0.000000E+0	1.992200E+5
5.200000E-4	0.000000E+0	1.992780E+5
5.400000E-4	0.000000E+0	1.994260E+5
5.600000E-4	0.000000E+0	1.985810E+5
5.800000E-4	0.000000E+0	1.992750E+5
6.000000E-4	0.000000E+0	1.993990E+5
6.200000E-4	0.000000E+0	1.985950E+5
6.400000E-4	0.000000E+0	1.994340E+5
6.600000E-4	0.000000E+0	1.985810E+5
6.800000E-4	0.000000E+0	1.987180E+5
7.000000E-4	0.000000E+0	1.992610E+5
7.200000E-4	0.000000E+0	1.997090E+5
7.400000E-4	0.000000E+0	1.987300E+5
7.600000E-4	0.000000E+0	1.989020E+5
7.800000E-4	0.000000E+0	1.984930E+5
8.000000E-4	0.000000E+0	1.992380E+5
8.200000E-4	0.000000E+0	1.996520E+5
8.400000E-4	0.000000E+0	1.991210E+5
8.600000E-4	0.000000E+0	1.992760E+5
8.800000E-4	0.000000E+0	1.984360E+5
9.000000E-4	0.000000E+0	1.998700E+5
9.200000E-4	0.000000E+0	1.987880E+5
9.400000E-4	0.000000E+0	1.990990E+5
9.600000E-4	0.000000E+0	1.982110E+5
9.800000E-4	0.000000E+0	1.998860E+5
1.000000E-3	0.000000E+0	1.991810E+5
1.020000E-3	0.000000E+0	1.987610E+5
1.040000E-3	0.000000E+0	1.987180E+5
1.060000E-3	0.000000E+0	1.987970E+5
1.080000E-3	0.000000E+0	1.990140E+5
1.100000E-3	0.000000E+0	1.987980E+5
1.120000E-3	0.000000E+0	1.991730E+5
1.140000E-3	0.000000E+0	1.989040E+5
1.160000E-3	0.000000E+0	1.981500E+5
1.180000E-3	0.000000E+0	1.987380E+5
1.200000E-3	0.000000E+0	1.994070E+5
1.220000E-3	0.000000E+0	1.998900E+5
1.240000E-3	0.000000E+0	1.991750E+5
1.260000E-3	0.000000E+0	1.986900E+5
1.280000E-3	0.000000E+0	1.997120E+5
1.300000E-3	0.000000E+0	1.982550E+5
1.320000E-3	0.000000E+0	1.995110E+5
1.340000E-3	0.000000E+0	1.988010E+5
1.360000E-3	0.000000E+0	1.988190E+5
1.380000E-3	0.000000E+0	1.995070E+5
1.400000E-3	0.000000E+0	1.988230E+5
1.420000E-3	0.000000E+0	1.995330E+5
1.440000E-3	0.000000E+0	1.984000E+5
1.460000E-3	0.000000E+0	1.983380E+5
1.480000E-3	0.000000E+0	1.990620E+5
1.500000E-3	0.000000E+0	1.995020E+5
1.520000E-3	0.000000E+0	1.990820E+5
1.540000E-3	0.000000E+0	1.996420E+5
1.560000E-3	0.000000E+0	1.986950E+5
1.580000E-3	0.000000E+0	1.989430E+5
1.600000E-3	0.000000E+0	1.989150E+5
1.620000E-3	0.000000E+0	1.988220E+5
1.640000E-3	0.000000E+0	1.986070E+5
1.660000E-3	0.000000E+0	2.000530E+5
1.680000E-3	0.000000E+0	1.985960E+5
1.700000E-3	0.000000E+0	1.985570E+5
1.720000E-3	0.000000E+0	1.993590E+5
1.740000E-3	0.000000E+0	1.998870E+5
1.760000E-3	0.000000E+0	1.998020E+5
1.780000E-3	0.000000E+0	1.997960E+5
1.800000E-3	0.000000E+0	1.996020E+5
1.820000E-3	0.000000E+0	1.987910E+5
1.840000E-3	0.000000E+0	1.991540E+5
1.860000E-3	0.000000E+0	1.991900E+5
1.880000E-3	0.000000E+0	1.992440E+5
1.900000E-3	0.000000E+0	1.990320E+5
1.920000E-3	0.000000E+0	1.995330E+5
1.940000E-3	0.000000E+0	1.989950E+5
1.960000E-3	0.000000E+0	1.993820E+5
1.980000E-3	0.000000E+0	1.996280E+5
2.000000E-3	0.000000E+0	1.989750E+5
2.020000E-3	0.000000E+0	1.989100E+5
2.040000E-3	0.000000E+0	1.986930E+5
2.060000E-3	0.000000E+0	1.995320E+5
2.080000E-3	0.000000E+0	1.995890E+5
2.100000E-3	0.000000E+0	2.001190E+5
2.120000E-3	0.000000E+0	1.989700E+5
2.140000E-3	0.000000E+0	1.992190E+5
2.160000E-3	0.000000E+0	1.989710E+5
2.180000E-3	0.000000E+0	1.995360E+5
2.200000E-3	0.000000E+0	1.995110E+5
2.220000E-3	0.000000E+0	1.994520E+5
2.240000E-3	0.000000E+0	1.990910E+5
2.260000E-3	0.000000E+0	1.996210E+5
2.280000E-3	0.000000E+0	1.989720E+5
2.300000E-3	0.000000E+0	1.994290E+5
2.320000E-3	0.000000E+0	1.987560E+5
2.340000E-3	0.000000E+0	1.991270E+5
2.360000E-3	0.000000E+0	1.991660E+5
2.380000E-3	0.000000E+0	1.994520E+5
2.400000E-3	0.000000E+0	1.985640E+5
2.420000E-3	0.000000E+0	1.988960E+5
2.440000E-3	0.000000E+0	1.980630E+5
2.460000E-3	0.000000E+0	1.987850E+5
2.480000E-3	0.000000E+0	1.998810E+5
2.500000E-3	0.000000E+0	1.993230E+5
2.520000E-3	0.000000E+0	1.993380E+5
2.540000E-3	0.000000E+0	1.988710E+5
2.560000E-3	0.000000E+0	1.989430E+5
2.580000E-3	0.000000E+0	1.986750E+5
2.600000E-3	0.000000E+0	2.000720E+5
2.620000E-3	0.000000E+0	1.987940E+5
2.640000E-3	0.000000E+0	1.989500E+5
2.660000E-3	0.000000E+0	1.994630E+5
2.680000E-3	0.000000E+0	1.991670E+5
2.700000E-3	0.000000E+0	1.994120E+5
2.720000E-3	0.000000E+0	1.992040E+5
2.740000E-3	0.000000E+0	2.000140E+5
2.760000E-3	0.000000E+0	1.993130E+5
2.780000E-3	0.000000E+0	1.991790E+5
2.800000E-3	0.000000E+0	1.985440E+5
2.820000E-3	0.000000E+0	1.990820E+5
2.840000E-3	0.000000E+0	1.986600E+5
2.860000E-3	0.000000E+0	1.998610E+5
2.880000E-3	0.000000E+0	1.994190E+5
2.900000E-3	0.000000E+0	1.997800E+5
2.920000E-3	0.000000E+0	1.987730E+5
2.940000E-3	0.000000E+0	1.991910E+5
2.960000E-3	0.000000E+0	1.996840E+5
2.980000E-3	0.000000E+0	1.985690E+5
3.000000E-3	0.000000E+0	1.991700E+5
3.020000E-3	0.000000E+0	1.993420E+5
3.040000E-3	0.000000E+0	1.993490E+5
3.060000E-3	0.000000E+0	2.004740E+5
3.080000E-3	0.000000E+0	1.993030E+5
3.100000E-3	0.000000E+0	1.984570E+5
3.120000E-3	0.000000E+0	1.991770E+5
3.140000E-3	0.000000E+0	1.990800E+5
3.160000E-3	0.000000E+0	1.991930E+5
3.180000E-3	0.000000E+0	1.999950E+5
3.200000E-3	0.000000E+0	1.993580E+5
3.220000E-3	0.000000E+0	1.995360E+5
3.240000E-3	0.000000E+0	1.989410E+5
3.260000E-3	0.000000E+0	1.995200E+5
3.280000E-3	0.000000E+0	1.985970E+5
3.300000E-3	0.000000E+0	1.989260E+5
3.320000E-3	0.000000E+0	1.990250E+5
3.340000E-3	0.000000E+0	1.994620E+5
3.360000E-3	0.000000E+0	1.990400E+5
3.380000E-3	0.000000E+0	1.988120E+5
3.400000E-3	0.000000E+0	1.990640E+5
3.420000E-3	0.000000E+0	1.995050E+5
3.440000E-3	0.000000E+0	1.987580E+5
3.460000E-3	0.000000E+0	1.996710E+5
3.480000E-3	0.000000E+0	1.988750E+5
3.500000E-3	0.000000E+0	1.998380E+5
3.520000E-3	0.000000E+0	1.988990E+5
3.540000E-3	0.000000E+0	1.989260E+5
3.560000E-3	0.000000E+0	1.989520E+5
3.580000E-3	0.000000E+0	1.991250E+5
3.600000E-3	0.000000E+0	1.987960E+5
3.620000E-3	0.000000E+0	1.976510E+5
3.640000E-3	0.000000E+0	1.995370E+5
3.660000E-3	0.000000E+0	1.991340E+5
3.680000E-3	0.000000E+0	1.988940E+5
3.700000E-3	0.000000E+0	1.988440E+5
3.720000E-3	0.000000E+0	1.990970E+5
3.740000E-3	0.000000E+0	1.991500E+5
3.760000E-3	0.000000E+0	1.990420E+5
3.780000E-3	0.000000E+0	1.991440E+5
3.800000E-3	0.000000E+0	1.989530E+5
3.820000E-3	0.000000E+0	1.986630E+5
3.840000E-3	0.000000E+0	1.989130E+5
3.860000E-3	0.000000E+0	1.990680E+5
3.880000E-3	0.000000E+0	1.986130E+5
3.900000E-3	0.000000E+0	1.991700E+5
3.920000E-3	0.000000E+0	2.003590E+5
3.940000E-3	0.000000E+0	1.997640E+5
3.960000E-3	0.000000E+0	1.993130E+5
3.980000E-3	0.000000E+0	1.989790E+5
4.000000E-3	0.000000E+0	1.995650E+5
4.020000E-3	0.000000E+0	1.991510E+5
4.040000E-3	0.000000E+0	1.987500E+5
4.060000E-3	0.000000E+0	1.996060E+5
4.080000E-3	0.000000E+0	1.995340E+5
4.100000E-3	0.000000E+0	1.990710E+5
4.120000E-3	0.000000E+0	1.987410E+5
4.140000E-3	0.000000E+0	1.993060E+5
4.160000E-3	0.000000E+0	1.996320E+5
4.180000E-3	0.000000E+0	1.983060E+5
4.200000E-3	0.000000E+0	1.987390E+5
4.220000E-3	0.000000E+0	1.984100E+5
4.240000E-3	0.000000E+0	1.990520E+5
4.260000E-3	0.000000E+0	1.984230E+5
4.280000E-3	0.000000E+0	1.993480E+5
4.300000E-3	0.000000E+0	1.990640E+5
4.320000E-3	0.000000E+0	1.989500E+5
4.340000E-3	0.000000E+0	1.985680E+5
4.360000E-3	0.000000E+0	1.991860E+5
4.380000E-3	0.000000E+0	1.981730E+5
4.400000E-3	0.000000E+0	1.997750E+5
4.420000E-3	0.000000E+0	1.993560E+5
4.440000E-3	0.000000E+0	1.982720E+5
4.460000E-3	0.000000E+0	1.986380E+5
4.480000E-3	0.000000E+0	1.983790E+5
4.500000E-3	0.000000E+0	1.986650E+5
4.520000E-3	0.000000E+0	1.988120E+5
4.540000E-3	0.000000E+0	1.989560E+5
4.560000E-3	0.000000E+0	1.984640E+5
4.580000E-3	0.000000E+0	1.989520E+5
4.600000E-3	0.000000E+0	1.985560E+5
4.620000E-3	0.000000E+0	1.986860E+5
4.640000E-3	0.000000E+0	1.990170E+5
4.660000E-3	0.000000E+0	1.991180E+5
4.680000E-3	0.000000E+0	1.989160E+5
4.700000E-3	0.000000E+0	1.993590E+5
4.720000E-3	0.000000E+0	1.994390E+5
4.740000E-3	0.000000E+0	1.978020E+5
4.760000E-3	0.000000E+0	1.994400E+5
4.780000E-3	0.000000E+0	1.983180E+5
4.800000E-3	0.000000E+0	1.991410E+5
4.820000E-3	0.000000E+0	1.988160E+5
4.840000E-3	0.000000E+0	1.993010E+5
4.860000E-3	0.000000E+0	1.984860E+5
4.880000E-3	0.000000E+0	1.977060E+5
4.900000E-3	0.000000E+0	1.979480E+5
4.920000E-3	0.000000E+0	1.967490E+5
4.940000E-3	0.000000E+0	1.966070E+5
4.960000E-3	0.000000E+0	1.960130E+5
4.980000E-3	0.000000E+0	1.964860E+5
5.000000E-3	0.000000E+0	1.956560E+5
5.020000E-3	0.000000E+0	1.960760E+5
5.040000E-3	0.000000E+0	1.949650E+5
5.060000E-3	0.000000E+0	1.937900E+5
5.080000E-3	0.000000E+0	1.931740E+5
5.100000E-3	0.000000E+0	1.931480E+5
5.120000E-3	0.000000E+0	1.931130E+5
5.140000E-3	0.000000E+0	1.937570E+5
5.160000E-3	0.000000E+0	1.941330E+5
5.180000E-3	0.000000E+0	1.946390E+5
5.200000E-3	0.000000E+0	1.953100E+5
5.220000E-3	0.000000E+0	1.961130E+5
5.240000E-3	0.000000E+0	1.965680E+5
5.260000E-3	0.000000E+0	1.976060E+5
5.280000E-3	0.000000E+0	1.966170E+5
5.300000E-3	0.000000E+0	1.979050E+5
5.320000E-3	0.000000E+0	1.983790E+5
5.340000E-3	0.000000E+0	1.983510E+5
5.360000E-3	0.000000E+0	1.989950E+5
5.380000E-3	0.000000E+0	1.987530E+5
5.400000E-3	0.000000E+0	1.995490E+5
5.420000E-3	0.000000E+0	1.988420E+5
5.440000E-3	0.000000E+0	1.977730E+5
5.460000E-3	0.000000E+0	1.982400E+5
5.480000E-3	0.000000E+0	1.984850E+5
5.500000E-3	0.000000E+0	1.986560E+5
5.520000E-3	0.000000E+0	1.979800E+5
5.540000E-3	0.000000E+0	1.982900E+5
5.560000E-3	0.000000E+0	1.976570E+5
5.580000E-3	0.000000E+0	1.974820E+5
5.600000E-3	0.000000E+0	1.960080E+5
5.620000E-3	0.000000E+0	1.952530E+5
5.640000E-3	0.000000E+0	1.956380E+5
5.660000E-3	0.000000E+0	1.960730E+5
5.680000E-3	0.000000E+0	1.961000E+5
5.700000E-3	0.000000E+0	1.948610E+5
5.720000E-3	0.000000E+0	1.942960E+5
5.740000E-3	0.000000E+0	1.933750E+5
5.760000E-3	0.000000E+0	1.935770E+5
5.780000E-3	0.000000E+0	1.942600E+5
5.800000E-3	0.000000E+0	1.941820E+5
5.820000E-3	0.000000E+0	1.948530E+5
5.840000E-3	0.000000E+0	1.956600E+5
5.860000E-3	0.000000E+0	1.959880E+5
5.880000E-3	0.000000E+0	1.972090E+5
5.900000E-3	0.000000E+0	1.977530E+5
5.920000E-3	0.000000E+0	1.980900E+5
5.940000E-3	0.000000E+0	1.970840E+5
5.960000E-3	0.000000E+0	1.981350E+5
5.980000E-3	0.000000E+0	1.986490E+5
6.000000E-3	0.000000E+0	1.986840E+5
6.020000E-3	0.000000E+0	1.990820E+5
6.040000E-3	0.000000E+0	1.990570E+5
6.060000E-3	0.000000E+0	1.986170E+5
6.080000E-3	0.000000E+0	1.986340E+5
6.100000E-3	0.000000E+0	1.985820E+5
6.120000E-3	0.000000E+0	1.988740E+5
6.140000E-3	0.000000E+0	1.985080E+5
6.160000E-3	0.000000E+0	1.988990E+5
6.180000E-3	0.000000E+0	1.992970E+5
6.200000E-3	0.000000E+0	1.987000E+5
6.220000E-3	0.000000E+0	1.993420E+5
6.240000E-3	0.000000E+0	1.981620E+5
6.260000E-3	0.000000E+0	1.990270E+5
6.280000E-3	0.000000E+0	1.997640E+5
6.300000E-3	0.000000E+0	1.986370E+5
6.320000E-3	0.000000E+0	1.991930E+5
6.340000E-3	0.000000E+0	1.992070E+5
6.360000E-3	0.000000E+0	1.981550E+5
6.380000E-3	0.000000E+0	1.994300E+5
6.400000E-3	0.000000E+0	1.986010E+5
6.420000E-3	0.000000E+0	1.991700E+5
6.440000E-3	0.000000E+0	1.999520E+5
6.460000E-3	0.000000E+0	1.989860E+5
6.480000E-3	0.000000E+0	1.987690E+5
6.500000E-3	0.000000E+0	1.988060E+5
6.520000E-3	0.000000E+0	1.991720E+5
6.540000E-3	0.000000E+0	1.985170E+5
6.560000E-3	0.000000E+0	1.996180E+5
6.580000E-3	0.000000E+0	1.992410E+5
6.600000E-3	0.000000E+0	1.994740E+5
6.620000E-3	0.000000E+0	1.989190E+5
6.640000E-3	0.000000E+0	1.986940E+5
6.660000E-3	0.000000E+0	1.983940E+5
6.680000E-3	0.000000E+0	1.991650E+5
6.700000E-3	0.000000E+0	1.991640E+5
6.720000E-3	0.000000E+0	1.988150E+5
6.740000E-3	0.000000E+0	1.991500E+5
6.760000E-3	0.000000E+0	1.993420E+5
6.780000E-3	0.000000E+0	1.984130E+5
6.800000E-3	0.000000E+0	1.994340E+5
6.820000E-3	0.000000E+0	1.989850E+5
6.840000E-3	0.000000E+0	1.990390E+5
6.860000E-3	0.000000E+0	1.991070E+5
6.880000E-3	0.000000E+0	1.994900E+5
6.900000E-3	0.000000E+0	1.986690E+5
6.920000E-3	0.000000E+0	1.992640E+5
6.940000E-3	0.000000E+0	1.988090E+5
6.960000E-3	0.000000E+0	1.985270E+5
6.980000E-3	0.000000E+0	1.990670E+5
7.000000E-3	0.000000E+0	1.989290E+5
7.020000E-3	0.000000E+0	1.986120E+5
7.040000E-3	0.000000E+0	1.989600E+5
7.060000E-3	0.000000E+0	1.990420E+5
7.080000E-3	0.000000E+0	1.994830E+5
7.100000E-3	0.000000E+0	1.992550E+5
7.120000E-3	0.000000E+0	1.989980E+5
7.140000E-3	0.000000E+0	1.989820E+5
7.160000E-3	0.000000E+0	1.996190E+5
7.180000E-3	0.000000E+0	1.983230E+5
7.200000E-3	0.000000E+0	1.992190E+5
7.220000E-3	0.000000E+0	1.994050E+5
7.240000E-3	0.000000E+0	1.989440E+5
7.260000E-3	0.000000E+0	1.982800E+5
7.280000E-3	0.000000E+0	1.986020E+5
7.300000E-3	0.000000E+0	1.987670E+5
7.320000E-3	0.000000E+0	1.997430E+5
7.340000E-3	0.000000E+0	1.992820E+5
7.360000E-3	0.000000E+0	1.989420E+5
7.380000E-3	0.000000E+0	1.993850E+5
7.400000E-3	0.000000E+0	1.991180E+5
7.420000E-3	0.000000E+0	1.987720E+5
7.440000E-3	0.000000E+0	1.990850E+5
7.460000E-3	0.000000E+0	1.992310E+5
7.480000E-3	0.000000E+0	1.991310E+5
7.500000E-3	0.000000E+0	1.998610E+5
7.520000E-3	0.000000E+0	1.995870E+5
7.540000E-3	0.000000E+0	1.994570E+5
7.560000E-3	0.000000E+0	1.996550E+5
7.580000E-3	0.000000E+0	1.988710E+5
7.600000E-3	0.000000E+0	1.985480E+5
7.620000E-3	0.000000E+0	1.991960E+5
7.640000E-3	0.000000E+0	2.001880E+5
7.660000E-3	0.000000E+0	1.987840E+5
7.680000E-3	0.000000E+0	1.991800E+5
7.700000E-3	0.000000E+0	1.988890E+5
7.720000E-3	0.000000E+0	1.991840E+5
7.740000E-3	0.000000E+0	1.987890E+5
7.760000E-3	0.000000E+0	1.982550E+5
7.780000E-3	0.000000E+0	1.996400E+5
7.800000E-3	0.000000E+0	1.991520E+5
7.820000E-3	0.000000E+0	1.995050E+5
7.840000E-3	0.000000E+0	1.995490E+5
7.860000E-3	0.000000E+0	1.991340E+5
7.880000E-3	0.000000E+0	1.992690E+5
7.900000E-3	0.000000E+0	1.994970E+5
7.920000E-3	0.000000E+0	1.984890E+5
7.940000E-3	0.000000E+0	1.994310E+5
7.960000E-3	0.000000E+0	1.993570E+5
7.980000E-3	0.000000E+0	1.995900E+5
8.000000E-3	0.000000E+0	1.994210E+5
8.020000E-3	0.000000E+0	1.997600E+5
8.040000E-3	0.000000E+0	1.984650E+5
8.060000E-3	0.000000E+0	1.993450E+5
8.080000E-3	0.000000E+0	1.989530E+5
8.100000E-3	0.000000E+0	1.991230E+5
8.120000E-3	0.000000E+0	1.995310E+5
8.140000E-3	0.000000E+0	1.989200E+5
8.160000E-3	0.000000E+0	1.992280E+5
8.180000E-3	0.000000E+0	1.989350E+5
8.200000E-3	0.000000E+0	1.990280E+5
8.220000E-3	0.000000E+0	1.987000E+5
8.240000E-3	0.000000E+0	1.987180E+5
8.260000E-3	0.000000E+0	2.001620E+5
8.280000E-3	0.000000E+0	1.987070E+5
8.300000E-3	0.000000E+0	1.993030E+5
8.320000E-3	0.000000E+0	1.989430E+5
8.340000E-3	0.000000E+0	1.992240E+5
8.360000E-3	0.000000E+0	1.989390E+5
8.380000E-3	0.000000E+0	1.982950E+5
8.400000E-3	0.000000E+0	1.988750E+5
8.420000E-3	0.000000E+0	1.993770E+5
8.440000E-3	0.000000E+0	1.994710E+5
8.460000E-3	0.000000E+0	1.992030E+5
8.480000E-3	0.000000E+0	2.001160E+5
8.500000E-3	0.000000E+0	1.979210E+5
8.520000E-3	0.000000E+0	1.992570E+5
8.540000E-3	0.000000E+0	1.994480E+5
8.560000E-3	0.000000E+0	1.989330E+5
8.580000E-3	0.000000E+0	2.004250E+5
8.600000E-3	0.000000E+0	1.983040E+5
8.620000E-3	0.000000E+0	1.991530E+5
8.640000E-3	0.000000E+0	1.992750E+5
8.660000E-3	0.000000E+0	1.990240E+5
8.680000E-3	0.000000E+0	1.997620E+5
8.700000E-3	0.000000E+0	1.986370E+5
8.720000E-3	0.000000E+0	1.990540E+5
8.740000E-3	0.000000E+0	1.986700E+5
8.760000E-3	0.000000E+0	1.991530E+5
8.780000E-3	0.000000E+0	1.994760E+5
8.800000E-3	0.000000E+0	1.996340E+5
8.820000E-3	0.000000E+0	1.995680E+5
8.840000E-3	0.000000E+0	1.988660E+5
8.860000E-3	0.000000E+0	2.000860E+5
8.880000E-3	0.000000E+0	1.989420E+5
8.900000E-3	0.000000E+0	1.997060E+5
8.920000E-3	0.000000E+0	1.984800E+5
8.940000E-3	0.000000E+0	1.985400E+5
8.960000E-3	0.000000E+0	1.999800E+5
8.980000E-3	0.000000E+0	1.986820E+5
9.000000E-3	0.000000E+0	1.985920E+5
9.020000E-3	0.000000E+0	1.987880E+5
9.040000E-3	0.000000E+0	1.992050E+5
9.060000E-3	0.000000E+0	2.000210E+5
9.080000E-3	0.000000E+0	1.994240E+5
9.100000E-3	0.000000E+0	1.994660E+5
9.120000E-3	0.000000E+0	1.990240E+5
9.140000E-3	0.000000E+0	1.991640E+5
9.160000E-3	0.000000E+0	1.997520E+5
9.180000E-3	0.000000E+0	1.988690E+5
9.200000E-3	0.000000E+0	1.995090E+5
9.220000E-3	0.000000E+0	1.989010E+5
9.240000E-3	0.000000E+0	1.997760E+5
9.260000E-3	0.000000E+0	1.995570E+5
9.280000E-3	0.000000E+0	1.998840E+5
9.300000E-3	0.000000E+0	1.995160E+5
9.320000E-3	0.000000E+0	1.989490E+5
9.340000E-3	0.000000E+0	1.990250E+5
9.360000E-3	0.000000E+0	1.987210E+5
9.380000E-3	0.000000E+0	1.992120E+5
9.400000E-3	0.000000E+0	1.993230E+5
9.420000E-3	0.000000E+0	1.997250E+5
9.440000E-3	0.000000E+0	1.994410E+5
9.460000E-3	0.000000E+0	1.997120E+5
9.480000E-3	0.000000E+0	1.985230E+5
9.500000E-3	0.000000E+0	1.988110E+5
9.520000E-3	0.000000E+0	1.998850E+5
9.540000E-3	0.000000E+0	1.984060E+5
9.560000E-3	0.000000E+0	1.986640E+5
9.580000E-3	0.000000E+0	1.994270E+5
9.600000E-3	0.000000E+0	1.992580E+5
9.620000E-3	0.000000E+0	1.986410E+5
9.640000E-3	0.000000E+0	1.992430E+5
9.660000E-3	0.000000E+0	1.995130E+5
9.680000E-3	0.000000E+0	1.983730E+5
9.700000E-3	0.000000E+0	1.995600E+5
9.720000E-3	0.000000E+0	1.989490E+5
9.740000E-3	0.000000E+0	1.992890E+5
9.760000E-3	0.000000E+0	1.984490E+5
9.780000E-3	0.000000E+0	1.991780E+5
9.800000E-3	0.000000E+0	1.992050E+5
9.820000E-3	0.000000E+0	1.996370E+5
9.840000E-3	0.000000E+0	1.990140E+5
9.860000E-3	0.000000E+0	1.993290E+5
9.880000E-3	0.000000E+0	2.001420E+5
9.900000E-3	0.000000E+0	1.992860E+5
9.920000E-3	0.000000E+0	1.985760E+5
9.940000E-3	0.000000E+0	1.986140E+5
9.960000E-3	0.000000E+0	1.986550E+5
9.980000E-3	0.000000E+0	1.998980E+5
1.000000E-2	0.000000E+0	1.985020E+5
1.002000E-2	0.000000E+0	1.989750E+5
1.004000E-2	0.000000E+0	1.993900E+5
1.006000E-2	0.000000E+0	1.997260E+5
1.008000E-2	0.000000E+0	1.987720E+5
1.010000E-2	0.000000E+0	1.991300E+5
1.012000E-2	0.000000E+0	1.994320E+5
1.014000E-2	0.000000E+0	1.998520E+5
1.016000E-2	0.000000E+0	1.991770E+5
1.018000E-2	0.000000E+0	1.995420E+5
1.020000E-2	0.000000E+0	1.991890E+5
1.022000E-2	0.000000E+0	1.997260E+5
1.024000E-2	0.000000E+0	1.987000E+5
1.026000E-2	0.000000E+0	2.005780E+5
1.028000E-2	0.000000E+0	1.992190E+5
1.030000E-2	0.000000E+0	1.993670E+5
1.032000E-2	0.000000E+0	1.991720E+5
1.034000E-2	0.000000E+0	1.993940E+5
1.036000E-2	0.000000E+0	1.989390E+5
1.038000E-2	0.000000E+0	1.996710E+5
1.040000E-2	0.000000E+0	1.994920E+5
1.042000E-2	0.000000E+0	1.994940E+5
1.044000E-2	0.000000E+0	1.994290E+5
1.046000E-2	0.000000E+0	1.992610E+5
1.048000E-2	0.000000E+0	1.992910E+5
1.050000E-2	0.000000E+0	1.986460E+5
1.052000E-2	0.000000E+0	1.997290E+5
1.054000E-2	0.000000E+0	2.000000E+5
1.056000E-2	0.000000E+0	1.994150E+5
1.058000E-2	0.000000E+0	1.994380E+5
1.060000E-2	0.000000E+0	1.984060E+5
1.062000E-2	0.000000E+0	1.987810E+5
1.064000E-2	0.000000E+0	1.994200E+5
1.066000E-2	0.000000E+0	1.989780E+5
1.068000E-2	0.000000E+0	1.999570E+5
1.070000E-2	0.000000E+0	1.992560E+5
1.072000E-2	0.000000E+0	1.993150E+5
1.074000E-2	0.000000E+0	1.996960E+5
1.076000E-2	0.000000E+0	2.000240E+5
1.078000E-2	0.000000E+0	1.998120E+5
1.080000E-2	0.000000E+0	1.990760E+5
1.082000E-2	0.000000E+0	2.003980E+5
1.084000E-2	0.000000E+0	1.993280E+5
1.086000E-2	0.000000E+0	1.992570E+5
1.088000E-2	0.000000E+0	1.992120E+5
1.090000E-2	0.000000E+0	1.989770E+5
1.092000E-2	0.000000E+0	1.996640E+5
1.094000E-2	0.000000E+0	1.989190E+5
1.096000E-2	0.000000E+0	1.992560E+5
1.098000E-2	0.000000E+0	1.993230E+5
1.100000E-2	0.000000E+0	1.998030E+5
1.102000E-2	0.000000E+0	1.991630E+5
1.104000E-2	0.000000E+0	1.997100E+5
1.106000E-2	0.000000E+0	1.993720E+5
1.108000E-2	0.000000E+0	1.990180E+5
1.110000E-2	0.000000E+0	1.992800E+5
1.112000E-2	0.000000E+0	1.996730E+5
1.114000E-2	0.000000E+0	1.995280E+5
1.116000E-2	0.000000E+0	1.981810E+5
1.118000E-2	0.000000E+0	1.996730E+5
1.120000E-2	0.000000E+0	1.994020E+5
1.122000E-2	0.000000E+0	2.004370E+5
1.124000E-2	0.000000E+0	1.994880E+5
1.126000E-2	0.000000E+0	1.987080E+5
1.128000E-2	0.000000E+0	1.990260E+5
1.130000E-2	0.000000E+0	1.984840E+5
1.132000E-2	0.000000E+0	1.997190E+5
1.134000E-2	0.000000E+0	1.991180E+5
1.136000E-2	0.000000E+0	2.006790E+5
1.138000E-2	0.000000E+0	1.988310E+5
1.140000E-2	0.000000E+0	1.998810E+5
1.142000E-2	0.000000E+0	1.991290E+5
1.144000E-2	0.000000E+0	1.992290E+5
1.146000E-2	0.000000E+0	1.994890E+5
1.148000E-2	0.000000E+0	1.995940E+5
1.150000E-2	0.000000E+0	1.997960E+5
1.152000E-2	0.000000E+0	1.988200E+5
1.154000E-2	0.000000E+0	1.988660E+5
1.156000E-2	0.000000E+0	1.999110E+5
1.158000E-2	0.000000E+0	1.989740E+5
1.160000E-2	0.000000E+0	1.993040E+5
1.162000E-2	0.000000E+0	1.992590E+5
1.164000E-2	0.000000E+0	2.001930E+5
1.166000E-2	0.000000E+0	2.001260E+5
1.168000E-2	0.000000E+0	2.002650E+5
1.170000E-2	0.000000E+0	1.998930E+5
1.172000E-2	0.000000E+0	1.989600E+5
1.174000E-2	0.000000E+0	1.995650E+5
1.176000E-2	0.000000E+0	1.996720E+5
1.178000E-2	0.000000E+0	1.985850E+5
1.180000E-2	0.000000E+0	1.991930E+5
1.182000E-2	0.000000E+0	1.989010E+5
1.184000E-2	0.000000E+0	1.989620E+5
1.186000E-2	0.000000E+0	1.993220E+5
1.188000E-2	0.000000E+0	1.992550E+5
1.190000E-2	0.000000E+0	1.988090E+5
1.192000E-2	0.000000E+0	1.987150E+5
1.194000E-2	0.000000E+0	1.999330E+5
1.196000E-2	0.000000E+0	1.992420E+5
1.198000E-2	0.000000E+0	1.991670E+5
1.200000E-2	0.000000E+0	1.991110E+5
1.202000E-2	0.000000E+0	1.997550E+5
1.204000E-2	0.000000E+0	1.994750E+5
1.206000E-2	0.000000E+0	1.994280E+5
1.208000E-2	0.000000E+0	1.999560E+5
1.210000E-2	0.000000E+0	1.990210E+5
1.212000E-2	0.000000E+0	1.990800E+5
1.214000E-2	0.000000E+0	1.986210E+5
1.216000E-2	0.000000E+0	1.986990E+5
1.218000E-2	0.000000E+0	1.997040E+5
1.220000E-2	0.000000E+0	1.986420E+5
1.222000E-2	0.000000E+0	1.988720E+5
1.224000E-2	0.000000E+0	1.995160E+5
1.226000E-2	0.000000E+0	1.994690E+5
1.228000E-2	0.000000E+0	1.993750E+5
1.230000E-2	0.000000E+0	1.995840E+5
1.232000E-2	0.000000E+0	1.989130E+5
1.234000E-2	0.000000E+0	1.995290E+5
1.236000E-2	0.000000E+0	1.993270E+5
1.238000E-2	0.000000E+0	1.992930E+5
1.240000E-2	0.000000E+0	1.997900E+5
1.242000E-2	0.000000E+0	1.995400E+5
1.244000E-2	0.000000E+0	1.995610E+5
1.246000E-2	0.000000E+0	1.990520E+5
1.248000E-2	0.000000E+0	1.993340E+5
1.250000E-2	0.000000E+0	1.986440E+5
1.252000E-2	0.000000E+0	1.998000E+5
1.254000E-2	0.000000E+0	1.994300E+5
1.256000E-2	0.000000E+0	1.987910E+5
1.258000E-2	0.000000E+0	1.999210E+5
1.260000E-2	0.000000E+0	1.997800E+5
1.262000E-2	0.000000E+0	1.983970E+5
1.264000E-2	0.000000E+0	1.983850E+5
1.266000E-2	0.000000E+0	1.996910E+5
1.268000E-2	0.000000E+0	1.994540E+5
1.270000E-2	0.000000E+0	1.995070E+5
1.272000E-2	0.000000E+0	1.994310E+5
1.274000E-2	0.000000E+0	1.989760E+5
1.276000E-2	0.000000E+0	2.000070E+5
1.278000E-2	0.000000E+0	1.989630E+5
1.280000E-2	0.000000E+0	1.988710E+5
1.282000E-2	0.000000E+0	1.990890E+5
1.284000E-2	0.000000E+0	1.992710E+5
1.286000E-2	0.000000E+0	1.999570E+5
1.288000E-2	0.000000E+0	1.997920E+5
1.290000E-2	0.000000E+0	1.995450E+5
1.292000E-2	0.000000E+0	1.995660E+5
1.294000E-2	0.000000E+0	1.986210E+5
1.296000E-2	0.000000E+0	1.995970E+5
1.298000E-2	0.000000E+0	1.989740E+5
1.300000E-2	0.000000E+0	1.995600E+5
1.302000E-2	0.000000E+0	1.996400E+5
1.304000E-2	0.000000E+0	1.993920E+5
1.306000E-2	0.000000E+0	1.991810E+5
1.308000E-2	0.000000E+0	1.993250E+5
1.310000E-2	0.000000E+0	1.994780E+5
1.312000E-2	0.000000E+0	1.995810E+5
1.314000E-2	0.000000E+0	1.997720E+5
1.316000E-2	0.000000E+0	1.988840E+5
1.318000E-2	0.000000E+0	1.990870E+5
1.320000E-2	0.000000E+0	1.999540E+5
1.322000E-2	0.000000E+0	1.996450E+5
1.324000E-2	0.000000E+0	1.989400E+5
1.326000E-2	0.000000E+0	1.998360E+5
1.328000E-2	0.000000E+0	1.996040E+5
1.330000E-2	0.000000E+0	1.989010E+5
1.332000E-2	0.000000E+0	1.994860E+5
1.334000E-2	0.000000E+0	1.992790E+5
1.336000E-2	0.000000E+0	1.997720E+5
1.338000E-2	0.000000E+0	1.994320E+5
1.340000E-2	0.000000E+0	1.989790E+5
1.342000E-2	0.000000E+0	1.989580E+5
1.344000E-2	0.000000E+0	1.990060E+5
1.346000E-2	0.000000E+0	1.985870E+5
1.348000E-2	0.000000E+0	1.999590E+5
1.350000E-2	0.000000E+0	1.991710E+5
1.352000E-2	0.000000E+0	1.998250E+5
1.354000E-2	0.000000E+0	1.999700E+5
1.356000E-2	0.000000E+0	2.000670E+5
1.358000E-2	0.000000E+0	1.994420E+5
1.360000E-2	0.000000E+0	1.989170E+5
1.362000E-2	0.000000E+0	1.996910E+5
1.364000E-2	0.000000E+0	1.993570E+5
1.366000E-2	0.000000E+0	1.993170E+5
1.368000E-2	0.000000E+0	2.000260E+5
1.370000E-2	0.000000E+0	1.997270E+5
1.372000E-2	0.000000E+0	1.990060E+5
1.374000E-2	0.000000E+0	1.983160E+5
1.376000E-2	0.000000E+0	1.987510E+5
1.378000E-2	0.000000E+0	1.981610E+5
1.380000E-2	0.000000E+0	1.995170E+5
1.382000E-2	0.000000E+0	1.988840E+5
1.384000E-2	0.000000E+0	1.995160E+5
1.386000E-2	0.000000E+0	1.989490E+5
1.388000E-2	0.000000E+0	1.993730E+5
1.390000E-2	0.000000E+0	1.993350E+5
1.392000E-2	0.000000E+0	2.000950E+5
1.394000E-2	0.000000E+0	1.995740E+5
1.396000E-2	0.000000E+0	1.991390E+5
1.398000E-2	0.000000E+0	1.996000E+5
1.400000E-2	0.000000E+0	2.003480E+5
1.402000E-2	0.000000E+0	1.985930E+5
1.404000E-2	0.000000E+0	2.000640E+5
1.406000E-2	0.000000E+0	1.993240E+5
1.408000E-2	0.000000E+0	1.990270E+5
1.410000E-2	0.000000E+0	1.989360E+5
1.412000E-2	0.000000E+0	1.992580E+5
1.414000E-2	0.000000E+0	1.991090E+5
1.416000E-2	0.000000E+0	1.990970E+5
1.418000E-2	0.000000E+0	1.991270E+5
1.420000E-2	0.000000E+0	1.995440E+5
1.422000E-2	0.000000E+0	1.996570E+5
1.424000E-2	0.000000E+0	1.981910E+5
1.426000E-2	0.000000E+0	1.986550E+5
1.428000E-2	0.000000E+0	1.992840E+5
1.430000E-2	0.000000E+0	1.994670E+5
1.432000E-2	0.000000E+0	1.998750E+5
1.434000E-2	0.000000E+0	1.988310E+5
1.436000E-2	0.000000E+0	1.994490E+5
1.438000E-2	0.000000E+0	1.993900E+5
1.440000E-2	0.000000E+0	2.000110E+5
1.442000E-2	0.000000E+0	1.992880E+5
1.444000E-2	0.000000E+0	1.985100E+5
1.446000E-2	0.000000E+0	1.995070E+5
1.448000E-2	0.000000E+0	1.991410E+5
1.450000E-2	0.000000E+0	1.987600E+5
1.452000E-2	0.000000E+0	1.995950E+5
1.454000E-2	0.000000E+0	1.989750E+5
1.456000E-2	0.000000E+0	1.996390E+5
1.458000E-2	0.000000E+0	1.984460E+5
1.460000E-2	0.000000E+0	1.995100E+5
1.462000E-2	0.000000E+0	1.988140E+5
1.464000E-2	0.000000E+0	1.993900E+5
1.466000E-2	0.000000E+0	1.992500E+5
1.468000E-2	0.000000E+0	1.999350E+5
1.470000E-2	0.000000E+0	1.988760E+5
1.472000E-2	0.000000E+0	1.992280E+5
1.474000E-2	0.000000E+0	1.992540E+5
1.476000E-2	0.000000E+0	1.998320E+5
1.478000E-2	0.000000E+0	2.000510E+5
1.480000E-2	0.000000E+0	1.988330E+5
1.482000E-2	0.000000E+0	1.989150E+5
1.484000E-2	0.000000E+0	1.993880E+5
1.486000E-2	0.000000E+0	1.988470E+5
1.488000E-2	0.000000E+0	1.995470E+5
1.490000E-2	0.000000E+0	1.990600E+5
1.492000E-2	0.000000E+0	1.989840E+5
1.494000E-2	0.000000E+0	1.976470E+5
1.496000E-2	0.000000E+0	1.975220E+5
1.498000E-2	0.000000E+0	1.970190E+5
1.500000E-2	0.000000E+0	1.966280E+5
1.502000E-2	0.000000E+0	1.963090E+5
1.504000E-2	0.000000E+0	1.958570E+5
1.506000E-2	0.000000E+0	1.965230E+5
1.508000E-2	0.000000E+0	1.959860E+5
1.510000E-2	0.000000E+0	1.946220E+5
1.512000E-2	0.000000E+0	1.934830E+5
1.514000E-2	0.000000E+0	1.932080E+5
1.516000E-2	0.000000E+0	1.939810E+5
1.518000E-2	0.000000E+0	1.941840E+5
1.520000E-2	0.000000E+0	1.948070E+5
1.522000E-2	0.000000E+0	1.955130E+5
1.524000E-2	0.000000E+0	1.964780E+5
1.526000E-2	0.000000E+0	1.972170E+5
1.528000E-2	0.000000E+0	1.978080E+5
1.530000E-2	0.000000E+0	1.972210E+5
1.532000E-2	0.000000E+0	1.980910E+5
1.534000E-2	0.000000E+0	1.984810E+5
1.536000E-2	0.000000E+0	1.984940E+5
1.538000E-2	0.000000E+0	1.991670E+5
1.540000E-2	0.000000E+0	1.988580E+5
1.542000E-2	0.000000E+0	1.992280E+5
1.544000E-2	0.000000E+0	1.984250E+5
1.546000E-2	0.000000E+0	1.990100E+5
1.548000E-2	0.000000E+0	1.987960E+5
1.550000E-2	0.000000E+0	1.984440E+5
1.552000E-2	0.000000E+0	1.993430E+5
1.554000E-2	0.000000E+0	1.987680E+5
1.556000E-2	0.000000E+0	1.981260E+5
1.558000E-2	0.000000E+0	1.976560E+5
1.560000E-2	0.000000E+0	1.981860E+5
1.562000E-2	0.000000E+0	1.968080E+5
1.564000E-2	0.000000E+0	1.965460E+5
1.566000E-2	0.000000E+0	1.954930E+5
1.568000E-2	0.000000E+0	1.954030E+5
1.570000E-2	0.000000E+0	1.954570E+5
1.572000E-2	0.000000E+0	1.952240E+5
1.574000E-2	0.000000E+0	1.949680E+5
1.576000E-2	0.000000E+0	1.941720E+5
1.578000E-2	0.000000E+0	1.928270E+5
1.580000E-2	0.000000E+0	1.940320E+5
1.582000E-2	0.000000E+0	1.939580E+5
1.584000E-2	0.000000E+0	1.948370E+5
1.586000E-2	0.000000E+0	1.953330E+5
1.588000E-2	0.000000E+0	1.960820E+5
1.590000E-2	0.000000E+0	1.962990E+5
1.592000E-2	0.000000E+0	1.976140E+5
1.594000E-2	0.000000E+0	1.971060E+5
1.596000E-2	0.000000E+0	1.978600E+5
1.598000E-2	0.000000E+0	1.988960E+5
1.600000E-2	0.000000E+0	1.993460E+5
1.602000E-2	0.000000E+0	1.993270E+5
1.604000E-2	0.000000E+0	1.986930E+5
1.606000E-2	0.000000E+0	1.985500E+5
1.608000E-2	0.000000E+0	1.992410E+5
1.610000E-2	0.000000E+0	1.987470E+5
1.612000E-2	0.000000E+0	1.993140E+5
1.614000E-2	0.000000E+0	1.998900E+5
1.616000E-2	0.000000E+0	1.994730E+5
1.618000E-2	0.000000E+0	1.989180E+5
1.620000E-2	0.000000E+0	1.990860E+5
1.622000E-2	0.000000E+0	1.991360E+5
1.624000E-2	0.000000E+0	1.986430E+5
1.626000E-2	0.000000E+0	1.991150E+5
1.628000E-2	0.000000E+0	1.997310E+5
1.630000E-2	0.000000E+0	1.996010E+5
1.632000E-2	0.000000E+0	1.990140E+5
1.634000E-2	0.000000E+0	1.992220E+5
1.636000E-2	0.000000E+0	2.002980E+5
1.638000E-2	0.000000E+0	1.987600E+5
1.640000E-2	0.000000E+0	1.992670E+5
1.642000E-2	0.000000E+0	1.991360E+5
1.644000E-2	0.000000E+0	1.989360E+5
1.646000E-2	0.000000E+0	1.992700E+5
1.648000E-2	0.000000E+0	1.988380E+5
1.650000E-2	0.000000E+0	1.994560E+5
1.652000E-2	0.000000E+0	1.998790E+5
1.654000E-2	0.000000E+0	1.991420E+5
1.656000E-2	0.000000E+0	1.991050E+5
1.658000E-2	0.000000E+0	1.992300E+5
1.660000E-2	0.000000E+0	1.994890E+5
1.662000E-2	0.000000E+0	1.993060E+5
1.664000E-2	0.000000E+0	1.995350E+5
1.666000E-2	0.000000E+0	1.995220E+5
1.668000E-2	0.000000E+0	1.989950E+5
1.670000E-2	0.000000E+0	1.990160E+5
1.672000E-2	0.000000E+0	2.001260E+5
1.674000E-2	0.000000E+0	1.990480E+5
1.676000E-2	0.000000E+0	1.993480E+5
1.678000E-2	0.000000E+0	1.988980E+5
1.680000E-2	0.000000E+0	1.991880E+5
1.682000E-2	0.000000E+0	1.992290E+5
1.684000E-2	0.000000E+0	1.988250E+5
1.686000E-2	0.000000E+0	1.994920E+5
1.688000E-2	0.000000E+0	1.988710E+5
1.690000E-2	0.000000E+0	1.994580E+5
1.692000E-2	0.000000E+0	1.988660E+5
1.694000E-2	0.000000E+0	1.995480E+5
1.696000E-2	0.000000E+0	1.991550E+5
1.698000E-2	0.000000E+0	1.991320E+5
1.700000E-2	0.000000E+0	1.991700E+5
1.702000E-2	0.000000E+0	1.996450E+5
1.704000E-2	0.000000E+0	1.991910E+5
1.706000E-2	0.000000E+0	2.002440E+5
1.708000E-2	0.000000E+0	1.987910E+5
1.710000E-2	0.000000E+0	1.994710E+5
1.712000E-2	0.000000E+0	1.998460E+5
1.714000E-2	0.000000E+0	1.991530E+5
1.716000E-2	0.000000E+0	1.995610E+5
1.718000E-2	0.000000E+0	1.989990E+5
1.720000E-2	0.000000E+0	1.999070E+5
1.722000E-2	0.000000E+0	1.997860E+5
1.724000E-2	0.000000E+0	1.983120E+5
1.726000E-2	0.000000E+0	1.989610E+5
1.728000E-2	0.000000E+0	1.991930E+5
1.730000E-2	0.000000E+0	1.988310E+5
1.732000E-2	0.000000E+0	1.990650E+5
1.734000E-2	0.000000E+0	1.989740E+5
1.736000E-2	0.000000E+0	2.000800E+5
1.738000E-2	0.000000E+0	1.999650E+5
1.740000E-2	0.000000E+0	1.993920E+5
1.742000E-2	0.000000E+0	1.983980E+5
1.744000E-2	0.000000E+0	1.988070E+5
1.746000E-2	0.000000E+0	1.988290E+5
1.748000E-2	0.000000E+0	1.991390E+5
1.750000E-2	0.000000E+0	1.991120E+5
1.752000E-2	0.000000E+0	1.996190E+5
1.754000E-2	0.000000E+0	1.984070E+5
1.756000E-2	0.000000E+0	1.989120E+5
1.758000E-2	0.000000E+0	1.996350E+5
1.760000E-2	0.000000E+0	1.992980E+5
1.762000E-2	0.000000E+0	1.993320E+5
1.764000E-2	0.000000E+0	1.994300E+5
1.766000E-2	0.000000E+0	1.994730E+5
1.768000E-2	0.000000E+0	1.992290E+5
1.770000E-2	0.000000E+0	1.993950E+5
1.772000E-2	0.000000E+0	1.999330E+5
1.774000E-2	0.000000E+0	1.990060E+5
1.776000E-2	0.000000E+0	1.985480E+5
1.778000E-2	0.000000E+0	1.999590E+5
1.780000E-2	0.000000E+0	1.987660E+5
1.782000E-2	0.000000E+0	1.993420E+5
1.784000E-2	0.000000E+0	1.989560E+5
1.786000E-2	0.000000E+0	1.991870E+5
1.788000E-2	0.000000E+0	1.991250E+5
1.790000E-2	0.000000E+0	1.994770E+5
1.792000E-2	0.000000E+0	1.987640E+5
1.794000E-2	0.000000E+0	1.994450E+5
1.796000E-2	0.000000E+0	1.993880E+5
1.798000E-2	0.000000E+0	1.995760E+5
1.800000E-2	0.000000E+0	1.987000E+5
1.802000E-2	0.000000E+0	1.991640E+5
1.804000E-2	0.000000E+0	1.983580E+5
1.806000E-2	0.000000E+0	1.989630E+5
1.808000E-2	0.000000E+0	1.991870E+5
1.810000E-2	0.000000E+0	2.000670E+5
1.812000E-2	0.000000E+0	1.999090E+5
1.814000E-2	0.000000E+0	1.997420E+5
1.816000E-2	0.000000E+0	1.995360E+5
1.818000E-2	0.000000E+0	1.990550E+5
1.820000E-2	0.000000E+0	2.000110E+5
1.822000E-2	0.000000E+0	1.985940E+5
1.824000E-2	0.000000E+0	1.994200E+5
1.826000E-2	0.000000E+0	1.995310E+5
1.828000E-2	0.000000E+0	1.989780E+5
1.830000E-2	0.000000E+0	1.990440E+5
1.832000E-2	0.000000E+0	1.999590E+5
1.834000E-2	0.000000E+0	1.982780E+5
1.836000E-2	0.000000E+0	1.997880E+5
1.838000E-2	0.000000E+0	1.989810E+5
1.840000E-2	0.000000E+0	1.993570E+5
1.842000E-2	0.000000E+0	1.993590E+5
1.844000E-2	0.000000E+0	1.991400E+5
1.846000E-2	0.000000E+0	1.986190E+5
1.848000E-2	0.000000E+0	1.994280E+5
1.850000E-2	0.000000E+0	1.997520E+5
1.852000E-2	0.000000E+0	1.993420E+5
1.854000E-2	0.000000E+0	1.996270E+5
1.856000E-2	0.000000E+0	1.984060E+5
1.858000E-2	0.000000E+0	1.993730E+5
1.860000E-2	0.000000E+0	1.997140E+5
1.862000E-2	0.000000E+0	1.991570E+5
1.864000E-2	0.000000E+0	1.986360E+5
1.866000E-2	0.000000E+0	1.994820E+5
1.868000E-2	0.000000E+0	1.992260E+5
1.870000E-2	0.000000E+0	1.993470E+5
1.872000E-2	0.000000E+0	1.995330E+5
1.874000E-2	0.000000E+0	1.985320E+5
1.876000E-2	0.000000E+0	1.990540E+5
1.878000E-2	0.000000E+0	1.994700E+5
1.880000E-2	0.000000E+0	1.990750E+5
1.882000E-2	0.000000E+0	1.989460E+5
1.884000E-2	0.000000E+0	1.996430E+5
1.886000E-2	0.000000E+0	1.994880E+5
1.888000E-2	0.000000E+0	1.988690E+5
1.890000E-2	0.000000E+0	1.991780E+5
1.892000E-2	0.000000E+0	2.000980E+5
1.894000E-2	0.000000E+0	1.996550E+5
1.896000E-2	0.000000E+0	1.996880E+5
1.898000E-2	0.000000E+0	1.991990E+5
1.900000E-2	0.000000E+0	1.995160E+5
1.902000E-2	0.000000E+0	1.985030E+5
1.904000E-2	0.000000E+0	1.993510E+5
1.906000E-2	0.000000E+0	1.993850E+5
1.908000E-2	0.000000E+0	1.995000E+5
1.910000E-2	0.000000E+0	1.985720E+5
1.912000E-2	0.000000E+0	1.993850E+5
1.914000E-2	0.000000E+0	1.992680E+5
1.916000E-2	0.000000E+0	1.986970E+5
1.918000E-2	0.000000E+0	1.991490E+5
1.920000E-2	0.000000E+0	1.997010E+5
1.922000E-2	0.000000E+0	1.991390E+5
1.924000E-2	0.000000E+0	1.991080E+5
1.926000E-2	0.000000E+0	1.993320E+5
1.928000E-2	0.000000E+0	1.995900E+5
1.930000E-2	0.000000E+0	1.992650E+5
1.932000E-2	0.000000E+0	1.990040E+5
1.934000E-2	0.000000E+0	1.990230E+5
1.936000E-2	0.000000E+0	1.988960E+5
1.938000E-2	0.000000E+0	1.996770E+5
1.940000E-2	0.000000E+0	1.988700E+5
1.942000E-2	0.000000E+0	2.000300E+5
1.944000E-2	0.000000E+0	1.997200E+5
1.946000E-2	0.000000E+0	1.990820E+5
1.948000E-2	0.000000E+0	1.992320E+5
1.950000E-2	0.000000E+0	1.990630E+5
1.952000E-2	0.000000E+0	2.000240E+5
1.954000E-2	0.000000E+0	1.992660E+5
1.956000E-2	0.000000E+0	1.997260E+5
1.958000E-2	0.000000E+0	1.996740E+5
1.960000E-2	0.000000E+0	1.994390E+5
1.962000E-2	0.000000E+0	1.991670E+5
1.964000E-2	0.000000E+0	1.995630E+5
1.966000E-2	0.000000E+0	1.995430E+5
1.968000E-2	0.000000E+0	1.997530E+5
1.970000E-2	0.000000E+0	1.990730E+5
1.972000E-2	0.000000E+0	1.992960E+5
1.974000E-2	0.000000E+0	1.988960E+5
1.976000E-2	0.000000E+0	1.986720E+5
1.978000E-2	0.000000E+0	1.988750E+5
1.980000E-2	0.000000E+0	1.995430E+5
1.982000E-2	0.000000E+0	1.992770E+5
1.984000E-2	0.000000E+0	1.997510E+5
1.986000E-2	0.000000E+0	1.991750E+5
1.988000E-2	0.000000E+0	1.985200E+5
1.990000E-2	0.000000E+0	1.991740E+5
1.992000E-2	0.000000E+0	1.988800E+5
1.994000E-2	0.000000E+0	1.997710E+5
1.996000E-2	0.000000E+0	1.993730E+5
1.998000E-2	0.000000E+0	1.991770E+5
