Data run ended at:  Tuesday, November 16, 2021	2:36:04 PM
Total number of sweeps:  15007032	live time (sec):  300140.640000	real time (sec):  421023.938000


time (sec)	counts
0.000000E+0	0.000000E+0
2.000000E-5	6.561200E+5
4.000000E-5	6.569120E+5
6.000000E-5	6.561100E+5
8.000000E-5	6.581520E+5
1.000000E-4	6.558210E+5
1.200000E-4	6.572120E+5
1.400000E-4	6.567270E+5
1.600000E-4	6.580330E+5
1.800000E-4	6.571030E+5
2.000000E-4	6.564760E+5
2.200000E-4	6.570670E+5
2.400000E-4	6.556170E+5
2.600000E-4	6.559030E+5
2.800000E-4	6.557710E+5
3.000000E-4	6.581910E+5
3.200000E-4	6.563100E+5
3.400000E-4	6.556290E+5
3.600000E-4	6.568460E+5
3.800000E-4	6.554100E+5
4.000000E-4	6.556280E+5
4.200000E-4	6.568530E+5
4.400000E-4	6.567940E+5
4.600000E-4	6.576560E+5
4.800000E-4	6.557870E+5
5.000000E-4	6.563900E+5
5.200000E-4	6.571380E+5
5.400000E-4	6.560050E+5
5.600000E-4	6.556860E+5
5.800000E-4	6.569120E+5
6.000000E-4	6.573960E+5
6.200000E-4	6.559350E+5
6.400000E-4	6.570490E+5
6.600000E-4	6.558290E+5
6.800000E-4	6.552990E+5
7.000000E-4	6.570090E+5
7.200000E-4	6.569770E+5
7.400000E-4	6.561830E+5
7.600000E-4	6.560900E+5
7.800000E-4	6.552640E+5
8.000000E-4	6.566750E+5
8.200000E-4	6.554330E+5
8.400000E-4	6.558080E+5
8.600000E-4	6.569170E+5
8.800000E-4	6.545870E+5
9.000000E-4	6.577980E+5
9.200000E-4	6.556410E+5
9.400000E-4	6.568380E+5
9.600000E-4	6.550890E+5
9.800000E-4	6.571100E+5
1.000000E-3	6.564790E+5
1.020000E-3	6.564700E+5
1.040000E-3	6.558320E+5
1.060000E-3	6.563900E+5
1.080000E-3	6.563380E+5
1.100000E-3	6.565140E+5
1.120000E-3	6.569620E+5
1.140000E-3	6.552970E+5
1.160000E-3	6.560670E+5
1.180000E-3	6.557640E+5
1.200000E-3	6.572230E+5
1.220000E-3	6.567310E+5
1.240000E-3	6.566140E+5
1.260000E-3	6.567520E+5
1.280000E-3	6.566320E+5
1.300000E-3	6.550840E+5
1.320000E-3	6.578200E+5
1.340000E-3	6.560120E+5
1.360000E-3	6.555490E+5
1.380000E-3	6.577240E+5
1.400000E-3	6.565700E+5
1.420000E-3	6.564640E+5
1.440000E-3	6.558680E+5
1.460000E-3	6.551020E+5
1.480000E-3	6.568090E+5
1.500000E-3	6.561820E+5
1.520000E-3	6.553980E+5
1.540000E-3	6.568640E+5
1.560000E-3	6.557950E+5
1.580000E-3	6.573380E+5
1.600000E-3	6.555840E+5
1.620000E-3	6.554090E+5
1.640000E-3	6.555890E+5
1.660000E-3	6.562600E+5
1.680000E-3	6.572970E+5
1.700000E-3	6.552530E+5
1.720000E-3	6.567820E+5
1.740000E-3	6.576860E+5
1.760000E-3	6.555190E+5
1.780000E-3	6.578520E+5
1.800000E-3	6.571200E+5
1.820000E-3	6.555000E+5
1.840000E-3	6.551900E+5
1.860000E-3	6.560730E+5
1.880000E-3	6.564590E+5
1.900000E-3	6.554450E+5
1.920000E-3	6.561380E+5
1.940000E-3	6.559600E+5
1.960000E-3	6.567610E+5
1.980000E-3	6.572770E+5
2.000000E-3	6.554480E+5
2.020000E-3	6.560700E+5
2.040000E-3	6.557930E+5
2.060000E-3	6.574670E+5
2.080000E-3	6.579570E+5
2.100000E-3	6.569220E+5
2.120000E-3	6.564760E+5
2.140000E-3	6.549050E+5
2.160000E-3	6.558380E+5
2.180000E-3	6.560550E+5
2.200000E-3	6.570160E+5
2.220000E-3	6.574890E+5
2.240000E-3	6.562780E+5
2.260000E-3	6.564220E+5
2.280000E-3	6.563830E+5
2.300000E-3	6.576290E+5
2.320000E-3	6.561650E+5
2.340000E-3	6.564610E+5
2.360000E-3	6.565150E+5
2.380000E-3	6.582810E+5
2.400000E-3	6.543480E+5
2.420000E-3	6.556760E+5
2.440000E-3	6.558630E+5
2.460000E-3	6.566880E+5
2.480000E-3	6.582780E+5
2.500000E-3	6.562140E+5
2.520000E-3	6.563400E+5
2.540000E-3	6.553600E+5
2.560000E-3	6.566750E+5
2.580000E-3	6.557020E+5
2.600000E-3	6.578380E+5
2.620000E-3	6.566630E+5
2.640000E-3	6.544830E+5
2.660000E-3	6.580190E+5
2.680000E-3	6.563970E+5
2.700000E-3	6.571540E+5
2.720000E-3	6.547170E+5
2.740000E-3	6.558270E+5
2.760000E-3	6.559110E+5
2.780000E-3	6.565290E+5
2.800000E-3	6.569650E+5
2.820000E-3	6.552560E+5
2.840000E-3	6.554450E+5
2.860000E-3	6.567520E+5
2.880000E-3	6.564890E+5
2.900000E-3	6.557780E+5
2.920000E-3	6.553100E+5
2.940000E-3	6.567500E+5
2.960000E-3	6.565040E+5
2.980000E-3	6.561370E+5
3.000000E-3	6.558940E+5
3.020000E-3	6.560780E+5
3.040000E-3	6.571000E+5
3.060000E-3	6.581340E+5
3.080000E-3	6.558410E+5
3.100000E-3	6.560870E+5
3.120000E-3	6.570500E+5
3.140000E-3	6.571100E+5
3.160000E-3	6.552160E+5
3.180000E-3	6.565670E+5
3.200000E-3	6.561360E+5
3.220000E-3	6.567740E+5
3.240000E-3	6.574970E+5
3.260000E-3	6.567360E+5
3.280000E-3	6.563420E+5
3.300000E-3	6.561060E+5
3.320000E-3	6.568920E+5
3.340000E-3	6.552990E+5
3.360000E-3	6.564900E+5
3.380000E-3	6.546080E+5
3.400000E-3	6.560540E+5
3.420000E-3	6.580100E+5
3.440000E-3	6.557700E+5
3.460000E-3	6.567470E+5
3.480000E-3	6.555320E+5
3.500000E-3	6.566940E+5
3.520000E-3	6.555590E+5
3.540000E-3	6.563110E+5
3.560000E-3	6.559590E+5
3.580000E-3	6.555210E+5
3.600000E-3	6.558510E+5
3.620000E-3	6.535730E+5
3.640000E-3	6.575080E+5
3.660000E-3	6.559730E+5
3.680000E-3	6.562150E+5
3.700000E-3	6.556650E+5
3.720000E-3	6.554770E+5
3.740000E-3	6.561990E+5
3.760000E-3	6.559880E+5
3.780000E-3	6.554400E+5
3.800000E-3	6.551630E+5
3.820000E-3	6.555050E+5
3.840000E-3	6.562980E+5
3.860000E-3	6.560680E+5
3.880000E-3	6.551410E+5
3.900000E-3	6.560550E+5
3.920000E-3	6.578090E+5
3.940000E-3	6.566060E+5
3.960000E-3	6.566270E+5
3.980000E-3	6.562440E+5
4.000000E-3	6.558360E+5
4.020000E-3	6.571330E+5
4.040000E-3	6.563640E+5
4.060000E-3	6.569430E+5
4.080000E-3	6.562010E+5
4.100000E-3	6.565490E+5
4.120000E-3	6.561260E+5
4.140000E-3	6.557610E+5
4.160000E-3	6.562930E+5
4.180000E-3	6.555450E+5
4.200000E-3	6.557920E+5
4.220000E-3	6.562050E+5
4.240000E-3	6.554910E+5
4.260000E-3	6.556400E+5
4.280000E-3	6.563730E+5
4.300000E-3	6.563190E+5
4.320000E-3	6.557880E+5
4.340000E-3	6.557090E+5
4.360000E-3	6.558930E+5
4.380000E-3	6.557040E+5
4.400000E-3	6.566650E+5
4.420000E-3	6.561490E+5
4.440000E-3	6.556870E+5
4.460000E-3	6.565510E+5
4.480000E-3	6.549040E+5
4.500000E-3	6.558690E+5
4.520000E-3	6.554770E+5
4.540000E-3	6.550880E+5
4.560000E-3	6.558910E+5
4.580000E-3	6.560360E+5
4.600000E-3	6.565830E+5
4.620000E-3	6.551140E+5
4.640000E-3	6.560220E+5
4.660000E-3	6.559590E+5
4.680000E-3	6.554920E+5
4.700000E-3	6.557020E+5
4.720000E-3	6.554190E+5
4.740000E-3	6.548660E+5
4.760000E-3	6.563040E+5
4.780000E-3	6.544040E+5
4.800000E-3	6.551220E+5
4.820000E-3	6.539830E+5
4.840000E-3	6.544350E+5
4.860000E-3	6.514870E+5
4.880000E-3	6.503830E+5
4.900000E-3	6.500710E+5
4.920000E-3	6.469550E+5
4.940000E-3	6.460790E+5
4.960000E-3	6.450080E+5
4.980000E-3	6.459000E+5
5.000000E-3	6.436650E+5
5.020000E-3	6.415530E+5
5.040000E-3	6.387220E+5
5.060000E-3	6.369430E+5
5.080000E-3	6.396920E+5
5.100000E-3	6.391520E+5
5.120000E-3	6.388480E+5
5.140000E-3	6.402420E+5
5.160000E-3	6.432810E+5
5.180000E-3	6.451500E+5
5.200000E-3	6.464950E+5
5.220000E-3	6.484590E+5
5.240000E-3	6.477530E+5
5.260000E-3	6.524080E+5
5.280000E-3	6.496850E+5
5.300000E-3	6.522390E+5
5.320000E-3	6.540930E+5
5.340000E-3	6.542920E+5
5.360000E-3	6.549730E+5
5.380000E-3	6.537510E+5
5.400000E-3	6.558540E+5
5.420000E-3	6.547540E+5
5.440000E-3	6.549810E+5
5.460000E-3	6.530030E+5
5.480000E-3	6.530760E+5
5.500000E-3	6.535980E+5
5.520000E-3	6.508990E+5
5.540000E-3	6.504630E+5
5.560000E-3	6.470280E+5
5.580000E-3	6.460970E+5
5.600000E-3	6.447890E+5
5.620000E-3	6.453750E+5
5.640000E-3	6.454850E+5
5.660000E-3	6.423380E+5
5.680000E-3	6.415200E+5
5.700000E-3	6.383290E+5
5.720000E-3	6.382970E+5
5.740000E-3	6.403710E+5
5.760000E-3	6.408190E+5
5.780000E-3	6.415540E+5
5.800000E-3	6.442060E+5
5.820000E-3	6.464940E+5
5.840000E-3	6.473440E+5
5.860000E-3	6.474500E+5
5.880000E-3	6.499260E+5
5.900000E-3	6.521140E+5
5.920000E-3	6.540400E+5
5.940000E-3	6.532840E+5
5.960000E-3	6.541470E+5
5.980000E-3	6.557770E+5
6.000000E-3	6.548640E+5
6.020000E-3	6.547120E+5
6.040000E-3	6.557820E+5
6.060000E-3	6.555900E+5
6.080000E-3	6.555730E+5
6.100000E-3	6.540800E+5
6.120000E-3	6.558800E+5
6.140000E-3	6.554660E+5
6.160000E-3	6.551640E+5
6.180000E-3	6.562160E+5
6.200000E-3	6.559330E+5
6.220000E-3	6.559990E+5
6.240000E-3	6.552560E+5
6.260000E-3	6.569680E+5
6.280000E-3	6.572510E+5
6.300000E-3	6.566700E+5
6.320000E-3	6.566210E+5
6.340000E-3	6.558900E+5
6.360000E-3	6.551440E+5
6.380000E-3	6.579780E+5
6.400000E-3	6.563510E+5
6.420000E-3	6.543920E+5
6.440000E-3	6.580230E+5
6.460000E-3	6.548080E+5
6.480000E-3	6.555380E+5
6.500000E-3	6.553580E+5
6.520000E-3	6.558820E+5
6.540000E-3	6.557850E+5
6.560000E-3	6.564370E+5
6.580000E-3	6.550270E+5
6.600000E-3	6.564030E+5
6.620000E-3	6.562620E+5
6.640000E-3	6.564880E+5
6.660000E-3	6.554740E+5
6.680000E-3	6.561200E+5
6.700000E-3	6.568620E+5
6.720000E-3	6.565830E+5
6.740000E-3	6.556910E+5
6.760000E-3	6.570790E+5
6.780000E-3	6.558210E+5
6.800000E-3	6.569820E+5
6.820000E-3	6.564210E+5
6.840000E-3	6.559210E+5
6.860000E-3	6.565530E+5
6.880000E-3	6.572210E+5
6.900000E-3	6.557340E+5
6.920000E-3	6.549400E+5
6.940000E-3	6.569080E+5
6.960000E-3	6.544630E+5
6.980000E-3	6.559910E+5
7.000000E-3	6.557340E+5
7.020000E-3	6.568720E+5
7.040000E-3	6.562740E+5
7.060000E-3	6.568510E+5
7.080000E-3	6.562360E+5
7.100000E-3	6.547990E+5
7.120000E-3	6.567530E+5
7.140000E-3	6.554390E+5
7.160000E-3	6.553420E+5
7.180000E-3	6.557730E+5
7.200000E-3	6.558910E+5
7.220000E-3	6.573480E+5
7.240000E-3	6.560570E+5
7.260000E-3	6.563570E+5
7.280000E-3	6.561420E+5
7.300000E-3	6.562520E+5
7.320000E-3	6.560120E+5
7.340000E-3	6.576330E+5
7.360000E-3	6.562420E+5
7.380000E-3	6.570110E+5
7.400000E-3	6.567170E+5
7.420000E-3	6.555320E+5
7.440000E-3	6.562120E+5
7.460000E-3	6.558350E+5
7.480000E-3	6.548860E+5
7.500000E-3	6.572590E+5
7.520000E-3	6.561430E+5
7.540000E-3	6.562660E+5
7.560000E-3	6.563660E+5
7.580000E-3	6.559230E+5
7.600000E-3	6.563750E+5
7.620000E-3	6.567730E+5
7.640000E-3	6.570490E+5
7.660000E-3	6.561770E+5
7.680000E-3	6.565790E+5
7.700000E-3	6.559620E+5
7.720000E-3	6.573340E+5
7.740000E-3	6.559060E+5
7.760000E-3	6.570180E+5
7.780000E-3	6.577790E+5
7.800000E-3	6.564150E+5
7.820000E-3	6.558410E+5
7.840000E-3	6.575180E+5
7.860000E-3	6.563460E+5
7.880000E-3	6.557250E+5
7.900000E-3	6.561700E+5
7.920000E-3	6.559740E+5
7.940000E-3	6.571480E+5
7.960000E-3	6.580940E+5
7.980000E-3	6.576240E+5
8.000000E-3	6.564360E+5
8.020000E-3	6.561020E+5
8.040000E-3	6.545680E+5
8.060000E-3	6.554670E+5
8.080000E-3	6.568210E+5
8.100000E-3	6.578180E+5
8.120000E-3	6.567790E+5
8.140000E-3	6.555450E+5
8.160000E-3	6.560280E+5
8.180000E-3	6.560610E+5
8.200000E-3	6.563680E+5
8.220000E-3	6.565680E+5
8.240000E-3	6.571150E+5
8.260000E-3	6.581480E+5
8.280000E-3	6.554730E+5
8.300000E-3	6.564010E+5
8.320000E-3	6.557220E+5
8.340000E-3	6.554120E+5
8.360000E-3	6.556230E+5
8.380000E-3	6.552640E+5
8.400000E-3	6.552480E+5
8.420000E-3	6.562380E+5
8.440000E-3	6.568610E+5
8.460000E-3	6.573790E+5
8.480000E-3	6.574420E+5
8.500000E-3	6.551640E+5
8.520000E-3	6.564350E+5
8.540000E-3	6.572030E+5
8.560000E-3	6.569390E+5
8.580000E-3	6.577330E+5
8.600000E-3	6.570430E+5
8.620000E-3	6.587870E+5
8.640000E-3	6.563860E+5
8.660000E-3	6.551800E+5
8.680000E-3	6.565400E+5
8.700000E-3	6.544900E+5
8.720000E-3	6.574200E+5
8.740000E-3	6.546710E+5
8.760000E-3	6.559300E+5
8.780000E-3	6.566340E+5
8.800000E-3	6.572790E+5
8.820000E-3	6.568250E+5
8.840000E-3	6.556960E+5
8.860000E-3	6.582470E+5
8.880000E-3	6.554960E+5
8.900000E-3	6.568920E+5
8.920000E-3	6.560360E+5
8.940000E-3	6.545760E+5
8.960000E-3	6.567710E+5
8.980000E-3	6.561250E+5
9.000000E-3	6.564660E+5
9.020000E-3	6.545430E+5
9.040000E-3	6.564210E+5
9.060000E-3	6.593420E+5
9.080000E-3	6.557200E+5
9.100000E-3	6.576500E+5
9.120000E-3	6.548380E+5
9.140000E-3	6.571030E+5
9.160000E-3	6.560440E+5
9.180000E-3	6.551750E+5
9.200000E-3	6.564690E+5
9.220000E-3	6.564190E+5
9.240000E-3	6.569390E+5
9.260000E-3	6.576850E+5
9.280000E-3	6.569620E+5
9.300000E-3	6.568790E+5
9.320000E-3	6.560080E+5
9.340000E-3	6.565010E+5
9.360000E-3	6.568120E+5
9.380000E-3	6.576760E+5
9.400000E-3	6.571390E+5
9.420000E-3	6.580390E+5
9.440000E-3	6.557820E+5
9.460000E-3	6.571000E+5
9.480000E-3	6.565840E+5
9.500000E-3	6.556770E+5
9.520000E-3	6.580580E+5
9.540000E-3	6.542900E+5
9.560000E-3	6.561290E+5
9.580000E-3	6.563240E+5
9.600000E-3	6.564920E+5
9.620000E-3	6.566360E+5
9.640000E-3	6.553280E+5
9.660000E-3	6.575780E+5
9.680000E-3	6.556350E+5
9.700000E-3	6.559090E+5
9.720000E-3	6.565080E+5
9.740000E-3	6.563110E+5
9.760000E-3	6.560510E+5
9.780000E-3	6.575450E+5
9.800000E-3	6.570620E+5
9.820000E-3	6.566110E+5
9.840000E-3	6.560960E+5
9.860000E-3	6.554730E+5
9.880000E-3	6.575650E+5
9.900000E-3	6.580920E+5
9.920000E-3	6.567150E+5
9.940000E-3	6.555060E+5
9.960000E-3	6.556910E+5
9.980000E-3	6.572760E+5
1.000000E-2	6.566780E+5
1.002000E-2	6.561250E+5
1.004000E-2	6.572320E+5
1.006000E-2	6.552710E+5
1.008000E-2	6.559470E+5
1.010000E-2	6.557040E+5
1.012000E-2	6.577650E+5
1.014000E-2	6.587200E+5
1.016000E-2	6.572470E+5
1.018000E-2	6.570170E+5
1.020000E-2	6.570590E+5
1.022000E-2	6.570580E+5
1.024000E-2	6.561450E+5
1.026000E-2	6.581410E+5
1.028000E-2	6.562540E+5
1.030000E-2	6.574630E+5
1.032000E-2	6.564490E+5
1.034000E-2	6.573870E+5
1.036000E-2	6.568370E+5
1.038000E-2	6.573390E+5
1.040000E-2	6.557750E+5
1.042000E-2	6.570200E+5
1.044000E-2	6.572280E+5
1.046000E-2	6.576300E+5
1.048000E-2	6.579230E+5
1.050000E-2	6.563370E+5
1.052000E-2	6.578730E+5
1.054000E-2	6.579100E+5
1.056000E-2	6.562190E+5
1.058000E-2	6.581650E+5
1.060000E-2	6.557670E+5
1.062000E-2	6.564340E+5
1.064000E-2	6.570940E+5
1.066000E-2	6.559240E+5
1.068000E-2	6.572500E+5
1.070000E-2	6.556130E+5
1.072000E-2	6.564010E+5
1.074000E-2	6.573380E+5
1.076000E-2	6.563130E+5
1.078000E-2	6.576210E+5
1.080000E-2	6.577980E+5
1.082000E-2	6.584000E+5
1.084000E-2	6.569620E+5
1.086000E-2	6.574820E+5
1.088000E-2	6.568680E+5
1.090000E-2	6.569200E+5
1.092000E-2	6.570880E+5
1.094000E-2	6.558960E+5
1.096000E-2	6.564440E+5
1.098000E-2	6.578130E+5
1.100000E-2	6.575110E+5
1.102000E-2	6.554530E+5
1.104000E-2	6.573390E+5
1.106000E-2	6.568840E+5
1.108000E-2	6.573020E+5
1.110000E-2	6.563200E+5
1.112000E-2	6.559020E+5
1.114000E-2	6.576340E+5
1.116000E-2	6.550520E+5
1.118000E-2	6.566540E+5
1.120000E-2	6.560680E+5
1.122000E-2	6.580330E+5
1.124000E-2	6.582410E+5
1.126000E-2	6.553110E+5
1.128000E-2	6.560420E+5
1.130000E-2	6.565180E+5
1.132000E-2	6.581770E+5
1.134000E-2	6.555410E+5
1.136000E-2	6.575820E+5
1.138000E-2	6.562650E+5
1.140000E-2	6.579050E+5
1.142000E-2	6.562360E+5
1.144000E-2	6.578020E+5
1.146000E-2	6.567190E+5
1.148000E-2	6.571430E+5
1.150000E-2	6.564360E+5
1.152000E-2	6.564420E+5
1.154000E-2	6.556360E+5
1.156000E-2	6.566790E+5
1.158000E-2	6.562190E+5
1.160000E-2	6.575410E+5
1.162000E-2	6.566630E+5
1.164000E-2	6.578130E+5
1.166000E-2	6.585140E+5
1.168000E-2	6.572790E+5
1.170000E-2	6.580210E+5
1.172000E-2	6.570560E+5
1.174000E-2	6.568900E+5
1.176000E-2	6.566430E+5
1.178000E-2	6.553090E+5
1.180000E-2	6.569220E+5
1.182000E-2	6.579900E+5
1.184000E-2	6.580350E+5
1.186000E-2	6.562980E+5
1.188000E-2	6.560130E+5
1.190000E-2	6.563320E+5
1.192000E-2	6.558630E+5
1.194000E-2	6.581360E+5
1.196000E-2	6.570530E+5
1.198000E-2	6.562390E+5
1.200000E-2	6.567260E+5
1.202000E-2	6.569600E+5
1.204000E-2	6.566150E+5
1.206000E-2	6.569600E+5
1.208000E-2	6.572710E+5
1.210000E-2	6.576280E+5
1.212000E-2	6.563320E+5
1.214000E-2	6.552730E+5
1.216000E-2	6.565470E+5
1.218000E-2	6.562090E+5
1.220000E-2	6.565260E+5
1.222000E-2	6.570710E+5
1.224000E-2	6.573010E+5
1.226000E-2	6.559080E+5
1.228000E-2	6.567070E+5
1.230000E-2	6.568340E+5
1.232000E-2	6.572020E+5
1.234000E-2	6.577490E+5
1.236000E-2	6.575300E+5
1.238000E-2	6.585020E+5
1.240000E-2	6.574060E+5
1.242000E-2	6.570150E+5
1.244000E-2	6.573410E+5
1.246000E-2	6.566810E+5
1.248000E-2	6.567310E+5
1.250000E-2	6.566990E+5
1.252000E-2	6.589760E+5
1.254000E-2	6.573240E+5
1.256000E-2	6.557760E+5
1.258000E-2	6.577800E+5
1.260000E-2	6.579910E+5
1.262000E-2	6.561670E+5
1.264000E-2	6.558800E+5
1.266000E-2	6.591000E+5
1.268000E-2	6.574280E+5
1.270000E-2	6.563990E+5
1.272000E-2	6.585460E+5
1.274000E-2	6.563400E+5
1.276000E-2	6.575030E+5
1.278000E-2	6.567170E+5
1.280000E-2	6.559210E+5
1.282000E-2	6.561560E+5
1.284000E-2	6.565600E+5
1.286000E-2	6.573580E+5
1.288000E-2	6.578040E+5
1.290000E-2	6.567480E+5
1.292000E-2	6.567600E+5
1.294000E-2	6.564280E+5
1.296000E-2	6.567620E+5
1.298000E-2	6.569370E+5
1.300000E-2	6.570580E+5
1.302000E-2	6.579790E+5
1.304000E-2	6.569590E+5
1.306000E-2	6.559820E+5
1.308000E-2	6.581180E+5
1.310000E-2	6.574790E+5
1.312000E-2	6.568380E+5
1.314000E-2	6.580330E+5
1.316000E-2	6.569030E+5
1.318000E-2	6.565170E+5
1.320000E-2	6.570320E+5
1.322000E-2	6.569110E+5
1.324000E-2	6.555410E+5
1.326000E-2	6.578310E+5
1.328000E-2	6.578500E+5
1.330000E-2	6.556580E+5
1.332000E-2	6.564500E+5
1.334000E-2	6.560630E+5
1.336000E-2	6.570990E+5
1.338000E-2	6.574840E+5
1.340000E-2	6.566450E+5
1.342000E-2	6.560570E+5
1.344000E-2	6.564600E+5
1.346000E-2	6.558200E+5
1.348000E-2	6.570150E+5
1.350000E-2	6.578890E+5
1.352000E-2	6.571190E+5
1.354000E-2	6.566240E+5
1.356000E-2	6.580400E+5
1.358000E-2	6.565210E+5
1.360000E-2	6.566660E+5
1.362000E-2	6.568970E+5
1.364000E-2	6.551560E+5
1.366000E-2	6.565570E+5
1.368000E-2	6.570720E+5
1.370000E-2	6.579190E+5
1.372000E-2	6.564280E+5
1.374000E-2	6.579520E+5
1.376000E-2	6.564300E+5
1.378000E-2	6.560580E+5
1.380000E-2	6.573500E+5
1.382000E-2	6.558610E+5
1.384000E-2	6.564420E+5
1.386000E-2	6.570770E+5
1.388000E-2	6.567280E+5
1.390000E-2	6.578170E+5
1.392000E-2	6.579860E+5
1.394000E-2	6.573250E+5
1.396000E-2	6.572240E+5
1.398000E-2	6.580900E+5
1.400000E-2	6.579620E+5
1.402000E-2	6.559270E+5
1.404000E-2	6.584290E+5
1.406000E-2	6.566410E+5
1.408000E-2	6.566660E+5
1.410000E-2	6.572830E+5
1.412000E-2	6.562990E+5
1.414000E-2	6.560240E+5
1.416000E-2	6.560160E+5
1.418000E-2	6.560980E+5
1.420000E-2	6.571950E+5
1.422000E-2	6.571630E+5
1.424000E-2	6.550530E+5
1.426000E-2	6.557410E+5
1.428000E-2	6.570040E+5
1.430000E-2	6.573720E+5
1.432000E-2	6.566980E+5
1.434000E-2	6.572880E+5
1.436000E-2	6.576630E+5
1.438000E-2	6.571230E+5
1.440000E-2	6.585800E+5
1.442000E-2	6.570370E+5
1.444000E-2	6.552400E+5
1.446000E-2	6.572360E+5
1.448000E-2	6.574660E+5
1.450000E-2	6.569550E+5
1.452000E-2	6.568270E+5
1.454000E-2	6.568590E+5
1.456000E-2	6.576750E+5
1.458000E-2	6.560480E+5
1.460000E-2	6.572380E+5
1.462000E-2	6.550970E+5
1.464000E-2	6.577770E+5
1.466000E-2	6.560370E+5
1.468000E-2	6.584060E+5
1.470000E-2	6.565470E+5
1.472000E-2	6.564490E+5
1.474000E-2	6.573100E+5
1.476000E-2	6.576640E+5
1.478000E-2	6.577050E+5
1.480000E-2	6.552220E+5
1.482000E-2	6.557680E+5
1.484000E-2	6.573770E+5
1.486000E-2	6.553940E+5
1.488000E-2	6.545960E+5
1.490000E-2	6.546650E+5
1.492000E-2	6.526010E+5
1.494000E-2	6.496890E+5
1.496000E-2	6.485550E+5
1.498000E-2	6.477060E+5
1.500000E-2	6.469950E+5
1.502000E-2	6.468140E+5
1.504000E-2	6.445080E+5
1.506000E-2	6.433240E+5
1.508000E-2	6.411400E+5
1.510000E-2	6.394070E+5
1.512000E-2	6.394180E+5
1.514000E-2	6.406860E+5
1.516000E-2	6.412910E+5
1.518000E-2	6.425050E+5
1.520000E-2	6.455730E+5
1.522000E-2	6.467430E+5
1.524000E-2	6.512900E+5
1.526000E-2	6.502190E+5
1.528000E-2	6.524590E+5
1.530000E-2	6.522760E+5
1.532000E-2	6.545790E+5
1.534000E-2	6.543990E+5
1.536000E-2	6.547990E+5
1.538000E-2	6.563650E+5
1.540000E-2	6.564730E+5
1.542000E-2	6.556440E+5
1.544000E-2	6.552170E+5
1.546000E-2	6.554870E+5
1.548000E-2	6.548860E+5
1.550000E-2	6.547470E+5
1.552000E-2	6.558400E+5
1.554000E-2	6.537410E+5
1.556000E-2	6.520420E+5
1.558000E-2	6.494200E+5
1.560000E-2	6.483240E+5
1.562000E-2	6.469690E+5
1.564000E-2	6.461470E+5
1.566000E-2	6.469050E+5
1.568000E-2	6.456650E+5
1.570000E-2	6.427220E+5
1.572000E-2	6.396210E+5
1.574000E-2	6.387290E+5
1.576000E-2	6.406340E+5
1.578000E-2	6.378970E+5
1.580000E-2	6.411910E+5
1.582000E-2	6.425500E+5
1.584000E-2	6.445490E+5
1.586000E-2	6.465880E+5
1.588000E-2	6.485560E+5
1.590000E-2	6.500270E+5
1.592000E-2	6.513400E+5
1.594000E-2	6.511640E+5
1.596000E-2	6.537860E+5
1.598000E-2	6.551470E+5
1.600000E-2	6.559590E+5
1.602000E-2	6.556180E+5
1.604000E-2	6.556000E+5
1.606000E-2	6.564390E+5
1.608000E-2	6.562490E+5
1.610000E-2	6.570390E+5
1.612000E-2	6.567420E+5
1.614000E-2	6.559960E+5
1.616000E-2	6.587540E+5
1.618000E-2	6.565430E+5
1.620000E-2	6.564800E+5
1.622000E-2	6.571880E+5
1.624000E-2	6.564710E+5
1.626000E-2	6.563470E+5
1.628000E-2	6.578370E+5
1.630000E-2	6.565980E+5
1.632000E-2	6.571040E+5
1.634000E-2	6.567690E+5
1.636000E-2	6.582720E+5
1.638000E-2	6.561740E+5
1.640000E-2	6.574520E+5
1.642000E-2	6.568910E+5
1.644000E-2	6.569090E+5
1.646000E-2	6.563460E+5
1.648000E-2	6.564340E+5
1.650000E-2	6.563500E+5
1.652000E-2	6.571010E+5
1.654000E-2	6.560710E+5
1.656000E-2	6.565900E+5
1.658000E-2	6.567330E+5
1.660000E-2	6.563190E+5
1.662000E-2	6.570700E+5
1.664000E-2	6.571690E+5
1.666000E-2	6.561400E+5
1.668000E-2	6.565850E+5
1.670000E-2	6.572650E+5
1.672000E-2	6.579190E+5
1.674000E-2	6.567950E+5
1.676000E-2	6.553420E+5
1.678000E-2	6.558820E+5
1.680000E-2	6.575840E+5
1.682000E-2	6.571800E+5
1.684000E-2	6.575050E+5
1.686000E-2	6.588170E+5
1.688000E-2	6.568750E+5
1.690000E-2	6.571830E+5
1.692000E-2	6.573740E+5
1.694000E-2	6.567900E+5
1.696000E-2	6.559750E+5
1.698000E-2	6.572850E+5
1.700000E-2	6.574400E+5
1.702000E-2	6.576090E+5
1.704000E-2	6.582890E+5
1.706000E-2	6.579480E+5
1.708000E-2	6.566960E+5
1.710000E-2	6.574770E+5
1.712000E-2	6.569070E+5
1.714000E-2	6.557360E+5
1.716000E-2	6.577740E+5
1.718000E-2	6.573060E+5
1.720000E-2	6.572100E+5
1.722000E-2	6.577100E+5
1.724000E-2	6.571780E+5
1.726000E-2	6.567390E+5
1.728000E-2	6.565650E+5
1.730000E-2	6.572820E+5
1.732000E-2	6.560960E+5
1.734000E-2	6.573280E+5
1.736000E-2	6.582590E+5
1.738000E-2	6.578280E+5
1.740000E-2	6.581640E+5
1.742000E-2	6.564140E+5
1.744000E-2	6.559630E+5
1.746000E-2	6.568840E+5
1.748000E-2	6.574720E+5
1.750000E-2	6.573400E+5
1.752000E-2	6.576740E+5
1.754000E-2	6.565600E+5
1.756000E-2	6.564210E+5
1.758000E-2	6.572080E+5
1.760000E-2	6.570600E+5
1.762000E-2	6.571820E+5
1.764000E-2	6.578670E+5
1.766000E-2	6.565900E+5
1.768000E-2	6.571020E+5
1.770000E-2	6.569190E+5
1.772000E-2	6.580280E+5
1.774000E-2	6.568480E+5
1.776000E-2	6.565560E+5
1.778000E-2	6.584630E+5
1.780000E-2	6.553790E+5
1.782000E-2	6.577070E+5
1.784000E-2	6.569950E+5
1.786000E-2	6.565490E+5
1.788000E-2	6.567130E+5
1.790000E-2	6.574760E+5
1.792000E-2	6.556310E+5
1.794000E-2	6.565270E+5
1.796000E-2	6.568020E+5
1.798000E-2	6.580190E+5
1.800000E-2	6.560710E+5
1.802000E-2	6.567290E+5
1.804000E-2	6.558580E+5
1.806000E-2	6.565720E+5
1.808000E-2	6.568070E+5
1.810000E-2	6.578290E+5
1.812000E-2	6.585000E+5
1.814000E-2	6.584640E+5
1.816000E-2	6.567020E+5
1.818000E-2	6.561050E+5
1.820000E-2	6.577230E+5
1.822000E-2	6.567200E+5
1.824000E-2	6.571130E+5
1.826000E-2	6.576890E+5
1.828000E-2	6.563400E+5
1.830000E-2	6.558040E+5
1.832000E-2	6.579420E+5
1.834000E-2	6.563830E+5
1.836000E-2	6.579130E+5
1.838000E-2	6.561710E+5
1.840000E-2	6.562820E+5
1.842000E-2	6.560610E+5
1.844000E-2	6.561470E+5
1.846000E-2	6.556230E+5
1.848000E-2	6.585600E+5
1.850000E-2	6.575160E+5
1.852000E-2	6.570190E+5
1.854000E-2	6.586800E+5
1.856000E-2	6.551530E+5
1.858000E-2	6.559250E+5
1.860000E-2	6.568450E+5
1.862000E-2	6.560180E+5
1.864000E-2	6.556230E+5
1.866000E-2	6.573990E+5
1.868000E-2	6.565130E+5
1.870000E-2	6.569690E+5
1.872000E-2	6.570030E+5
1.874000E-2	6.545010E+5
1.876000E-2	6.570740E+5
1.878000E-2	6.569100E+5
1.880000E-2	6.555820E+5
1.882000E-2	6.566140E+5
1.884000E-2	6.572030E+5
1.886000E-2	6.564120E+5
1.888000E-2	6.562450E+5
1.890000E-2	6.562960E+5
1.892000E-2	6.582130E+5
1.894000E-2	6.569920E+5
1.896000E-2	6.570960E+5
1.898000E-2	6.577060E+5
1.900000E-2	6.564360E+5
1.902000E-2	6.556310E+5
1.904000E-2	6.570100E+5
1.906000E-2	6.577190E+5
1.908000E-2	6.570750E+5
1.910000E-2	6.563820E+5
1.912000E-2	6.554790E+5
1.914000E-2	6.572160E+5
1.916000E-2	6.565690E+5
1.918000E-2	6.557100E+5
1.920000E-2	6.573210E+5
1.922000E-2	6.578300E+5
1.924000E-2	6.572970E+5
1.926000E-2	6.577260E+5
1.928000E-2	6.578750E+5
1.930000E-2	6.567350E+5
1.932000E-2	6.562960E+5
1.934000E-2	6.570990E+5
1.936000E-2	6.566770E+5
1.938000E-2	6.570060E+5
1.940000E-2	6.549480E+5
1.942000E-2	6.580190E+5
1.944000E-2	6.571660E+5
1.946000E-2	6.552980E+5
1.948000E-2	6.567620E+5
1.950000E-2	6.570730E+5
1.952000E-2	6.580260E+5
1.954000E-2	6.562910E+5
1.956000E-2	6.574680E+5
1.958000E-2	6.567870E+5
1.960000E-2	6.570360E+5
1.962000E-2	6.564420E+5
1.964000E-2	6.577240E+5
1.966000E-2	6.577630E+5
1.968000E-2	6.568620E+5
1.970000E-2	6.562600E+5
1.972000E-2	6.570030E+5
1.974000E-2	6.568800E+5
1.976000E-2	6.554990E+5
1.978000E-2	6.561020E+5
1.980000E-2	6.571180E+5
1.982000E-2	6.561900E+5
1.984000E-2	6.570680E+5
1.986000E-2	6.563150E+5
1.988000E-2	6.560780E+5
1.990000E-2	6.562920E+5
1.992000E-2	6.562260E+5
1.994000E-2	6.584260E+5
1.996000E-2	6.562720E+5
1.998000E-2	6.564560E+5
