

live time:  127639.800000
real time:  176401.414000
sweeps:  6381990.000000
0.000000E+0	0.000000E+0	0.000000E+0
2.000000E-5	0.000000E+0	2.798850E+5
4.000000E-5	0.000000E+0	2.804260E+5
6.000000E-5	0.000000E+0	2.798200E+5
8.000000E-5	0.000000E+0	2.805320E+5
1.000000E-4	0.000000E+0	2.796690E+5
1.200000E-4	0.000000E+0	2.800330E+5
1.400000E-4	0.000000E+0	2.800850E+5
1.600000E-4	0.000000E+0	2.804650E+5
1.800000E-4	0.000000E+0	2.800150E+5
2.000000E-4	0.000000E+0	2.804570E+5
2.200000E-4	0.000000E+0	2.799440E+5
2.400000E-4	0.000000E+0	2.795610E+5
2.600000E-4	0.000000E+0	2.792630E+5
2.800000E-4	0.000000E+0	2.798100E+5
3.000000E-4	0.000000E+0	2.807540E+5
3.200000E-4	0.000000E+0	2.800920E+5
3.400000E-4	0.000000E+0	2.800820E+5
3.600000E-4	0.000000E+0	2.803230E+5
3.800000E-4	0.000000E+0	2.797360E+5
4.000000E-4	0.000000E+0	2.793410E+5
4.200000E-4	0.000000E+0	2.800110E+5
4.400000E-4	0.000000E+0	2.798950E+5
4.600000E-4	0.000000E+0	2.808110E+5
4.800000E-4	0.000000E+0	2.795170E+5
5.000000E-4	0.000000E+0	2.804570E+5
5.200000E-4	0.000000E+0	2.802050E+5
5.400000E-4	0.000000E+0	2.801210E+5
5.600000E-4	0.000000E+0	2.796440E+5
5.800000E-4	0.000000E+0	2.804430E+5
6.000000E-4	0.000000E+0	2.806420E+5
6.200000E-4	0.000000E+0	2.799720E+5
6.400000E-4	0.000000E+0	2.811950E+5
6.600000E-4	0.000000E+0	2.793930E+5
6.800000E-4	0.000000E+0	2.797170E+5
7.000000E-4	0.000000E+0	2.801910E+5
7.200000E-4	0.000000E+0	2.809860E+5
7.400000E-4	0.000000E+0	2.793880E+5
7.600000E-4	0.000000E+0	2.800430E+5
7.800000E-4	0.000000E+0	2.791580E+5
8.000000E-4	0.000000E+0	2.802540E+5
8.200000E-4	0.000000E+0	2.803090E+5
8.400000E-4	0.000000E+0	2.802270E+5
8.600000E-4	0.000000E+0	2.808490E+5
8.800000E-4	0.000000E+0	2.793020E+5
9.000000E-4	0.000000E+0	2.809010E+5
9.200000E-4	0.000000E+0	2.794690E+5
9.400000E-4	0.000000E+0	2.799650E+5
9.600000E-4	0.000000E+0	2.791870E+5
9.800000E-4	0.000000E+0	2.812530E+5
1.000000E-3	0.000000E+0	2.801570E+5
1.020000E-3	0.000000E+0	2.801220E+5
1.040000E-3	0.000000E+0	2.799180E+5
1.060000E-3	0.000000E+0	2.796900E+5
1.080000E-3	0.000000E+0	2.799110E+5
1.100000E-3	0.000000E+0	2.791860E+5
1.120000E-3	0.000000E+0	2.801190E+5
1.140000E-3	0.000000E+0	2.794070E+5
1.160000E-3	0.000000E+0	2.795520E+5
1.180000E-3	0.000000E+0	2.794650E+5
1.200000E-3	0.000000E+0	2.806480E+5
1.220000E-3	0.000000E+0	2.806280E+5
1.240000E-3	0.000000E+0	2.797260E+5
1.260000E-3	0.000000E+0	2.797650E+5
1.280000E-3	0.000000E+0	2.809830E+5
1.300000E-3	0.000000E+0	2.791070E+5
1.320000E-3	0.000000E+0	2.807550E+5
1.340000E-3	0.000000E+0	2.800220E+5
1.360000E-3	0.000000E+0	2.794370E+5
1.380000E-3	0.000000E+0	2.804680E+5
1.400000E-3	0.000000E+0	2.799670E+5
1.420000E-3	0.000000E+0	2.804300E+5
1.440000E-3	0.000000E+0	2.798140E+5
1.460000E-3	0.000000E+0	2.792180E+5
1.480000E-3	0.000000E+0	2.806050E+5
1.500000E-3	0.000000E+0	2.803420E+5
1.520000E-3	0.000000E+0	2.799780E+5
1.540000E-3	0.000000E+0	2.801330E+5
1.560000E-3	0.000000E+0	2.797730E+5
1.580000E-3	0.000000E+0	2.799250E+5
1.600000E-3	0.000000E+0	2.798800E+5
1.620000E-3	0.000000E+0	2.797140E+5
1.640000E-3	0.000000E+0	2.791940E+5
1.660000E-3	0.000000E+0	2.813340E+5
1.680000E-3	0.000000E+0	2.793330E+5
1.700000E-3	0.000000E+0	2.796390E+5
1.720000E-3	0.000000E+0	2.807300E+5
1.740000E-3	0.000000E+0	2.809260E+5
1.760000E-3	0.000000E+0	2.804570E+5
1.780000E-3	0.000000E+0	2.809570E+5
1.800000E-3	0.000000E+0	2.807050E+5
1.820000E-3	0.000000E+0	2.798910E+5
1.840000E-3	0.000000E+0	2.799350E+5
1.860000E-3	0.000000E+0	2.803060E+5
1.880000E-3	0.000000E+0	2.800050E+5
1.900000E-3	0.000000E+0	2.797290E+5
1.920000E-3	0.000000E+0	2.801860E+5
1.940000E-3	0.000000E+0	2.801860E+5
1.960000E-3	0.000000E+0	2.800410E+5
1.980000E-3	0.000000E+0	2.809730E+5
2.000000E-3	0.000000E+0	2.798020E+5
2.020000E-3	0.000000E+0	2.799770E+5
2.040000E-3	0.000000E+0	2.794670E+5
2.060000E-3	0.000000E+0	2.806070E+5
2.080000E-3	0.000000E+0	2.809970E+5
2.100000E-3	0.000000E+0	2.811560E+5
2.120000E-3	0.000000E+0	2.801640E+5
2.140000E-3	0.000000E+0	2.799170E+5
2.160000E-3	0.000000E+0	2.794470E+5
2.180000E-3	0.000000E+0	2.807230E+5
2.200000E-3	0.000000E+0	2.806550E+5
2.220000E-3	0.000000E+0	2.804760E+5
2.240000E-3	0.000000E+0	2.803430E+5
2.260000E-3	0.000000E+0	2.804860E+5
2.280000E-3	0.000000E+0	2.802860E+5
2.300000E-3	0.000000E+0	2.803600E+5
2.320000E-3	0.000000E+0	2.794480E+5
2.340000E-3	0.000000E+0	2.799170E+5
2.360000E-3	0.000000E+0	2.804540E+5
2.380000E-3	0.000000E+0	2.803420E+5
2.400000E-3	0.000000E+0	2.793270E+5
2.420000E-3	0.000000E+0	2.802230E+5
2.440000E-3	0.000000E+0	2.790560E+5
2.460000E-3	0.000000E+0	2.797740E+5
2.480000E-3	0.000000E+0	2.814720E+5
2.500000E-3	0.000000E+0	2.802110E+5
2.520000E-3	0.000000E+0	2.806970E+5
2.540000E-3	0.000000E+0	2.793900E+5
2.560000E-3	0.000000E+0	2.802730E+5
2.580000E-3	0.000000E+0	2.796590E+5
2.600000E-3	0.000000E+0	2.809040E+5
2.620000E-3	0.000000E+0	2.792520E+5
2.640000E-3	0.000000E+0	2.792940E+5
2.660000E-3	0.000000E+0	2.804980E+5
2.680000E-3	0.000000E+0	2.801370E+5
2.700000E-3	0.000000E+0	2.802860E+5
2.720000E-3	0.000000E+0	2.797030E+5
2.740000E-3	0.000000E+0	2.806720E+5
2.760000E-3	0.000000E+0	2.800200E+5
2.780000E-3	0.000000E+0	2.804960E+5
2.800000E-3	0.000000E+0	2.797080E+5
2.820000E-3	0.000000E+0	2.797210E+5
2.840000E-3	0.000000E+0	2.791940E+5
2.860000E-3	0.000000E+0	2.805960E+5
2.880000E-3	0.000000E+0	2.802260E+5
2.900000E-3	0.000000E+0	2.805500E+5
2.920000E-3	0.000000E+0	2.794110E+5
2.940000E-3	0.000000E+0	2.804120E+5
2.960000E-3	0.000000E+0	2.806970E+5
2.980000E-3	0.000000E+0	2.791340E+5
3.000000E-3	0.000000E+0	2.804900E+5
3.020000E-3	0.000000E+0	2.801140E+5
3.040000E-3	0.000000E+0	2.804170E+5
3.060000E-3	0.000000E+0	2.817270E+5
3.080000E-3	0.000000E+0	2.803300E+5
3.100000E-3	0.000000E+0	2.793720E+5
3.120000E-3	0.000000E+0	2.803830E+5
3.140000E-3	0.000000E+0	2.802200E+5
3.160000E-3	0.000000E+0	2.798110E+5
3.180000E-3	0.000000E+0	2.806110E+5
3.200000E-3	0.000000E+0	2.805650E+5
3.220000E-3	0.000000E+0	2.804320E+5
3.240000E-3	0.000000E+0	2.803060E+5
3.260000E-3	0.000000E+0	2.802500E+5
3.280000E-3	0.000000E+0	2.802330E+5
3.300000E-3	0.000000E+0	2.794950E+5
3.320000E-3	0.000000E+0	2.800880E+5
3.340000E-3	0.000000E+0	2.798550E+5
3.360000E-3	0.000000E+0	2.796070E+5
3.380000E-3	0.000000E+0	2.799200E+5
3.400000E-3	0.000000E+0	2.802110E+5
3.420000E-3	0.000000E+0	2.805620E+5
3.440000E-3	0.000000E+0	2.796910E+5
3.460000E-3	0.000000E+0	2.806130E+5
3.480000E-3	0.000000E+0	2.799110E+5
3.500000E-3	0.000000E+0	2.808360E+5
3.520000E-3	0.000000E+0	2.795150E+5
3.540000E-3	0.000000E+0	2.798760E+5
3.560000E-3	0.000000E+0	2.801180E+5
3.580000E-3	0.000000E+0	2.794360E+5
3.600000E-3	0.000000E+0	2.797060E+5
3.620000E-3	0.000000E+0	2.788590E+5
3.640000E-3	0.000000E+0	2.804840E+5
3.660000E-3	0.000000E+0	2.800690E+5
3.680000E-3	0.000000E+0	2.798600E+5
3.700000E-3	0.000000E+0	2.793390E+5
3.720000E-3	0.000000E+0	2.802430E+5
3.740000E-3	0.000000E+0	2.798510E+5
3.760000E-3	0.000000E+0	2.797740E+5
3.780000E-3	0.000000E+0	2.799720E+5
3.800000E-3	0.000000E+0	2.798360E+5
3.820000E-3	0.000000E+0	2.796300E+5
3.840000E-3	0.000000E+0	2.797310E+5
3.860000E-3	0.000000E+0	2.798870E+5
3.880000E-3	0.000000E+0	2.793140E+5
3.900000E-3	0.000000E+0	2.801470E+5
3.920000E-3	0.000000E+0	2.812800E+5
3.940000E-3	0.000000E+0	2.806490E+5
3.960000E-3	0.000000E+0	2.805820E+5
3.980000E-3	0.000000E+0	2.796230E+5
4.000000E-3	0.000000E+0	2.802540E+5
4.020000E-3	0.000000E+0	2.803360E+5
4.040000E-3	0.000000E+0	2.795920E+5
4.060000E-3	0.000000E+0	2.803620E+5
4.080000E-3	0.000000E+0	2.801470E+5
4.100000E-3	0.000000E+0	2.803830E+5
4.120000E-3	0.000000E+0	2.800340E+5
4.140000E-3	0.000000E+0	2.796840E+5
4.160000E-3	0.000000E+0	2.807670E+5
4.180000E-3	0.000000E+0	2.794400E+5
4.200000E-3	0.000000E+0	2.794760E+5
4.220000E-3	0.000000E+0	2.798720E+5
4.240000E-3	0.000000E+0	2.801360E+5
4.260000E-3	0.000000E+0	2.790540E+5
4.280000E-3	0.000000E+0	2.801440E+5
4.300000E-3	0.000000E+0	2.797390E+5
4.320000E-3	0.000000E+0	2.794480E+5
4.340000E-3	0.000000E+0	2.792600E+5
4.360000E-3	0.000000E+0	2.799260E+5
4.380000E-3	0.000000E+0	2.789030E+5
4.400000E-3	0.000000E+0	2.800250E+5
4.420000E-3	0.000000E+0	2.800210E+5
4.440000E-3	0.000000E+0	2.798370E+5
4.460000E-3	0.000000E+0	2.793370E+5
4.480000E-3	0.000000E+0	2.792710E+5
4.500000E-3	0.000000E+0	2.796640E+5
4.520000E-3	0.000000E+0	2.796020E+5
4.540000E-3	0.000000E+0	2.795790E+5
4.560000E-3	0.000000E+0	2.789260E+5
4.580000E-3	0.000000E+0	2.796150E+5
4.600000E-3	0.000000E+0	2.796720E+5
4.620000E-3	0.000000E+0	2.794480E+5
4.640000E-3	0.000000E+0	2.800670E+5
4.660000E-3	0.000000E+0	2.797510E+5
4.680000E-3	0.000000E+0	2.798050E+5
4.700000E-3	0.000000E+0	2.800190E+5
4.720000E-3	0.000000E+0	2.802160E+5
4.740000E-3	0.000000E+0	2.789060E+5
4.760000E-3	0.000000E+0	2.801150E+5
4.780000E-3	0.000000E+0	2.790900E+5
4.800000E-3	0.000000E+0	2.798670E+5
4.820000E-3	0.000000E+0	2.792900E+5
4.840000E-3	0.000000E+0	2.797530E+5
4.860000E-3	0.000000E+0	2.785420E+5
4.880000E-3	0.000000E+0	2.779380E+5
4.900000E-3	0.000000E+0	2.781680E+5
4.920000E-3	0.000000E+0	2.767020E+5
4.940000E-3	0.000000E+0	2.759930E+5
4.960000E-3	0.000000E+0	2.757310E+5
4.980000E-3	0.000000E+0	2.762010E+5
5.000000E-3	0.000000E+0	2.748450E+5
5.020000E-3	0.000000E+0	2.752450E+5
5.040000E-3	0.000000E+0	2.737700E+5
5.060000E-3	0.000000E+0	2.722150E+5
5.080000E-3	0.000000E+0	2.718440E+5
5.100000E-3	0.000000E+0	2.720740E+5
5.120000E-3	0.000000E+0	2.716580E+5
5.140000E-3	0.000000E+0	2.724250E+5
5.160000E-3	0.000000E+0	2.733560E+5
5.180000E-3	0.000000E+0	2.742970E+5
5.200000E-3	0.000000E+0	2.748040E+5
5.220000E-3	0.000000E+0	2.761290E+5
5.240000E-3	0.000000E+0	2.760770E+5
5.260000E-3	0.000000E+0	2.780740E+5
5.280000E-3	0.000000E+0	2.767420E+5
5.300000E-3	0.000000E+0	2.783980E+5
5.320000E-3	0.000000E+0	2.793580E+5
5.340000E-3	0.000000E+0	2.791820E+5
5.360000E-3	0.000000E+0	2.802810E+5
5.380000E-3	0.000000E+0	2.791760E+5
5.400000E-3	0.000000E+0	2.803620E+5
5.420000E-3	0.000000E+0	2.797480E+5
5.440000E-3	0.000000E+0	2.786770E+5
5.460000E-3	0.000000E+0	2.788340E+5
5.480000E-3	0.000000E+0	2.788290E+5
5.500000E-3	0.000000E+0	2.790340E+5
5.520000E-3	0.000000E+0	2.785700E+5
5.540000E-3	0.000000E+0	2.782230E+5
5.560000E-3	0.000000E+0	2.773920E+5
5.580000E-3	0.000000E+0	2.770490E+5
5.600000E-3	0.000000E+0	2.753380E+5
5.620000E-3	0.000000E+0	2.750590E+5
5.640000E-3	0.000000E+0	2.759210E+5
5.660000E-3	0.000000E+0	2.754500E+5
5.680000E-3	0.000000E+0	2.752160E+5
5.700000E-3	0.000000E+0	2.735130E+5
5.720000E-3	0.000000E+0	2.728610E+5
5.740000E-3	0.000000E+0	2.722520E+5
5.760000E-3	0.000000E+0	2.725000E+5
5.780000E-3	0.000000E+0	2.731850E+5
5.800000E-3	0.000000E+0	2.732090E+5
5.820000E-3	0.000000E+0	2.746200E+5
5.840000E-3	0.000000E+0	2.753790E+5
5.860000E-3	0.000000E+0	2.755900E+5
5.880000E-3	0.000000E+0	2.769270E+5
5.900000E-3	0.000000E+0	2.780940E+5
5.920000E-3	0.000000E+0	2.787560E+5
5.940000E-3	0.000000E+0	2.774570E+5
5.960000E-3	0.000000E+0	2.787500E+5
5.980000E-3	0.000000E+0	2.795060E+5
6.000000E-3	0.000000E+0	2.790390E+5
6.020000E-3	0.000000E+0	2.797610E+5
6.040000E-3	0.000000E+0	2.800240E+5
6.060000E-3	0.000000E+0	2.796020E+5
6.080000E-3	0.000000E+0	2.799980E+5
6.100000E-3	0.000000E+0	2.794960E+5
6.120000E-3	0.000000E+0	2.798860E+5
6.140000E-3	0.000000E+0	2.795400E+5
6.160000E-3	0.000000E+0	2.796750E+5
6.180000E-3	0.000000E+0	2.802300E+5
6.200000E-3	0.000000E+0	2.794340E+5
6.220000E-3	0.000000E+0	2.802120E+5
6.240000E-3	0.000000E+0	2.791190E+5
6.260000E-3	0.000000E+0	2.795480E+5
6.280000E-3	0.000000E+0	2.807410E+5
6.300000E-3	0.000000E+0	2.798260E+5
6.320000E-3	0.000000E+0	2.797710E+5
6.340000E-3	0.000000E+0	2.801100E+5
6.360000E-3	0.000000E+0	2.791000E+5
6.380000E-3	0.000000E+0	2.805000E+5
6.400000E-3	0.000000E+0	2.794150E+5
6.420000E-3	0.000000E+0	2.795370E+5
6.440000E-3	0.000000E+0	2.810550E+5
6.460000E-3	0.000000E+0	2.796880E+5
6.480000E-3	0.000000E+0	2.797940E+5
6.500000E-3	0.000000E+0	2.798530E+5
6.520000E-3	0.000000E+0	2.807130E+5
6.540000E-3	0.000000E+0	2.793290E+5
6.560000E-3	0.000000E+0	2.806170E+5
6.580000E-3	0.000000E+0	2.797970E+5
6.600000E-3	0.000000E+0	2.804700E+5
6.620000E-3	0.000000E+0	2.797330E+5
6.640000E-3	0.000000E+0	2.795130E+5
6.660000E-3	0.000000E+0	2.790590E+5
6.680000E-3	0.000000E+0	2.796280E+5
6.700000E-3	0.000000E+0	2.804850E+5
6.720000E-3	0.000000E+0	2.801650E+5
6.740000E-3	0.000000E+0	2.799950E+5
6.760000E-3	0.000000E+0	2.804060E+5
6.780000E-3	0.000000E+0	2.793620E+5
6.800000E-3	0.000000E+0	2.804920E+5
6.820000E-3	0.000000E+0	2.798430E+5
6.840000E-3	0.000000E+0	2.797810E+5
6.860000E-3	0.000000E+0	2.801230E+5
6.880000E-3	0.000000E+0	2.800870E+5
6.900000E-3	0.000000E+0	2.792980E+5
6.920000E-3	0.000000E+0	2.801760E+5
6.940000E-3	0.000000E+0	2.796360E+5
6.960000E-3	0.000000E+0	2.786280E+5
6.980000E-3	0.000000E+0	2.799840E+5
7.000000E-3	0.000000E+0	2.792550E+5
7.020000E-3	0.000000E+0	2.800080E+5
7.040000E-3	0.000000E+0	2.797910E+5
7.060000E-3	0.000000E+0	2.799120E+5
7.080000E-3	0.000000E+0	2.800750E+5
7.100000E-3	0.000000E+0	2.796900E+5
7.120000E-3	0.000000E+0	2.798300E+5
7.140000E-3	0.000000E+0	2.800290E+5
7.160000E-3	0.000000E+0	2.804850E+5
7.180000E-3	0.000000E+0	2.792380E+5
7.200000E-3	0.000000E+0	2.803370E+5
7.220000E-3	0.000000E+0	2.806070E+5
7.240000E-3	0.000000E+0	2.803370E+5
7.260000E-3	0.000000E+0	2.796980E+5
7.280000E-3	0.000000E+0	2.793080E+5
7.300000E-3	0.000000E+0	2.795090E+5
7.320000E-3	0.000000E+0	2.806060E+5
7.340000E-3	0.000000E+0	2.805020E+5
7.360000E-3	0.000000E+0	2.796130E+5
7.380000E-3	0.000000E+0	2.805260E+5
7.400000E-3	0.000000E+0	2.795940E+5
7.420000E-3	0.000000E+0	2.797230E+5
7.440000E-3	0.000000E+0	2.798350E+5
7.460000E-3	0.000000E+0	2.805860E+5
7.480000E-3	0.000000E+0	2.798280E+5
7.500000E-3	0.000000E+0	2.803140E+5
7.520000E-3	0.000000E+0	2.808350E+5
7.540000E-3	0.000000E+0	2.803160E+5
7.560000E-3	0.000000E+0	2.806870E+5
7.580000E-3	0.000000E+0	2.798590E+5
7.600000E-3	0.000000E+0	2.799380E+5
7.620000E-3	0.000000E+0	2.805130E+5
7.640000E-3	0.000000E+0	2.812620E+5
7.660000E-3	0.000000E+0	2.796810E+5
7.680000E-3	0.000000E+0	2.793110E+5
7.700000E-3	0.000000E+0	2.795480E+5
7.720000E-3	0.000000E+0	2.800170E+5
7.740000E-3	0.000000E+0	2.796440E+5
7.760000E-3	0.000000E+0	2.790190E+5
7.780000E-3	0.000000E+0	2.810100E+5
7.800000E-3	0.000000E+0	2.802080E+5
7.820000E-3	0.000000E+0	2.802510E+5
7.840000E-3	0.000000E+0	2.808800E+5
7.860000E-3	0.000000E+0	2.799530E+5
7.880000E-3	0.000000E+0	2.803170E+5
7.900000E-3	0.000000E+0	2.800210E+5
7.920000E-3	0.000000E+0	2.794110E+5
7.940000E-3	0.000000E+0	2.808220E+5
7.960000E-3	0.000000E+0	2.804980E+5
7.980000E-3	0.000000E+0	2.809510E+5
8.000000E-3	0.000000E+0	2.806320E+5
8.020000E-3	0.000000E+0	2.805480E+5
8.040000E-3	0.000000E+0	2.788500E+5
8.060000E-3	0.000000E+0	2.803140E+5
8.080000E-3	0.000000E+0	2.796890E+5
8.100000E-3	0.000000E+0	2.799450E+5
8.120000E-3	0.000000E+0	2.802460E+5
8.140000E-3	0.000000E+0	2.796210E+5
8.160000E-3	0.000000E+0	2.800620E+5
8.180000E-3	0.000000E+0	2.797710E+5
8.200000E-3	0.000000E+0	2.798810E+5
8.220000E-3	0.000000E+0	2.797250E+5
8.240000E-3	0.000000E+0	2.799710E+5
8.260000E-3	0.000000E+0	2.814300E+5
8.280000E-3	0.000000E+0	2.796940E+5
8.300000E-3	0.000000E+0	2.799080E+5
8.320000E-3	0.000000E+0	2.799790E+5
8.340000E-3	0.000000E+0	2.801170E+5
8.360000E-3	0.000000E+0	2.798510E+5
8.380000E-3	0.000000E+0	2.782860E+5
8.400000E-3	0.000000E+0	2.797150E+5
8.420000E-3	0.000000E+0	2.802420E+5
8.440000E-3	0.000000E+0	2.804260E+5
8.460000E-3	0.000000E+0	2.804660E+5
8.480000E-3	0.000000E+0	2.812580E+5
8.500000E-3	0.000000E+0	2.790590E+5
8.520000E-3	0.000000E+0	2.802670E+5
8.540000E-3	0.000000E+0	2.802110E+5
8.560000E-3	0.000000E+0	2.804640E+5
8.580000E-3	0.000000E+0	2.812840E+5
8.600000E-3	0.000000E+0	2.790310E+5
8.620000E-3	0.000000E+0	2.806200E+5
8.640000E-3	0.000000E+0	2.798010E+5
8.660000E-3	0.000000E+0	2.794710E+5
8.680000E-3	0.000000E+0	2.804680E+5
8.700000E-3	0.000000E+0	2.792210E+5
8.720000E-3	0.000000E+0	2.799820E+5
8.740000E-3	0.000000E+0	2.794940E+5
8.760000E-3	0.000000E+0	2.798850E+5
8.780000E-3	0.000000E+0	2.804070E+5
8.800000E-3	0.000000E+0	2.808000E+5
8.820000E-3	0.000000E+0	2.805440E+5
8.840000E-3	0.000000E+0	2.795610E+5
8.860000E-3	0.000000E+0	2.812100E+5
8.880000E-3	0.000000E+0	2.796380E+5
8.900000E-3	0.000000E+0	2.803270E+5
8.920000E-3	0.000000E+0	2.791530E+5
8.940000E-3	0.000000E+0	2.795000E+5
8.960000E-3	0.000000E+0	2.806160E+5
8.980000E-3	0.000000E+0	2.798930E+5
9.000000E-3	0.000000E+0	2.797470E+5
9.020000E-3	0.000000E+0	2.792320E+5
9.040000E-3	0.000000E+0	2.799480E+5
9.060000E-3	0.000000E+0	2.814030E+5
9.080000E-3	0.000000E+0	2.805510E+5
9.100000E-3	0.000000E+0	2.808430E+5
9.120000E-3	0.000000E+0	2.796340E+5
9.140000E-3	0.000000E+0	2.802170E+5
9.160000E-3	0.000000E+0	2.809080E+5
9.180000E-3	0.000000E+0	2.795680E+5
9.200000E-3	0.000000E+0	2.798540E+5
9.220000E-3	0.000000E+0	2.802150E+5
9.240000E-3	0.000000E+0	2.807370E+5
9.260000E-3	0.000000E+0	2.805450E+5
9.280000E-3	0.000000E+0	2.811170E+5
9.300000E-3	0.000000E+0	2.803030E+5
9.320000E-3	0.000000E+0	2.796870E+5
9.340000E-3	0.000000E+0	2.802140E+5
9.360000E-3	0.000000E+0	2.794840E+5
9.380000E-3	0.000000E+0	2.803590E+5
9.400000E-3	0.000000E+0	2.807830E+5
9.420000E-3	0.000000E+0	2.810430E+5
9.440000E-3	0.000000E+0	2.800830E+5
9.460000E-3	0.000000E+0	2.810440E+5
9.480000E-3	0.000000E+0	2.794760E+5
9.500000E-3	0.000000E+0	2.792300E+5
9.520000E-3	0.000000E+0	2.804140E+5
9.540000E-3	0.000000E+0	2.790150E+5
9.560000E-3	0.000000E+0	2.795050E+5
9.580000E-3	0.000000E+0	2.799290E+5
9.600000E-3	0.000000E+0	2.805400E+5
9.620000E-3	0.000000E+0	2.794570E+5
9.640000E-3	0.000000E+0	2.801160E+5
9.660000E-3	0.000000E+0	2.803850E+5
9.680000E-3	0.000000E+0	2.787960E+5
9.700000E-3	0.000000E+0	2.801690E+5
9.720000E-3	0.000000E+0	2.802120E+5
9.740000E-3	0.000000E+0	2.801960E+5
9.760000E-3	0.000000E+0	2.795610E+5
9.780000E-3	0.000000E+0	2.803170E+5
9.800000E-3	0.000000E+0	2.802000E+5
9.820000E-3	0.000000E+0	2.806070E+5
9.840000E-3	0.000000E+0	2.799100E+5
9.860000E-3	0.000000E+0	2.801140E+5
9.880000E-3	0.000000E+0	2.808080E+5
9.900000E-3	0.000000E+0	2.804710E+5
9.920000E-3	0.000000E+0	2.794130E+5
9.940000E-3	0.000000E+0	2.794000E+5
9.960000E-3	0.000000E+0	2.798030E+5
9.980000E-3	0.000000E+0	2.811760E+5
1.000000E-2	0.000000E+0	2.796540E+5
1.002000E-2	0.000000E+0	2.801770E+5
1.004000E-2	0.000000E+0	2.807610E+5
1.006000E-2	0.000000E+0	2.808620E+5
1.008000E-2	0.000000E+0	2.798730E+5
1.010000E-2	0.000000E+0	2.798590E+5
1.012000E-2	0.000000E+0	2.808250E+5
1.014000E-2	0.000000E+0	2.815450E+5
1.016000E-2	0.000000E+0	2.804150E+5
1.018000E-2	0.000000E+0	2.799740E+5
1.020000E-2	0.000000E+0	2.805200E+5
1.022000E-2	0.000000E+0	2.809110E+5
1.024000E-2	0.000000E+0	2.795150E+5
1.026000E-2	0.000000E+0	2.814420E+5
1.028000E-2	0.000000E+0	2.799810E+5
1.030000E-2	0.000000E+0	2.802940E+5
1.032000E-2	0.000000E+0	2.799530E+5
1.034000E-2	0.000000E+0	2.804110E+5
1.036000E-2	0.000000E+0	2.797620E+5
1.038000E-2	0.000000E+0	2.806170E+5
1.040000E-2	0.000000E+0	2.801560E+5
1.042000E-2	0.000000E+0	2.801680E+5
1.044000E-2	0.000000E+0	2.797250E+5
1.046000E-2	0.000000E+0	2.807260E+5
1.048000E-2	0.000000E+0	2.802390E+5
1.050000E-2	0.000000E+0	2.800510E+5
1.052000E-2	0.000000E+0	2.805050E+5
1.054000E-2	0.000000E+0	2.810500E+5
1.056000E-2	0.000000E+0	2.801280E+5
1.058000E-2	0.000000E+0	2.806760E+5
1.060000E-2	0.000000E+0	2.798630E+5
1.062000E-2	0.000000E+0	2.801030E+5
1.064000E-2	0.000000E+0	2.799770E+5
1.066000E-2	0.000000E+0	2.801900E+5
1.068000E-2	0.000000E+0	2.809660E+5
1.070000E-2	0.000000E+0	2.800220E+5
1.072000E-2	0.000000E+0	2.801330E+5
1.074000E-2	0.000000E+0	2.805580E+5
1.076000E-2	0.000000E+0	2.814280E+5
1.078000E-2	0.000000E+0	2.805870E+5
1.080000E-2	0.000000E+0	2.807260E+5
1.082000E-2	0.000000E+0	2.814700E+5
1.084000E-2	0.000000E+0	2.801490E+5
1.086000E-2	0.000000E+0	2.803510E+5
1.088000E-2	0.000000E+0	2.801300E+5
1.090000E-2	0.000000E+0	2.803860E+5
1.092000E-2	0.000000E+0	2.802690E+5
1.094000E-2	0.000000E+0	2.797230E+5
1.096000E-2	0.000000E+0	2.799700E+5
1.098000E-2	0.000000E+0	2.807080E+5
1.100000E-2	0.000000E+0	2.807190E+5
1.102000E-2	0.000000E+0	2.796110E+5
1.104000E-2	0.000000E+0	2.807900E+5
1.106000E-2	0.000000E+0	2.801420E+5
1.108000E-2	0.000000E+0	2.802990E+5
1.110000E-2	0.000000E+0	2.797310E+5
1.112000E-2	0.000000E+0	2.806060E+5
1.114000E-2	0.000000E+0	2.805040E+5
1.116000E-2	0.000000E+0	2.786120E+5
1.118000E-2	0.000000E+0	2.806900E+5
1.120000E-2	0.000000E+0	2.799500E+5
1.122000E-2	0.000000E+0	2.814500E+5
1.124000E-2	0.000000E+0	2.805800E+5
1.126000E-2	0.000000E+0	2.792190E+5
1.128000E-2	0.000000E+0	2.796830E+5
1.130000E-2	0.000000E+0	2.794100E+5
1.132000E-2	0.000000E+0	2.809250E+5
1.134000E-2	0.000000E+0	2.798030E+5
1.136000E-2	0.000000E+0	2.816260E+5
1.138000E-2	0.000000E+0	2.800440E+5
1.140000E-2	0.000000E+0	2.813670E+5
1.142000E-2	0.000000E+0	2.800080E+5
1.144000E-2	0.000000E+0	2.804540E+5
1.146000E-2	0.000000E+0	2.804360E+5
1.148000E-2	0.000000E+0	2.806120E+5
1.150000E-2	0.000000E+0	2.802120E+5
1.152000E-2	0.000000E+0	2.798880E+5
1.154000E-2	0.000000E+0	2.797630E+5
1.156000E-2	0.000000E+0	2.804810E+5
1.158000E-2	0.000000E+0	2.797990E+5
1.160000E-2	0.000000E+0	2.800350E+5
1.162000E-2	0.000000E+0	2.801230E+5
1.164000E-2	0.000000E+0	2.814240E+5
1.166000E-2	0.000000E+0	2.813950E+5
1.168000E-2	0.000000E+0	2.813380E+5
1.170000E-2	0.000000E+0	2.810170E+5
1.172000E-2	0.000000E+0	2.806390E+5
1.174000E-2	0.000000E+0	2.804020E+5
1.176000E-2	0.000000E+0	2.804830E+5
1.178000E-2	0.000000E+0	2.796920E+5
1.180000E-2	0.000000E+0	2.803040E+5
1.182000E-2	0.000000E+0	2.803370E+5
1.184000E-2	0.000000E+0	2.800700E+5
1.186000E-2	0.000000E+0	2.797870E+5
1.188000E-2	0.000000E+0	2.796720E+5
1.190000E-2	0.000000E+0	2.797000E+5
1.192000E-2	0.000000E+0	2.798390E+5
1.194000E-2	0.000000E+0	2.812980E+5
1.196000E-2	0.000000E+0	2.799180E+5
1.198000E-2	0.000000E+0	2.804490E+5
1.200000E-2	0.000000E+0	2.799080E+5
1.202000E-2	0.000000E+0	2.809540E+5
1.204000E-2	0.000000E+0	2.802720E+5
1.206000E-2	0.000000E+0	2.803350E+5
1.208000E-2	0.000000E+0	2.808290E+5
1.210000E-2	0.000000E+0	2.804920E+5
1.212000E-2	0.000000E+0	2.805470E+5
1.214000E-2	0.000000E+0	2.796850E+5
1.216000E-2	0.000000E+0	2.798930E+5
1.218000E-2	0.000000E+0	2.806820E+5
1.220000E-2	0.000000E+0	2.792350E+5
1.222000E-2	0.000000E+0	2.802790E+5
1.224000E-2	0.000000E+0	2.805840E+5
1.226000E-2	0.000000E+0	2.801560E+5
1.228000E-2	0.000000E+0	2.808100E+5
1.230000E-2	0.000000E+0	2.809270E+5
1.232000E-2	0.000000E+0	2.801980E+5
1.234000E-2	0.000000E+0	2.803150E+5
1.236000E-2	0.000000E+0	2.802740E+5
1.238000E-2	0.000000E+0	2.805390E+5
1.240000E-2	0.000000E+0	2.810180E+5
1.242000E-2	0.000000E+0	2.805920E+5
1.244000E-2	0.000000E+0	2.806710E+5
1.246000E-2	0.000000E+0	2.797990E+5
1.248000E-2	0.000000E+0	2.804610E+5
1.250000E-2	0.000000E+0	2.798230E+5
1.252000E-2	0.000000E+0	2.809490E+5
1.254000E-2	0.000000E+0	2.803950E+5
1.256000E-2	0.000000E+0	2.798460E+5
1.258000E-2	0.000000E+0	2.810190E+5
1.260000E-2	0.000000E+0	2.810770E+5
1.262000E-2	0.000000E+0	2.794180E+5
1.264000E-2	0.000000E+0	2.794010E+5
1.266000E-2	0.000000E+0	2.807060E+5
1.268000E-2	0.000000E+0	2.807720E+5
1.270000E-2	0.000000E+0	2.805320E+5
1.272000E-2	0.000000E+0	2.807340E+5
1.274000E-2	0.000000E+0	2.803320E+5
1.276000E-2	0.000000E+0	2.807840E+5
1.278000E-2	0.000000E+0	2.798600E+5
1.280000E-2	0.000000E+0	2.799130E+5
1.282000E-2	0.000000E+0	2.801350E+5
1.284000E-2	0.000000E+0	2.803290E+5
1.286000E-2	0.000000E+0	2.809670E+5
1.288000E-2	0.000000E+0	2.806540E+5
1.290000E-2	0.000000E+0	2.804430E+5
1.292000E-2	0.000000E+0	2.806150E+5
1.294000E-2	0.000000E+0	2.791760E+5
1.296000E-2	0.000000E+0	2.803690E+5
1.298000E-2	0.000000E+0	2.801750E+5
1.300000E-2	0.000000E+0	2.805270E+5
1.302000E-2	0.000000E+0	2.806180E+5
1.304000E-2	0.000000E+0	2.802880E+5
1.306000E-2	0.000000E+0	2.803940E+5
1.308000E-2	0.000000E+0	2.809580E+5
1.310000E-2	0.000000E+0	2.806580E+5
1.312000E-2	0.000000E+0	2.806180E+5
1.314000E-2	0.000000E+0	2.811350E+5
1.316000E-2	0.000000E+0	2.803110E+5
1.318000E-2	0.000000E+0	2.798440E+5
1.320000E-2	0.000000E+0	2.806630E+5
1.322000E-2	0.000000E+0	2.808120E+5
1.324000E-2	0.000000E+0	2.800710E+5
1.326000E-2	0.000000E+0	2.813590E+5
1.328000E-2	0.000000E+0	2.806980E+5
1.330000E-2	0.000000E+0	2.799540E+5
1.332000E-2	0.000000E+0	2.802060E+5
1.334000E-2	0.000000E+0	2.803810E+5
1.336000E-2	0.000000E+0	2.805710E+5
1.338000E-2	0.000000E+0	2.803510E+5
1.340000E-2	0.000000E+0	2.796720E+5
1.342000E-2	0.000000E+0	2.799640E+5
1.344000E-2	0.000000E+0	2.798340E+5
1.346000E-2	0.000000E+0	2.792230E+5
1.348000E-2	0.000000E+0	2.812190E+5
1.350000E-2	0.000000E+0	2.801910E+5
1.352000E-2	0.000000E+0	2.812990E+5
1.354000E-2	0.000000E+0	2.808560E+5
1.356000E-2	0.000000E+0	2.808190E+5
1.358000E-2	0.000000E+0	2.804850E+5
1.360000E-2	0.000000E+0	2.800420E+5
1.362000E-2	0.000000E+0	2.808820E+5
1.364000E-2	0.000000E+0	2.798750E+5
1.366000E-2	0.000000E+0	2.801110E+5
1.368000E-2	0.000000E+0	2.806370E+5
1.370000E-2	0.000000E+0	2.805280E+5
1.372000E-2	0.000000E+0	2.800320E+5
1.374000E-2	0.000000E+0	2.797950E+5
1.376000E-2	0.000000E+0	2.795550E+5
1.378000E-2	0.000000E+0	2.793690E+5
1.380000E-2	0.000000E+0	2.801950E+5
1.382000E-2	0.000000E+0	2.795350E+5
1.384000E-2	0.000000E+0	2.797990E+5
1.386000E-2	0.000000E+0	2.795410E+5
1.388000E-2	0.000000E+0	2.799850E+5
1.390000E-2	0.000000E+0	2.806640E+5
1.392000E-2	0.000000E+0	2.811120E+5
1.394000E-2	0.000000E+0	2.807340E+5
1.396000E-2	0.000000E+0	2.803060E+5
1.398000E-2	0.000000E+0	2.806060E+5
1.400000E-2	0.000000E+0	2.815990E+5
1.402000E-2	0.000000E+0	2.795800E+5
1.404000E-2	0.000000E+0	2.813850E+5
1.406000E-2	0.000000E+0	2.802580E+5
1.408000E-2	0.000000E+0	2.800150E+5
1.410000E-2	0.000000E+0	2.798950E+5
1.412000E-2	0.000000E+0	2.803870E+5
1.414000E-2	0.000000E+0	2.800810E+5
1.416000E-2	0.000000E+0	2.798480E+5
1.418000E-2	0.000000E+0	2.801310E+5
1.420000E-2	0.000000E+0	2.802270E+5
1.422000E-2	0.000000E+0	2.803890E+5
1.424000E-2	0.000000E+0	2.790140E+5
1.426000E-2	0.000000E+0	2.792750E+5
1.428000E-2	0.000000E+0	2.801100E+5
1.430000E-2	0.000000E+0	2.800410E+5
1.432000E-2	0.000000E+0	2.806700E+5
1.434000E-2	0.000000E+0	2.796110E+5
1.436000E-2	0.000000E+0	2.804220E+5
1.438000E-2	0.000000E+0	2.800450E+5
1.440000E-2	0.000000E+0	2.810220E+5
1.442000E-2	0.000000E+0	2.801520E+5
1.444000E-2	0.000000E+0	2.795650E+5
1.446000E-2	0.000000E+0	2.803080E+5
1.448000E-2	0.000000E+0	2.805170E+5
1.450000E-2	0.000000E+0	2.794850E+5
1.452000E-2	0.000000E+0	2.802520E+5
1.454000E-2	0.000000E+0	2.801540E+5
1.456000E-2	0.000000E+0	2.806410E+5
1.458000E-2	0.000000E+0	2.794140E+5
1.460000E-2	0.000000E+0	2.807360E+5
1.462000E-2	0.000000E+0	2.793350E+5
1.464000E-2	0.000000E+0	2.808070E+5
1.466000E-2	0.000000E+0	2.803650E+5
1.468000E-2	0.000000E+0	2.810440E+5
1.470000E-2	0.000000E+0	2.797580E+5
1.472000E-2	0.000000E+0	2.800890E+5
1.474000E-2	0.000000E+0	2.797440E+5
1.476000E-2	0.000000E+0	2.810500E+5
1.478000E-2	0.000000E+0	2.810980E+5
1.480000E-2	0.000000E+0	2.798750E+5
1.482000E-2	0.000000E+0	2.795530E+5
1.484000E-2	0.000000E+0	2.807180E+5
1.486000E-2	0.000000E+0	2.801050E+5
1.488000E-2	0.000000E+0	2.800780E+5
1.490000E-2	0.000000E+0	2.795040E+5
1.492000E-2	0.000000E+0	2.794290E+5
1.494000E-2	0.000000E+0	2.774320E+5
1.496000E-2	0.000000E+0	2.772340E+5
1.498000E-2	0.000000E+0	2.769270E+5
1.500000E-2	0.000000E+0	2.764460E+5
1.502000E-2	0.000000E+0	2.759270E+5
1.504000E-2	0.000000E+0	2.754700E+5
1.506000E-2	0.000000E+0	2.758470E+5
1.508000E-2	0.000000E+0	2.749580E+5
1.510000E-2	0.000000E+0	2.735980E+5
1.512000E-2	0.000000E+0	2.726080E+5
1.514000E-2	0.000000E+0	2.725240E+5
1.516000E-2	0.000000E+0	2.726170E+5
1.518000E-2	0.000000E+0	2.732110E+5
1.520000E-2	0.000000E+0	2.742660E+5
1.522000E-2	0.000000E+0	2.748640E+5
1.524000E-2	0.000000E+0	2.769710E+5
1.526000E-2	0.000000E+0	2.771510E+5
1.528000E-2	0.000000E+0	2.788150E+5
1.530000E-2	0.000000E+0	2.780420E+5
1.532000E-2	0.000000E+0	2.785660E+5
1.534000E-2	0.000000E+0	2.788260E+5
1.536000E-2	0.000000E+0	2.791180E+5
1.538000E-2	0.000000E+0	2.800290E+5
1.540000E-2	0.000000E+0	2.798550E+5
1.542000E-2	0.000000E+0	2.800950E+5
1.544000E-2	0.000000E+0	2.793430E+5
1.546000E-2	0.000000E+0	2.795490E+5
1.548000E-2	0.000000E+0	2.795730E+5
1.550000E-2	0.000000E+0	2.787410E+5
1.552000E-2	0.000000E+0	2.799700E+5
1.554000E-2	0.000000E+0	2.796760E+5
1.556000E-2	0.000000E+0	2.783040E+5
1.558000E-2	0.000000E+0	2.776770E+5
1.560000E-2	0.000000E+0	2.778940E+5
1.562000E-2	0.000000E+0	2.767300E+5
1.564000E-2	0.000000E+0	2.759900E+5
1.566000E-2	0.000000E+0	2.752620E+5
1.568000E-2	0.000000E+0	2.748160E+5
1.570000E-2	0.000000E+0	2.748900E+5
1.572000E-2	0.000000E+0	2.743250E+5
1.574000E-2	0.000000E+0	2.737900E+5
1.576000E-2	0.000000E+0	2.735480E+5
1.578000E-2	0.000000E+0	2.709740E+5
1.580000E-2	0.000000E+0	2.725310E+5
1.582000E-2	0.000000E+0	2.729790E+5
1.584000E-2	0.000000E+0	2.738000E+5
1.586000E-2	0.000000E+0	2.745650E+5
1.588000E-2	0.000000E+0	2.760190E+5
1.590000E-2	0.000000E+0	2.764700E+5
1.592000E-2	0.000000E+0	2.779980E+5
1.594000E-2	0.000000E+0	2.775750E+5
1.596000E-2	0.000000E+0	2.783530E+5
1.598000E-2	0.000000E+0	2.796280E+5
1.600000E-2	0.000000E+0	2.804560E+5
1.602000E-2	0.000000E+0	2.800220E+5
1.604000E-2	0.000000E+0	2.793760E+5
1.606000E-2	0.000000E+0	2.792990E+5
1.608000E-2	0.000000E+0	2.798610E+5
1.610000E-2	0.000000E+0	2.797950E+5
1.612000E-2	0.000000E+0	2.800800E+5
1.614000E-2	0.000000E+0	2.804200E+5
1.616000E-2	0.000000E+0	2.804800E+5
1.618000E-2	0.000000E+0	2.801280E+5
1.620000E-2	0.000000E+0	2.799560E+5
1.622000E-2	0.000000E+0	2.802410E+5
1.624000E-2	0.000000E+0	2.795570E+5
1.626000E-2	0.000000E+0	2.805360E+5
1.628000E-2	0.000000E+0	2.811020E+5
1.630000E-2	0.000000E+0	2.801520E+5
1.632000E-2	0.000000E+0	2.804020E+5
1.634000E-2	0.000000E+0	2.805380E+5
1.636000E-2	0.000000E+0	2.811610E+5
1.638000E-2	0.000000E+0	2.800640E+5
1.640000E-2	0.000000E+0	2.800080E+5
1.642000E-2	0.000000E+0	2.802280E+5
1.644000E-2	0.000000E+0	2.799420E+5
1.646000E-2	0.000000E+0	2.804480E+5
1.648000E-2	0.000000E+0	2.792070E+5
1.650000E-2	0.000000E+0	2.803060E+5
1.652000E-2	0.000000E+0	2.807000E+5
1.654000E-2	0.000000E+0	2.805140E+5
1.656000E-2	0.000000E+0	2.800650E+5
1.658000E-2	0.000000E+0	2.802500E+5
1.660000E-2	0.000000E+0	2.807520E+5
1.662000E-2	0.000000E+0	2.801460E+5
1.664000E-2	0.000000E+0	2.801550E+5
1.666000E-2	0.000000E+0	2.802440E+5
1.668000E-2	0.000000E+0	2.795190E+5
1.670000E-2	0.000000E+0	2.800730E+5
1.672000E-2	0.000000E+0	2.809710E+5
1.674000E-2	0.000000E+0	2.797470E+5
1.676000E-2	0.000000E+0	2.800220E+5
1.678000E-2	0.000000E+0	2.797390E+5
1.680000E-2	0.000000E+0	2.804730E+5
1.682000E-2	0.000000E+0	2.798530E+5
1.684000E-2	0.000000E+0	2.802270E+5
1.686000E-2	0.000000E+0	2.809420E+5
1.688000E-2	0.000000E+0	2.799950E+5
1.690000E-2	0.000000E+0	2.803320E+5
1.692000E-2	0.000000E+0	2.800190E+5
1.694000E-2	0.000000E+0	2.798970E+5
1.696000E-2	0.000000E+0	2.793350E+5
1.698000E-2	0.000000E+0	2.799740E+5
1.700000E-2	0.000000E+0	2.800710E+5
1.702000E-2	0.000000E+0	2.803740E+5
1.704000E-2	0.000000E+0	2.810240E+5
1.706000E-2	0.000000E+0	2.815050E+5
1.708000E-2	0.000000E+0	2.800230E+5
1.710000E-2	0.000000E+0	2.802560E+5
1.712000E-2	0.000000E+0	2.800170E+5
1.714000E-2	0.000000E+0	2.802280E+5
1.716000E-2	0.000000E+0	2.802710E+5
1.718000E-2	0.000000E+0	2.798980E+5
1.720000E-2	0.000000E+0	2.809140E+5
1.722000E-2	0.000000E+0	2.808890E+5
1.724000E-2	0.000000E+0	2.791740E+5
1.726000E-2	0.000000E+0	2.799990E+5
1.728000E-2	0.000000E+0	2.801710E+5
1.730000E-2	0.000000E+0	2.799440E+5
1.732000E-2	0.000000E+0	2.797720E+5
1.734000E-2	0.000000E+0	2.796260E+5
1.736000E-2	0.000000E+0	2.811780E+5
1.738000E-2	0.000000E+0	2.809520E+5
1.740000E-2	0.000000E+0	2.801110E+5
1.742000E-2	0.000000E+0	2.788440E+5
1.744000E-2	0.000000E+0	2.801750E+5
1.746000E-2	0.000000E+0	2.800400E+5
1.748000E-2	0.000000E+0	2.804360E+5
1.750000E-2	0.000000E+0	2.802210E+5
1.752000E-2	0.000000E+0	2.804930E+5
1.754000E-2	0.000000E+0	2.790630E+5
1.756000E-2	0.000000E+0	2.798310E+5
1.758000E-2	0.000000E+0	2.807540E+5
1.760000E-2	0.000000E+0	2.802970E+5
1.762000E-2	0.000000E+0	2.804300E+5
1.764000E-2	0.000000E+0	2.807260E+5
1.766000E-2	0.000000E+0	2.803410E+5
1.768000E-2	0.000000E+0	2.806500E+5
1.770000E-2	0.000000E+0	2.800940E+5
1.772000E-2	0.000000E+0	2.813410E+5
1.774000E-2	0.000000E+0	2.800960E+5
1.776000E-2	0.000000E+0	2.797290E+5
1.778000E-2	0.000000E+0	2.808730E+5
1.780000E-2	0.000000E+0	2.799750E+5
1.782000E-2	0.000000E+0	2.805450E+5
1.784000E-2	0.000000E+0	2.799650E+5
1.786000E-2	0.000000E+0	2.803170E+5
1.788000E-2	0.000000E+0	2.800520E+5
1.790000E-2	0.000000E+0	2.804740E+5
1.792000E-2	0.000000E+0	2.795230E+5
1.794000E-2	0.000000E+0	2.805510E+5
1.796000E-2	0.000000E+0	2.802890E+5
1.798000E-2	0.000000E+0	2.807400E+5
1.800000E-2	0.000000E+0	2.793950E+5
1.802000E-2	0.000000E+0	2.801200E+5
1.804000E-2	0.000000E+0	2.798070E+5
1.806000E-2	0.000000E+0	2.802480E+5
1.808000E-2	0.000000E+0	2.797310E+5
1.810000E-2	0.000000E+0	2.811810E+5
1.812000E-2	0.000000E+0	2.810170E+5
1.814000E-2	0.000000E+0	2.805770E+5
1.816000E-2	0.000000E+0	2.809110E+5
1.818000E-2	0.000000E+0	2.796630E+5
1.820000E-2	0.000000E+0	2.812880E+5
1.822000E-2	0.000000E+0	2.796480E+5
1.824000E-2	0.000000E+0	2.805390E+5
1.826000E-2	0.000000E+0	2.806470E+5
1.828000E-2	0.000000E+0	2.800040E+5
1.830000E-2	0.000000E+0	2.800190E+5
1.832000E-2	0.000000E+0	2.804320E+5
1.834000E-2	0.000000E+0	2.793390E+5
1.836000E-2	0.000000E+0	2.807540E+5
1.838000E-2	0.000000E+0	2.801300E+5
1.840000E-2	0.000000E+0	2.799880E+5
1.842000E-2	0.000000E+0	2.801930E+5
1.844000E-2	0.000000E+0	2.797780E+5
1.846000E-2	0.000000E+0	2.794180E+5
1.848000E-2	0.000000E+0	2.806090E+5
1.850000E-2	0.000000E+0	2.805670E+5
1.852000E-2	0.000000E+0	2.811710E+5
1.854000E-2	0.000000E+0	2.810260E+5
1.856000E-2	0.000000E+0	2.796250E+5
1.858000E-2	0.000000E+0	2.804080E+5
1.860000E-2	0.000000E+0	2.807090E+5
1.862000E-2	0.000000E+0	2.801310E+5
1.864000E-2	0.000000E+0	2.794380E+5
1.866000E-2	0.000000E+0	2.801370E+5
1.868000E-2	0.000000E+0	2.796340E+5
1.870000E-2	0.000000E+0	2.798760E+5
1.872000E-2	0.000000E+0	2.809410E+5
1.874000E-2	0.000000E+0	2.793470E+5
1.876000E-2	0.000000E+0	2.801940E+5
1.878000E-2	0.000000E+0	2.804730E+5
1.880000E-2	0.000000E+0	2.800780E+5
1.882000E-2	0.000000E+0	2.799240E+5
1.884000E-2	0.000000E+0	2.803180E+5
1.886000E-2	0.000000E+0	2.800340E+5
1.888000E-2	0.000000E+0	2.798560E+5
1.890000E-2	0.000000E+0	2.798460E+5
1.892000E-2	0.000000E+0	2.814520E+5
1.894000E-2	0.000000E+0	2.806110E+5
1.896000E-2	0.000000E+0	2.804860E+5
1.898000E-2	0.000000E+0	2.800880E+5
1.900000E-2	0.000000E+0	2.800900E+5
1.902000E-2	0.000000E+0	2.793090E+5
1.904000E-2	0.000000E+0	2.807300E+5
1.906000E-2	0.000000E+0	2.808040E+5
1.908000E-2	0.000000E+0	2.800650E+5
1.910000E-2	0.000000E+0	2.793970E+5
1.912000E-2	0.000000E+0	2.802810E+5
1.914000E-2	0.000000E+0	2.801630E+5
1.916000E-2	0.000000E+0	2.797290E+5
1.918000E-2	0.000000E+0	2.802540E+5
1.920000E-2	0.000000E+0	2.805420E+5
1.922000E-2	0.000000E+0	2.799780E+5
1.924000E-2	0.000000E+0	2.802230E+5
1.926000E-2	0.000000E+0	2.803730E+5
1.928000E-2	0.000000E+0	2.806320E+5
1.930000E-2	0.000000E+0	2.804900E+5
1.932000E-2	0.000000E+0	2.797830E+5
1.934000E-2	0.000000E+0	2.799670E+5
1.936000E-2	0.000000E+0	2.797670E+5
1.938000E-2	0.000000E+0	2.807580E+5
1.940000E-2	0.000000E+0	2.797130E+5
1.942000E-2	0.000000E+0	2.814270E+5
1.944000E-2	0.000000E+0	2.809470E+5
1.946000E-2	0.000000E+0	2.797010E+5
1.948000E-2	0.000000E+0	2.804950E+5
1.950000E-2	0.000000E+0	2.797500E+5
1.952000E-2	0.000000E+0	2.808240E+5
1.954000E-2	0.000000E+0	2.800480E+5
1.956000E-2	0.000000E+0	2.805700E+5
1.958000E-2	0.000000E+0	2.807900E+5
1.960000E-2	0.000000E+0	2.804510E+5
1.962000E-2	0.000000E+0	2.802440E+5
1.964000E-2	0.000000E+0	2.807260E+5
1.966000E-2	0.000000E+0	2.804910E+5
1.968000E-2	0.000000E+0	2.805100E+5
1.970000E-2	0.000000E+0	2.802130E+5
1.972000E-2	0.000000E+0	2.804540E+5
1.974000E-2	0.000000E+0	2.800910E+5
1.976000E-2	0.000000E+0	2.790840E+5
1.978000E-2	0.000000E+0	2.798010E+5
1.980000E-2	0.000000E+0	2.808040E+5
1.982000E-2	0.000000E+0	2.799600E+5
1.984000E-2	0.000000E+0	2.803070E+5
1.986000E-2	0.000000E+0	2.797090E+5
1.988000E-2	0.000000E+0	2.793130E+5
1.990000E-2	0.000000E+0	2.798940E+5
1.992000E-2	0.000000E+0	2.796040E+5
1.994000E-2	0.000000E+0	2.805550E+5
1.996000E-2	0.000000E+0	2.798330E+5
1.998000E-2	0.000000E+0	2.804580E+5
