

live time:  61714.740000
real time:  86404.215000
sweeps:  3085737.000000
0.000000E+0	0.000000E+0	0.000000E+0
2.000000E-5	0.000000E+0	1.354550E+5
4.000000E-5	0.000000E+0	1.361480E+5
6.000000E-5	0.000000E+0	1.352790E+5
8.000000E-5	0.000000E+0	1.359440E+5
1.000000E-4	0.000000E+0	1.352710E+5
1.200000E-4	0.000000E+0	1.354810E+5
1.400000E-4	0.000000E+0	1.353910E+5
1.600000E-4	0.000000E+0	1.357570E+5
1.800000E-4	0.000000E+0	1.359420E+5
2.000000E-4	0.000000E+0	1.355950E+5
2.200000E-4	0.000000E+0	1.353110E+5
2.400000E-4	0.000000E+0	1.351460E+5
2.600000E-4	0.000000E+0	1.350510E+5
2.800000E-4	0.000000E+0	1.356630E+5
3.000000E-4	0.000000E+0	1.359460E+5
3.200000E-4	0.000000E+0	1.358630E+5
3.400000E-4	0.000000E+0	1.355460E+5
3.600000E-4	0.000000E+0	1.353340E+5
3.800000E-4	0.000000E+0	1.347550E+5
4.000000E-4	0.000000E+0	1.354540E+5
4.200000E-4	0.000000E+0	1.357970E+5
4.400000E-4	0.000000E+0	1.351040E+5
4.600000E-4	0.000000E+0	1.358670E+5
4.800000E-4	0.000000E+0	1.349010E+5
5.000000E-4	0.000000E+0	1.356750E+5
5.200000E-4	0.000000E+0	1.355780E+5
5.400000E-4	0.000000E+0	1.354030E+5
5.600000E-4	0.000000E+0	1.347750E+5
5.800000E-4	0.000000E+0	1.356060E+5
6.000000E-4	0.000000E+0	1.357220E+5
6.200000E-4	0.000000E+0	1.350710E+5
6.400000E-4	0.000000E+0	1.360680E+5
6.600000E-4	0.000000E+0	1.352320E+5
6.800000E-4	0.000000E+0	1.353060E+5
7.000000E-4	0.000000E+0	1.355740E+5
7.200000E-4	0.000000E+0	1.359280E+5
7.400000E-4	0.000000E+0	1.353190E+5
7.600000E-4	0.000000E+0	1.352820E+5
7.800000E-4	0.000000E+0	1.348960E+5
8.000000E-4	0.000000E+0	1.354790E+5
8.200000E-4	0.000000E+0	1.359990E+5
8.400000E-4	0.000000E+0	1.353320E+5
8.600000E-4	0.000000E+0	1.353030E+5
8.800000E-4	0.000000E+0	1.350730E+5
9.000000E-4	0.000000E+0	1.358690E+5
9.200000E-4	0.000000E+0	1.351380E+5
9.400000E-4	0.000000E+0	1.354150E+5
9.600000E-4	0.000000E+0	1.349020E+5
9.800000E-4	0.000000E+0	1.360780E+5
1.000000E-3	0.000000E+0	1.357050E+5
1.020000E-3	0.000000E+0	1.351610E+5
1.040000E-3	0.000000E+0	1.354220E+5
1.060000E-3	0.000000E+0	1.348770E+5
1.080000E-3	0.000000E+0	1.354350E+5
1.100000E-3	0.000000E+0	1.353550E+5
1.120000E-3	0.000000E+0	1.353820E+5
1.140000E-3	0.000000E+0	1.352820E+5
1.160000E-3	0.000000E+0	1.348540E+5
1.180000E-3	0.000000E+0	1.352740E+5
1.200000E-3	0.000000E+0	1.357000E+5
1.220000E-3	0.000000E+0	1.361040E+5
1.240000E-3	0.000000E+0	1.355280E+5
1.260000E-3	0.000000E+0	1.350500E+5
1.280000E-3	0.000000E+0	1.362640E+5
1.300000E-3	0.000000E+0	1.346140E+5
1.320000E-3	0.000000E+0	1.359530E+5
1.340000E-3	0.000000E+0	1.353440E+5
1.360000E-3	0.000000E+0	1.350070E+5
1.380000E-3	0.000000E+0	1.357620E+5
1.400000E-3	0.000000E+0	1.355520E+5
1.420000E-3	0.000000E+0	1.356810E+5
1.440000E-3	0.000000E+0	1.350270E+5
1.460000E-3	0.000000E+0	1.345310E+5
1.480000E-3	0.000000E+0	1.356770E+5
1.500000E-3	0.000000E+0	1.356540E+5
1.520000E-3	0.000000E+0	1.357420E+5
1.540000E-3	0.000000E+0	1.359590E+5
1.560000E-3	0.000000E+0	1.348330E+5
1.580000E-3	0.000000E+0	1.351890E+5
1.600000E-3	0.000000E+0	1.353170E+5
1.620000E-3	0.000000E+0	1.350520E+5
1.640000E-3	0.000000E+0	1.351670E+5
1.660000E-3	0.000000E+0	1.361770E+5
1.680000E-3	0.000000E+0	1.354410E+5
1.700000E-3	0.000000E+0	1.355070E+5
1.720000E-3	0.000000E+0	1.360350E+5
1.740000E-3	0.000000E+0	1.361990E+5
1.760000E-3	0.000000E+0	1.362840E+5
1.780000E-3	0.000000E+0	1.361870E+5
1.800000E-3	0.000000E+0	1.361760E+5
1.820000E-3	0.000000E+0	1.350460E+5
1.840000E-3	0.000000E+0	1.354510E+5
1.860000E-3	0.000000E+0	1.358580E+5
1.880000E-3	0.000000E+0	1.354950E+5
1.900000E-3	0.000000E+0	1.354050E+5
1.920000E-3	0.000000E+0	1.353900E+5
1.940000E-3	0.000000E+0	1.352880E+5
1.960000E-3	0.000000E+0	1.357490E+5
1.980000E-3	0.000000E+0	1.362260E+5
2.000000E-3	0.000000E+0	1.354050E+5
2.020000E-3	0.000000E+0	1.354560E+5
2.040000E-3	0.000000E+0	1.352490E+5
2.060000E-3	0.000000E+0	1.359420E+5
2.080000E-3	0.000000E+0	1.355500E+5
2.100000E-3	0.000000E+0	1.360870E+5
2.120000E-3	0.000000E+0	1.355610E+5
2.140000E-3	0.000000E+0	1.357110E+5
2.160000E-3	0.000000E+0	1.351960E+5
2.180000E-3	0.000000E+0	1.358890E+5
2.200000E-3	0.000000E+0	1.360940E+5
2.220000E-3	0.000000E+0	1.356550E+5
2.240000E-3	0.000000E+0	1.357860E+5
2.260000E-3	0.000000E+0	1.357680E+5
2.280000E-3	0.000000E+0	1.355550E+5
2.300000E-3	0.000000E+0	1.358230E+5
2.320000E-3	0.000000E+0	1.352820E+5
2.340000E-3	0.000000E+0	1.357120E+5
2.360000E-3	0.000000E+0	1.354410E+5
2.380000E-3	0.000000E+0	1.359600E+5
2.400000E-3	0.000000E+0	1.352890E+5
2.420000E-3	0.000000E+0	1.352750E+5
2.440000E-3	0.000000E+0	1.345860E+5
2.460000E-3	0.000000E+0	1.351300E+5
2.480000E-3	0.000000E+0	1.361940E+5
2.500000E-3	0.000000E+0	1.357010E+5
2.520000E-3	0.000000E+0	1.354980E+5
2.540000E-3	0.000000E+0	1.352890E+5
2.560000E-3	0.000000E+0	1.355630E+5
2.580000E-3	0.000000E+0	1.350440E+5
2.600000E-3	0.000000E+0	1.359470E+5
2.620000E-3	0.000000E+0	1.352620E+5
2.640000E-3	0.000000E+0	1.352540E+5
2.660000E-3	0.000000E+0	1.357910E+5
2.680000E-3	0.000000E+0	1.354290E+5
2.700000E-3	0.000000E+0	1.356860E+5
2.720000E-3	0.000000E+0	1.358360E+5
2.740000E-3	0.000000E+0	1.361470E+5
2.760000E-3	0.000000E+0	1.357120E+5
2.780000E-3	0.000000E+0	1.355630E+5
2.800000E-3	0.000000E+0	1.351890E+5
2.820000E-3	0.000000E+0	1.356090E+5
2.840000E-3	0.000000E+0	1.352780E+5
2.860000E-3	0.000000E+0	1.358970E+5
2.880000E-3	0.000000E+0	1.358680E+5
2.900000E-3	0.000000E+0	1.357140E+5
2.920000E-3	0.000000E+0	1.357300E+5
2.940000E-3	0.000000E+0	1.357550E+5
2.960000E-3	0.000000E+0	1.359180E+5
2.980000E-3	0.000000E+0	1.354850E+5
3.000000E-3	0.000000E+0	1.354900E+5
3.020000E-3	0.000000E+0	1.354150E+5
3.040000E-3	0.000000E+0	1.356450E+5
3.060000E-3	0.000000E+0	1.361910E+5
3.080000E-3	0.000000E+0	1.356350E+5
3.100000E-3	0.000000E+0	1.349630E+5
3.120000E-3	0.000000E+0	1.355580E+5
3.140000E-3	0.000000E+0	1.356580E+5
3.160000E-3	0.000000E+0	1.357860E+5
3.180000E-3	0.000000E+0	1.360690E+5
3.200000E-3	0.000000E+0	1.358720E+5
3.220000E-3	0.000000E+0	1.355600E+5
3.240000E-3	0.000000E+0	1.349100E+5
3.260000E-3	0.000000E+0	1.358780E+5
3.280000E-3	0.000000E+0	1.353700E+5
3.300000E-3	0.000000E+0	1.351950E+5
3.320000E-3	0.000000E+0	1.357650E+5
3.340000E-3	0.000000E+0	1.354050E+5
3.360000E-3	0.000000E+0	1.355270E+5
3.380000E-3	0.000000E+0	1.351140E+5
3.400000E-3	0.000000E+0	1.357250E+5
3.420000E-3	0.000000E+0	1.355040E+5
3.440000E-3	0.000000E+0	1.352520E+5
3.460000E-3	0.000000E+0	1.358490E+5
3.480000E-3	0.000000E+0	1.355660E+5
3.500000E-3	0.000000E+0	1.361370E+5
3.520000E-3	0.000000E+0	1.353980E+5
3.540000E-3	0.000000E+0	1.351010E+5
3.560000E-3	0.000000E+0	1.350020E+5
3.580000E-3	0.000000E+0	1.354920E+5
3.600000E-3	0.000000E+0	1.355440E+5
3.620000E-3	0.000000E+0	1.344110E+5
3.640000E-3	0.000000E+0	1.355830E+5
3.660000E-3	0.000000E+0	1.354060E+5
3.680000E-3	0.000000E+0	1.351310E+5
3.700000E-3	0.000000E+0	1.352000E+5
3.720000E-3	0.000000E+0	1.357100E+5
3.740000E-3	0.000000E+0	1.356230E+5
3.760000E-3	0.000000E+0	1.358790E+5
3.780000E-3	0.000000E+0	1.354220E+5
3.800000E-3	0.000000E+0	1.354100E+5
3.820000E-3	0.000000E+0	1.349640E+5
3.840000E-3	0.000000E+0	1.357150E+5
3.860000E-3	0.000000E+0	1.351160E+5
3.880000E-3	0.000000E+0	1.352520E+5
3.900000E-3	0.000000E+0	1.355320E+5
3.920000E-3	0.000000E+0	1.362720E+5
3.940000E-3	0.000000E+0	1.362800E+5
3.960000E-3	0.000000E+0	1.353800E+5
3.980000E-3	0.000000E+0	1.354710E+5
4.000000E-3	0.000000E+0	1.360480E+5
4.020000E-3	0.000000E+0	1.353070E+5
4.040000E-3	0.000000E+0	1.350590E+5
4.060000E-3	0.000000E+0	1.356030E+5
4.080000E-3	0.000000E+0	1.355830E+5
4.100000E-3	0.000000E+0	1.356720E+5
4.120000E-3	0.000000E+0	1.356710E+5
4.140000E-3	0.000000E+0	1.357130E+5
4.160000E-3	0.000000E+0	1.358300E+5
4.180000E-3	0.000000E+0	1.348630E+5
4.200000E-3	0.000000E+0	1.347050E+5
4.220000E-3	0.000000E+0	1.346980E+5
4.240000E-3	0.000000E+0	1.358080E+5
4.260000E-3	0.000000E+0	1.350900E+5
4.280000E-3	0.000000E+0	1.356270E+5
4.300000E-3	0.000000E+0	1.357740E+5
4.320000E-3	0.000000E+0	1.352780E+5
4.340000E-3	0.000000E+0	1.355080E+5
4.360000E-3	0.000000E+0	1.356160E+5
4.380000E-3	0.000000E+0	1.347860E+5
4.400000E-3	0.000000E+0	1.362550E+5
4.420000E-3	0.000000E+0	1.357750E+5
4.440000E-3	0.000000E+0	1.351960E+5
4.460000E-3	0.000000E+0	1.355060E+5
4.480000E-3	0.000000E+0	1.348360E+5
4.500000E-3	0.000000E+0	1.346950E+5
4.520000E-3	0.000000E+0	1.352980E+5
4.540000E-3	0.000000E+0	1.357620E+5
4.560000E-3	0.000000E+0	1.351450E+5
4.580000E-3	0.000000E+0	1.353310E+5
4.600000E-3	0.000000E+0	1.350160E+5
4.620000E-3	0.000000E+0	1.351840E+5
4.640000E-3	0.000000E+0	1.351720E+5
4.660000E-3	0.000000E+0	1.351590E+5
4.680000E-3	0.000000E+0	1.357510E+5
4.700000E-3	0.000000E+0	1.356960E+5
4.720000E-3	0.000000E+0	1.357470E+5
4.740000E-3	0.000000E+0	1.342500E+5
4.760000E-3	0.000000E+0	1.358260E+5
4.780000E-3	0.000000E+0	1.351050E+5
4.800000E-3	0.000000E+0	1.354730E+5
4.820000E-3	0.000000E+0	1.350170E+5
4.840000E-3	0.000000E+0	1.356310E+5
4.860000E-3	0.000000E+0	1.355240E+5
4.880000E-3	0.000000E+0	1.348980E+5
4.900000E-3	0.000000E+0	1.346380E+5
4.920000E-3	0.000000E+0	1.342090E+5
4.940000E-3	0.000000E+0	1.340970E+5
4.960000E-3	0.000000E+0	1.336910E+5
4.980000E-3	0.000000E+0	1.336090E+5
5.000000E-3	0.000000E+0	1.332100E+5
5.020000E-3	0.000000E+0	1.333310E+5
5.040000E-3	0.000000E+0	1.324440E+5
5.060000E-3	0.000000E+0	1.318750E+5
5.080000E-3	0.000000E+0	1.314140E+5
5.100000E-3	0.000000E+0	1.312300E+5
5.120000E-3	0.000000E+0	1.313690E+5
5.140000E-3	0.000000E+0	1.317260E+5
5.160000E-3	0.000000E+0	1.319250E+5
5.180000E-3	0.000000E+0	1.324520E+5
5.200000E-3	0.000000E+0	1.327930E+5
5.220000E-3	0.000000E+0	1.334100E+5
5.240000E-3	0.000000E+0	1.337700E+5
5.260000E-3	0.000000E+0	1.345060E+5
5.280000E-3	0.000000E+0	1.337660E+5
5.300000E-3	0.000000E+0	1.343070E+5
5.320000E-3	0.000000E+0	1.345590E+5
5.340000E-3	0.000000E+0	1.351780E+5
5.360000E-3	0.000000E+0	1.351120E+5
5.380000E-3	0.000000E+0	1.353880E+5
5.400000E-3	0.000000E+0	1.356140E+5
5.420000E-3	0.000000E+0	1.354010E+5
5.440000E-3	0.000000E+0	1.344950E+5
5.460000E-3	0.000000E+0	1.349780E+5
5.480000E-3	0.000000E+0	1.350560E+5
5.500000E-3	0.000000E+0	1.348470E+5
5.520000E-3	0.000000E+0	1.347780E+5
5.540000E-3	0.000000E+0	1.352600E+5
5.560000E-3	0.000000E+0	1.346420E+5
5.580000E-3	0.000000E+0	1.342870E+5
5.600000E-3	0.000000E+0	1.331370E+5
5.620000E-3	0.000000E+0	1.330830E+5
5.640000E-3	0.000000E+0	1.329070E+5
5.660000E-3	0.000000E+0	1.333890E+5
5.680000E-3	0.000000E+0	1.334340E+5
5.700000E-3	0.000000E+0	1.328130E+5
5.720000E-3	0.000000E+0	1.321800E+5
5.740000E-3	0.000000E+0	1.313370E+5
5.760000E-3	0.000000E+0	1.313300E+5
5.780000E-3	0.000000E+0	1.321770E+5
5.800000E-3	0.000000E+0	1.320200E+5
5.820000E-3	0.000000E+0	1.327550E+5
5.840000E-3	0.000000E+0	1.331150E+5
5.860000E-3	0.000000E+0	1.332610E+5
5.880000E-3	0.000000E+0	1.339320E+5
5.900000E-3	0.000000E+0	1.342840E+5
5.920000E-3	0.000000E+0	1.348460E+5
5.940000E-3	0.000000E+0	1.339910E+5
5.960000E-3	0.000000E+0	1.347490E+5
5.980000E-3	0.000000E+0	1.352970E+5
6.000000E-3	0.000000E+0	1.352160E+5
6.020000E-3	0.000000E+0	1.357410E+5
6.040000E-3	0.000000E+0	1.357100E+5
6.060000E-3	0.000000E+0	1.351780E+5
6.080000E-3	0.000000E+0	1.352070E+5
6.100000E-3	0.000000E+0	1.350890E+5
6.120000E-3	0.000000E+0	1.352700E+5
6.140000E-3	0.000000E+0	1.350120E+5
6.160000E-3	0.000000E+0	1.350920E+5
6.180000E-3	0.000000E+0	1.352490E+5
6.200000E-3	0.000000E+0	1.354230E+5
6.220000E-3	0.000000E+0	1.355120E+5
6.240000E-3	0.000000E+0	1.347620E+5
6.260000E-3	0.000000E+0	1.354300E+5
6.280000E-3	0.000000E+0	1.357510E+5
6.300000E-3	0.000000E+0	1.351990E+5
6.320000E-3	0.000000E+0	1.354810E+5
6.340000E-3	0.000000E+0	1.356030E+5
6.360000E-3	0.000000E+0	1.346900E+5
6.380000E-3	0.000000E+0	1.353080E+5
6.400000E-3	0.000000E+0	1.350390E+5
6.420000E-3	0.000000E+0	1.353230E+5
6.440000E-3	0.000000E+0	1.360050E+5
6.460000E-3	0.000000E+0	1.355440E+5
6.480000E-3	0.000000E+0	1.352310E+5
6.500000E-3	0.000000E+0	1.351440E+5
6.520000E-3	0.000000E+0	1.355490E+5
6.540000E-3	0.000000E+0	1.351940E+5
6.560000E-3	0.000000E+0	1.361070E+5
6.580000E-3	0.000000E+0	1.357030E+5
6.600000E-3	0.000000E+0	1.363740E+5
6.620000E-3	0.000000E+0	1.354740E+5
6.640000E-3	0.000000E+0	1.351640E+5
6.660000E-3	0.000000E+0	1.348180E+5
6.680000E-3	0.000000E+0	1.356290E+5
6.700000E-3	0.000000E+0	1.352170E+5
6.720000E-3	0.000000E+0	1.353230E+5
6.740000E-3	0.000000E+0	1.354670E+5
6.760000E-3	0.000000E+0	1.362590E+5
6.780000E-3	0.000000E+0	1.349720E+5
6.800000E-3	0.000000E+0	1.357640E+5
6.820000E-3	0.000000E+0	1.352140E+5
6.840000E-3	0.000000E+0	1.354110E+5
6.860000E-3	0.000000E+0	1.353310E+5
6.880000E-3	0.000000E+0	1.358610E+5
6.900000E-3	0.000000E+0	1.352430E+5
6.920000E-3	0.000000E+0	1.355000E+5
6.940000E-3	0.000000E+0	1.352320E+5
6.960000E-3	0.000000E+0	1.352970E+5
6.980000E-3	0.000000E+0	1.356030E+5
7.000000E-3	0.000000E+0	1.354980E+5
7.020000E-3	0.000000E+0	1.350190E+5
7.040000E-3	0.000000E+0	1.350590E+5
7.060000E-3	0.000000E+0	1.354550E+5
7.080000E-3	0.000000E+0	1.356390E+5
7.100000E-3	0.000000E+0	1.358100E+5
7.120000E-3	0.000000E+0	1.356370E+5
7.140000E-3	0.000000E+0	1.358200E+5
7.160000E-3	0.000000E+0	1.355920E+5
7.180000E-3	0.000000E+0	1.350940E+5
7.200000E-3	0.000000E+0	1.352830E+5
7.220000E-3	0.000000E+0	1.354320E+5
7.240000E-3	0.000000E+0	1.354770E+5
7.260000E-3	0.000000E+0	1.351490E+5
7.280000E-3	0.000000E+0	1.352590E+5
7.300000E-3	0.000000E+0	1.356010E+5
7.320000E-3	0.000000E+0	1.361770E+5
7.340000E-3	0.000000E+0	1.357490E+5
7.360000E-3	0.000000E+0	1.354200E+5
7.380000E-3	0.000000E+0	1.357200E+5
7.400000E-3	0.000000E+0	1.352920E+5
7.420000E-3	0.000000E+0	1.351750E+5
7.440000E-3	0.000000E+0	1.356320E+5
7.460000E-3	0.000000E+0	1.359130E+5
7.480000E-3	0.000000E+0	1.352270E+5
7.500000E-3	0.000000E+0	1.358510E+5
7.520000E-3	0.000000E+0	1.358990E+5
7.540000E-3	0.000000E+0	1.358870E+5
7.560000E-3	0.000000E+0	1.359860E+5
7.580000E-3	0.000000E+0	1.354200E+5
7.600000E-3	0.000000E+0	1.353930E+5
7.620000E-3	0.000000E+0	1.356100E+5
7.640000E-3	0.000000E+0	1.363290E+5
7.660000E-3	0.000000E+0	1.351660E+5
7.680000E-3	0.000000E+0	1.354620E+5
7.700000E-3	0.000000E+0	1.348460E+5
7.720000E-3	0.000000E+0	1.357160E+5
7.740000E-3	0.000000E+0	1.352830E+5
7.760000E-3	0.000000E+0	1.347980E+5
7.780000E-3	0.000000E+0	1.362200E+5
7.800000E-3	0.000000E+0	1.356170E+5
7.820000E-3	0.000000E+0	1.353340E+5
7.840000E-3	0.000000E+0	1.358710E+5
7.860000E-3	0.000000E+0	1.353600E+5
7.880000E-3	0.000000E+0	1.358350E+5
7.900000E-3	0.000000E+0	1.355480E+5
7.920000E-3	0.000000E+0	1.351600E+5
7.940000E-3	0.000000E+0	1.356210E+5
7.960000E-3	0.000000E+0	1.359270E+5
7.980000E-3	0.000000E+0	1.358180E+5
8.000000E-3	0.000000E+0	1.358560E+5
8.020000E-3	0.000000E+0	1.359940E+5
8.040000E-3	0.000000E+0	1.348170E+5
8.060000E-3	0.000000E+0	1.356640E+5
8.080000E-3	0.000000E+0	1.353260E+5
8.100000E-3	0.000000E+0	1.351960E+5
8.120000E-3	0.000000E+0	1.360680E+5
8.140000E-3	0.000000E+0	1.351430E+5
8.160000E-3	0.000000E+0	1.359370E+5
8.180000E-3	0.000000E+0	1.354260E+5
8.200000E-3	0.000000E+0	1.352640E+5
8.220000E-3	0.000000E+0	1.350940E+5
8.240000E-3	0.000000E+0	1.352690E+5
8.260000E-3	0.000000E+0	1.361580E+5
8.280000E-3	0.000000E+0	1.352500E+5
8.300000E-3	0.000000E+0	1.360310E+5
8.320000E-3	0.000000E+0	1.353950E+5
8.340000E-3	0.000000E+0	1.356060E+5
8.360000E-3	0.000000E+0	1.351730E+5
8.380000E-3	0.000000E+0	1.347930E+5
8.400000E-3	0.000000E+0	1.353520E+5
8.420000E-3	0.000000E+0	1.357320E+5
8.440000E-3	0.000000E+0	1.359190E+5
8.460000E-3	0.000000E+0	1.358080E+5
8.480000E-3	0.000000E+0	1.359810E+5
8.500000E-3	0.000000E+0	1.347890E+5
8.520000E-3	0.000000E+0	1.354640E+5
8.540000E-3	0.000000E+0	1.355520E+5
8.560000E-3	0.000000E+0	1.351410E+5
8.580000E-3	0.000000E+0	1.362310E+5
8.600000E-3	0.000000E+0	1.351140E+5
8.620000E-3	0.000000E+0	1.358850E+5
8.640000E-3	0.000000E+0	1.357630E+5
8.660000E-3	0.000000E+0	1.352850E+5
8.680000E-3	0.000000E+0	1.359810E+5
8.700000E-3	0.000000E+0	1.352890E+5
8.720000E-3	0.000000E+0	1.356410E+5
8.740000E-3	0.000000E+0	1.350690E+5
8.760000E-3	0.000000E+0	1.359540E+5
8.780000E-3	0.000000E+0	1.358780E+5
8.800000E-3	0.000000E+0	1.358630E+5
8.820000E-3	0.000000E+0	1.358820E+5
8.840000E-3	0.000000E+0	1.354330E+5
8.860000E-3	0.000000E+0	1.358370E+5
8.880000E-3	0.000000E+0	1.354210E+5
8.900000E-3	0.000000E+0	1.358840E+5
8.920000E-3	0.000000E+0	1.349730E+5
8.940000E-3	0.000000E+0	1.351920E+5
8.960000E-3	0.000000E+0	1.364150E+5
8.980000E-3	0.000000E+0	1.349920E+5
9.000000E-3	0.000000E+0	1.351290E+5
9.020000E-3	0.000000E+0	1.357320E+5
9.040000E-3	0.000000E+0	1.356290E+5
9.060000E-3	0.000000E+0	1.363280E+5
9.080000E-3	0.000000E+0	1.356390E+5
9.100000E-3	0.000000E+0	1.359100E+5
9.120000E-3	0.000000E+0	1.356290E+5
9.140000E-3	0.000000E+0	1.354460E+5
9.160000E-3	0.000000E+0	1.358270E+5
9.180000E-3	0.000000E+0	1.354770E+5
9.200000E-3	0.000000E+0	1.359040E+5
9.220000E-3	0.000000E+0	1.355410E+5
9.240000E-3	0.000000E+0	1.356910E+5
9.260000E-3	0.000000E+0	1.359850E+5
9.280000E-3	0.000000E+0	1.359090E+5
9.300000E-3	0.000000E+0	1.358030E+5
9.320000E-3	0.000000E+0	1.353060E+5
9.340000E-3	0.000000E+0	1.355750E+5
9.360000E-3	0.000000E+0	1.350720E+5
9.380000E-3	0.000000E+0	1.359020E+5
9.400000E-3	0.000000E+0	1.360390E+5
9.420000E-3	0.000000E+0	1.360710E+5
9.440000E-3	0.000000E+0	1.357290E+5
9.460000E-3	0.000000E+0	1.362400E+5
9.480000E-3	0.000000E+0	1.351300E+5
9.500000E-3	0.000000E+0	1.353750E+5
9.520000E-3	0.000000E+0	1.360440E+5
9.540000E-3	0.000000E+0	1.349470E+5
9.560000E-3	0.000000E+0	1.357550E+5
9.580000E-3	0.000000E+0	1.357280E+5
9.600000E-3	0.000000E+0	1.359100E+5
9.620000E-3	0.000000E+0	1.344890E+5
9.640000E-3	0.000000E+0	1.356500E+5
9.660000E-3	0.000000E+0	1.359110E+5
9.680000E-3	0.000000E+0	1.348430E+5
9.700000E-3	0.000000E+0	1.360500E+5
9.720000E-3	0.000000E+0	1.352220E+5
9.740000E-3	0.000000E+0	1.354260E+5
9.760000E-3	0.000000E+0	1.346130E+5
9.780000E-3	0.000000E+0	1.356090E+5
9.800000E-3	0.000000E+0	1.355070E+5
9.820000E-3	0.000000E+0	1.355830E+5
9.840000E-3	0.000000E+0	1.353960E+5
9.860000E-3	0.000000E+0	1.355550E+5
9.880000E-3	0.000000E+0	1.362450E+5
9.900000E-3	0.000000E+0	1.354450E+5
9.920000E-3	0.000000E+0	1.352360E+5
9.940000E-3	0.000000E+0	1.348890E+5
9.960000E-3	0.000000E+0	1.354290E+5
9.980000E-3	0.000000E+0	1.359060E+5
1.000000E-2	0.000000E+0	1.350250E+5
1.002000E-2	0.000000E+0	1.353540E+5
1.004000E-2	0.000000E+0	1.356680E+5
1.006000E-2	0.000000E+0	1.359320E+5
1.008000E-2	0.000000E+0	1.354350E+5
1.010000E-2	0.000000E+0	1.354220E+5
1.012000E-2	0.000000E+0	1.356440E+5
1.014000E-2	0.000000E+0	1.362660E+5
1.016000E-2	0.000000E+0	1.357080E+5
1.018000E-2	0.000000E+0	1.361790E+5
1.020000E-2	0.000000E+0	1.355750E+5
1.022000E-2	0.000000E+0	1.359300E+5
1.024000E-2	0.000000E+0	1.354210E+5
1.026000E-2	0.000000E+0	1.364660E+5
1.028000E-2	0.000000E+0	1.353490E+5
1.030000E-2	0.000000E+0	1.356000E+5
1.032000E-2	0.000000E+0	1.358000E+5
1.034000E-2	0.000000E+0	1.357740E+5
1.036000E-2	0.000000E+0	1.353680E+5
1.038000E-2	0.000000E+0	1.358630E+5
1.040000E-2	0.000000E+0	1.357070E+5
1.042000E-2	0.000000E+0	1.358620E+5
1.044000E-2	0.000000E+0	1.354320E+5
1.046000E-2	0.000000E+0	1.354260E+5
1.048000E-2	0.000000E+0	1.357640E+5
1.050000E-2	0.000000E+0	1.353010E+5
1.052000E-2	0.000000E+0	1.359180E+5
1.054000E-2	0.000000E+0	1.359800E+5
1.056000E-2	0.000000E+0	1.357360E+5
1.058000E-2	0.000000E+0	1.356690E+5
1.060000E-2	0.000000E+0	1.353820E+5
1.062000E-2	0.000000E+0	1.350250E+5
1.064000E-2	0.000000E+0	1.359280E+5
1.066000E-2	0.000000E+0	1.358400E+5
1.068000E-2	0.000000E+0	1.359870E+5
1.070000E-2	0.000000E+0	1.353130E+5
1.072000E-2	0.000000E+0	1.355400E+5
1.074000E-2	0.000000E+0	1.359330E+5
1.076000E-2	0.000000E+0	1.363790E+5
1.078000E-2	0.000000E+0	1.361310E+5
1.080000E-2	0.000000E+0	1.355940E+5
1.082000E-2	0.000000E+0	1.362110E+5
1.084000E-2	0.000000E+0	1.351050E+5
1.086000E-2	0.000000E+0	1.356850E+5
1.088000E-2	0.000000E+0	1.354560E+5
1.090000E-2	0.000000E+0	1.353210E+5
1.092000E-2	0.000000E+0	1.358370E+5
1.094000E-2	0.000000E+0	1.352800E+5
1.096000E-2	0.000000E+0	1.357270E+5
1.098000E-2	0.000000E+0	1.355650E+5
1.100000E-2	0.000000E+0	1.360180E+5
1.102000E-2	0.000000E+0	1.354700E+5
1.104000E-2	0.000000E+0	1.360050E+5
1.106000E-2	0.000000E+0	1.355800E+5
1.108000E-2	0.000000E+0	1.355770E+5
1.110000E-2	0.000000E+0	1.356570E+5
1.112000E-2	0.000000E+0	1.358300E+5
1.114000E-2	0.000000E+0	1.361990E+5
1.116000E-2	0.000000E+0	1.348570E+5
1.118000E-2	0.000000E+0	1.358410E+5
1.120000E-2	0.000000E+0	1.357820E+5
1.122000E-2	0.000000E+0	1.364940E+5
1.124000E-2	0.000000E+0	1.357740E+5
1.126000E-2	0.000000E+0	1.350380E+5
1.128000E-2	0.000000E+0	1.350080E+5
1.130000E-2	0.000000E+0	1.352380E+5
1.132000E-2	0.000000E+0	1.360030E+5
1.134000E-2	0.000000E+0	1.355600E+5
1.136000E-2	0.000000E+0	1.364380E+5
1.138000E-2	0.000000E+0	1.354380E+5
1.140000E-2	0.000000E+0	1.363100E+5
1.142000E-2	0.000000E+0	1.353770E+5
1.144000E-2	0.000000E+0	1.352930E+5
1.146000E-2	0.000000E+0	1.356780E+5
1.148000E-2	0.000000E+0	1.358390E+5
1.150000E-2	0.000000E+0	1.361080E+5
1.152000E-2	0.000000E+0	1.354160E+5
1.154000E-2	0.000000E+0	1.354290E+5
1.156000E-2	0.000000E+0	1.357420E+5
1.158000E-2	0.000000E+0	1.351090E+5
1.160000E-2	0.000000E+0	1.357200E+5
1.162000E-2	0.000000E+0	1.356610E+5
1.164000E-2	0.000000E+0	1.362150E+5
1.166000E-2	0.000000E+0	1.360640E+5
1.168000E-2	0.000000E+0	1.361610E+5
1.170000E-2	0.000000E+0	1.363500E+5
1.172000E-2	0.000000E+0	1.350660E+5
1.174000E-2	0.000000E+0	1.356930E+5
1.176000E-2	0.000000E+0	1.356700E+5
1.178000E-2	0.000000E+0	1.349810E+5
1.180000E-2	0.000000E+0	1.359680E+5
1.182000E-2	0.000000E+0	1.350210E+5
1.184000E-2	0.000000E+0	1.353880E+5
1.186000E-2	0.000000E+0	1.357130E+5
1.188000E-2	0.000000E+0	1.354260E+5
1.190000E-2	0.000000E+0	1.349290E+5
1.192000E-2	0.000000E+0	1.352550E+5
1.194000E-2	0.000000E+0	1.360350E+5
1.196000E-2	0.000000E+0	1.355220E+5
1.198000E-2	0.000000E+0	1.350320E+5
1.200000E-2	0.000000E+0	1.357510E+5
1.202000E-2	0.000000E+0	1.361680E+5
1.204000E-2	0.000000E+0	1.359110E+5
1.206000E-2	0.000000E+0	1.355480E+5
1.208000E-2	0.000000E+0	1.361120E+5
1.210000E-2	0.000000E+0	1.353000E+5
1.212000E-2	0.000000E+0	1.356450E+5
1.214000E-2	0.000000E+0	1.349800E+5
1.216000E-2	0.000000E+0	1.349160E+5
1.218000E-2	0.000000E+0	1.361810E+5
1.220000E-2	0.000000E+0	1.347880E+5
1.222000E-2	0.000000E+0	1.352240E+5
1.224000E-2	0.000000E+0	1.357470E+5
1.226000E-2	0.000000E+0	1.356640E+5
1.228000E-2	0.000000E+0	1.356100E+5
1.230000E-2	0.000000E+0	1.358870E+5
1.232000E-2	0.000000E+0	1.355070E+5
1.234000E-2	0.000000E+0	1.359190E+5
1.236000E-2	0.000000E+0	1.355240E+5
1.238000E-2	0.000000E+0	1.355310E+5
1.240000E-2	0.000000E+0	1.363450E+5
1.242000E-2	0.000000E+0	1.358600E+5
1.244000E-2	0.000000E+0	1.356890E+5
1.246000E-2	0.000000E+0	1.352510E+5
1.248000E-2	0.000000E+0	1.361910E+5
1.250000E-2	0.000000E+0	1.351530E+5
1.252000E-2	0.000000E+0	1.360120E+5
1.254000E-2	0.000000E+0	1.357060E+5
1.256000E-2	0.000000E+0	1.353170E+5
1.258000E-2	0.000000E+0	1.356890E+5
1.260000E-2	0.000000E+0	1.358660E+5
1.262000E-2	0.000000E+0	1.350540E+5
1.264000E-2	0.000000E+0	1.350580E+5
1.266000E-2	0.000000E+0	1.361310E+5
1.268000E-2	0.000000E+0	1.358000E+5
1.270000E-2	0.000000E+0	1.359730E+5
1.272000E-2	0.000000E+0	1.358100E+5
1.274000E-2	0.000000E+0	1.349440E+5
1.276000E-2	0.000000E+0	1.362790E+5
1.278000E-2	0.000000E+0	1.354370E+5
1.280000E-2	0.000000E+0	1.351150E+5
1.282000E-2	0.000000E+0	1.357370E+5
1.284000E-2	0.000000E+0	1.355230E+5
1.286000E-2	0.000000E+0	1.362150E+5
1.288000E-2	0.000000E+0	1.360710E+5
1.290000E-2	0.000000E+0	1.358490E+5
1.292000E-2	0.000000E+0	1.357940E+5
1.294000E-2	0.000000E+0	1.353000E+5
1.296000E-2	0.000000E+0	1.359980E+5
1.298000E-2	0.000000E+0	1.357350E+5
1.300000E-2	0.000000E+0	1.358910E+5
1.302000E-2	0.000000E+0	1.361020E+5
1.304000E-2	0.000000E+0	1.361810E+5
1.306000E-2	0.000000E+0	1.352190E+5
1.308000E-2	0.000000E+0	1.356860E+5
1.310000E-2	0.000000E+0	1.360480E+5
1.312000E-2	0.000000E+0	1.357030E+5
1.314000E-2	0.000000E+0	1.363290E+5
1.316000E-2	0.000000E+0	1.352240E+5
1.318000E-2	0.000000E+0	1.356920E+5
1.320000E-2	0.000000E+0	1.360770E+5
1.322000E-2	0.000000E+0	1.359170E+5
1.324000E-2	0.000000E+0	1.355220E+5
1.326000E-2	0.000000E+0	1.360920E+5
1.328000E-2	0.000000E+0	1.362760E+5
1.330000E-2	0.000000E+0	1.355350E+5
1.332000E-2	0.000000E+0	1.360420E+5
1.334000E-2	0.000000E+0	1.358890E+5
1.336000E-2	0.000000E+0	1.361120E+5
1.338000E-2	0.000000E+0	1.359470E+5
1.340000E-2	0.000000E+0	1.353180E+5
1.342000E-2	0.000000E+0	1.352850E+5
1.344000E-2	0.000000E+0	1.355960E+5
1.346000E-2	0.000000E+0	1.350100E+5
1.348000E-2	0.000000E+0	1.358860E+5
1.350000E-2	0.000000E+0	1.357340E+5
1.352000E-2	0.000000E+0	1.357670E+5
1.354000E-2	0.000000E+0	1.359490E+5
1.356000E-2	0.000000E+0	1.361420E+5
1.358000E-2	0.000000E+0	1.358720E+5
1.360000E-2	0.000000E+0	1.349970E+5
1.362000E-2	0.000000E+0	1.358990E+5
1.364000E-2	0.000000E+0	1.352850E+5
1.366000E-2	0.000000E+0	1.355860E+5
1.368000E-2	0.000000E+0	1.363500E+5
1.370000E-2	0.000000E+0	1.358950E+5
1.372000E-2	0.000000E+0	1.353470E+5
1.374000E-2	0.000000E+0	1.349660E+5
1.376000E-2	0.000000E+0	1.351160E+5
1.378000E-2	0.000000E+0	1.349270E+5
1.380000E-2	0.000000E+0	1.361230E+5
1.382000E-2	0.000000E+0	1.355660E+5
1.384000E-2	0.000000E+0	1.357790E+5
1.386000E-2	0.000000E+0	1.355340E+5
1.388000E-2	0.000000E+0	1.353650E+5
1.390000E-2	0.000000E+0	1.356670E+5
1.392000E-2	0.000000E+0	1.362470E+5
1.394000E-2	0.000000E+0	1.360100E+5
1.396000E-2	0.000000E+0	1.355840E+5
1.398000E-2	0.000000E+0	1.360240E+5
1.400000E-2	0.000000E+0	1.364850E+5
1.402000E-2	0.000000E+0	1.348670E+5
1.404000E-2	0.000000E+0	1.361430E+5
1.406000E-2	0.000000E+0	1.353190E+5
1.408000E-2	0.000000E+0	1.355720E+5
1.410000E-2	0.000000E+0	1.352590E+5
1.412000E-2	0.000000E+0	1.356070E+5
1.414000E-2	0.000000E+0	1.355730E+5
1.416000E-2	0.000000E+0	1.359390E+5
1.418000E-2	0.000000E+0	1.353630E+5
1.420000E-2	0.000000E+0	1.356740E+5
1.422000E-2	0.000000E+0	1.358690E+5
1.424000E-2	0.000000E+0	1.350620E+5
1.426000E-2	0.000000E+0	1.351920E+5
1.428000E-2	0.000000E+0	1.359950E+5
1.430000E-2	0.000000E+0	1.354240E+5
1.432000E-2	0.000000E+0	1.358680E+5
1.434000E-2	0.000000E+0	1.352850E+5
1.436000E-2	0.000000E+0	1.357770E+5
1.438000E-2	0.000000E+0	1.358940E+5
1.440000E-2	0.000000E+0	1.362400E+5
1.442000E-2	0.000000E+0	1.356950E+5
1.444000E-2	0.000000E+0	1.350190E+5
1.446000E-2	0.000000E+0	1.358340E+5
1.448000E-2	0.000000E+0	1.354790E+5
1.450000E-2	0.000000E+0	1.352850E+5
1.452000E-2	0.000000E+0	1.357380E+5
1.454000E-2	0.000000E+0	1.354460E+5
1.456000E-2	0.000000E+0	1.359710E+5
1.458000E-2	0.000000E+0	1.351940E+5
1.460000E-2	0.000000E+0	1.357950E+5
1.462000E-2	0.000000E+0	1.351110E+5
1.464000E-2	0.000000E+0	1.352480E+5
1.466000E-2	0.000000E+0	1.354730E+5
1.468000E-2	0.000000E+0	1.356890E+5
1.470000E-2	0.000000E+0	1.356030E+5
1.472000E-2	0.000000E+0	1.354020E+5
1.474000E-2	0.000000E+0	1.351790E+5
1.476000E-2	0.000000E+0	1.362990E+5
1.478000E-2	0.000000E+0	1.363120E+5
1.480000E-2	0.000000E+0	1.350660E+5
1.482000E-2	0.000000E+0	1.354750E+5
1.484000E-2	0.000000E+0	1.356750E+5
1.486000E-2	0.000000E+0	1.351520E+5
1.488000E-2	0.000000E+0	1.356770E+5
1.490000E-2	0.000000E+0	1.353480E+5
1.492000E-2	0.000000E+0	1.356320E+5
1.494000E-2	0.000000E+0	1.347820E+5
1.496000E-2	0.000000E+0	1.339800E+5
1.498000E-2	0.000000E+0	1.343900E+5
1.500000E-2	0.000000E+0	1.337160E+5
1.502000E-2	0.000000E+0	1.337850E+5
1.504000E-2	0.000000E+0	1.334610E+5
1.506000E-2	0.000000E+0	1.337630E+5
1.508000E-2	0.000000E+0	1.334780E+5
1.510000E-2	0.000000E+0	1.324150E+5
1.512000E-2	0.000000E+0	1.315440E+5
1.514000E-2	0.000000E+0	1.314440E+5
1.516000E-2	0.000000E+0	1.319600E+5
1.518000E-2	0.000000E+0	1.321450E+5
1.520000E-2	0.000000E+0	1.325810E+5
1.522000E-2	0.000000E+0	1.329290E+5
1.524000E-2	0.000000E+0	1.337610E+5
1.526000E-2	0.000000E+0	1.342350E+5
1.528000E-2	0.000000E+0	1.348620E+5
1.530000E-2	0.000000E+0	1.342140E+5
1.532000E-2	0.000000E+0	1.347890E+5
1.534000E-2	0.000000E+0	1.352690E+5
1.536000E-2	0.000000E+0	1.348040E+5
1.538000E-2	0.000000E+0	1.356630E+5
1.540000E-2	0.000000E+0	1.353960E+5
1.542000E-2	0.000000E+0	1.356740E+5
1.544000E-2	0.000000E+0	1.349110E+5
1.546000E-2	0.000000E+0	1.355420E+5
1.548000E-2	0.000000E+0	1.354890E+5
1.550000E-2	0.000000E+0	1.349120E+5
1.552000E-2	0.000000E+0	1.357230E+5
1.554000E-2	0.000000E+0	1.353110E+5
1.556000E-2	0.000000E+0	1.351410E+5
1.558000E-2	0.000000E+0	1.347160E+5
1.560000E-2	0.000000E+0	1.348600E+5
1.562000E-2	0.000000E+0	1.337460E+5
1.564000E-2	0.000000E+0	1.338190E+5
1.566000E-2	0.000000E+0	1.331810E+5
1.568000E-2	0.000000E+0	1.324820E+5
1.570000E-2	0.000000E+0	1.328600E+5
1.572000E-2	0.000000E+0	1.329010E+5
1.574000E-2	0.000000E+0	1.328850E+5
1.576000E-2	0.000000E+0	1.324490E+5
1.578000E-2	0.000000E+0	1.309620E+5
1.580000E-2	0.000000E+0	1.317460E+5
1.582000E-2	0.000000E+0	1.318220E+5
1.584000E-2	0.000000E+0	1.329450E+5
1.586000E-2	0.000000E+0	1.326200E+5
1.588000E-2	0.000000E+0	1.332090E+5
1.590000E-2	0.000000E+0	1.334050E+5
1.592000E-2	0.000000E+0	1.346280E+5
1.594000E-2	0.000000E+0	1.341360E+5
1.596000E-2	0.000000E+0	1.345740E+5
1.598000E-2	0.000000E+0	1.353170E+5
1.600000E-2	0.000000E+0	1.357740E+5
1.602000E-2	0.000000E+0	1.355950E+5
1.604000E-2	0.000000E+0	1.353720E+5
1.606000E-2	0.000000E+0	1.351330E+5
1.608000E-2	0.000000E+0	1.357110E+5
1.610000E-2	0.000000E+0	1.354970E+5
1.612000E-2	0.000000E+0	1.357120E+5
1.614000E-2	0.000000E+0	1.361560E+5
1.616000E-2	0.000000E+0	1.357990E+5
1.618000E-2	0.000000E+0	1.353710E+5
1.620000E-2	0.000000E+0	1.355870E+5
1.622000E-2	0.000000E+0	1.355990E+5
1.624000E-2	0.000000E+0	1.351740E+5
1.626000E-2	0.000000E+0	1.357330E+5
1.628000E-2	0.000000E+0	1.361400E+5
1.630000E-2	0.000000E+0	1.359220E+5
1.632000E-2	0.000000E+0	1.356130E+5
1.634000E-2	0.000000E+0	1.354740E+5
1.636000E-2	0.000000E+0	1.360480E+5
1.638000E-2	0.000000E+0	1.352380E+5
1.640000E-2	0.000000E+0	1.356380E+5
1.642000E-2	0.000000E+0	1.355510E+5
1.644000E-2	0.000000E+0	1.354810E+5
1.646000E-2	0.000000E+0	1.357380E+5
1.648000E-2	0.000000E+0	1.352790E+5
1.650000E-2	0.000000E+0	1.358170E+5
1.652000E-2	0.000000E+0	1.359230E+5
1.654000E-2	0.000000E+0	1.355350E+5
1.656000E-2	0.000000E+0	1.353540E+5
1.658000E-2	0.000000E+0	1.358340E+5
1.660000E-2	0.000000E+0	1.358620E+5
1.662000E-2	0.000000E+0	1.353930E+5
1.664000E-2	0.000000E+0	1.357140E+5
1.666000E-2	0.000000E+0	1.361790E+5
1.668000E-2	0.000000E+0	1.353190E+5
1.670000E-2	0.000000E+0	1.355580E+5
1.672000E-2	0.000000E+0	1.363550E+5
1.674000E-2	0.000000E+0	1.355300E+5
1.676000E-2	0.000000E+0	1.354710E+5
1.678000E-2	0.000000E+0	1.353430E+5
1.680000E-2	0.000000E+0	1.357410E+5
1.682000E-2	0.000000E+0	1.355150E+5
1.684000E-2	0.000000E+0	1.355440E+5
1.686000E-2	0.000000E+0	1.359510E+5
1.688000E-2	0.000000E+0	1.355310E+5
1.690000E-2	0.000000E+0	1.354300E+5
1.692000E-2	0.000000E+0	1.355820E+5
1.694000E-2	0.000000E+0	1.359300E+5
1.696000E-2	0.000000E+0	1.356060E+5
1.698000E-2	0.000000E+0	1.355500E+5
1.700000E-2	0.000000E+0	1.357980E+5
1.702000E-2	0.000000E+0	1.360270E+5
1.704000E-2	0.000000E+0	1.354710E+5
1.706000E-2	0.000000E+0	1.361000E+5
1.708000E-2	0.000000E+0	1.350900E+5
1.710000E-2	0.000000E+0	1.357240E+5
1.712000E-2	0.000000E+0	1.359170E+5
1.714000E-2	0.000000E+0	1.355370E+5
1.716000E-2	0.000000E+0	1.355550E+5
1.718000E-2	0.000000E+0	1.348710E+5
1.720000E-2	0.000000E+0	1.361080E+5
1.722000E-2	0.000000E+0	1.363230E+5
1.724000E-2	0.000000E+0	1.347410E+5
1.726000E-2	0.000000E+0	1.354360E+5
1.728000E-2	0.000000E+0	1.356840E+5
1.730000E-2	0.000000E+0	1.355340E+5
1.732000E-2	0.000000E+0	1.356070E+5
1.734000E-2	0.000000E+0	1.353110E+5
1.736000E-2	0.000000E+0	1.362050E+5
1.738000E-2	0.000000E+0	1.362250E+5
1.740000E-2	0.000000E+0	1.357260E+5
1.742000E-2	0.000000E+0	1.348810E+5
1.744000E-2	0.000000E+0	1.354030E+5
1.746000E-2	0.000000E+0	1.352200E+5
1.748000E-2	0.000000E+0	1.354390E+5
1.750000E-2	0.000000E+0	1.358600E+5
1.752000E-2	0.000000E+0	1.356960E+5
1.754000E-2	0.000000E+0	1.350380E+5
1.756000E-2	0.000000E+0	1.351320E+5
1.758000E-2	0.000000E+0	1.359730E+5
1.760000E-2	0.000000E+0	1.357680E+5
1.762000E-2	0.000000E+0	1.357220E+5
1.764000E-2	0.000000E+0	1.358330E+5
1.766000E-2	0.000000E+0	1.357730E+5
1.768000E-2	0.000000E+0	1.354220E+5
1.770000E-2	0.000000E+0	1.358700E+5
1.772000E-2	0.000000E+0	1.362790E+5
1.774000E-2	0.000000E+0	1.354290E+5
1.776000E-2	0.000000E+0	1.349350E+5
1.778000E-2	0.000000E+0	1.361540E+5
1.780000E-2	0.000000E+0	1.355770E+5
1.782000E-2	0.000000E+0	1.354720E+5
1.784000E-2	0.000000E+0	1.352380E+5
1.786000E-2	0.000000E+0	1.357820E+5
1.788000E-2	0.000000E+0	1.357640E+5
1.790000E-2	0.000000E+0	1.359790E+5
1.792000E-2	0.000000E+0	1.352110E+5
1.794000E-2	0.000000E+0	1.358010E+5
1.796000E-2	0.000000E+0	1.353920E+5
1.798000E-2	0.000000E+0	1.359220E+5
1.800000E-2	0.000000E+0	1.351070E+5
1.802000E-2	0.000000E+0	1.356990E+5
1.804000E-2	0.000000E+0	1.348910E+5
1.806000E-2	0.000000E+0	1.349840E+5
1.808000E-2	0.000000E+0	1.354970E+5
1.810000E-2	0.000000E+0	1.361180E+5
1.812000E-2	0.000000E+0	1.363930E+5
1.814000E-2	0.000000E+0	1.360600E+5
1.816000E-2	0.000000E+0	1.356370E+5
1.818000E-2	0.000000E+0	1.354920E+5
1.820000E-2	0.000000E+0	1.361090E+5
1.822000E-2	0.000000E+0	1.357750E+5
1.824000E-2	0.000000E+0	1.355010E+5
1.826000E-2	0.000000E+0	1.359760E+5
1.828000E-2	0.000000E+0	1.353020E+5
1.830000E-2	0.000000E+0	1.355360E+5
1.832000E-2	0.000000E+0	1.362360E+5
1.834000E-2	0.000000E+0	1.351680E+5
1.836000E-2	0.000000E+0	1.360890E+5
1.838000E-2	0.000000E+0	1.354430E+5
1.840000E-2	0.000000E+0	1.355680E+5
1.842000E-2	0.000000E+0	1.357590E+5
1.844000E-2	0.000000E+0	1.355250E+5
1.846000E-2	0.000000E+0	1.349910E+5
1.848000E-2	0.000000E+0	1.358480E+5
1.850000E-2	0.000000E+0	1.359400E+5
1.852000E-2	0.000000E+0	1.358470E+5
1.854000E-2	0.000000E+0	1.358500E+5
1.856000E-2	0.000000E+0	1.350600E+5
1.858000E-2	0.000000E+0	1.359000E+5
1.860000E-2	0.000000E+0	1.356670E+5
1.862000E-2	0.000000E+0	1.355050E+5
1.864000E-2	0.000000E+0	1.350250E+5
1.866000E-2	0.000000E+0	1.354130E+5
1.868000E-2	0.000000E+0	1.356320E+5
1.870000E-2	0.000000E+0	1.358170E+5
1.872000E-2	0.000000E+0	1.360040E+5
1.874000E-2	0.000000E+0	1.350040E+5
1.876000E-2	0.000000E+0	1.356660E+5
1.878000E-2	0.000000E+0	1.362710E+5
1.880000E-2	0.000000E+0	1.354460E+5
1.882000E-2	0.000000E+0	1.352470E+5
1.884000E-2	0.000000E+0	1.359910E+5
1.886000E-2	0.000000E+0	1.356390E+5
1.888000E-2	0.000000E+0	1.352030E+5
1.890000E-2	0.000000E+0	1.360580E+5
1.892000E-2	0.000000E+0	1.359010E+5
1.894000E-2	0.000000E+0	1.358400E+5
1.896000E-2	0.000000E+0	1.355600E+5
1.898000E-2	0.000000E+0	1.352720E+5
1.900000E-2	0.000000E+0	1.357890E+5
1.902000E-2	0.000000E+0	1.355110E+5
1.904000E-2	0.000000E+0	1.354790E+5
1.906000E-2	0.000000E+0	1.355920E+5
1.908000E-2	0.000000E+0	1.358380E+5
1.910000E-2	0.000000E+0	1.354590E+5
1.912000E-2	0.000000E+0	1.359160E+5
1.914000E-2	0.000000E+0	1.359120E+5
1.916000E-2	0.000000E+0	1.352260E+5
1.918000E-2	0.000000E+0	1.358190E+5
1.920000E-2	0.000000E+0	1.359480E+5
1.922000E-2	0.000000E+0	1.352660E+5
1.924000E-2	0.000000E+0	1.353540E+5
1.926000E-2	0.000000E+0	1.354410E+5
1.928000E-2	0.000000E+0	1.359090E+5
1.930000E-2	0.000000E+0	1.358640E+5
1.932000E-2	0.000000E+0	1.353220E+5
1.934000E-2	0.000000E+0	1.350010E+5
1.936000E-2	0.000000E+0	1.353440E+5
1.938000E-2	0.000000E+0	1.359730E+5
1.940000E-2	0.000000E+0	1.355660E+5
1.942000E-2	0.000000E+0	1.360980E+5
1.944000E-2	0.000000E+0	1.358720E+5
1.946000E-2	0.000000E+0	1.355020E+5
1.948000E-2	0.000000E+0	1.353630E+5
1.950000E-2	0.000000E+0	1.356260E+5
1.952000E-2	0.000000E+0	1.363650E+5
1.954000E-2	0.000000E+0	1.353800E+5
1.956000E-2	0.000000E+0	1.360570E+5
1.958000E-2	0.000000E+0	1.360350E+5
1.960000E-2	0.000000E+0	1.358700E+5
1.962000E-2	0.000000E+0	1.351930E+5
1.964000E-2	0.000000E+0	1.358360E+5
1.966000E-2	0.000000E+0	1.357850E+5
1.968000E-2	0.000000E+0	1.357620E+5
1.970000E-2	0.000000E+0	1.354320E+5
1.972000E-2	0.000000E+0	1.356190E+5
1.974000E-2	0.000000E+0	1.352650E+5
1.976000E-2	0.000000E+0	1.351520E+5
1.978000E-2	0.000000E+0	1.354140E+5
1.980000E-2	0.000000E+0	1.356880E+5
1.982000E-2	0.000000E+0	1.358400E+5
1.984000E-2	0.000000E+0	1.362980E+5
1.986000E-2	0.000000E+0	1.356060E+5
1.988000E-2	0.000000E+0	1.352670E+5
1.990000E-2	0.000000E+0	1.358180E+5
1.992000E-2	0.000000E+0	1.353890E+5
1.994000E-2	0.000000E+0	1.361520E+5
1.996000E-2	0.000000E+0	1.356850E+5
1.998000E-2	0.000000E+0	1.356580E+5
