

live time:  85423.580000
real time:  118809.647000
sweeps:  4271179.000000
0.000000E+0	0.000000E+0	0.000000E+0
2.000000E-5	0.000000E+0	1.872790E+5
4.000000E-5	0.000000E+0	1.880380E+5
6.000000E-5	0.000000E+0	1.874340E+5
8.000000E-5	0.000000E+0	1.880030E+5
1.000000E-4	0.000000E+0	1.873860E+5
1.200000E-4	0.000000E+0	1.874760E+5
1.400000E-4	0.000000E+0	1.875170E+5
1.600000E-4	0.000000E+0	1.878490E+5
1.800000E-4	0.000000E+0	1.877660E+5
2.000000E-4	0.000000E+0	1.877410E+5
2.200000E-4	0.000000E+0	1.874170E+5
2.400000E-4	0.000000E+0	1.871990E+5
2.600000E-4	0.000000E+0	1.870100E+5
2.800000E-4	0.000000E+0	1.875270E+5
3.000000E-4	0.000000E+0	1.880990E+5
3.200000E-4	0.000000E+0	1.879450E+5
3.400000E-4	0.000000E+0	1.874310E+5
3.600000E-4	0.000000E+0	1.872410E+5
3.800000E-4	0.000000E+0	1.869430E+5
4.000000E-4	0.000000E+0	1.874360E+5
4.200000E-4	0.000000E+0	1.878020E+5
4.400000E-4	0.000000E+0	1.868490E+5
4.600000E-4	0.000000E+0	1.883660E+5
4.800000E-4	0.000000E+0	1.873680E+5
5.000000E-4	0.000000E+0	1.875980E+5
5.200000E-4	0.000000E+0	1.878040E+5
5.400000E-4	0.000000E+0	1.877910E+5
5.600000E-4	0.000000E+0	1.870150E+5
5.800000E-4	0.000000E+0	1.877810E+5
6.000000E-4	0.000000E+0	1.877360E+5
6.200000E-4	0.000000E+0	1.870540E+5
6.400000E-4	0.000000E+0	1.880150E+5
6.600000E-4	0.000000E+0	1.872520E+5
6.800000E-4	0.000000E+0	1.870980E+5
7.000000E-4	0.000000E+0	1.875370E+5
7.200000E-4	0.000000E+0	1.881050E+5
7.400000E-4	0.000000E+0	1.873080E+5
7.600000E-4	0.000000E+0	1.873090E+5
7.800000E-4	0.000000E+0	1.869940E+5
8.000000E-4	0.000000E+0	1.875350E+5
8.200000E-4	0.000000E+0	1.880470E+5
8.400000E-4	0.000000E+0	1.875930E+5
8.600000E-4	0.000000E+0	1.876770E+5
8.800000E-4	0.000000E+0	1.866950E+5
9.000000E-4	0.000000E+0	1.879040E+5
9.200000E-4	0.000000E+0	1.872620E+5
9.400000E-4	0.000000E+0	1.875990E+5
9.600000E-4	0.000000E+0	1.868320E+5
9.800000E-4	0.000000E+0	1.881220E+5
1.000000E-3	0.000000E+0	1.878010E+5
1.020000E-3	0.000000E+0	1.873150E+5
1.040000E-3	0.000000E+0	1.872190E+5
1.060000E-3	0.000000E+0	1.873540E+5
1.080000E-3	0.000000E+0	1.874520E+5
1.100000E-3	0.000000E+0	1.872960E+5
1.120000E-3	0.000000E+0	1.875230E+5
1.140000E-3	0.000000E+0	1.872760E+5
1.160000E-3	0.000000E+0	1.865170E+5
1.180000E-3	0.000000E+0	1.871830E+5
1.200000E-3	0.000000E+0	1.879970E+5
1.220000E-3	0.000000E+0	1.881710E+5
1.240000E-3	0.000000E+0	1.876200E+5
1.260000E-3	0.000000E+0	1.870860E+5
1.280000E-3	0.000000E+0	1.882520E+5
1.300000E-3	0.000000E+0	1.867550E+5
1.320000E-3	0.000000E+0	1.880370E+5
1.340000E-3	0.000000E+0	1.871860E+5
1.360000E-3	0.000000E+0	1.872150E+5
1.380000E-3	0.000000E+0	1.879410E+5
1.400000E-3	0.000000E+0	1.873950E+5
1.420000E-3	0.000000E+0	1.880200E+5
1.440000E-3	0.000000E+0	1.870680E+5
1.460000E-3	0.000000E+0	1.866910E+5
1.480000E-3	0.000000E+0	1.875810E+5
1.500000E-3	0.000000E+0	1.879630E+5
1.520000E-3	0.000000E+0	1.874660E+5
1.540000E-3	0.000000E+0	1.881880E+5
1.560000E-3	0.000000E+0	1.871810E+5
1.580000E-3	0.000000E+0	1.873100E+5
1.600000E-3	0.000000E+0	1.872120E+5
1.620000E-3	0.000000E+0	1.871830E+5
1.640000E-3	0.000000E+0	1.870040E+5
1.660000E-3	0.000000E+0	1.884970E+5
1.680000E-3	0.000000E+0	1.871190E+5
1.700000E-3	0.000000E+0	1.872090E+5
1.720000E-3	0.000000E+0	1.877490E+5
1.740000E-3	0.000000E+0	1.881270E+5
1.760000E-3	0.000000E+0	1.882690E+5
1.780000E-3	0.000000E+0	1.881250E+5
1.800000E-3	0.000000E+0	1.882210E+5
1.820000E-3	0.000000E+0	1.871650E+5
1.840000E-3	0.000000E+0	1.876920E+5
1.860000E-3	0.000000E+0	1.877160E+5
1.880000E-3	0.000000E+0	1.875970E+5
1.900000E-3	0.000000E+0	1.873960E+5
1.920000E-3	0.000000E+0	1.878440E+5
1.940000E-3	0.000000E+0	1.873340E+5
1.960000E-3	0.000000E+0	1.877120E+5
1.980000E-3	0.000000E+0	1.879500E+5
2.000000E-3	0.000000E+0	1.874210E+5
2.020000E-3	0.000000E+0	1.872810E+5
2.040000E-3	0.000000E+0	1.871190E+5
2.060000E-3	0.000000E+0	1.880540E+5
2.080000E-3	0.000000E+0	1.878660E+5
2.100000E-3	0.000000E+0	1.885600E+5
2.120000E-3	0.000000E+0	1.872910E+5
2.140000E-3	0.000000E+0	1.876000E+5
2.160000E-3	0.000000E+0	1.874360E+5
2.180000E-3	0.000000E+0	1.880360E+5
2.200000E-3	0.000000E+0	1.878850E+5
2.220000E-3	0.000000E+0	1.877330E+5
2.240000E-3	0.000000E+0	1.876470E+5
2.260000E-3	0.000000E+0	1.880370E+5
2.280000E-3	0.000000E+0	1.873870E+5
2.300000E-3	0.000000E+0	1.878710E+5
2.320000E-3	0.000000E+0	1.872600E+5
2.340000E-3	0.000000E+0	1.877150E+5
2.360000E-3	0.000000E+0	1.873660E+5
2.380000E-3	0.000000E+0	1.878820E+5
2.400000E-3	0.000000E+0	1.869590E+5
2.420000E-3	0.000000E+0	1.874200E+5
2.440000E-3	0.000000E+0	1.864970E+5
2.460000E-3	0.000000E+0	1.871820E+5
2.480000E-3	0.000000E+0	1.881520E+5
2.500000E-3	0.000000E+0	1.877500E+5
2.520000E-3	0.000000E+0	1.875080E+5
2.540000E-3	0.000000E+0	1.872620E+5
2.560000E-3	0.000000E+0	1.873110E+5
2.580000E-3	0.000000E+0	1.871070E+5
2.600000E-3	0.000000E+0	1.883410E+5
2.620000E-3	0.000000E+0	1.873890E+5
2.640000E-3	0.000000E+0	1.874850E+5
2.660000E-3	0.000000E+0	1.878500E+5
2.680000E-3	0.000000E+0	1.874920E+5
2.700000E-3	0.000000E+0	1.878460E+5
2.720000E-3	0.000000E+0	1.876680E+5
2.740000E-3	0.000000E+0	1.883910E+5
2.760000E-3	0.000000E+0	1.877910E+5
2.780000E-3	0.000000E+0	1.875040E+5
2.800000E-3	0.000000E+0	1.869820E+5
2.820000E-3	0.000000E+0	1.876690E+5
2.840000E-3	0.000000E+0	1.871770E+5
2.860000E-3	0.000000E+0	1.883060E+5
2.880000E-3	0.000000E+0	1.879480E+5
2.900000E-3	0.000000E+0	1.882220E+5
2.920000E-3	0.000000E+0	1.873480E+5
2.940000E-3	0.000000E+0	1.878080E+5
2.960000E-3	0.000000E+0	1.880300E+5
2.980000E-3	0.000000E+0	1.871860E+5
3.000000E-3	0.000000E+0	1.876080E+5
3.020000E-3	0.000000E+0	1.877810E+5
3.040000E-3	0.000000E+0	1.876700E+5
3.060000E-3	0.000000E+0	1.889280E+5
3.080000E-3	0.000000E+0	1.878850E+5
3.100000E-3	0.000000E+0	1.869890E+5
3.120000E-3	0.000000E+0	1.876800E+5
3.140000E-3	0.000000E+0	1.876050E+5
3.160000E-3	0.000000E+0	1.875310E+5
3.180000E-3	0.000000E+0	1.883350E+5
3.200000E-3	0.000000E+0	1.877480E+5
3.220000E-3	0.000000E+0	1.878890E+5
3.240000E-3	0.000000E+0	1.872460E+5
3.260000E-3	0.000000E+0	1.878230E+5
3.280000E-3	0.000000E+0	1.872560E+5
3.300000E-3	0.000000E+0	1.873200E+5
3.320000E-3	0.000000E+0	1.875980E+5
3.340000E-3	0.000000E+0	1.877210E+5
3.360000E-3	0.000000E+0	1.876520E+5
3.380000E-3	0.000000E+0	1.872760E+5
3.400000E-3	0.000000E+0	1.873520E+5
3.420000E-3	0.000000E+0	1.878980E+5
3.440000E-3	0.000000E+0	1.869370E+5
3.460000E-3	0.000000E+0	1.878840E+5
3.480000E-3	0.000000E+0	1.872070E+5
3.500000E-3	0.000000E+0	1.883280E+5
3.520000E-3	0.000000E+0	1.872460E+5
3.540000E-3	0.000000E+0	1.872800E+5
3.560000E-3	0.000000E+0	1.872210E+5
3.580000E-3	0.000000E+0	1.876260E+5
3.600000E-3	0.000000E+0	1.873190E+5
3.620000E-3	0.000000E+0	1.862010E+5
3.640000E-3	0.000000E+0	1.879660E+5
3.660000E-3	0.000000E+0	1.875310E+5
3.680000E-3	0.000000E+0	1.874790E+5
3.700000E-3	0.000000E+0	1.874000E+5
3.720000E-3	0.000000E+0	1.877140E+5
3.740000E-3	0.000000E+0	1.874880E+5
3.760000E-3	0.000000E+0	1.874670E+5
3.780000E-3	0.000000E+0	1.876480E+5
3.800000E-3	0.000000E+0	1.873270E+5
3.820000E-3	0.000000E+0	1.870090E+5
3.840000E-3	0.000000E+0	1.873580E+5
3.860000E-3	0.000000E+0	1.875170E+5
3.880000E-3	0.000000E+0	1.872420E+5
3.900000E-3	0.000000E+0	1.876260E+5
3.920000E-3	0.000000E+0	1.887210E+5
3.940000E-3	0.000000E+0	1.881690E+5
3.960000E-3	0.000000E+0	1.878500E+5
3.980000E-3	0.000000E+0	1.873990E+5
4.000000E-3	0.000000E+0	1.881220E+5
4.020000E-3	0.000000E+0	1.876180E+5
4.040000E-3	0.000000E+0	1.872210E+5
4.060000E-3	0.000000E+0	1.878710E+5
4.080000E-3	0.000000E+0	1.879090E+5
4.100000E-3	0.000000E+0	1.874870E+5
4.120000E-3	0.000000E+0	1.872380E+5
4.140000E-3	0.000000E+0	1.877310E+5
4.160000E-3	0.000000E+0	1.879660E+5
4.180000E-3	0.000000E+0	1.869050E+5
4.200000E-3	0.000000E+0	1.872080E+5
4.220000E-3	0.000000E+0	1.867590E+5
4.240000E-3	0.000000E+0	1.874750E+5
4.260000E-3	0.000000E+0	1.869460E+5
4.280000E-3	0.000000E+0	1.877460E+5
4.300000E-3	0.000000E+0	1.874560E+5
4.320000E-3	0.000000E+0	1.872430E+5
4.340000E-3	0.000000E+0	1.872010E+5
4.360000E-3	0.000000E+0	1.876680E+5
4.380000E-3	0.000000E+0	1.867810E+5
4.400000E-3	0.000000E+0	1.882900E+5
4.420000E-3	0.000000E+0	1.876190E+5
4.440000E-3	0.000000E+0	1.868270E+5
4.460000E-3	0.000000E+0	1.873000E+5
4.480000E-3	0.000000E+0	1.867540E+5
4.500000E-3	0.000000E+0	1.872440E+5
4.520000E-3	0.000000E+0	1.872710E+5
4.540000E-3	0.000000E+0	1.874560E+5
4.560000E-3	0.000000E+0	1.869710E+5
4.580000E-3	0.000000E+0	1.873980E+5
4.600000E-3	0.000000E+0	1.869320E+5
4.620000E-3	0.000000E+0	1.870460E+5
4.640000E-3	0.000000E+0	1.874430E+5
4.660000E-3	0.000000E+0	1.876130E+5
4.680000E-3	0.000000E+0	1.873250E+5
4.700000E-3	0.000000E+0	1.877360E+5
4.720000E-3	0.000000E+0	1.877300E+5
4.740000E-3	0.000000E+0	1.861610E+5
4.760000E-3	0.000000E+0	1.877820E+5
4.780000E-3	0.000000E+0	1.869390E+5
4.800000E-3	0.000000E+0	1.875540E+5
4.820000E-3	0.000000E+0	1.871550E+5
4.840000E-3	0.000000E+0	1.876520E+5
4.860000E-3	0.000000E+0	1.868320E+5
4.880000E-3	0.000000E+0	1.864500E+5
4.900000E-3	0.000000E+0	1.865780E+5
4.920000E-3	0.000000E+0	1.853410E+5
4.940000E-3	0.000000E+0	1.851500E+5
4.960000E-3	0.000000E+0	1.846160E+5
4.980000E-3	0.000000E+0	1.850010E+5
5.000000E-3	0.000000E+0	1.843580E+5
5.020000E-3	0.000000E+0	1.846650E+5
5.040000E-3	0.000000E+0	1.834910E+5
5.060000E-3	0.000000E+0	1.825350E+5
5.080000E-3	0.000000E+0	1.819190E+5
5.100000E-3	0.000000E+0	1.819530E+5
5.120000E-3	0.000000E+0	1.818990E+5
5.140000E-3	0.000000E+0	1.826470E+5
5.160000E-3	0.000000E+0	1.829190E+5
5.180000E-3	0.000000E+0	1.832260E+5
5.200000E-3	0.000000E+0	1.839480E+5
5.220000E-3	0.000000E+0	1.848290E+5
5.240000E-3	0.000000E+0	1.850410E+5
5.260000E-3	0.000000E+0	1.862230E+5
5.280000E-3	0.000000E+0	1.853450E+5
5.300000E-3	0.000000E+0	1.861450E+5
5.320000E-3	0.000000E+0	1.867410E+5
5.340000E-3	0.000000E+0	1.869230E+5
5.360000E-3	0.000000E+0	1.872730E+5
5.380000E-3	0.000000E+0	1.871990E+5
5.400000E-3	0.000000E+0	1.878290E+5
5.420000E-3	0.000000E+0	1.874440E+5
5.440000E-3	0.000000E+0	1.861350E+5
5.460000E-3	0.000000E+0	1.865920E+5
5.480000E-3	0.000000E+0	1.869320E+5
5.500000E-3	0.000000E+0	1.869120E+5
5.520000E-3	0.000000E+0	1.864380E+5
5.540000E-3	0.000000E+0	1.869860E+5
5.560000E-3	0.000000E+0	1.861710E+5
5.580000E-3	0.000000E+0	1.859230E+5
5.600000E-3	0.000000E+0	1.845870E+5
5.620000E-3	0.000000E+0	1.838980E+5
5.640000E-3	0.000000E+0	1.841490E+5
5.660000E-3	0.000000E+0	1.847870E+5
5.680000E-3	0.000000E+0	1.846030E+5
5.700000E-3	0.000000E+0	1.836080E+5
5.720000E-3	0.000000E+0	1.831910E+5
5.740000E-3	0.000000E+0	1.823340E+5
5.760000E-3	0.000000E+0	1.822880E+5
5.780000E-3	0.000000E+0	1.830310E+5
5.800000E-3	0.000000E+0	1.827910E+5
5.820000E-3	0.000000E+0	1.836290E+5
5.840000E-3	0.000000E+0	1.841910E+5
5.860000E-3	0.000000E+0	1.846650E+5
5.880000E-3	0.000000E+0	1.856530E+5
5.900000E-3	0.000000E+0	1.860950E+5
5.920000E-3	0.000000E+0	1.866510E+5
5.940000E-3	0.000000E+0	1.854090E+5
5.960000E-3	0.000000E+0	1.865060E+5
5.980000E-3	0.000000E+0	1.869550E+5
6.000000E-3	0.000000E+0	1.869350E+5
6.020000E-3	0.000000E+0	1.875190E+5
6.040000E-3	0.000000E+0	1.875170E+5
6.060000E-3	0.000000E+0	1.872910E+5
6.080000E-3	0.000000E+0	1.872660E+5
6.100000E-3	0.000000E+0	1.870950E+5
6.120000E-3	0.000000E+0	1.873140E+5
6.140000E-3	0.000000E+0	1.869510E+5
6.160000E-3	0.000000E+0	1.872140E+5
6.180000E-3	0.000000E+0	1.876640E+5
6.200000E-3	0.000000E+0	1.871630E+5
6.220000E-3	0.000000E+0	1.877150E+5
6.240000E-3	0.000000E+0	1.866110E+5
6.260000E-3	0.000000E+0	1.875140E+5
6.280000E-3	0.000000E+0	1.881440E+5
6.300000E-3	0.000000E+0	1.872890E+5
6.320000E-3	0.000000E+0	1.877250E+5
6.340000E-3	0.000000E+0	1.875740E+5
6.360000E-3	0.000000E+0	1.867490E+5
6.380000E-3	0.000000E+0	1.876660E+5
6.400000E-3	0.000000E+0	1.870460E+5
6.420000E-3	0.000000E+0	1.876860E+5
6.440000E-3	0.000000E+0	1.883160E+5
6.460000E-3	0.000000E+0	1.874370E+5
6.480000E-3	0.000000E+0	1.871460E+5
6.500000E-3	0.000000E+0	1.871290E+5
6.520000E-3	0.000000E+0	1.878420E+5
6.540000E-3	0.000000E+0	1.870330E+5
6.560000E-3	0.000000E+0	1.878190E+5
6.580000E-3	0.000000E+0	1.875970E+5
6.600000E-3	0.000000E+0	1.879250E+5
6.620000E-3	0.000000E+0	1.872910E+5
6.640000E-3	0.000000E+0	1.871610E+5
6.660000E-3	0.000000E+0	1.867950E+5
6.680000E-3	0.000000E+0	1.875380E+5
6.700000E-3	0.000000E+0	1.875320E+5
6.720000E-3	0.000000E+0	1.873350E+5
6.740000E-3	0.000000E+0	1.877920E+5
6.760000E-3	0.000000E+0	1.878510E+5
6.780000E-3	0.000000E+0	1.867800E+5
6.800000E-3	0.000000E+0	1.880320E+5
6.820000E-3	0.000000E+0	1.874250E+5
6.840000E-3	0.000000E+0	1.874460E+5
6.860000E-3	0.000000E+0	1.874810E+5
6.880000E-3	0.000000E+0	1.879960E+5
6.900000E-3	0.000000E+0	1.870400E+5
6.920000E-3	0.000000E+0	1.876610E+5
6.940000E-3	0.000000E+0	1.871880E+5
6.960000E-3	0.000000E+0	1.871470E+5
6.980000E-3	0.000000E+0	1.875510E+5
7.000000E-3	0.000000E+0	1.872820E+5
7.020000E-3	0.000000E+0	1.869370E+5
7.040000E-3	0.000000E+0	1.873440E+5
7.060000E-3	0.000000E+0	1.873600E+5
7.080000E-3	0.000000E+0	1.877610E+5
7.100000E-3	0.000000E+0	1.878050E+5
7.120000E-3	0.000000E+0	1.875460E+5
7.140000E-3	0.000000E+0	1.876710E+5
7.160000E-3	0.000000E+0	1.881010E+5
7.180000E-3	0.000000E+0	1.867760E+5
7.200000E-3	0.000000E+0	1.874680E+5
7.220000E-3	0.000000E+0	1.879020E+5
7.240000E-3	0.000000E+0	1.873940E+5
7.260000E-3	0.000000E+0	1.868030E+5
7.280000E-3	0.000000E+0	1.870430E+5
7.300000E-3	0.000000E+0	1.873620E+5
7.320000E-3	0.000000E+0	1.882760E+5
7.340000E-3	0.000000E+0	1.878520E+5
7.360000E-3	0.000000E+0	1.873560E+5
7.380000E-3	0.000000E+0	1.877920E+5
7.400000E-3	0.000000E+0	1.875050E+5
7.420000E-3	0.000000E+0	1.872020E+5
7.440000E-3	0.000000E+0	1.875540E+5
7.460000E-3	0.000000E+0	1.877540E+5
7.480000E-3	0.000000E+0	1.874860E+5
7.500000E-3	0.000000E+0	1.882920E+5
7.520000E-3	0.000000E+0	1.878990E+5
7.540000E-3	0.000000E+0	1.878930E+5
7.560000E-3	0.000000E+0	1.879680E+5
7.580000E-3	0.000000E+0	1.872720E+5
7.600000E-3	0.000000E+0	1.870170E+5
7.620000E-3	0.000000E+0	1.875850E+5
7.640000E-3	0.000000E+0	1.883840E+5
7.660000E-3	0.000000E+0	1.872540E+5
7.680000E-3	0.000000E+0	1.877990E+5
7.700000E-3	0.000000E+0	1.873770E+5
7.720000E-3	0.000000E+0	1.876080E+5
7.740000E-3	0.000000E+0	1.872360E+5
7.760000E-3	0.000000E+0	1.865270E+5
7.780000E-3	0.000000E+0	1.881790E+5
7.800000E-3	0.000000E+0	1.876640E+5
7.820000E-3	0.000000E+0	1.877540E+5
7.840000E-3	0.000000E+0	1.881550E+5
7.860000E-3	0.000000E+0	1.874120E+5
7.880000E-3	0.000000E+0	1.877790E+5
7.900000E-3	0.000000E+0	1.877740E+5
7.920000E-3	0.000000E+0	1.869730E+5
7.940000E-3	0.000000E+0	1.879430E+5
7.960000E-3	0.000000E+0	1.879400E+5
7.980000E-3	0.000000E+0	1.880680E+5
8.000000E-3	0.000000E+0	1.878560E+5
8.020000E-3	0.000000E+0	1.879410E+5
8.040000E-3	0.000000E+0	1.868970E+5
8.060000E-3	0.000000E+0	1.876570E+5
8.080000E-3	0.000000E+0	1.875610E+5
8.100000E-3	0.000000E+0	1.875940E+5
8.120000E-3	0.000000E+0	1.881620E+5
8.140000E-3	0.000000E+0	1.873090E+5
8.160000E-3	0.000000E+0	1.878020E+5
8.180000E-3	0.000000E+0	1.874830E+5
8.200000E-3	0.000000E+0	1.874360E+5
8.220000E-3	0.000000E+0	1.871230E+5
8.240000E-3	0.000000E+0	1.872830E+5
8.260000E-3	0.000000E+0	1.885020E+5
8.280000E-3	0.000000E+0	1.871600E+5
8.300000E-3	0.000000E+0	1.878060E+5
8.320000E-3	0.000000E+0	1.872880E+5
8.340000E-3	0.000000E+0	1.876390E+5
8.360000E-3	0.000000E+0	1.874170E+5
8.380000E-3	0.000000E+0	1.867100E+5
8.400000E-3	0.000000E+0	1.872450E+5
8.420000E-3	0.000000E+0	1.876310E+5
8.440000E-3	0.000000E+0	1.880270E+5
8.460000E-3	0.000000E+0	1.875380E+5
8.480000E-3	0.000000E+0	1.885040E+5
8.500000E-3	0.000000E+0	1.862600E+5
8.520000E-3	0.000000E+0	1.875800E+5
8.540000E-3	0.000000E+0	1.877780E+5
8.560000E-3	0.000000E+0	1.873340E+5
8.580000E-3	0.000000E+0	1.888560E+5
8.600000E-3	0.000000E+0	1.867480E+5
8.620000E-3	0.000000E+0	1.876710E+5
8.640000E-3	0.000000E+0	1.876880E+5
8.660000E-3	0.000000E+0	1.873310E+5
8.680000E-3	0.000000E+0	1.880510E+5
8.700000E-3	0.000000E+0	1.870580E+5
8.720000E-3	0.000000E+0	1.875150E+5
8.740000E-3	0.000000E+0	1.871430E+5
8.760000E-3	0.000000E+0	1.878830E+5
8.780000E-3	0.000000E+0	1.879490E+5
8.800000E-3	0.000000E+0	1.879880E+5
8.820000E-3	0.000000E+0	1.878520E+5
8.840000E-3	0.000000E+0	1.872590E+5
8.860000E-3	0.000000E+0	1.882450E+5
8.880000E-3	0.000000E+0	1.874270E+5
8.900000E-3	0.000000E+0	1.880850E+5
8.920000E-3	0.000000E+0	1.868530E+5
8.940000E-3	0.000000E+0	1.869420E+5
8.960000E-3	0.000000E+0	1.884820E+5
8.980000E-3	0.000000E+0	1.871430E+5
9.000000E-3	0.000000E+0	1.870640E+5
9.020000E-3	0.000000E+0	1.872970E+5
9.040000E-3	0.000000E+0	1.877270E+5
9.060000E-3	0.000000E+0	1.884270E+5
9.080000E-3	0.000000E+0	1.878140E+5
9.100000E-3	0.000000E+0	1.877700E+5
9.120000E-3	0.000000E+0	1.874420E+5
9.140000E-3	0.000000E+0	1.876120E+5
9.160000E-3	0.000000E+0	1.881330E+5
9.180000E-3	0.000000E+0	1.872910E+5
9.200000E-3	0.000000E+0	1.878640E+5
9.220000E-3	0.000000E+0	1.874190E+5
9.240000E-3	0.000000E+0	1.880670E+5
9.260000E-3	0.000000E+0	1.878940E+5
9.280000E-3	0.000000E+0	1.882950E+5
9.300000E-3	0.000000E+0	1.880470E+5
9.320000E-3	0.000000E+0	1.875140E+5
9.340000E-3	0.000000E+0	1.875550E+5
9.360000E-3	0.000000E+0	1.872300E+5
9.380000E-3	0.000000E+0	1.875820E+5
9.400000E-3	0.000000E+0	1.878820E+5
9.420000E-3	0.000000E+0	1.881180E+5
9.440000E-3	0.000000E+0	1.878890E+5
9.460000E-3	0.000000E+0	1.883240E+5
9.480000E-3	0.000000E+0	1.869180E+5
9.500000E-3	0.000000E+0	1.873000E+5
9.520000E-3	0.000000E+0	1.882770E+5
9.540000E-3	0.000000E+0	1.868000E+5
9.560000E-3	0.000000E+0	1.870940E+5
9.580000E-3	0.000000E+0	1.879570E+5
9.600000E-3	0.000000E+0	1.876670E+5
9.620000E-3	0.000000E+0	1.869080E+5
9.640000E-3	0.000000E+0	1.876120E+5
9.660000E-3	0.000000E+0	1.878600E+5
9.680000E-3	0.000000E+0	1.869570E+5
9.700000E-3	0.000000E+0	1.881500E+5
9.720000E-3	0.000000E+0	1.871710E+5
9.740000E-3	0.000000E+0	1.877670E+5
9.760000E-3	0.000000E+0	1.867610E+5
9.780000E-3	0.000000E+0	1.874580E+5
9.800000E-3	0.000000E+0	1.876460E+5
9.820000E-3	0.000000E+0	1.878570E+5
9.840000E-3	0.000000E+0	1.874020E+5
9.860000E-3	0.000000E+0	1.878590E+5
9.880000E-3	0.000000E+0	1.884380E+5
9.900000E-3	0.000000E+0	1.876860E+5
9.920000E-3	0.000000E+0	1.869040E+5
9.940000E-3	0.000000E+0	1.872220E+5
9.960000E-3	0.000000E+0	1.871990E+5
9.980000E-3	0.000000E+0	1.882740E+5
1.000000E-2	0.000000E+0	1.867880E+5
1.002000E-2	0.000000E+0	1.874780E+5
1.004000E-2	0.000000E+0	1.877560E+5
1.006000E-2	0.000000E+0	1.879660E+5
1.008000E-2	0.000000E+0	1.871020E+5
1.010000E-2	0.000000E+0	1.875950E+5
1.012000E-2	0.000000E+0	1.876650E+5
1.014000E-2	0.000000E+0	1.881460E+5
1.016000E-2	0.000000E+0	1.876710E+5
1.018000E-2	0.000000E+0	1.879050E+5
1.020000E-2	0.000000E+0	1.875950E+5
1.022000E-2	0.000000E+0	1.879960E+5
1.024000E-2	0.000000E+0	1.870750E+5
1.026000E-2	0.000000E+0	1.889780E+5
1.028000E-2	0.000000E+0	1.875230E+5
1.030000E-2	0.000000E+0	1.879880E+5
1.032000E-2	0.000000E+0	1.877730E+5
1.034000E-2	0.000000E+0	1.877550E+5
1.036000E-2	0.000000E+0	1.873770E+5
1.038000E-2	0.000000E+0	1.882090E+5
1.040000E-2	0.000000E+0	1.878390E+5
1.042000E-2	0.000000E+0	1.878680E+5
1.044000E-2	0.000000E+0	1.875870E+5
1.046000E-2	0.000000E+0	1.876030E+5
1.048000E-2	0.000000E+0	1.878960E+5
1.050000E-2	0.000000E+0	1.870210E+5
1.052000E-2	0.000000E+0	1.881100E+5
1.054000E-2	0.000000E+0	1.885300E+5
1.056000E-2	0.000000E+0	1.878090E+5
1.058000E-2	0.000000E+0	1.879470E+5
1.060000E-2	0.000000E+0	1.870900E+5
1.062000E-2	0.000000E+0	1.872830E+5
1.064000E-2	0.000000E+0	1.878390E+5
1.066000E-2	0.000000E+0	1.874790E+5
1.068000E-2	0.000000E+0	1.883600E+5
1.070000E-2	0.000000E+0	1.876190E+5
1.072000E-2	0.000000E+0	1.877430E+5
1.074000E-2	0.000000E+0	1.880620E+5
1.076000E-2	0.000000E+0	1.884370E+5
1.078000E-2	0.000000E+0	1.882420E+5
1.080000E-2	0.000000E+0	1.874100E+5
1.082000E-2	0.000000E+0	1.885140E+5
1.084000E-2	0.000000E+0	1.875770E+5
1.086000E-2	0.000000E+0	1.877040E+5
1.088000E-2	0.000000E+0	1.877240E+5
1.090000E-2	0.000000E+0	1.874420E+5
1.092000E-2	0.000000E+0	1.878910E+5
1.094000E-2	0.000000E+0	1.874800E+5
1.096000E-2	0.000000E+0	1.876750E+5
1.098000E-2	0.000000E+0	1.875880E+5
1.100000E-2	0.000000E+0	1.882310E+5
1.102000E-2	0.000000E+0	1.876510E+5
1.104000E-2	0.000000E+0	1.881770E+5
1.106000E-2	0.000000E+0	1.877300E+5
1.108000E-2	0.000000E+0	1.874580E+5
1.110000E-2	0.000000E+0	1.875860E+5
1.112000E-2	0.000000E+0	1.882140E+5
1.114000E-2	0.000000E+0	1.881210E+5
1.116000E-2	0.000000E+0	1.865330E+5
1.118000E-2	0.000000E+0	1.880420E+5
1.120000E-2	0.000000E+0	1.877730E+5
1.122000E-2	0.000000E+0	1.887950E+5
1.124000E-2	0.000000E+0	1.878880E+5
1.126000E-2	0.000000E+0	1.871310E+5
1.128000E-2	0.000000E+0	1.875060E+5
1.130000E-2	0.000000E+0	1.870690E+5
1.132000E-2	0.000000E+0	1.880630E+5
1.134000E-2	0.000000E+0	1.875240E+5
1.136000E-2	0.000000E+0	1.889360E+5
1.138000E-2	0.000000E+0	1.872860E+5
1.140000E-2	0.000000E+0	1.882630E+5
1.142000E-2	0.000000E+0	1.875550E+5
1.144000E-2	0.000000E+0	1.874000E+5
1.146000E-2	0.000000E+0	1.879730E+5
1.148000E-2	0.000000E+0	1.879980E+5
1.150000E-2	0.000000E+0	1.882320E+5
1.152000E-2	0.000000E+0	1.873860E+5
1.154000E-2	0.000000E+0	1.874070E+5
1.156000E-2	0.000000E+0	1.883830E+5
1.158000E-2	0.000000E+0	1.874460E+5
1.160000E-2	0.000000E+0	1.877220E+5
1.162000E-2	0.000000E+0	1.877290E+5
1.164000E-2	0.000000E+0	1.884950E+5
1.166000E-2	0.000000E+0	1.884920E+5
1.168000E-2	0.000000E+0	1.884990E+5
1.170000E-2	0.000000E+0	1.882490E+5
1.172000E-2	0.000000E+0	1.874840E+5
1.174000E-2	0.000000E+0	1.879360E+5
1.176000E-2	0.000000E+0	1.879500E+5
1.178000E-2	0.000000E+0	1.870800E+5
1.180000E-2	0.000000E+0	1.877660E+5
1.182000E-2	0.000000E+0	1.873620E+5
1.184000E-2	0.000000E+0	1.874110E+5
1.186000E-2	0.000000E+0	1.877480E+5
1.188000E-2	0.000000E+0	1.875750E+5
1.190000E-2	0.000000E+0	1.871150E+5
1.192000E-2	0.000000E+0	1.871180E+5
1.194000E-2	0.000000E+0	1.883310E+5
1.196000E-2	0.000000E+0	1.876820E+5
1.198000E-2	0.000000E+0	1.873470E+5
1.200000E-2	0.000000E+0	1.876790E+5
1.202000E-2	0.000000E+0	1.881940E+5
1.204000E-2	0.000000E+0	1.880990E+5
1.206000E-2	0.000000E+0	1.878380E+5
1.208000E-2	0.000000E+0	1.883290E+5
1.210000E-2	0.000000E+0	1.873320E+5
1.212000E-2	0.000000E+0	1.873240E+5
1.214000E-2	0.000000E+0	1.871200E+5
1.216000E-2	0.000000E+0	1.869330E+5
1.218000E-2	0.000000E+0	1.880670E+5
1.220000E-2	0.000000E+0	1.869930E+5
1.222000E-2	0.000000E+0	1.873220E+5
1.224000E-2	0.000000E+0	1.879020E+5
1.226000E-2	0.000000E+0	1.878340E+5
1.228000E-2	0.000000E+0	1.877760E+5
1.230000E-2	0.000000E+0	1.879130E+5
1.232000E-2	0.000000E+0	1.873450E+5
1.234000E-2	0.000000E+0	1.879420E+5
1.236000E-2	0.000000E+0	1.876590E+5
1.238000E-2	0.000000E+0	1.876860E+5
1.240000E-2	0.000000E+0	1.881950E+5
1.242000E-2	0.000000E+0	1.880830E+5
1.244000E-2	0.000000E+0	1.878870E+5
1.246000E-2	0.000000E+0	1.874030E+5
1.248000E-2	0.000000E+0	1.879770E+5
1.250000E-2	0.000000E+0	1.871290E+5
1.252000E-2	0.000000E+0	1.882150E+5
1.254000E-2	0.000000E+0	1.877450E+5
1.256000E-2	0.000000E+0	1.871350E+5
1.258000E-2	0.000000E+0	1.880910E+5
1.260000E-2	0.000000E+0	1.881770E+5
1.262000E-2	0.000000E+0	1.869620E+5
1.264000E-2	0.000000E+0	1.867540E+5
1.266000E-2	0.000000E+0	1.881670E+5
1.268000E-2	0.000000E+0	1.878340E+5
1.270000E-2	0.000000E+0	1.879210E+5
1.272000E-2	0.000000E+0	1.877530E+5
1.274000E-2	0.000000E+0	1.873790E+5
1.276000E-2	0.000000E+0	1.885330E+5
1.278000E-2	0.000000E+0	1.872970E+5
1.280000E-2	0.000000E+0	1.872520E+5
1.282000E-2	0.000000E+0	1.874960E+5
1.284000E-2	0.000000E+0	1.876220E+5
1.286000E-2	0.000000E+0	1.884140E+5
1.288000E-2	0.000000E+0	1.879840E+5
1.290000E-2	0.000000E+0	1.877820E+5
1.292000E-2	0.000000E+0	1.880300E+5
1.294000E-2	0.000000E+0	1.870330E+5
1.296000E-2	0.000000E+0	1.880080E+5
1.298000E-2	0.000000E+0	1.876020E+5
1.300000E-2	0.000000E+0	1.879420E+5
1.302000E-2	0.000000E+0	1.879190E+5
1.304000E-2	0.000000E+0	1.878000E+5
1.306000E-2	0.000000E+0	1.875350E+5
1.308000E-2	0.000000E+0	1.877440E+5
1.310000E-2	0.000000E+0	1.877730E+5
1.312000E-2	0.000000E+0	1.879870E+5
1.314000E-2	0.000000E+0	1.882270E+5
1.316000E-2	0.000000E+0	1.872750E+5
1.318000E-2	0.000000E+0	1.874680E+5
1.320000E-2	0.000000E+0	1.884510E+5
1.322000E-2	0.000000E+0	1.880950E+5
1.324000E-2	0.000000E+0	1.874330E+5
1.326000E-2	0.000000E+0	1.882990E+5
1.328000E-2	0.000000E+0	1.881390E+5
1.330000E-2	0.000000E+0	1.873460E+5
1.332000E-2	0.000000E+0	1.878650E+5
1.334000E-2	0.000000E+0	1.878260E+5
1.336000E-2	0.000000E+0	1.881650E+5
1.338000E-2	0.000000E+0	1.879060E+5
1.340000E-2	0.000000E+0	1.872880E+5
1.342000E-2	0.000000E+0	1.873100E+5
1.344000E-2	0.000000E+0	1.873070E+5
1.346000E-2	0.000000E+0	1.869520E+5
1.348000E-2	0.000000E+0	1.883190E+5
1.350000E-2	0.000000E+0	1.876570E+5
1.352000E-2	0.000000E+0	1.881680E+5
1.354000E-2	0.000000E+0	1.884080E+5
1.356000E-2	0.000000E+0	1.884100E+5
1.358000E-2	0.000000E+0	1.880210E+5
1.360000E-2	0.000000E+0	1.873710E+5
1.362000E-2	0.000000E+0	1.881130E+5
1.364000E-2	0.000000E+0	1.875640E+5
1.366000E-2	0.000000E+0	1.877760E+5
1.368000E-2	0.000000E+0	1.885090E+5
1.370000E-2	0.000000E+0	1.880020E+5
1.372000E-2	0.000000E+0	1.872500E+5
1.374000E-2	0.000000E+0	1.868200E+5
1.376000E-2	0.000000E+0	1.870660E+5
1.378000E-2	0.000000E+0	1.867390E+5
1.380000E-2	0.000000E+0	1.879420E+5
1.382000E-2	0.000000E+0	1.873810E+5
1.384000E-2	0.000000E+0	1.879320E+5
1.386000E-2	0.000000E+0	1.874080E+5
1.388000E-2	0.000000E+0	1.878920E+5
1.390000E-2	0.000000E+0	1.877540E+5
1.392000E-2	0.000000E+0	1.884360E+5
1.394000E-2	0.000000E+0	1.880350E+5
1.396000E-2	0.000000E+0	1.876940E+5
1.398000E-2	0.000000E+0	1.879390E+5
1.400000E-2	0.000000E+0	1.887230E+5
1.402000E-2	0.000000E+0	1.873020E+5
1.404000E-2	0.000000E+0	1.884900E+5
1.406000E-2	0.000000E+0	1.877080E+5
1.408000E-2	0.000000E+0	1.874380E+5
1.410000E-2	0.000000E+0	1.872950E+5
1.412000E-2	0.000000E+0	1.876200E+5
1.414000E-2	0.000000E+0	1.875600E+5
1.416000E-2	0.000000E+0	1.876940E+5
1.418000E-2	0.000000E+0	1.872990E+5
1.420000E-2	0.000000E+0	1.879260E+5
1.422000E-2	0.000000E+0	1.880820E+5
1.424000E-2	0.000000E+0	1.865640E+5
1.426000E-2	0.000000E+0	1.870280E+5
1.428000E-2	0.000000E+0	1.878130E+5
1.430000E-2	0.000000E+0	1.878330E+5
1.432000E-2	0.000000E+0	1.881910E+5
1.434000E-2	0.000000E+0	1.872670E+5
1.436000E-2	0.000000E+0	1.878490E+5
1.438000E-2	0.000000E+0	1.879180E+5
1.440000E-2	0.000000E+0	1.884070E+5
1.442000E-2	0.000000E+0	1.877470E+5
1.444000E-2	0.000000E+0	1.870260E+5
1.446000E-2	0.000000E+0	1.878930E+5
1.448000E-2	0.000000E+0	1.875030E+5
1.450000E-2	0.000000E+0	1.872170E+5
1.452000E-2	0.000000E+0	1.881080E+5
1.454000E-2	0.000000E+0	1.874320E+5
1.456000E-2	0.000000E+0	1.881240E+5
1.458000E-2	0.000000E+0	1.869090E+5
1.460000E-2	0.000000E+0	1.878340E+5
1.462000E-2	0.000000E+0	1.873070E+5
1.464000E-2	0.000000E+0	1.877640E+5
1.466000E-2	0.000000E+0	1.875970E+5
1.468000E-2	0.000000E+0	1.883550E+5
1.470000E-2	0.000000E+0	1.874390E+5
1.472000E-2	0.000000E+0	1.876370E+5
1.474000E-2	0.000000E+0	1.876580E+5
1.476000E-2	0.000000E+0	1.883460E+5
1.478000E-2	0.000000E+0	1.884950E+5
1.480000E-2	0.000000E+0	1.873700E+5
1.482000E-2	0.000000E+0	1.875050E+5
1.484000E-2	0.000000E+0	1.875670E+5
1.486000E-2	0.000000E+0	1.871400E+5
1.488000E-2	0.000000E+0	1.878310E+5
1.490000E-2	0.000000E+0	1.873940E+5
1.492000E-2	0.000000E+0	1.874570E+5
1.494000E-2	0.000000E+0	1.862120E+5
1.496000E-2	0.000000E+0	1.857480E+5
1.498000E-2	0.000000E+0	1.856380E+5
1.500000E-2	0.000000E+0	1.850880E+5
1.502000E-2	0.000000E+0	1.848850E+5
1.504000E-2	0.000000E+0	1.845170E+5
1.506000E-2	0.000000E+0	1.850430E+5
1.508000E-2	0.000000E+0	1.845840E+5
1.510000E-2	0.000000E+0	1.832090E+5
1.512000E-2	0.000000E+0	1.822890E+5
1.514000E-2	0.000000E+0	1.820020E+5
1.516000E-2	0.000000E+0	1.828190E+5
1.518000E-2	0.000000E+0	1.828050E+5
1.520000E-2	0.000000E+0	1.836160E+5
1.522000E-2	0.000000E+0	1.841230E+5
1.524000E-2	0.000000E+0	1.850690E+5
1.526000E-2	0.000000E+0	1.857820E+5
1.528000E-2	0.000000E+0	1.862930E+5
1.530000E-2	0.000000E+0	1.858630E+5
1.532000E-2	0.000000E+0	1.866330E+5
1.534000E-2	0.000000E+0	1.870190E+5
1.536000E-2	0.000000E+0	1.869140E+5
1.538000E-2	0.000000E+0	1.875650E+5
1.540000E-2	0.000000E+0	1.873030E+5
1.542000E-2	0.000000E+0	1.876340E+5
1.544000E-2	0.000000E+0	1.867590E+5
1.546000E-2	0.000000E+0	1.874580E+5
1.548000E-2	0.000000E+0	1.873280E+5
1.550000E-2	0.000000E+0	1.867880E+5
1.552000E-2	0.000000E+0	1.879090E+5
1.554000E-2	0.000000E+0	1.872630E+5
1.556000E-2	0.000000E+0	1.866770E+5
1.558000E-2	0.000000E+0	1.863580E+5
1.560000E-2	0.000000E+0	1.866280E+5
1.562000E-2	0.000000E+0	1.854330E+5
1.564000E-2	0.000000E+0	1.850860E+5
1.566000E-2	0.000000E+0	1.841270E+5
1.568000E-2	0.000000E+0	1.840190E+5
1.570000E-2	0.000000E+0	1.839650E+5
1.572000E-2	0.000000E+0	1.838620E+5
1.574000E-2	0.000000E+0	1.837520E+5
1.576000E-2	0.000000E+0	1.829590E+5
1.578000E-2	0.000000E+0	1.816170E+5
1.580000E-2	0.000000E+0	1.827320E+5
1.582000E-2	0.000000E+0	1.826110E+5
1.584000E-2	0.000000E+0	1.835560E+5
1.586000E-2	0.000000E+0	1.838970E+5
1.588000E-2	0.000000E+0	1.846930E+5
1.590000E-2	0.000000E+0	1.847940E+5
1.592000E-2	0.000000E+0	1.861260E+5
1.594000E-2	0.000000E+0	1.856740E+5
1.596000E-2	0.000000E+0	1.862910E+5
1.598000E-2	0.000000E+0	1.873420E+5
1.600000E-2	0.000000E+0	1.877940E+5
1.602000E-2	0.000000E+0	1.878020E+5
1.604000E-2	0.000000E+0	1.872350E+5
1.606000E-2	0.000000E+0	1.868950E+5
1.608000E-2	0.000000E+0	1.877670E+5
1.610000E-2	0.000000E+0	1.873240E+5
1.612000E-2	0.000000E+0	1.877790E+5
1.614000E-2	0.000000E+0	1.884490E+5
1.616000E-2	0.000000E+0	1.879800E+5
1.618000E-2	0.000000E+0	1.873300E+5
1.620000E-2	0.000000E+0	1.874430E+5
1.622000E-2	0.000000E+0	1.875690E+5
1.624000E-2	0.000000E+0	1.873190E+5
1.626000E-2	0.000000E+0	1.875270E+5
1.628000E-2	0.000000E+0	1.881520E+5
1.630000E-2	0.000000E+0	1.880790E+5
1.632000E-2	0.000000E+0	1.875110E+5
1.634000E-2	0.000000E+0	1.877730E+5
1.636000E-2	0.000000E+0	1.887410E+5
1.638000E-2	0.000000E+0	1.872670E+5
1.640000E-2	0.000000E+0	1.878750E+5
1.642000E-2	0.000000E+0	1.874860E+5
1.644000E-2	0.000000E+0	1.874070E+5
1.646000E-2	0.000000E+0	1.877270E+5
1.648000E-2	0.000000E+0	1.871940E+5
1.650000E-2	0.000000E+0	1.879630E+5
1.652000E-2	0.000000E+0	1.882050E+5
1.654000E-2	0.000000E+0	1.876570E+5
1.656000E-2	0.000000E+0	1.874870E+5
1.658000E-2	0.000000E+0	1.876000E+5
1.660000E-2	0.000000E+0	1.880470E+5
1.662000E-2	0.000000E+0	1.877240E+5
1.664000E-2	0.000000E+0	1.880140E+5
1.666000E-2	0.000000E+0	1.880120E+5
1.668000E-2	0.000000E+0	1.874300E+5
1.670000E-2	0.000000E+0	1.874300E+5
1.672000E-2	0.000000E+0	1.885840E+5
1.674000E-2	0.000000E+0	1.875090E+5
1.676000E-2	0.000000E+0	1.875930E+5
1.678000E-2	0.000000E+0	1.873510E+5
1.680000E-2	0.000000E+0	1.877070E+5
1.682000E-2	0.000000E+0	1.876120E+5
1.684000E-2	0.000000E+0	1.873900E+5
1.686000E-2	0.000000E+0	1.879380E+5
1.688000E-2	0.000000E+0	1.872040E+5
1.690000E-2	0.000000E+0	1.878150E+5
1.692000E-2	0.000000E+0	1.874840E+5
1.694000E-2	0.000000E+0	1.880560E+5
1.696000E-2	0.000000E+0	1.878250E+5
1.698000E-2	0.000000E+0	1.876250E+5
1.700000E-2	0.000000E+0	1.876870E+5
1.702000E-2	0.000000E+0	1.881390E+5
1.704000E-2	0.000000E+0	1.876900E+5
1.706000E-2	0.000000E+0	1.885610E+5
1.708000E-2	0.000000E+0	1.872050E+5
1.710000E-2	0.000000E+0	1.877490E+5
1.712000E-2	0.000000E+0	1.883210E+5
1.714000E-2	0.000000E+0	1.874970E+5
1.716000E-2	0.000000E+0	1.879460E+5
1.718000E-2	0.000000E+0	1.872750E+5
1.720000E-2	0.000000E+0	1.882810E+5
1.722000E-2	0.000000E+0	1.883520E+5
1.724000E-2	0.000000E+0	1.867310E+5
1.726000E-2	0.000000E+0	1.874620E+5
1.728000E-2	0.000000E+0	1.876400E+5
1.730000E-2	0.000000E+0	1.873330E+5
1.732000E-2	0.000000E+0	1.874440E+5
1.734000E-2	0.000000E+0	1.872490E+5
1.736000E-2	0.000000E+0	1.884170E+5
1.738000E-2	0.000000E+0	1.882860E+5
1.740000E-2	0.000000E+0	1.877270E+5
1.742000E-2	0.000000E+0	1.868210E+5
1.744000E-2	0.000000E+0	1.872240E+5
1.746000E-2	0.000000E+0	1.870460E+5
1.748000E-2	0.000000E+0	1.875860E+5
1.750000E-2	0.000000E+0	1.875020E+5
1.752000E-2	0.000000E+0	1.880780E+5
1.754000E-2	0.000000E+0	1.867710E+5
1.756000E-2	0.000000E+0	1.872880E+5
1.758000E-2	0.000000E+0	1.880550E+5
1.760000E-2	0.000000E+0	1.876030E+5
1.762000E-2	0.000000E+0	1.877450E+5
1.764000E-2	0.000000E+0	1.878290E+5
1.766000E-2	0.000000E+0	1.879230E+5
1.768000E-2	0.000000E+0	1.877830E+5
1.770000E-2	0.000000E+0	1.878350E+5
1.772000E-2	0.000000E+0	1.885180E+5
1.774000E-2	0.000000E+0	1.875130E+5
1.776000E-2	0.000000E+0	1.869940E+5
1.778000E-2	0.000000E+0	1.884310E+5
1.780000E-2	0.000000E+0	1.875000E+5
1.782000E-2	0.000000E+0	1.877670E+5
1.784000E-2	0.000000E+0	1.873830E+5
1.786000E-2	0.000000E+0	1.875710E+5
1.788000E-2	0.000000E+0	1.876560E+5
1.790000E-2	0.000000E+0	1.879180E+5
1.792000E-2	0.000000E+0	1.873210E+5
1.794000E-2	0.000000E+0	1.878770E+5
1.796000E-2	0.000000E+0	1.877860E+5
1.798000E-2	0.000000E+0	1.881240E+5
1.800000E-2	0.000000E+0	1.870620E+5
1.802000E-2	0.000000E+0	1.877070E+5
1.804000E-2	0.000000E+0	1.867510E+5
1.806000E-2	0.000000E+0	1.873210E+5
1.808000E-2	0.000000E+0	1.873850E+5
1.810000E-2	0.000000E+0	1.884940E+5
1.812000E-2	0.000000E+0	1.883260E+5
1.814000E-2	0.000000E+0	1.881730E+5
1.816000E-2	0.000000E+0	1.879670E+5
1.818000E-2	0.000000E+0	1.874910E+5
1.820000E-2	0.000000E+0	1.883890E+5
1.822000E-2	0.000000E+0	1.870970E+5
1.824000E-2	0.000000E+0	1.878120E+5
1.826000E-2	0.000000E+0	1.877970E+5
1.828000E-2	0.000000E+0	1.873580E+5
1.830000E-2	0.000000E+0	1.874670E+5
1.832000E-2	0.000000E+0	1.885270E+5
1.834000E-2	0.000000E+0	1.868240E+5
1.836000E-2	0.000000E+0	1.881680E+5
1.838000E-2	0.000000E+0	1.874980E+5
1.840000E-2	0.000000E+0	1.877020E+5
1.842000E-2	0.000000E+0	1.878100E+5
1.844000E-2	0.000000E+0	1.876200E+5
1.846000E-2	0.000000E+0	1.871690E+5
1.848000E-2	0.000000E+0	1.879210E+5
1.850000E-2	0.000000E+0	1.879660E+5
1.852000E-2	0.000000E+0	1.877950E+5
1.854000E-2	0.000000E+0	1.879040E+5
1.856000E-2	0.000000E+0	1.868350E+5
1.858000E-2	0.000000E+0	1.877380E+5
1.860000E-2	0.000000E+0	1.880730E+5
1.862000E-2	0.000000E+0	1.875390E+5
1.864000E-2	0.000000E+0	1.870630E+5
1.866000E-2	0.000000E+0	1.877650E+5
1.868000E-2	0.000000E+0	1.875160E+5
1.870000E-2	0.000000E+0	1.877910E+5
1.872000E-2	0.000000E+0	1.879810E+5
1.874000E-2	0.000000E+0	1.870860E+5
1.876000E-2	0.000000E+0	1.876190E+5
1.878000E-2	0.000000E+0	1.879590E+5
1.880000E-2	0.000000E+0	1.876210E+5
1.882000E-2	0.000000E+0	1.874080E+5
1.884000E-2	0.000000E+0	1.881100E+5
1.886000E-2	0.000000E+0	1.879720E+5
1.888000E-2	0.000000E+0	1.873100E+5
1.890000E-2	0.000000E+0	1.877410E+5
1.892000E-2	0.000000E+0	1.884410E+5
1.894000E-2	0.000000E+0	1.880950E+5
1.896000E-2	0.000000E+0	1.880370E+5
1.898000E-2	0.000000E+0	1.875460E+5
1.900000E-2	0.000000E+0	1.878890E+5
1.902000E-2	0.000000E+0	1.870070E+5
1.904000E-2	0.000000E+0	1.876930E+5
1.906000E-2	0.000000E+0	1.876270E+5
1.908000E-2	0.000000E+0	1.879660E+5
1.910000E-2	0.000000E+0	1.871420E+5
1.912000E-2	0.000000E+0	1.879150E+5
1.914000E-2	0.000000E+0	1.876050E+5
1.916000E-2	0.000000E+0	1.871300E+5
1.918000E-2	0.000000E+0	1.874970E+5
1.920000E-2	0.000000E+0	1.881830E+5
1.922000E-2	0.000000E+0	1.874120E+5
1.924000E-2	0.000000E+0	1.875280E+5
1.926000E-2	0.000000E+0	1.874490E+5
1.928000E-2	0.000000E+0	1.880820E+5
1.930000E-2	0.000000E+0	1.876630E+5
1.932000E-2	0.000000E+0	1.875130E+5
1.934000E-2	0.000000E+0	1.872460E+5
1.936000E-2	0.000000E+0	1.872460E+5
1.938000E-2	0.000000E+0	1.881100E+5
1.940000E-2	0.000000E+0	1.874120E+5
1.942000E-2	0.000000E+0	1.883420E+5
1.944000E-2	0.000000E+0	1.880870E+5
1.946000E-2	0.000000E+0	1.874210E+5
1.948000E-2	0.000000E+0	1.876450E+5
1.950000E-2	0.000000E+0	1.875260E+5
1.952000E-2	0.000000E+0	1.884480E+5
1.954000E-2	0.000000E+0	1.878000E+5
1.956000E-2	0.000000E+0	1.881050E+5
1.958000E-2	0.000000E+0	1.881810E+5
1.960000E-2	0.000000E+0	1.878460E+5
1.962000E-2	0.000000E+0	1.874310E+5
1.964000E-2	0.000000E+0	1.878230E+5
1.966000E-2	0.000000E+0	1.879120E+5
1.968000E-2	0.000000E+0	1.880850E+5
1.970000E-2	0.000000E+0	1.874410E+5
1.972000E-2	0.000000E+0	1.876260E+5
1.974000E-2	0.000000E+0	1.873740E+5
1.976000E-2	0.000000E+0	1.871490E+5
1.978000E-2	0.000000E+0	1.873890E+5
1.980000E-2	0.000000E+0	1.878320E+5
1.982000E-2	0.000000E+0	1.877870E+5
1.984000E-2	0.000000E+0	1.881620E+5
1.986000E-2	0.000000E+0	1.877300E+5
1.988000E-2	0.000000E+0	1.870780E+5
1.990000E-2	0.000000E+0	1.875140E+5
1.992000E-2	0.000000E+0	1.872940E+5
1.994000E-2	0.000000E+0	1.882010E+5
1.996000E-2	0.000000E+0	1.877480E+5
1.998000E-2	0.000000E+0	1.874840E+5
