

live time:  237460.620000
real time:  331203.753000
sweeps:  11873031.000000
0.000000E+0	0.000000E+0	0.000000E+0
2.000000E-5	0.000000E+0	5.199030E+5
4.000000E-5	0.000000E+0	5.202400E+5
6.000000E-5	0.000000E+0	5.197440E+5
8.000000E-5	0.000000E+0	5.209930E+5
1.000000E-4	0.000000E+0	5.188280E+5
1.200000E-4	0.000000E+0	5.207710E+5
1.400000E-4	0.000000E+0	5.206840E+5
1.600000E-4	0.000000E+0	5.205110E+5
1.800000E-4	0.000000E+0	5.205030E+5
2.000000E-4	0.000000E+0	5.205090E+5
2.200000E-4	0.000000E+0	5.208440E+5
2.400000E-4	0.000000E+0	5.190810E+5
2.600000E-4	0.000000E+0	5.195380E+5
2.800000E-4	0.000000E+0	5.195240E+5
3.000000E-4	0.000000E+0	5.214710E+5
3.200000E-4	0.000000E+0	5.198410E+5
3.400000E-4	0.000000E+0	5.193430E+5
3.600000E-4	0.000000E+0	5.209450E+5
3.800000E-4	0.000000E+0	5.196590E+5
4.000000E-4	0.000000E+0	5.191200E+5
4.200000E-4	0.000000E+0	5.198790E+5
4.400000E-4	0.000000E+0	5.196530E+5
4.600000E-4	0.000000E+0	5.209970E+5
4.800000E-4	0.000000E+0	5.191810E+5
5.000000E-4	0.000000E+0	5.199570E+5
5.200000E-4	0.000000E+0	5.203300E+5
5.400000E-4	0.000000E+0	5.198110E+5
5.600000E-4	0.000000E+0	5.190820E+5
5.800000E-4	0.000000E+0	5.198100E+5
6.000000E-4	0.000000E+0	5.208280E+5
6.200000E-4	0.000000E+0	5.196880E+5
6.400000E-4	0.000000E+0	5.203820E+5
6.600000E-4	0.000000E+0	5.191430E+5
6.800000E-4	0.000000E+0	5.193810E+5
7.000000E-4	0.000000E+0	5.203040E+5
7.200000E-4	0.000000E+0	5.212070E+5
7.400000E-4	0.000000E+0	5.192340E+5
7.600000E-4	0.000000E+0	5.193530E+5
7.800000E-4	0.000000E+0	5.189660E+5
8.000000E-4	0.000000E+0	5.205540E+5
8.200000E-4	0.000000E+0	5.191870E+5
8.400000E-4	0.000000E+0	5.195040E+5
8.600000E-4	0.000000E+0	5.203250E+5
8.800000E-4	0.000000E+0	5.190970E+5
9.000000E-4	0.000000E+0	5.215420E+5
9.200000E-4	0.000000E+0	5.193860E+5
9.400000E-4	0.000000E+0	5.202030E+5
9.600000E-4	0.000000E+0	5.191570E+5
9.800000E-4	0.000000E+0	5.211130E+5
1.000000E-3	0.000000E+0	5.197400E+5
1.020000E-3	0.000000E+0	5.196330E+5
1.040000E-3	0.000000E+0	5.198950E+5
1.060000E-3	0.000000E+0	5.199120E+5
1.080000E-3	0.000000E+0	5.196970E+5
1.100000E-3	0.000000E+0	5.200420E+5
1.120000E-3	0.000000E+0	5.205360E+5
1.140000E-3	0.000000E+0	5.186020E+5
1.160000E-3	0.000000E+0	5.194850E+5
1.180000E-3	0.000000E+0	5.193320E+5
1.200000E-3	0.000000E+0	5.203280E+5
1.220000E-3	0.000000E+0	5.209150E+5
1.240000E-3	0.000000E+0	5.204140E+5
1.260000E-3	0.000000E+0	5.201490E+5
1.280000E-3	0.000000E+0	5.199290E+5
1.300000E-3	0.000000E+0	5.185900E+5
1.320000E-3	0.000000E+0	5.210270E+5
1.340000E-3	0.000000E+0	5.199510E+5
1.360000E-3	0.000000E+0	5.193800E+5
1.380000E-3	0.000000E+0	5.208750E+5
1.400000E-3	0.000000E+0	5.198050E+5
1.420000E-3	0.000000E+0	5.203940E+5
1.440000E-3	0.000000E+0	5.198730E+5
1.460000E-3	0.000000E+0	5.191760E+5
1.480000E-3	0.000000E+0	5.205030E+5
1.500000E-3	0.000000E+0	5.196230E+5
1.520000E-3	0.000000E+0	5.193340E+5
1.540000E-3	0.000000E+0	5.206010E+5
1.560000E-3	0.000000E+0	5.195740E+5
1.580000E-3	0.000000E+0	5.203620E+5
1.600000E-3	0.000000E+0	5.198940E+5
1.620000E-3	0.000000E+0	5.195300E+5
1.640000E-3	0.000000E+0	5.189830E+5
1.660000E-3	0.000000E+0	5.202160E+5
1.680000E-3	0.000000E+0	5.198330E+5
1.700000E-3	0.000000E+0	5.188500E+5
1.720000E-3	0.000000E+0	5.204800E+5
1.740000E-3	0.000000E+0	5.209640E+5
1.760000E-3	0.000000E+0	5.201060E+5
1.780000E-3	0.000000E+0	5.211970E+5
1.800000E-3	0.000000E+0	5.210240E+5
1.820000E-3	0.000000E+0	5.194140E+5
1.840000E-3	0.000000E+0	5.186980E+5
1.860000E-3	0.000000E+0	5.199160E+5
1.880000E-3	0.000000E+0	5.197860E+5
1.900000E-3	0.000000E+0	5.186890E+5
1.920000E-3	0.000000E+0	5.198560E+5
1.940000E-3	0.000000E+0	5.194300E+5
1.960000E-3	0.000000E+0	5.201160E+5
1.980000E-3	0.000000E+0	5.203820E+5
2.000000E-3	0.000000E+0	5.195490E+5
2.020000E-3	0.000000E+0	5.195290E+5
2.040000E-3	0.000000E+0	5.195950E+5
2.060000E-3	0.000000E+0	5.208810E+5
2.080000E-3	0.000000E+0	5.211370E+5
2.100000E-3	0.000000E+0	5.208960E+5
2.120000E-3	0.000000E+0	5.205790E+5
2.140000E-3	0.000000E+0	5.186680E+5
2.160000E-3	0.000000E+0	5.188200E+5
2.180000E-3	0.000000E+0	5.202610E+5
2.200000E-3	0.000000E+0	5.209130E+5
2.220000E-3	0.000000E+0	5.206580E+5
2.240000E-3	0.000000E+0	5.196470E+5
2.260000E-3	0.000000E+0	5.203360E+5
2.280000E-3	0.000000E+0	5.201020E+5
2.300000E-3	0.000000E+0	5.204800E+5
2.320000E-3	0.000000E+0	5.198510E+5
2.340000E-3	0.000000E+0	5.199800E+5
2.360000E-3	0.000000E+0	5.201740E+5
2.380000E-3	0.000000E+0	5.216260E+5
2.400000E-3	0.000000E+0	5.183040E+5
2.420000E-3	0.000000E+0	5.193280E+5
2.440000E-3	0.000000E+0	5.193590E+5
2.460000E-3	0.000000E+0	5.201580E+5
2.480000E-3	0.000000E+0	5.211980E+5
2.500000E-3	0.000000E+0	5.198880E+5
2.520000E-3	0.000000E+0	5.205000E+5
2.540000E-3	0.000000E+0	5.191980E+5
2.560000E-3	0.000000E+0	5.197530E+5
2.580000E-3	0.000000E+0	5.193160E+5
2.600000E-3	0.000000E+0	5.211010E+5
2.620000E-3	0.000000E+0	5.197900E+5
2.640000E-3	0.000000E+0	5.187170E+5
2.660000E-3	0.000000E+0	5.208700E+5
2.680000E-3	0.000000E+0	5.196460E+5
2.700000E-3	0.000000E+0	5.201930E+5
2.720000E-3	0.000000E+0	5.180680E+5
2.740000E-3	0.000000E+0	5.197860E+5
2.760000E-3	0.000000E+0	5.196640E+5
2.780000E-3	0.000000E+0	5.198580E+5
2.800000E-3	0.000000E+0	5.202370E+5
2.820000E-3	0.000000E+0	5.193870E+5
2.840000E-3	0.000000E+0	5.190300E+5
2.860000E-3	0.000000E+0	5.203350E+5
2.880000E-3	0.000000E+0	5.196270E+5
2.900000E-3	0.000000E+0	5.193980E+5
2.920000E-3	0.000000E+0	5.186970E+5
2.940000E-3	0.000000E+0	5.200950E+5
2.960000E-3	0.000000E+0	5.198990E+5
2.980000E-3	0.000000E+0	5.193530E+5
3.000000E-3	0.000000E+0	5.200810E+5
3.020000E-3	0.000000E+0	5.201520E+5
3.040000E-3	0.000000E+0	5.208400E+5
3.060000E-3	0.000000E+0	5.217070E+5
3.080000E-3	0.000000E+0	5.196830E+5
3.100000E-3	0.000000E+0	5.189990E+5
3.120000E-3	0.000000E+0	5.201430E+5
3.140000E-3	0.000000E+0	5.206700E+5
3.160000E-3	0.000000E+0	5.190520E+5
3.180000E-3	0.000000E+0	5.201030E+5
3.200000E-3	0.000000E+0	5.199300E+5
3.220000E-3	0.000000E+0	5.201960E+5
3.240000E-3	0.000000E+0	5.210210E+5
3.260000E-3	0.000000E+0	5.204670E+5
3.280000E-3	0.000000E+0	5.202390E+5
3.300000E-3	0.000000E+0	5.197770E+5
3.320000E-3	0.000000E+0	5.203250E+5
3.340000E-3	0.000000E+0	5.193210E+5
3.360000E-3	0.000000E+0	5.195630E+5
3.380000E-3	0.000000E+0	5.185070E+5
3.400000E-3	0.000000E+0	5.196050E+5
3.420000E-3	0.000000E+0	5.213890E+5
3.440000E-3	0.000000E+0	5.197110E+5
3.460000E-3	0.000000E+0	5.205680E+5
3.480000E-3	0.000000E+0	5.193600E+5
3.500000E-3	0.000000E+0	5.201240E+5
3.520000E-3	0.000000E+0	5.187840E+5
3.540000E-3	0.000000E+0	5.198490E+5
3.560000E-3	0.000000E+0	5.195900E+5
3.580000E-3	0.000000E+0	5.192840E+5
3.600000E-3	0.000000E+0	5.193080E+5
3.620000E-3	0.000000E+0	5.174280E+5
3.640000E-3	0.000000E+0	5.208190E+5
3.660000E-3	0.000000E+0	5.196190E+5
3.680000E-3	0.000000E+0	5.197190E+5
3.700000E-3	0.000000E+0	5.194620E+5
3.720000E-3	0.000000E+0	5.193060E+5
3.740000E-3	0.000000E+0	5.196320E+5
3.760000E-3	0.000000E+0	5.194610E+5
3.780000E-3	0.000000E+0	5.187580E+5
3.800000E-3	0.000000E+0	5.190620E+5
3.820000E-3	0.000000E+0	5.191910E+5
3.840000E-3	0.000000E+0	5.196150E+5
3.860000E-3	0.000000E+0	5.197030E+5
3.880000E-3	0.000000E+0	5.187500E+5
3.900000E-3	0.000000E+0	5.201430E+5
3.920000E-3	0.000000E+0	5.214070E+5
3.940000E-3	0.000000E+0	5.205950E+5
3.960000E-3	0.000000E+0	5.205110E+5
3.980000E-3	0.000000E+0	5.203210E+5
4.000000E-3	0.000000E+0	5.194300E+5
4.020000E-3	0.000000E+0	5.205660E+5
4.040000E-3	0.000000E+0	5.197010E+5
4.060000E-3	0.000000E+0	5.201870E+5
4.080000E-3	0.000000E+0	5.201390E+5
4.100000E-3	0.000000E+0	5.198320E+5
4.120000E-3	0.000000E+0	5.197620E+5
4.140000E-3	0.000000E+0	5.187290E+5
4.160000E-3	0.000000E+0	5.201160E+5
4.180000E-3	0.000000E+0	5.187180E+5
4.200000E-3	0.000000E+0	5.200640E+5
4.220000E-3	0.000000E+0	5.194000E+5
4.240000E-3	0.000000E+0	5.190700E+5
4.260000E-3	0.000000E+0	5.188230E+5
4.280000E-3	0.000000E+0	5.203010E+5
4.300000E-3	0.000000E+0	5.201780E+5
4.320000E-3	0.000000E+0	5.192980E+5
4.340000E-3	0.000000E+0	5.192240E+5
4.360000E-3	0.000000E+0	5.200670E+5
4.380000E-3	0.000000E+0	5.192410E+5
4.400000E-3	0.000000E+0	5.204870E+5
4.420000E-3	0.000000E+0	5.196810E+5
4.440000E-3	0.000000E+0	5.193260E+5
4.460000E-3	0.000000E+0	5.199000E+5
4.480000E-3	0.000000E+0	5.187920E+5
4.500000E-3	0.000000E+0	5.194900E+5
4.520000E-3	0.000000E+0	5.190910E+5
4.540000E-3	0.000000E+0	5.185490E+5
4.560000E-3	0.000000E+0	5.189510E+5
4.580000E-3	0.000000E+0	5.199230E+5
4.600000E-3	0.000000E+0	5.198780E+5
4.620000E-3	0.000000E+0	5.190340E+5
4.640000E-3	0.000000E+0	5.197850E+5
4.660000E-3	0.000000E+0	5.202370E+5
4.680000E-3	0.000000E+0	5.191710E+5
4.700000E-3	0.000000E+0	5.201300E+5
4.720000E-3	0.000000E+0	5.197610E+5
4.740000E-3	0.000000E+0	5.188180E+5
4.760000E-3	0.000000E+0	5.204010E+5
4.780000E-3	0.000000E+0	5.180250E+5
4.800000E-3	0.000000E+0	5.189350E+5
4.820000E-3	0.000000E+0	5.182160E+5
4.840000E-3	0.000000E+0	5.185520E+5
4.860000E-3	0.000000E+0	5.167590E+5
4.880000E-3	0.000000E+0	5.159800E+5
4.900000E-3	0.000000E+0	5.158530E+5
4.920000E-3	0.000000E+0	5.125610E+5
4.940000E-3	0.000000E+0	5.119090E+5
4.960000E-3	0.000000E+0	5.117220E+5
4.980000E-3	0.000000E+0	5.118590E+5
5.000000E-3	0.000000E+0	5.098100E+5
5.020000E-3	0.000000E+0	5.084740E+5
5.040000E-3	0.000000E+0	5.060960E+5
5.060000E-3	0.000000E+0	5.047380E+5
5.080000E-3	0.000000E+0	5.054950E+5
5.100000E-3	0.000000E+0	5.055850E+5
5.120000E-3	0.000000E+0	5.052400E+5
5.140000E-3	0.000000E+0	5.068650E+5
5.160000E-3	0.000000E+0	5.095680E+5
5.180000E-3	0.000000E+0	5.103000E+5
5.200000E-3	0.000000E+0	5.119250E+5
5.220000E-3	0.000000E+0	5.137130E+5
5.240000E-3	0.000000E+0	5.130150E+5
5.260000E-3	0.000000E+0	5.168140E+5
5.280000E-3	0.000000E+0	5.141510E+5
5.300000E-3	0.000000E+0	5.163930E+5
5.320000E-3	0.000000E+0	5.177520E+5
5.340000E-3	0.000000E+0	5.186260E+5
5.360000E-3	0.000000E+0	5.189700E+5
5.380000E-3	0.000000E+0	5.178300E+5
5.400000E-3	0.000000E+0	5.199750E+5
5.420000E-3	0.000000E+0	5.189480E+5
5.440000E-3	0.000000E+0	5.183020E+5
5.460000E-3	0.000000E+0	5.176670E+5
5.480000E-3	0.000000E+0	5.174770E+5
5.500000E-3	0.000000E+0	5.179670E+5
5.520000E-3	0.000000E+0	5.159970E+5
5.540000E-3	0.000000E+0	5.155210E+5
5.560000E-3	0.000000E+0	5.126820E+5
5.580000E-3	0.000000E+0	5.124730E+5
5.600000E-3	0.000000E+0	5.110030E+5
5.620000E-3	0.000000E+0	5.113160E+5
5.640000E-3	0.000000E+0	5.117240E+5
5.660000E-3	0.000000E+0	5.095460E+5
5.680000E-3	0.000000E+0	5.091540E+5
5.700000E-3	0.000000E+0	5.062110E+5
5.720000E-3	0.000000E+0	5.057780E+5
5.740000E-3	0.000000E+0	5.064780E+5
5.760000E-3	0.000000E+0	5.073640E+5
5.780000E-3	0.000000E+0	5.078250E+5
5.800000E-3	0.000000E+0	5.094790E+5
5.820000E-3	0.000000E+0	5.112770E+5
5.840000E-3	0.000000E+0	5.125990E+5
5.860000E-3	0.000000E+0	5.129730E+5
5.880000E-3	0.000000E+0	5.147860E+5
5.900000E-3	0.000000E+0	5.164750E+5
5.920000E-3	0.000000E+0	5.181820E+5
5.940000E-3	0.000000E+0	5.174350E+5
5.960000E-3	0.000000E+0	5.178070E+5
5.980000E-3	0.000000E+0	5.190470E+5
6.000000E-3	0.000000E+0	5.188910E+5
6.020000E-3	0.000000E+0	5.184490E+5
6.040000E-3	0.000000E+0	5.191080E+5
6.060000E-3	0.000000E+0	5.192550E+5
6.080000E-3	0.000000E+0	5.193810E+5
6.100000E-3	0.000000E+0	5.179720E+5
6.120000E-3	0.000000E+0	5.193210E+5
6.140000E-3	0.000000E+0	5.191240E+5
6.160000E-3	0.000000E+0	5.184410E+5
6.180000E-3	0.000000E+0	5.200780E+5
6.200000E-3	0.000000E+0	5.193190E+5
6.220000E-3	0.000000E+0	5.199100E+5
6.240000E-3	0.000000E+0	5.185820E+5
6.260000E-3	0.000000E+0	5.193230E+5
6.280000E-3	0.000000E+0	5.209530E+5
6.300000E-3	0.000000E+0	5.202880E+5
6.320000E-3	0.000000E+0	5.197580E+5
6.340000E-3	0.000000E+0	5.196750E+5
6.360000E-3	0.000000E+0	5.192610E+5
6.380000E-3	0.000000E+0	5.207150E+5
6.400000E-3	0.000000E+0	5.193670E+5
6.420000E-3	0.000000E+0	5.183720E+5
6.440000E-3	0.000000E+0	5.215020E+5
6.460000E-3	0.000000E+0	5.190040E+5
6.480000E-3	0.000000E+0	5.191810E+5
6.500000E-3	0.000000E+0	5.190190E+5
6.520000E-3	0.000000E+0	5.200470E+5
6.540000E-3	0.000000E+0	5.193200E+5
6.560000E-3	0.000000E+0	5.201860E+5
6.580000E-3	0.000000E+0	5.191410E+5
6.600000E-3	0.000000E+0	5.203520E+5
6.620000E-3	0.000000E+0	5.198500E+5
6.640000E-3	0.000000E+0	5.198620E+5
6.660000E-3	0.000000E+0	5.190740E+5
6.680000E-3	0.000000E+0	5.197450E+5
6.700000E-3	0.000000E+0	5.199640E+5
6.720000E-3	0.000000E+0	5.197600E+5
6.740000E-3	0.000000E+0	5.198190E+5
6.760000E-3	0.000000E+0	5.207350E+5
6.780000E-3	0.000000E+0	5.189190E+5
6.800000E-3	0.000000E+0	5.202930E+5
6.820000E-3	0.000000E+0	5.199360E+5
6.840000E-3	0.000000E+0	5.197870E+5
6.860000E-3	0.000000E+0	5.199510E+5
6.880000E-3	0.000000E+0	5.207090E+5
6.900000E-3	0.000000E+0	5.195620E+5
6.920000E-3	0.000000E+0	5.184100E+5
6.940000E-3	0.000000E+0	5.200940E+5
6.960000E-3	0.000000E+0	5.179720E+5
6.980000E-3	0.000000E+0	5.200810E+5
7.000000E-3	0.000000E+0	5.194080E+5
7.020000E-3	0.000000E+0	5.204920E+5
7.040000E-3	0.000000E+0	5.203300E+5
7.060000E-3	0.000000E+0	5.203200E+5
7.080000E-3	0.000000E+0	5.196990E+5
7.100000E-3	0.000000E+0	5.188730E+5
7.120000E-3	0.000000E+0	5.201320E+5
7.140000E-3	0.000000E+0	5.194810E+5
7.160000E-3	0.000000E+0	5.197140E+5
7.180000E-3	0.000000E+0	5.187350E+5
7.200000E-3	0.000000E+0	5.196630E+5
7.220000E-3	0.000000E+0	5.205080E+5
7.240000E-3	0.000000E+0	5.193890E+5
7.260000E-3	0.000000E+0	5.198900E+5
7.280000E-3	0.000000E+0	5.197010E+5
7.300000E-3	0.000000E+0	5.197450E+5
7.320000E-3	0.000000E+0	5.199570E+5
7.340000E-3	0.000000E+0	5.209530E+5
7.360000E-3	0.000000E+0	5.194060E+5
7.380000E-3	0.000000E+0	5.206760E+5
7.400000E-3	0.000000E+0	5.200860E+5
7.420000E-3	0.000000E+0	5.195530E+5
7.440000E-3	0.000000E+0	5.196840E+5
7.460000E-3	0.000000E+0	5.196120E+5
7.480000E-3	0.000000E+0	5.191450E+5
7.500000E-3	0.000000E+0	5.206500E+5
7.520000E-3	0.000000E+0	5.200890E+5
7.540000E-3	0.000000E+0	5.200290E+5
7.560000E-3	0.000000E+0	5.204110E+5
7.580000E-3	0.000000E+0	5.200760E+5
7.600000E-3	0.000000E+0	5.199180E+5
7.620000E-3	0.000000E+0	5.203420E+5
7.640000E-3	0.000000E+0	5.208680E+5
7.660000E-3	0.000000E+0	5.195550E+5
7.680000E-3	0.000000E+0	5.196330E+5
7.700000E-3	0.000000E+0	5.194100E+5
7.720000E-3	0.000000E+0	5.205380E+5
7.740000E-3	0.000000E+0	5.193750E+5
7.760000E-3	0.000000E+0	5.200440E+5
7.780000E-3	0.000000E+0	5.208330E+5
7.800000E-3	0.000000E+0	5.195060E+5
7.820000E-3	0.000000E+0	5.194180E+5
7.840000E-3	0.000000E+0	5.212710E+5
7.860000E-3	0.000000E+0	5.198370E+5
7.880000E-3	0.000000E+0	5.196340E+5
7.900000E-3	0.000000E+0	5.202660E+5
7.920000E-3	0.000000E+0	5.197890E+5
7.940000E-3	0.000000E+0	5.210240E+5
7.960000E-3	0.000000E+0	5.214750E+5
7.980000E-3	0.000000E+0	5.205230E+5
8.000000E-3	0.000000E+0	5.203520E+5
8.020000E-3	0.000000E+0	5.202020E+5
8.040000E-3	0.000000E+0	5.189010E+5
8.060000E-3	0.000000E+0	5.190930E+5
8.080000E-3	0.000000E+0	5.204560E+5
8.100000E-3	0.000000E+0	5.211390E+5
8.120000E-3	0.000000E+0	5.204320E+5
8.140000E-3	0.000000E+0	5.194180E+5
8.160000E-3	0.000000E+0	5.197930E+5
8.180000E-3	0.000000E+0	5.193390E+5
8.200000E-3	0.000000E+0	5.199350E+5
8.220000E-3	0.000000E+0	5.197690E+5
8.240000E-3	0.000000E+0	5.202400E+5
8.260000E-3	0.000000E+0	5.217080E+5
8.280000E-3	0.000000E+0	5.191730E+5
8.300000E-3	0.000000E+0	5.202340E+5
8.320000E-3	0.000000E+0	5.187450E+5
8.340000E-3	0.000000E+0	5.188810E+5
8.360000E-3	0.000000E+0	5.196090E+5
8.380000E-3	0.000000E+0	5.183610E+5
8.400000E-3	0.000000E+0	5.189960E+5
8.420000E-3	0.000000E+0	5.195950E+5
8.440000E-3	0.000000E+0	5.200810E+5
8.460000E-3	0.000000E+0	5.203280E+5
8.480000E-3	0.000000E+0	5.209000E+5
8.500000E-3	0.000000E+0	5.187550E+5
8.520000E-3	0.000000E+0	5.202850E+5
8.540000E-3	0.000000E+0	5.205810E+5
8.560000E-3	0.000000E+0	5.200560E+5
8.580000E-3	0.000000E+0	5.213120E+5
8.600000E-3	0.000000E+0	5.201000E+5
8.620000E-3	0.000000E+0	5.213310E+5
8.640000E-3	0.000000E+0	5.199980E+5
8.660000E-3	0.000000E+0	5.193440E+5
8.680000E-3	0.000000E+0	5.203790E+5
8.700000E-3	0.000000E+0	5.183790E+5
8.720000E-3	0.000000E+0	5.208090E+5
8.740000E-3	0.000000E+0	5.184420E+5
8.760000E-3	0.000000E+0	5.199400E+5
8.780000E-3	0.000000E+0	5.200440E+5
8.800000E-3	0.000000E+0	5.206070E+5
8.820000E-3	0.000000E+0	5.202970E+5
8.840000E-3	0.000000E+0	5.193590E+5
8.860000E-3	0.000000E+0	5.217630E+5
8.880000E-3	0.000000E+0	5.194640E+5
8.900000E-3	0.000000E+0	5.200750E+5
8.920000E-3	0.000000E+0	5.194760E+5
8.940000E-3	0.000000E+0	5.184350E+5
8.960000E-3	0.000000E+0	5.207040E+5
8.980000E-3	0.000000E+0	5.193820E+5
9.000000E-3	0.000000E+0	5.200670E+5
9.020000E-3	0.000000E+0	5.181070E+5
9.040000E-3	0.000000E+0	5.202210E+5
9.060000E-3	0.000000E+0	5.225320E+5
9.080000E-3	0.000000E+0	5.197220E+5
9.100000E-3	0.000000E+0	5.212580E+5
9.120000E-3	0.000000E+0	5.188660E+5
9.140000E-3	0.000000E+0	5.206740E+5
9.160000E-3	0.000000E+0	5.202150E+5
9.180000E-3	0.000000E+0	5.190180E+5
9.200000E-3	0.000000E+0	5.198220E+5
9.220000E-3	0.000000E+0	5.201820E+5
9.240000E-3	0.000000E+0	5.206050E+5
9.260000E-3	0.000000E+0	5.211340E+5
9.280000E-3	0.000000E+0	5.208770E+5
9.300000E-3	0.000000E+0	5.208250E+5
9.320000E-3	0.000000E+0	5.196800E+5
9.340000E-3	0.000000E+0	5.198260E+5
9.360000E-3	0.000000E+0	5.202110E+5
9.380000E-3	0.000000E+0	5.210610E+5
9.400000E-3	0.000000E+0	5.204470E+5
9.420000E-3	0.000000E+0	5.214520E+5
9.440000E-3	0.000000E+0	5.196330E+5
9.460000E-3	0.000000E+0	5.208480E+5
9.480000E-3	0.000000E+0	5.201870E+5
9.500000E-3	0.000000E+0	5.190620E+5
9.520000E-3	0.000000E+0	5.208460E+5
9.540000E-3	0.000000E+0	5.186040E+5
9.560000E-3	0.000000E+0	5.200480E+5
9.580000E-3	0.000000E+0	5.199540E+5
9.600000E-3	0.000000E+0	5.202730E+5
9.620000E-3	0.000000E+0	5.198920E+5
9.640000E-3	0.000000E+0	5.194210E+5
9.660000E-3	0.000000E+0	5.212410E+5
9.680000E-3	0.000000E+0	5.189720E+5
9.700000E-3	0.000000E+0	5.194840E+5
9.720000E-3	0.000000E+0	5.198590E+5
9.740000E-3	0.000000E+0	5.198370E+5
9.760000E-3	0.000000E+0	5.197290E+5
9.780000E-3	0.000000E+0	5.206700E+5
9.800000E-3	0.000000E+0	5.200710E+5
9.820000E-3	0.000000E+0	5.204010E+5
9.840000E-3	0.000000E+0	5.202240E+5
9.860000E-3	0.000000E+0	5.191290E+5
9.880000E-3	0.000000E+0	5.212550E+5
9.900000E-3	0.000000E+0	5.219530E+5
9.920000E-3	0.000000E+0	5.202550E+5
9.940000E-3	0.000000E+0	5.187150E+5
9.960000E-3	0.000000E+0	5.192670E+5
9.980000E-3	0.000000E+0	5.207810E+5
1.000000E-2	0.000000E+0	5.198850E+5
1.002000E-2	0.000000E+0	5.198590E+5
1.004000E-2	0.000000E+0	5.209410E+5
1.006000E-2	0.000000E+0	5.193350E+5
1.008000E-2	0.000000E+0	5.198250E+5
1.010000E-2	0.000000E+0	5.194890E+5
1.012000E-2	0.000000E+0	5.209550E+5
1.014000E-2	0.000000E+0	5.216680E+5
1.016000E-2	0.000000E+0	5.210390E+5
1.018000E-2	0.000000E+0	5.204500E+5
1.020000E-2	0.000000E+0	5.205560E+5
1.022000E-2	0.000000E+0	5.201950E+5
1.024000E-2	0.000000E+0	5.195630E+5
1.026000E-2	0.000000E+0	5.214160E+5
1.028000E-2	0.000000E+0	5.201920E+5
1.030000E-2	0.000000E+0	5.206990E+5
1.032000E-2	0.000000E+0	5.192280E+5
1.034000E-2	0.000000E+0	5.211620E+5
1.036000E-2	0.000000E+0	5.203580E+5
1.038000E-2	0.000000E+0	5.207690E+5
1.040000E-2	0.000000E+0	5.197430E+5
1.042000E-2	0.000000E+0	5.205980E+5
1.044000E-2	0.000000E+0	5.201280E+5
1.046000E-2	0.000000E+0	5.207240E+5
1.048000E-2	0.000000E+0	5.210130E+5
1.050000E-2	0.000000E+0	5.198440E+5
1.052000E-2	0.000000E+0	5.210660E+5
1.054000E-2	0.000000E+0	5.212630E+5
1.056000E-2	0.000000E+0	5.198440E+5
1.058000E-2	0.000000E+0	5.213170E+5
1.060000E-2	0.000000E+0	5.197920E+5
1.062000E-2	0.000000E+0	5.195190E+5
1.064000E-2	0.000000E+0	5.203730E+5
1.066000E-2	0.000000E+0	5.199070E+5
1.068000E-2	0.000000E+0	5.203180E+5
1.070000E-2	0.000000E+0	5.191140E+5
1.072000E-2	0.000000E+0	5.200260E+5
1.074000E-2	0.000000E+0	5.207600E+5
1.076000E-2	0.000000E+0	5.204240E+5
1.078000E-2	0.000000E+0	5.211350E+5
1.080000E-2	0.000000E+0	5.210720E+5
1.082000E-2	0.000000E+0	5.215520E+5
1.084000E-2	0.000000E+0	5.205540E+5
1.086000E-2	0.000000E+0	5.205410E+5
1.088000E-2	0.000000E+0	5.200370E+5
1.090000E-2	0.000000E+0	5.205750E+5
1.092000E-2	0.000000E+0	5.203330E+5
1.094000E-2	0.000000E+0	5.194230E+5
1.096000E-2	0.000000E+0	5.198800E+5
1.098000E-2	0.000000E+0	5.207710E+5
1.100000E-2	0.000000E+0	5.208020E+5
1.102000E-2	0.000000E+0	5.195870E+5
1.104000E-2	0.000000E+0	5.207640E+5
1.106000E-2	0.000000E+0	5.200530E+5
1.108000E-2	0.000000E+0	5.209570E+5
1.110000E-2	0.000000E+0	5.199950E+5
1.112000E-2	0.000000E+0	5.196610E+5
1.114000E-2	0.000000E+0	5.207270E+5
1.116000E-2	0.000000E+0	5.186150E+5
1.118000E-2	0.000000E+0	5.202300E+5
1.120000E-2	0.000000E+0	5.196050E+5
1.122000E-2	0.000000E+0	5.219220E+5
1.124000E-2	0.000000E+0	5.216300E+5
1.126000E-2	0.000000E+0	5.191100E+5
1.128000E-2	0.000000E+0	5.189140E+5
1.130000E-2	0.000000E+0	5.207550E+5
1.132000E-2	0.000000E+0	5.216610E+5
1.134000E-2	0.000000E+0	5.193190E+5
1.136000E-2	0.000000E+0	5.215870E+5
1.138000E-2	0.000000E+0	5.201690E+5
1.140000E-2	0.000000E+0	5.219320E+5
1.142000E-2	0.000000E+0	5.196740E+5
1.144000E-2	0.000000E+0	5.213400E+5
1.146000E-2	0.000000E+0	5.198620E+5
1.148000E-2	0.000000E+0	5.202230E+5
1.150000E-2	0.000000E+0	5.200380E+5
1.152000E-2	0.000000E+0	5.197260E+5
1.154000E-2	0.000000E+0	5.198390E+5
1.156000E-2	0.000000E+0	5.207010E+5
1.158000E-2	0.000000E+0	5.195070E+5
1.160000E-2	0.000000E+0	5.204050E+5
1.162000E-2	0.000000E+0	5.203730E+5
1.164000E-2	0.000000E+0	5.210960E+5
1.166000E-2	0.000000E+0	5.219990E+5
1.168000E-2	0.000000E+0	5.208860E+5
1.170000E-2	0.000000E+0	5.214270E+5
1.172000E-2	0.000000E+0	5.210570E+5
1.174000E-2	0.000000E+0	5.199490E+5
1.176000E-2	0.000000E+0	5.201970E+5
1.178000E-2	0.000000E+0	5.193320E+5
1.180000E-2	0.000000E+0	5.202450E+5
1.182000E-2	0.000000E+0	5.206900E+5
1.184000E-2	0.000000E+0	5.211870E+5
1.186000E-2	0.000000E+0	5.193510E+5
1.188000E-2	0.000000E+0	5.194740E+5
1.190000E-2	0.000000E+0	5.193570E+5
1.192000E-2	0.000000E+0	5.192930E+5
1.194000E-2	0.000000E+0	5.216510E+5
1.196000E-2	0.000000E+0	5.200090E+5
1.198000E-2	0.000000E+0	5.203830E+5
1.200000E-2	0.000000E+0	5.200950E+5
1.202000E-2	0.000000E+0	5.200420E+5
1.204000E-2	0.000000E+0	5.196750E+5
1.206000E-2	0.000000E+0	5.205520E+5
1.208000E-2	0.000000E+0	5.209780E+5
1.210000E-2	0.000000E+0	5.205730E+5
1.212000E-2	0.000000E+0	5.200240E+5
1.214000E-2	0.000000E+0	5.190220E+5
1.216000E-2	0.000000E+0	5.196260E+5
1.218000E-2	0.000000E+0	5.198480E+5
1.220000E-2	0.000000E+0	5.193680E+5
1.222000E-2	0.000000E+0	5.205370E+5
1.224000E-2	0.000000E+0	5.205350E+5
1.226000E-2	0.000000E+0	5.199780E+5
1.228000E-2	0.000000E+0	5.202100E+5
1.230000E-2	0.000000E+0	5.200680E+5
1.232000E-2	0.000000E+0	5.208210E+5
1.234000E-2	0.000000E+0	5.208610E+5
1.236000E-2	0.000000E+0	5.201590E+5
1.238000E-2	0.000000E+0	5.215020E+5
1.240000E-2	0.000000E+0	5.210030E+5
1.242000E-2	0.000000E+0	5.210150E+5
1.244000E-2	0.000000E+0	5.209080E+5
1.246000E-2	0.000000E+0	5.204150E+5
1.248000E-2	0.000000E+0	5.202520E+5
1.250000E-2	0.000000E+0	5.200350E+5
1.252000E-2	0.000000E+0	5.220880E+5
1.254000E-2	0.000000E+0	5.205120E+5
1.256000E-2	0.000000E+0	5.197500E+5
1.258000E-2	0.000000E+0	5.211900E+5
1.260000E-2	0.000000E+0	5.212810E+5
1.262000E-2	0.000000E+0	5.194400E+5
1.264000E-2	0.000000E+0	5.194930E+5
1.266000E-2	0.000000E+0	5.223280E+5
1.268000E-2	0.000000E+0	5.205260E+5
1.270000E-2	0.000000E+0	5.197710E+5
1.272000E-2	0.000000E+0	5.210760E+5
1.274000E-2	0.000000E+0	5.199850E+5
1.276000E-2	0.000000E+0	5.205650E+5
1.278000E-2	0.000000E+0	5.197590E+5
1.280000E-2	0.000000E+0	5.200120E+5
1.282000E-2	0.000000E+0	5.195900E+5
1.284000E-2	0.000000E+0	5.202220E+5
1.286000E-2	0.000000E+0	5.207300E+5
1.288000E-2	0.000000E+0	5.212690E+5
1.290000E-2	0.000000E+0	5.201000E+5
1.292000E-2	0.000000E+0	5.203890E+5
1.294000E-2	0.000000E+0	5.194610E+5
1.296000E-2	0.000000E+0	5.205530E+5
1.298000E-2	0.000000E+0	5.204790E+5
1.300000E-2	0.000000E+0	5.205660E+5
1.302000E-2	0.000000E+0	5.210710E+5
1.304000E-2	0.000000E+0	5.210050E+5
1.306000E-2	0.000000E+0	5.195060E+5
1.308000E-2	0.000000E+0	5.217690E+5
1.310000E-2	0.000000E+0	5.208380E+5
1.312000E-2	0.000000E+0	5.203780E+5
1.314000E-2	0.000000E+0	5.212660E+5
1.316000E-2	0.000000E+0	5.207350E+5
1.318000E-2	0.000000E+0	5.202470E+5
1.320000E-2	0.000000E+0	5.206000E+5
1.322000E-2	0.000000E+0	5.209940E+5
1.324000E-2	0.000000E+0	5.195570E+5
1.326000E-2	0.000000E+0	5.212030E+5
1.328000E-2	0.000000E+0	5.208950E+5
1.330000E-2	0.000000E+0	5.189430E+5
1.332000E-2	0.000000E+0	5.198690E+5
1.334000E-2	0.000000E+0	5.196080E+5
1.336000E-2	0.000000E+0	5.205320E+5
1.338000E-2	0.000000E+0	5.208490E+5
1.340000E-2	0.000000E+0	5.199520E+5
1.342000E-2	0.000000E+0	5.188780E+5
1.344000E-2	0.000000E+0	5.201310E+5
1.346000E-2	0.000000E+0	5.195090E+5
1.348000E-2	0.000000E+0	5.212680E+5
1.350000E-2	0.000000E+0	5.208800E+5
1.352000E-2	0.000000E+0	5.211100E+5
1.354000E-2	0.000000E+0	5.205500E+5
1.356000E-2	0.000000E+0	5.212160E+5
1.358000E-2	0.000000E+0	5.203360E+5
1.360000E-2	0.000000E+0	5.201660E+5
1.362000E-2	0.000000E+0	5.207000E+5
1.364000E-2	0.000000E+0	5.189060E+5
1.366000E-2	0.000000E+0	5.199330E+5
1.368000E-2	0.000000E+0	5.210120E+5
1.370000E-2	0.000000E+0	5.210290E+5
1.372000E-2	0.000000E+0	5.198920E+5
1.374000E-2	0.000000E+0	5.207480E+5
1.376000E-2	0.000000E+0	5.196890E+5
1.378000E-2	0.000000E+0	5.194410E+5
1.380000E-2	0.000000E+0	5.207170E+5
1.382000E-2	0.000000E+0	5.191450E+5
1.384000E-2	0.000000E+0	5.200900E+5
1.386000E-2	0.000000E+0	5.203660E+5
1.388000E-2	0.000000E+0	5.200470E+5
1.390000E-2	0.000000E+0	5.210390E+5
1.392000E-2	0.000000E+0	5.214870E+5
1.394000E-2	0.000000E+0	5.211490E+5
1.396000E-2	0.000000E+0	5.205170E+5
1.398000E-2	0.000000E+0	5.216550E+5
1.400000E-2	0.000000E+0	5.212350E+5
1.402000E-2	0.000000E+0	5.195980E+5
1.404000E-2	0.000000E+0	5.217520E+5
1.406000E-2	0.000000E+0	5.199000E+5
1.408000E-2	0.000000E+0	5.200890E+5
1.410000E-2	0.000000E+0	5.208000E+5
1.412000E-2	0.000000E+0	5.199000E+5
1.414000E-2	0.000000E+0	5.196430E+5
1.416000E-2	0.000000E+0	5.197360E+5
1.418000E-2	0.000000E+0	5.197530E+5
1.420000E-2	0.000000E+0	5.207940E+5
1.422000E-2	0.000000E+0	5.209640E+5
1.424000E-2	0.000000E+0	5.187260E+5
1.426000E-2	0.000000E+0	5.190500E+5
1.428000E-2	0.000000E+0	5.199180E+5
1.430000E-2	0.000000E+0	5.202890E+5
1.432000E-2	0.000000E+0	5.197900E+5
1.434000E-2	0.000000E+0	5.200040E+5
1.436000E-2	0.000000E+0	5.205620E+5
1.438000E-2	0.000000E+0	5.204640E+5
1.440000E-2	0.000000E+0	5.218280E+5
1.442000E-2	0.000000E+0	5.203870E+5
1.444000E-2	0.000000E+0	5.191750E+5
1.446000E-2	0.000000E+0	5.207260E+5
1.448000E-2	0.000000E+0	5.208880E+5
1.450000E-2	0.000000E+0	5.201720E+5
1.452000E-2	0.000000E+0	5.204530E+5
1.454000E-2	0.000000E+0	5.205140E+5
1.456000E-2	0.000000E+0	5.209880E+5
1.458000E-2	0.000000E+0	5.191930E+5
1.460000E-2	0.000000E+0	5.204950E+5
1.462000E-2	0.000000E+0	5.182740E+5
1.464000E-2	0.000000E+0	5.204680E+5
1.466000E-2	0.000000E+0	5.200430E+5
1.468000E-2	0.000000E+0	5.218720E+5
1.470000E-2	0.000000E+0	5.199220E+5
1.472000E-2	0.000000E+0	5.195950E+5
1.474000E-2	0.000000E+0	5.208120E+5
1.476000E-2	0.000000E+0	5.210990E+5
1.478000E-2	0.000000E+0	5.213230E+5
1.480000E-2	0.000000E+0	5.192720E+5
1.482000E-2	0.000000E+0	5.191980E+5
1.484000E-2	0.000000E+0	5.214110E+5
1.486000E-2	0.000000E+0	5.193280E+5
1.488000E-2	0.000000E+0	5.190560E+5
1.490000E-2	0.000000E+0	5.182170E+5
1.492000E-2	0.000000E+0	5.174160E+5
1.494000E-2	0.000000E+0	5.150310E+5
1.496000E-2	0.000000E+0	5.136670E+5
1.498000E-2	0.000000E+0	5.133550E+5
1.500000E-2	0.000000E+0	5.125310E+5
1.502000E-2	0.000000E+0	5.120750E+5
1.504000E-2	0.000000E+0	5.107080E+5
1.506000E-2	0.000000E+0	5.099680E+5
1.508000E-2	0.000000E+0	5.080310E+5
1.510000E-2	0.000000E+0	5.063890E+5
1.512000E-2	0.000000E+0	5.058970E+5
1.514000E-2	0.000000E+0	5.071570E+5
1.516000E-2	0.000000E+0	5.074030E+5
1.518000E-2	0.000000E+0	5.085060E+5
1.520000E-2	0.000000E+0	5.112280E+5
1.522000E-2	0.000000E+0	5.120520E+5
1.524000E-2	0.000000E+0	5.156120E+5
1.526000E-2	0.000000E+0	5.153490E+5
1.528000E-2	0.000000E+0	5.170310E+5
1.530000E-2	0.000000E+0	5.164050E+5
1.532000E-2	0.000000E+0	5.183620E+5
1.534000E-2	0.000000E+0	5.181990E+5
1.536000E-2	0.000000E+0	5.184600E+5
1.538000E-2	0.000000E+0	5.200260E+5
1.540000E-2	0.000000E+0	5.196210E+5
1.542000E-2	0.000000E+0	5.195570E+5
1.544000E-2	0.000000E+0	5.189110E+5
1.546000E-2	0.000000E+0	5.189160E+5
1.548000E-2	0.000000E+0	5.189090E+5
1.550000E-2	0.000000E+0	5.181290E+5
1.552000E-2	0.000000E+0	5.194590E+5
1.554000E-2	0.000000E+0	5.179460E+5
1.556000E-2	0.000000E+0	5.161000E+5
1.558000E-2	0.000000E+0	5.145610E+5
1.560000E-2	0.000000E+0	5.138650E+5
1.562000E-2	0.000000E+0	5.128900E+5
1.564000E-2	0.000000E+0	5.118680E+5
1.566000E-2	0.000000E+0	5.125160E+5
1.568000E-2	0.000000E+0	5.109290E+5
1.570000E-2	0.000000E+0	5.100600E+5
1.572000E-2	0.000000E+0	5.077750E+5
1.574000E-2	0.000000E+0	5.059970E+5
1.576000E-2	0.000000E+0	5.074140E+5
1.578000E-2	0.000000E+0	5.048320E+5
1.580000E-2	0.000000E+0	5.069220E+5
1.582000E-2	0.000000E+0	5.084460E+5
1.584000E-2	0.000000E+0	5.097020E+5
1.586000E-2	0.000000E+0	5.119290E+5
1.588000E-2	0.000000E+0	5.137500E+5
1.590000E-2	0.000000E+0	5.149030E+5
1.592000E-2	0.000000E+0	5.163830E+5
1.594000E-2	0.000000E+0	5.159670E+5
1.596000E-2	0.000000E+0	5.175990E+5
1.598000E-2	0.000000E+0	5.191720E+5
1.600000E-2	0.000000E+0	5.199870E+5
1.602000E-2	0.000000E+0	5.192700E+5
1.604000E-2	0.000000E+0	5.190590E+5
1.606000E-2	0.000000E+0	5.192790E+5
1.608000E-2	0.000000E+0	5.197980E+5
1.610000E-2	0.000000E+0	5.210220E+5
1.612000E-2	0.000000E+0	5.204100E+5
1.614000E-2	0.000000E+0	5.197710E+5
1.616000E-2	0.000000E+0	5.218860E+5
1.618000E-2	0.000000E+0	5.202060E+5
1.620000E-2	0.000000E+0	5.200860E+5
1.622000E-2	0.000000E+0	5.200480E+5
1.624000E-2	0.000000E+0	5.199970E+5
1.626000E-2	0.000000E+0	5.202760E+5
1.628000E-2	0.000000E+0	5.214600E+5
1.630000E-2	0.000000E+0	5.201050E+5
1.632000E-2	0.000000E+0	5.207420E+5
1.634000E-2	0.000000E+0	5.204140E+5
1.636000E-2	0.000000E+0	5.209640E+5
1.638000E-2	0.000000E+0	5.202510E+5
1.640000E-2	0.000000E+0	5.210070E+5
1.642000E-2	0.000000E+0	5.202770E+5
1.644000E-2	0.000000E+0	5.195830E+5
1.646000E-2	0.000000E+0	5.202950E+5
1.648000E-2	0.000000E+0	5.195330E+5
1.650000E-2	0.000000E+0	5.198080E+5
1.652000E-2	0.000000E+0	5.212570E+5
1.654000E-2	0.000000E+0	5.199920E+5
1.656000E-2	0.000000E+0	5.198390E+5
1.658000E-2	0.000000E+0	5.202350E+5
1.660000E-2	0.000000E+0	5.202420E+5
1.662000E-2	0.000000E+0	5.203320E+5
1.664000E-2	0.000000E+0	5.199270E+5
1.666000E-2	0.000000E+0	5.200470E+5
1.668000E-2	0.000000E+0	5.197650E+5
1.670000E-2	0.000000E+0	5.200030E+5
1.672000E-2	0.000000E+0	5.208300E+5
1.674000E-2	0.000000E+0	5.199820E+5
1.676000E-2	0.000000E+0	5.191060E+5
1.678000E-2	0.000000E+0	5.190960E+5
1.680000E-2	0.000000E+0	5.203580E+5
1.682000E-2	0.000000E+0	5.205320E+5
1.684000E-2	0.000000E+0	5.208360E+5
1.686000E-2	0.000000E+0	5.220410E+5
1.688000E-2	0.000000E+0	5.204100E+5
1.690000E-2	0.000000E+0	5.203200E+5
1.692000E-2	0.000000E+0	5.206940E+5
1.694000E-2	0.000000E+0	5.202440E+5
1.696000E-2	0.000000E+0	5.192780E+5
1.698000E-2	0.000000E+0	5.199080E+5
1.700000E-2	0.000000E+0	5.210970E+5
1.702000E-2	0.000000E+0	5.205350E+5
1.704000E-2	0.000000E+0	5.209230E+5
1.706000E-2	0.000000E+0	5.209730E+5
1.708000E-2	0.000000E+0	5.199250E+5
1.710000E-2	0.000000E+0	5.211360E+5
1.712000E-2	0.000000E+0	5.202470E+5
1.714000E-2	0.000000E+0	5.194120E+5
1.716000E-2	0.000000E+0	5.209310E+5
1.718000E-2	0.000000E+0	5.204180E+5
1.720000E-2	0.000000E+0	5.211600E+5
1.722000E-2	0.000000E+0	5.215220E+5
1.724000E-2	0.000000E+0	5.200320E+5
1.726000E-2	0.000000E+0	5.196890E+5
1.728000E-2	0.000000E+0	5.197700E+5
1.730000E-2	0.000000E+0	5.201040E+5
1.732000E-2	0.000000E+0	5.201020E+5
1.734000E-2	0.000000E+0	5.205090E+5
1.736000E-2	0.000000E+0	5.215690E+5
1.738000E-2	0.000000E+0	5.214930E+5
1.740000E-2	0.000000E+0	5.212780E+5
1.742000E-2	0.000000E+0	5.196880E+5
1.744000E-2	0.000000E+0	5.201490E+5
1.746000E-2	0.000000E+0	5.201910E+5
1.748000E-2	0.000000E+0	5.202080E+5
1.750000E-2	0.000000E+0	5.208160E+5
1.752000E-2	0.000000E+0	5.210900E+5
1.754000E-2	0.000000E+0	5.199410E+5
1.756000E-2	0.000000E+0	5.194940E+5
1.758000E-2	0.000000E+0	5.202600E+5
1.760000E-2	0.000000E+0	5.207560E+5
1.762000E-2	0.000000E+0	5.209890E+5
1.764000E-2	0.000000E+0	5.210420E+5
1.766000E-2	0.000000E+0	5.200530E+5
1.768000E-2	0.000000E+0	5.205780E+5
1.770000E-2	0.000000E+0	5.203210E+5
1.772000E-2	0.000000E+0	5.217910E+5
1.774000E-2	0.000000E+0	5.203300E+5
1.776000E-2	0.000000E+0	5.199010E+5
1.778000E-2	0.000000E+0	5.209780E+5
1.780000E-2	0.000000E+0	5.189320E+5
1.782000E-2	0.000000E+0	5.201870E+5
1.784000E-2	0.000000E+0	5.202360E+5
1.786000E-2	0.000000E+0	5.200640E+5
1.788000E-2	0.000000E+0	5.206270E+5
1.790000E-2	0.000000E+0	5.209140E+5
1.792000E-2	0.000000E+0	5.196290E+5
1.794000E-2	0.000000E+0	5.202030E+5
1.796000E-2	0.000000E+0	5.205120E+5
1.798000E-2	0.000000E+0	5.208260E+5
1.800000E-2	0.000000E+0	5.192180E+5
1.802000E-2	0.000000E+0	5.198700E+5
1.804000E-2	0.000000E+0	5.191950E+5
1.806000E-2	0.000000E+0	5.199230E+5
1.808000E-2	0.000000E+0	5.199120E+5
1.810000E-2	0.000000E+0	5.207630E+5
1.812000E-2	0.000000E+0	5.216710E+5
1.814000E-2	0.000000E+0	5.215440E+5
1.816000E-2	0.000000E+0	5.212910E+5
1.818000E-2	0.000000E+0	5.195440E+5
1.820000E-2	0.000000E+0	5.212270E+5
1.822000E-2	0.000000E+0	5.198480E+5
1.824000E-2	0.000000E+0	5.202350E+5
1.826000E-2	0.000000E+0	5.208710E+5
1.828000E-2	0.000000E+0	5.196870E+5
1.830000E-2	0.000000E+0	5.195750E+5
1.832000E-2	0.000000E+0	5.212260E+5
1.834000E-2	0.000000E+0	5.197400E+5
1.836000E-2	0.000000E+0	5.215530E+5
1.838000E-2	0.000000E+0	5.199950E+5
1.840000E-2	0.000000E+0	5.199500E+5
1.842000E-2	0.000000E+0	5.195620E+5
1.844000E-2	0.000000E+0	5.197140E+5
1.846000E-2	0.000000E+0	5.187940E+5
1.848000E-2	0.000000E+0	5.214850E+5
1.850000E-2	0.000000E+0	5.207220E+5
1.852000E-2	0.000000E+0	5.205580E+5
1.854000E-2	0.000000E+0	5.218780E+5
1.856000E-2	0.000000E+0	5.190630E+5
1.858000E-2	0.000000E+0	5.194430E+5
1.860000E-2	0.000000E+0	5.206390E+5
1.862000E-2	0.000000E+0	5.198910E+5
1.864000E-2	0.000000E+0	5.190510E+5
1.866000E-2	0.000000E+0	5.208880E+5
1.868000E-2	0.000000E+0	5.200280E+5
1.870000E-2	0.000000E+0	5.203000E+5
1.872000E-2	0.000000E+0	5.207700E+5
1.874000E-2	0.000000E+0	5.185220E+5
1.876000E-2	0.000000E+0	5.201960E+5
1.878000E-2	0.000000E+0	5.201580E+5
1.880000E-2	0.000000E+0	5.202690E+5
1.882000E-2	0.000000E+0	5.199570E+5
1.884000E-2	0.000000E+0	5.208410E+5
1.886000E-2	0.000000E+0	5.202900E+5
1.888000E-2	0.000000E+0	5.195520E+5
1.890000E-2	0.000000E+0	5.201600E+5
1.892000E-2	0.000000E+0	5.217180E+5
1.894000E-2	0.000000E+0	5.205860E+5
1.896000E-2	0.000000E+0	5.205080E+5
1.898000E-2	0.000000E+0	5.210510E+5
1.900000E-2	0.000000E+0	5.198230E+5
1.902000E-2	0.000000E+0	5.195050E+5
1.904000E-2	0.000000E+0	5.204920E+5
1.906000E-2	0.000000E+0	5.211550E+5
1.908000E-2	0.000000E+0	5.206100E+5
1.910000E-2	0.000000E+0	5.189610E+5
1.912000E-2	0.000000E+0	5.193360E+5
1.914000E-2	0.000000E+0	5.205100E+5
1.916000E-2	0.000000E+0	5.199770E+5
1.918000E-2	0.000000E+0	5.195100E+5
1.920000E-2	0.000000E+0	5.206640E+5
1.922000E-2	0.000000E+0	5.203710E+5
1.924000E-2	0.000000E+0	5.202420E+5
1.926000E-2	0.000000E+0	5.208530E+5
1.928000E-2	0.000000E+0	5.213970E+5
1.930000E-2	0.000000E+0	5.202140E+5
1.932000E-2	0.000000E+0	5.201640E+5
1.934000E-2	0.000000E+0	5.203700E+5
1.936000E-2	0.000000E+0	5.198890E+5
1.938000E-2	0.000000E+0	5.207600E+5
1.940000E-2	0.000000E+0	5.188170E+5
1.942000E-2	0.000000E+0	5.214760E+5
1.944000E-2	0.000000E+0	5.212210E+5
1.946000E-2	0.000000E+0	5.193040E+5
1.948000E-2	0.000000E+0	5.204970E+5
1.950000E-2	0.000000E+0	5.206300E+5
1.952000E-2	0.000000E+0	5.211220E+5
1.954000E-2	0.000000E+0	5.200130E+5
1.956000E-2	0.000000E+0	5.210760E+5
1.958000E-2	0.000000E+0	5.198270E+5
1.960000E-2	0.000000E+0	5.205230E+5
1.962000E-2	0.000000E+0	5.200790E+5
1.964000E-2	0.000000E+0	5.210390E+5
1.966000E-2	0.000000E+0	5.210480E+5
1.968000E-2	0.000000E+0	5.202710E+5
1.970000E-2	0.000000E+0	5.201880E+5
1.972000E-2	0.000000E+0	5.201670E+5
1.974000E-2	0.000000E+0	5.207490E+5
1.976000E-2	0.000000E+0	5.188050E+5
1.978000E-2	0.000000E+0	5.196330E+5
1.980000E-2	0.000000E+0	5.207180E+5
1.982000E-2	0.000000E+0	5.195840E+5
1.984000E-2	0.000000E+0	5.203760E+5
1.986000E-2	0.000000E+0	5.192160E+5
1.988000E-2	0.000000E+0	5.191660E+5
1.990000E-2	0.000000E+0	5.201370E+5
1.992000E-2	0.000000E+0	5.199290E+5
1.994000E-2	0.000000E+0	5.218130E+5
1.996000E-2	0.000000E+0	5.197550E+5
1.998000E-2	0.000000E+0	5.206140E+5
