

live time:  103995.460000
real time:  144008.837000
sweeps:  5199773.000000
0.000000E+0	0.000000E+0	0.000000E+0
2.000000E-5	0.000000E+0	2.281920E+5
4.000000E-5	0.000000E+0	2.287360E+5
6.000000E-5	0.000000E+0	2.279710E+5
8.000000E-5	0.000000E+0	2.287340E+5
1.000000E-4	0.000000E+0	2.279550E+5
1.200000E-4	0.000000E+0	2.279940E+5
1.400000E-4	0.000000E+0	2.285710E+5
1.600000E-4	0.000000E+0	2.286530E+5
1.800000E-4	0.000000E+0	2.281260E+5
2.000000E-4	0.000000E+0	2.287010E+5
2.200000E-4	0.000000E+0	2.281610E+5
2.400000E-4	0.000000E+0	2.278430E+5
2.600000E-4	0.000000E+0	2.276380E+5
2.800000E-4	0.000000E+0	2.283630E+5
3.000000E-4	0.000000E+0	2.289070E+5
3.200000E-4	0.000000E+0	2.284490E+5
3.400000E-4	0.000000E+0	2.280210E+5
3.600000E-4	0.000000E+0	2.284120E+5
3.800000E-4	0.000000E+0	2.277450E+5
4.000000E-4	0.000000E+0	2.279250E+5
4.200000E-4	0.000000E+0	2.283020E+5
4.400000E-4	0.000000E+0	2.276110E+5
4.600000E-4	0.000000E+0	2.290650E+5
4.800000E-4	0.000000E+0	2.279930E+5
5.000000E-4	0.000000E+0	2.285440E+5
5.200000E-4	0.000000E+0	2.284070E+5
5.400000E-4	0.000000E+0	2.284020E+5
5.600000E-4	0.000000E+0	2.276130E+5
5.800000E-4	0.000000E+0	2.286030E+5
6.000000E-4	0.000000E+0	2.286380E+5
6.200000E-4	0.000000E+0	2.276810E+5
6.400000E-4	0.000000E+0	2.287580E+5
6.600000E-4	0.000000E+0	2.279830E+5
6.800000E-4	0.000000E+0	2.279280E+5
7.000000E-4	0.000000E+0	2.283990E+5
7.200000E-4	0.000000E+0	2.290060E+5
7.400000E-4	0.000000E+0	2.276300E+5
7.600000E-4	0.000000E+0	2.282710E+5
7.800000E-4	0.000000E+0	2.274010E+5
8.000000E-4	0.000000E+0	2.281980E+5
8.200000E-4	0.000000E+0	2.286920E+5
8.400000E-4	0.000000E+0	2.284900E+5
8.600000E-4	0.000000E+0	2.289620E+5
8.800000E-4	0.000000E+0	2.274280E+5
9.000000E-4	0.000000E+0	2.290910E+5
9.200000E-4	0.000000E+0	2.279060E+5
9.400000E-4	0.000000E+0	2.282810E+5
9.600000E-4	0.000000E+0	2.272490E+5
9.800000E-4	0.000000E+0	2.290810E+5
1.000000E-3	0.000000E+0	2.283420E+5
1.020000E-3	0.000000E+0	2.280100E+5
1.040000E-3	0.000000E+0	2.280050E+5
1.060000E-3	0.000000E+0	2.280330E+5
1.080000E-3	0.000000E+0	2.281690E+5
1.100000E-3	0.000000E+0	2.276460E+5
1.120000E-3	0.000000E+0	2.284270E+5
1.140000E-3	0.000000E+0	2.277200E+5
1.160000E-3	0.000000E+0	2.273530E+5
1.180000E-3	0.000000E+0	2.277290E+5
1.200000E-3	0.000000E+0	2.285830E+5
1.220000E-3	0.000000E+0	2.289600E+5
1.240000E-3	0.000000E+0	2.283330E+5
1.260000E-3	0.000000E+0	2.279120E+5
1.280000E-3	0.000000E+0	2.288400E+5
1.300000E-3	0.000000E+0	2.274900E+5
1.320000E-3	0.000000E+0	2.287330E+5
1.340000E-3	0.000000E+0	2.280370E+5
1.360000E-3	0.000000E+0	2.280100E+5
1.380000E-3	0.000000E+0	2.285800E+5
1.400000E-3	0.000000E+0	2.280620E+5
1.420000E-3	0.000000E+0	2.286060E+5
1.440000E-3	0.000000E+0	2.277280E+5
1.460000E-3	0.000000E+0	2.274800E+5
1.480000E-3	0.000000E+0	2.284600E+5
1.500000E-3	0.000000E+0	2.285620E+5
1.520000E-3	0.000000E+0	2.282730E+5
1.540000E-3	0.000000E+0	2.284740E+5
1.560000E-3	0.000000E+0	2.277820E+5
1.580000E-3	0.000000E+0	2.283230E+5
1.600000E-3	0.000000E+0	2.279900E+5
1.620000E-3	0.000000E+0	2.281940E+5
1.640000E-3	0.000000E+0	2.275700E+5
1.660000E-3	0.000000E+0	2.292720E+5
1.680000E-3	0.000000E+0	2.276100E+5
1.700000E-3	0.000000E+0	2.275890E+5
1.720000E-3	0.000000E+0	2.284870E+5
1.740000E-3	0.000000E+0	2.291200E+5
1.760000E-3	0.000000E+0	2.288360E+5
1.780000E-3	0.000000E+0	2.290620E+5
1.800000E-3	0.000000E+0	2.287040E+5
1.820000E-3	0.000000E+0	2.280690E+5
1.840000E-3	0.000000E+0	2.282450E+5
1.860000E-3	0.000000E+0	2.285050E+5
1.880000E-3	0.000000E+0	2.284080E+5
1.900000E-3	0.000000E+0	2.279350E+5
1.920000E-3	0.000000E+0	2.283400E+5
1.940000E-3	0.000000E+0	2.281680E+5
1.960000E-3	0.000000E+0	2.282830E+5
1.980000E-3	0.000000E+0	2.288220E+5
2.000000E-3	0.000000E+0	2.279950E+5
2.020000E-3	0.000000E+0	2.280790E+5
2.040000E-3	0.000000E+0	2.278510E+5
2.060000E-3	0.000000E+0	2.287100E+5
2.080000E-3	0.000000E+0	2.290830E+5
2.100000E-3	0.000000E+0	2.293610E+5
2.120000E-3	0.000000E+0	2.284730E+5
2.140000E-3	0.000000E+0	2.282980E+5
2.160000E-3	0.000000E+0	2.278970E+5
2.180000E-3	0.000000E+0	2.288770E+5
2.200000E-3	0.000000E+0	2.283130E+5
2.220000E-3	0.000000E+0	2.285470E+5
2.240000E-3	0.000000E+0	2.283810E+5
2.260000E-3	0.000000E+0	2.287390E+5
2.280000E-3	0.000000E+0	2.283530E+5
2.300000E-3	0.000000E+0	2.285350E+5
2.320000E-3	0.000000E+0	2.280770E+5
2.340000E-3	0.000000E+0	2.282260E+5
2.360000E-3	0.000000E+0	2.283520E+5
2.380000E-3	0.000000E+0	2.284830E+5
2.400000E-3	0.000000E+0	2.278200E+5
2.420000E-3	0.000000E+0	2.283070E+5
2.440000E-3	0.000000E+0	2.274410E+5
2.460000E-3	0.000000E+0	2.282160E+5
2.480000E-3	0.000000E+0	2.290910E+5
2.500000E-3	0.000000E+0	2.285630E+5
2.520000E-3	0.000000E+0	2.288670E+5
2.540000E-3	0.000000E+0	2.279890E+5
2.560000E-3	0.000000E+0	2.282940E+5
2.580000E-3	0.000000E+0	2.278460E+5
2.600000E-3	0.000000E+0	2.292250E+5
2.620000E-3	0.000000E+0	2.278680E+5
2.640000E-3	0.000000E+0	2.278280E+5
2.660000E-3	0.000000E+0	2.288480E+5
2.680000E-3	0.000000E+0	2.283270E+5
2.700000E-3	0.000000E+0	2.287840E+5
2.720000E-3	0.000000E+0	2.282940E+5
2.740000E-3	0.000000E+0	2.288070E+5
2.760000E-3	0.000000E+0	2.283630E+5
2.780000E-3	0.000000E+0	2.284370E+5
2.800000E-3	0.000000E+0	2.278950E+5
2.820000E-3	0.000000E+0	2.280090E+5
2.840000E-3	0.000000E+0	2.276850E+5
2.860000E-3	0.000000E+0	2.289120E+5
2.880000E-3	0.000000E+0	2.286130E+5
2.900000E-3	0.000000E+0	2.290640E+5
2.920000E-3	0.000000E+0	2.280480E+5
2.940000E-3	0.000000E+0	2.283910E+5
2.960000E-3	0.000000E+0	2.288000E+5
2.980000E-3	0.000000E+0	2.275920E+5
3.000000E-3	0.000000E+0	2.284300E+5
3.020000E-3	0.000000E+0	2.284200E+5
3.040000E-3	0.000000E+0	2.285240E+5
3.060000E-3	0.000000E+0	2.296970E+5
3.080000E-3	0.000000E+0	2.283940E+5
3.100000E-3	0.000000E+0	2.275690E+5
3.120000E-3	0.000000E+0	2.283150E+5
3.140000E-3	0.000000E+0	2.284000E+5
3.160000E-3	0.000000E+0	2.284620E+5
3.180000E-3	0.000000E+0	2.288330E+5
3.200000E-3	0.000000E+0	2.284390E+5
3.220000E-3	0.000000E+0	2.285610E+5
3.240000E-3	0.000000E+0	2.283000E+5
3.260000E-3	0.000000E+0	2.283690E+5
3.280000E-3	0.000000E+0	2.282390E+5
3.300000E-3	0.000000E+0	2.280990E+5
3.320000E-3	0.000000E+0	2.283280E+5
3.340000E-3	0.000000E+0	2.286290E+5
3.360000E-3	0.000000E+0	2.279240E+5
3.380000E-3	0.000000E+0	2.280630E+5
3.400000E-3	0.000000E+0	2.280410E+5
3.420000E-3	0.000000E+0	2.288140E+5
3.440000E-3	0.000000E+0	2.276530E+5
3.460000E-3	0.000000E+0	2.288560E+5
3.480000E-3	0.000000E+0	2.280610E+5
3.500000E-3	0.000000E+0	2.289170E+5
3.520000E-3	0.000000E+0	2.278000E+5
3.540000E-3	0.000000E+0	2.281540E+5
3.560000E-3	0.000000E+0	2.281250E+5
3.580000E-3	0.000000E+0	2.280570E+5
3.600000E-3	0.000000E+0	2.279160E+5
3.620000E-3	0.000000E+0	2.269190E+5
3.640000E-3	0.000000E+0	2.285770E+5
3.660000E-3	0.000000E+0	2.282750E+5
3.680000E-3	0.000000E+0	2.281260E+5
3.700000E-3	0.000000E+0	2.276440E+5
3.720000E-3	0.000000E+0	2.284710E+5
3.740000E-3	0.000000E+0	2.282220E+5
3.760000E-3	0.000000E+0	2.282830E+5
3.780000E-3	0.000000E+0	2.280980E+5
3.800000E-3	0.000000E+0	2.280920E+5
3.820000E-3	0.000000E+0	2.278160E+5
3.840000E-3	0.000000E+0	2.282000E+5
3.860000E-3	0.000000E+0	2.281020E+5
3.880000E-3	0.000000E+0	2.278220E+5
3.900000E-3	0.000000E+0	2.283500E+5
3.920000E-3	0.000000E+0	2.294600E+5
3.940000E-3	0.000000E+0	2.289390E+5
3.960000E-3	0.000000E+0	2.285240E+5
3.980000E-3	0.000000E+0	2.279790E+5
4.000000E-3	0.000000E+0	2.285170E+5
4.020000E-3	0.000000E+0	2.284740E+5
4.040000E-3	0.000000E+0	2.279370E+5
4.060000E-3	0.000000E+0	2.285750E+5
4.080000E-3	0.000000E+0	2.286420E+5
4.100000E-3	0.000000E+0	2.285560E+5
4.120000E-3	0.000000E+0	2.281150E+5
4.140000E-3	0.000000E+0	2.283010E+5
4.160000E-3	0.000000E+0	2.289460E+5
4.180000E-3	0.000000E+0	2.276180E+5
4.200000E-3	0.000000E+0	2.277470E+5
4.220000E-3	0.000000E+0	2.276950E+5
4.240000E-3	0.000000E+0	2.282240E+5
4.260000E-3	0.000000E+0	2.273540E+5
4.280000E-3	0.000000E+0	2.285080E+5
4.300000E-3	0.000000E+0	2.279330E+5
4.320000E-3	0.000000E+0	2.281840E+5
4.340000E-3	0.000000E+0	2.278510E+5
4.360000E-3	0.000000E+0	2.283700E+5
4.380000E-3	0.000000E+0	2.271610E+5
4.400000E-3	0.000000E+0	2.285380E+5
4.420000E-3	0.000000E+0	2.285310E+5
4.440000E-3	0.000000E+0	2.274120E+5
4.460000E-3	0.000000E+0	2.277160E+5
4.480000E-3	0.000000E+0	2.277550E+5
4.500000E-3	0.000000E+0	2.279540E+5
4.520000E-3	0.000000E+0	2.278990E+5
4.540000E-3	0.000000E+0	2.279600E+5
4.560000E-3	0.000000E+0	2.272090E+5
4.580000E-3	0.000000E+0	2.278610E+5
4.600000E-3	0.000000E+0	2.276340E+5
4.620000E-3	0.000000E+0	2.278600E+5
4.640000E-3	0.000000E+0	2.282430E+5
4.660000E-3	0.000000E+0	2.281840E+5
4.680000E-3	0.000000E+0	2.279730E+5
4.700000E-3	0.000000E+0	2.284960E+5
4.720000E-3	0.000000E+0	2.285670E+5
4.740000E-3	0.000000E+0	2.269520E+5
4.760000E-3	0.000000E+0	2.283760E+5
4.780000E-3	0.000000E+0	2.274250E+5
4.800000E-3	0.000000E+0	2.283830E+5
4.820000E-3	0.000000E+0	2.277290E+5
4.840000E-3	0.000000E+0	2.283560E+5
4.860000E-3	0.000000E+0	2.273070E+5
4.880000E-3	0.000000E+0	2.265670E+5
4.900000E-3	0.000000E+0	2.268950E+5
4.920000E-3	0.000000E+0	2.257040E+5
4.940000E-3	0.000000E+0	2.251430E+5
4.960000E-3	0.000000E+0	2.246000E+5
4.980000E-3	0.000000E+0	2.252730E+5
5.000000E-3	0.000000E+0	2.244530E+5
5.020000E-3	0.000000E+0	2.246340E+5
5.040000E-3	0.000000E+0	2.234620E+5
5.060000E-3	0.000000E+0	2.219890E+5
5.080000E-3	0.000000E+0	2.212570E+5
5.100000E-3	0.000000E+0	2.215770E+5
5.120000E-3	0.000000E+0	2.213630E+5
5.140000E-3	0.000000E+0	2.220470E+5
5.160000E-3	0.000000E+0	2.227280E+5
5.180000E-3	0.000000E+0	2.234430E+5
5.200000E-3	0.000000E+0	2.240340E+5
5.220000E-3	0.000000E+0	2.248960E+5
5.240000E-3	0.000000E+0	2.250010E+5
5.260000E-3	0.000000E+0	2.267100E+5
5.280000E-3	0.000000E+0	2.254850E+5
5.300000E-3	0.000000E+0	2.268950E+5
5.320000E-3	0.000000E+0	2.275700E+5
5.340000E-3	0.000000E+0	2.273160E+5
5.360000E-3	0.000000E+0	2.281290E+5
5.380000E-3	0.000000E+0	2.275530E+5
5.400000E-3	0.000000E+0	2.286330E+5
5.420000E-3	0.000000E+0	2.280520E+5
5.440000E-3	0.000000E+0	2.271070E+5
5.460000E-3	0.000000E+0	2.271010E+5
5.480000E-3	0.000000E+0	2.275700E+5
5.500000E-3	0.000000E+0	2.277210E+5
5.520000E-3	0.000000E+0	2.271620E+5
5.540000E-3	0.000000E+0	2.271020E+5
5.560000E-3	0.000000E+0	2.265930E+5
5.580000E-3	0.000000E+0	2.262470E+5
5.600000E-3	0.000000E+0	2.246800E+5
5.620000E-3	0.000000E+0	2.240770E+5
5.640000E-3	0.000000E+0	2.244330E+5
5.660000E-3	0.000000E+0	2.247760E+5
5.680000E-3	0.000000E+0	2.250020E+5
5.700000E-3	0.000000E+0	2.231320E+5
5.720000E-3	0.000000E+0	2.223600E+5
5.740000E-3	0.000000E+0	2.216490E+5
5.760000E-3	0.000000E+0	2.220400E+5
5.780000E-3	0.000000E+0	2.223940E+5
5.800000E-3	0.000000E+0	2.225080E+5
5.820000E-3	0.000000E+0	2.234360E+5
5.840000E-3	0.000000E+0	2.244020E+5
5.860000E-3	0.000000E+0	2.245060E+5
5.880000E-3	0.000000E+0	2.258410E+5
5.900000E-3	0.000000E+0	2.268130E+5
5.920000E-3	0.000000E+0	2.268330E+5
5.940000E-3	0.000000E+0	2.261110E+5
5.960000E-3	0.000000E+0	2.270000E+5
5.980000E-3	0.000000E+0	2.275940E+5
6.000000E-3	0.000000E+0	2.275720E+5
6.020000E-3	0.000000E+0	2.282040E+5
6.040000E-3	0.000000E+0	2.282150E+5
6.060000E-3	0.000000E+0	2.276150E+5
6.080000E-3	0.000000E+0	2.278980E+5
6.100000E-3	0.000000E+0	2.276920E+5
6.120000E-3	0.000000E+0	2.280880E+5
6.140000E-3	0.000000E+0	2.277510E+5
6.160000E-3	0.000000E+0	2.282010E+5
6.180000E-3	0.000000E+0	2.286580E+5
6.200000E-3	0.000000E+0	2.277580E+5
6.220000E-3	0.000000E+0	2.282850E+5
6.240000E-3	0.000000E+0	2.273260E+5
6.260000E-3	0.000000E+0	2.279260E+5
6.280000E-3	0.000000E+0	2.291760E+5
6.300000E-3	0.000000E+0	2.278890E+5
6.320000E-3	0.000000E+0	2.282150E+5
6.340000E-3	0.000000E+0	2.282120E+5
6.360000E-3	0.000000E+0	2.272020E+5
6.380000E-3	0.000000E+0	2.285580E+5
6.400000E-3	0.000000E+0	2.277240E+5
6.420000E-3	0.000000E+0	2.280530E+5
6.440000E-3	0.000000E+0	2.289880E+5
6.460000E-3	0.000000E+0	2.280580E+5
6.480000E-3	0.000000E+0	2.277490E+5
6.500000E-3	0.000000E+0	2.279570E+5
6.520000E-3	0.000000E+0	2.287250E+5
6.540000E-3	0.000000E+0	2.275130E+5
6.560000E-3	0.000000E+0	2.288940E+5
6.580000E-3	0.000000E+0	2.281790E+5
6.600000E-3	0.000000E+0	2.287060E+5
6.620000E-3	0.000000E+0	2.281030E+5
6.640000E-3	0.000000E+0	2.277520E+5
6.660000E-3	0.000000E+0	2.273760E+5
6.680000E-3	0.000000E+0	2.279920E+5
6.700000E-3	0.000000E+0	2.283700E+5
6.720000E-3	0.000000E+0	2.280590E+5
6.740000E-3	0.000000E+0	2.282370E+5
6.760000E-3	0.000000E+0	2.286100E+5
6.780000E-3	0.000000E+0	2.278130E+5
6.800000E-3	0.000000E+0	2.288640E+5
6.820000E-3	0.000000E+0	2.279930E+5
6.840000E-3	0.000000E+0	2.278830E+5
6.860000E-3	0.000000E+0	2.282430E+5
6.880000E-3	0.000000E+0	2.285240E+5
6.900000E-3	0.000000E+0	2.277100E+5
6.920000E-3	0.000000E+0	2.283520E+5
6.940000E-3	0.000000E+0	2.278190E+5
6.960000E-3	0.000000E+0	2.273800E+5
6.980000E-3	0.000000E+0	2.282750E+5
7.000000E-3	0.000000E+0	2.277200E+5
7.020000E-3	0.000000E+0	2.277820E+5
7.040000E-3	0.000000E+0	2.284150E+5
7.060000E-3	0.000000E+0	2.281820E+5
7.080000E-3	0.000000E+0	2.281530E+5
7.100000E-3	0.000000E+0	2.282060E+5
7.120000E-3	0.000000E+0	2.279770E+5
7.140000E-3	0.000000E+0	2.280060E+5
7.160000E-3	0.000000E+0	2.285840E+5
7.180000E-3	0.000000E+0	2.274810E+5
7.200000E-3	0.000000E+0	2.282820E+5
7.220000E-3	0.000000E+0	2.284040E+5
7.240000E-3	0.000000E+0	2.279990E+5
7.260000E-3	0.000000E+0	2.275110E+5
7.280000E-3	0.000000E+0	2.277910E+5
7.300000E-3	0.000000E+0	2.276970E+5
7.320000E-3	0.000000E+0	2.288100E+5
7.340000E-3	0.000000E+0	2.286450E+5
7.360000E-3	0.000000E+0	2.279890E+5
7.380000E-3	0.000000E+0	2.288530E+5
7.400000E-3	0.000000E+0	2.278530E+5
7.420000E-3	0.000000E+0	2.279910E+5
7.440000E-3	0.000000E+0	2.281510E+5
7.460000E-3	0.000000E+0	2.286000E+5
7.480000E-3	0.000000E+0	2.282480E+5
7.500000E-3	0.000000E+0	2.288840E+5
7.520000E-3	0.000000E+0	2.287540E+5
7.540000E-3	0.000000E+0	2.283580E+5
7.560000E-3	0.000000E+0	2.288060E+5
7.580000E-3	0.000000E+0	2.280230E+5
7.600000E-3	0.000000E+0	2.276970E+5
7.620000E-3	0.000000E+0	2.283750E+5
7.640000E-3	0.000000E+0	2.295640E+5
7.660000E-3	0.000000E+0	2.281350E+5
7.680000E-3	0.000000E+0	2.279560E+5
7.700000E-3	0.000000E+0	2.280520E+5
7.720000E-3	0.000000E+0	2.285040E+5
7.740000E-3	0.000000E+0	2.280470E+5
7.760000E-3	0.000000E+0	2.273150E+5
7.780000E-3	0.000000E+0	2.290940E+5
7.800000E-3	0.000000E+0	2.284000E+5
7.820000E-3	0.000000E+0	2.286160E+5
7.840000E-3	0.000000E+0	2.288920E+5
7.860000E-3	0.000000E+0	2.282810E+5
7.880000E-3	0.000000E+0	2.282680E+5
7.900000E-3	0.000000E+0	2.283980E+5
7.920000E-3	0.000000E+0	2.274120E+5
7.940000E-3	0.000000E+0	2.289500E+5
7.960000E-3	0.000000E+0	2.284130E+5
7.980000E-3	0.000000E+0	2.289540E+5
8.000000E-3	0.000000E+0	2.287450E+5
8.020000E-3	0.000000E+0	2.289640E+5
8.040000E-3	0.000000E+0	2.276170E+5
8.060000E-3	0.000000E+0	2.284660E+5
8.080000E-3	0.000000E+0	2.280290E+5
8.100000E-3	0.000000E+0	2.281360E+5
8.120000E-3	0.000000E+0	2.286310E+5
8.140000E-3	0.000000E+0	2.278770E+5
8.160000E-3	0.000000E+0	2.283600E+5
8.180000E-3	0.000000E+0	2.278160E+5
8.200000E-3	0.000000E+0	2.282580E+5
8.220000E-3	0.000000E+0	2.280740E+5
8.240000E-3	0.000000E+0	2.278280E+5
8.260000E-3	0.000000E+0	2.296930E+5
8.280000E-3	0.000000E+0	2.278290E+5
8.300000E-3	0.000000E+0	2.282570E+5
8.320000E-3	0.000000E+0	2.281370E+5
8.340000E-3	0.000000E+0	2.287140E+5
8.360000E-3	0.000000E+0	2.278290E+5
8.380000E-3	0.000000E+0	2.269710E+5
8.400000E-3	0.000000E+0	2.278990E+5
8.420000E-3	0.000000E+0	2.285570E+5
8.440000E-3	0.000000E+0	2.287470E+5
8.460000E-3	0.000000E+0	2.282700E+5
8.480000E-3	0.000000E+0	2.292080E+5
8.500000E-3	0.000000E+0	2.271860E+5
8.520000E-3	0.000000E+0	2.285290E+5
8.540000E-3	0.000000E+0	2.284330E+5
8.560000E-3	0.000000E+0	2.285550E+5
8.580000E-3	0.000000E+0	2.297640E+5
8.600000E-3	0.000000E+0	2.274950E+5
8.620000E-3	0.000000E+0	2.283660E+5
8.640000E-3	0.000000E+0	2.283230E+5
8.660000E-3	0.000000E+0	2.280110E+5
8.680000E-3	0.000000E+0	2.288110E+5
8.700000E-3	0.000000E+0	2.278070E+5
8.720000E-3	0.000000E+0	2.281630E+5
8.740000E-3	0.000000E+0	2.279780E+5
8.760000E-3	0.000000E+0	2.281370E+5
8.780000E-3	0.000000E+0	2.285880E+5
8.800000E-3	0.000000E+0	2.289530E+5
8.820000E-3	0.000000E+0	2.286540E+5
8.840000E-3	0.000000E+0	2.279200E+5
8.860000E-3	0.000000E+0	2.291800E+5
8.880000E-3	0.000000E+0	2.279920E+5
8.900000E-3	0.000000E+0	2.288180E+5
8.920000E-3	0.000000E+0	2.276610E+5
8.940000E-3	0.000000E+0	2.280480E+5
8.960000E-3	0.000000E+0	2.291400E+5
8.980000E-3	0.000000E+0	2.276210E+5
9.000000E-3	0.000000E+0	2.278420E+5
9.020000E-3	0.000000E+0	2.278460E+5
9.040000E-3	0.000000E+0	2.283090E+5
9.060000E-3	0.000000E+0	2.290950E+5
9.080000E-3	0.000000E+0	2.286680E+5
9.100000E-3	0.000000E+0	2.286070E+5
9.120000E-3	0.000000E+0	2.283000E+5
9.140000E-3	0.000000E+0	2.282800E+5
9.160000E-3	0.000000E+0	2.288980E+5
9.180000E-3	0.000000E+0	2.277210E+5
9.200000E-3	0.000000E+0	2.286710E+5
9.220000E-3	0.000000E+0	2.280810E+5
9.240000E-3	0.000000E+0	2.289680E+5
9.260000E-3	0.000000E+0	2.288900E+5
9.280000E-3	0.000000E+0	2.291470E+5
9.300000E-3	0.000000E+0	2.284860E+5
9.320000E-3	0.000000E+0	2.280820E+5
9.340000E-3	0.000000E+0	2.284240E+5
9.360000E-3	0.000000E+0	2.277700E+5
9.380000E-3	0.000000E+0	2.285350E+5
9.400000E-3	0.000000E+0	2.286790E+5
9.420000E-3	0.000000E+0	2.291580E+5
9.440000E-3	0.000000E+0	2.283040E+5
9.460000E-3	0.000000E+0	2.289370E+5
9.480000E-3	0.000000E+0	2.278360E+5
9.500000E-3	0.000000E+0	2.278280E+5
9.520000E-3	0.000000E+0	2.286640E+5
9.540000E-3	0.000000E+0	2.273240E+5
9.560000E-3	0.000000E+0	2.277590E+5
9.580000E-3	0.000000E+0	2.284330E+5
9.600000E-3	0.000000E+0	2.285040E+5
9.620000E-3	0.000000E+0	2.274070E+5
9.640000E-3	0.000000E+0	2.282700E+5
9.660000E-3	0.000000E+0	2.284570E+5
9.680000E-3	0.000000E+0	2.272980E+5
9.700000E-3	0.000000E+0	2.285880E+5
9.720000E-3	0.000000E+0	2.280600E+5
9.740000E-3	0.000000E+0	2.283400E+5
9.760000E-3	0.000000E+0	2.277060E+5
9.780000E-3	0.000000E+0	2.283840E+5
9.800000E-3	0.000000E+0	2.283010E+5
9.820000E-3	0.000000E+0	2.287700E+5
9.840000E-3	0.000000E+0	2.282230E+5
9.860000E-3	0.000000E+0	2.285030E+5
9.880000E-3	0.000000E+0	2.291660E+5
9.900000E-3	0.000000E+0	2.286690E+5
9.920000E-3	0.000000E+0	2.275860E+5
9.940000E-3	0.000000E+0	2.276390E+5
9.960000E-3	0.000000E+0	2.280260E+5
9.980000E-3	0.000000E+0	2.292150E+5
1.000000E-2	0.000000E+0	2.278800E+5
1.002000E-2	0.000000E+0	2.280340E+5
1.004000E-2	0.000000E+0	2.287760E+5
1.006000E-2	0.000000E+0	2.289920E+5
1.008000E-2	0.000000E+0	2.281480E+5
1.010000E-2	0.000000E+0	2.280570E+5
1.012000E-2	0.000000E+0	2.287170E+5
1.014000E-2	0.000000E+0	2.294520E+5
1.016000E-2	0.000000E+0	2.283820E+5
1.018000E-2	0.000000E+0	2.286620E+5
1.020000E-2	0.000000E+0	2.285220E+5
1.022000E-2	0.000000E+0	2.288120E+5
1.024000E-2	0.000000E+0	2.278890E+5
1.026000E-2	0.000000E+0	2.297280E+5
1.028000E-2	0.000000E+0	2.283910E+5
1.030000E-2	0.000000E+0	2.286050E+5
1.032000E-2	0.000000E+0	2.282060E+5
1.034000E-2	0.000000E+0	2.286290E+5
1.036000E-2	0.000000E+0	2.280380E+5
1.038000E-2	0.000000E+0	2.290740E+5
1.040000E-2	0.000000E+0	2.284890E+5
1.042000E-2	0.000000E+0	2.283310E+5
1.044000E-2	0.000000E+0	2.282290E+5
1.046000E-2	0.000000E+0	2.285220E+5
1.048000E-2	0.000000E+0	2.284670E+5
1.050000E-2	0.000000E+0	2.279160E+5
1.052000E-2	0.000000E+0	2.288130E+5
1.054000E-2	0.000000E+0	2.290860E+5
1.056000E-2	0.000000E+0	2.285800E+5
1.058000E-2	0.000000E+0	2.290110E+5
1.060000E-2	0.000000E+0	2.277500E+5
1.062000E-2	0.000000E+0	2.281810E+5
1.064000E-2	0.000000E+0	2.287400E+5
1.066000E-2	0.000000E+0	2.280470E+5
1.068000E-2	0.000000E+0	2.292450E+5
1.070000E-2	0.000000E+0	2.282740E+5
1.072000E-2	0.000000E+0	2.284110E+5
1.074000E-2	0.000000E+0	2.288890E+5
1.076000E-2	0.000000E+0	2.293030E+5
1.078000E-2	0.000000E+0	2.288920E+5
1.080000E-2	0.000000E+0	2.282740E+5
1.082000E-2	0.000000E+0	2.295340E+5
1.084000E-2	0.000000E+0	2.282190E+5
1.086000E-2	0.000000E+0	2.285300E+5
1.088000E-2	0.000000E+0	2.284890E+5
1.090000E-2	0.000000E+0	2.283670E+5
1.092000E-2	0.000000E+0	2.287020E+5
1.094000E-2	0.000000E+0	2.279450E+5
1.096000E-2	0.000000E+0	2.283610E+5
1.098000E-2	0.000000E+0	2.286750E+5
1.100000E-2	0.000000E+0	2.290410E+5
1.102000E-2	0.000000E+0	2.281710E+5
1.104000E-2	0.000000E+0	2.287910E+5
1.106000E-2	0.000000E+0	2.283040E+5
1.108000E-2	0.000000E+0	2.280560E+5
1.110000E-2	0.000000E+0	2.282440E+5
1.112000E-2	0.000000E+0	2.287510E+5
1.114000E-2	0.000000E+0	2.285690E+5
1.116000E-2	0.000000E+0	2.270600E+5
1.118000E-2	0.000000E+0	2.288370E+5
1.120000E-2	0.000000E+0	2.285400E+5
1.122000E-2	0.000000E+0	2.297920E+5
1.124000E-2	0.000000E+0	2.284640E+5
1.126000E-2	0.000000E+0	2.277570E+5
1.128000E-2	0.000000E+0	2.281190E+5
1.130000E-2	0.000000E+0	2.275350E+5
1.132000E-2	0.000000E+0	2.289000E+5
1.134000E-2	0.000000E+0	2.279580E+5
1.136000E-2	0.000000E+0	2.296710E+5
1.138000E-2	0.000000E+0	2.282340E+5
1.140000E-2	0.000000E+0	2.291750E+5
1.142000E-2	0.000000E+0	2.282760E+5
1.144000E-2	0.000000E+0	2.284730E+5
1.146000E-2	0.000000E+0	2.288700E+5
1.148000E-2	0.000000E+0	2.288520E+5
1.150000E-2	0.000000E+0	2.286920E+5
1.152000E-2	0.000000E+0	2.280470E+5
1.154000E-2	0.000000E+0	2.281930E+5
1.156000E-2	0.000000E+0	2.289730E+5
1.158000E-2	0.000000E+0	2.278540E+5
1.160000E-2	0.000000E+0	2.283280E+5
1.162000E-2	0.000000E+0	2.284770E+5
1.164000E-2	0.000000E+0	2.295990E+5
1.166000E-2	0.000000E+0	2.292150E+5
1.168000E-2	0.000000E+0	2.295730E+5
1.170000E-2	0.000000E+0	2.290790E+5
1.172000E-2	0.000000E+0	2.284020E+5
1.174000E-2	0.000000E+0	2.286010E+5
1.176000E-2	0.000000E+0	2.287280E+5
1.178000E-2	0.000000E+0	2.276330E+5
1.180000E-2	0.000000E+0	2.282950E+5
1.182000E-2	0.000000E+0	2.282670E+5
1.184000E-2	0.000000E+0	2.278490E+5
1.186000E-2	0.000000E+0	2.282680E+5
1.188000E-2	0.000000E+0	2.281180E+5
1.190000E-2	0.000000E+0	2.281300E+5
1.192000E-2	0.000000E+0	2.277160E+5
1.194000E-2	0.000000E+0	2.291640E+5
1.196000E-2	0.000000E+0	2.280970E+5
1.198000E-2	0.000000E+0	2.284480E+5
1.200000E-2	0.000000E+0	2.282040E+5
1.202000E-2	0.000000E+0	2.289320E+5
1.204000E-2	0.000000E+0	2.283530E+5
1.206000E-2	0.000000E+0	2.285410E+5
1.208000E-2	0.000000E+0	2.292440E+5
1.210000E-2	0.000000E+0	2.284600E+5
1.212000E-2	0.000000E+0	2.283730E+5
1.214000E-2	0.000000E+0	2.276260E+5
1.216000E-2	0.000000E+0	2.282700E+5
1.218000E-2	0.000000E+0	2.290040E+5
1.220000E-2	0.000000E+0	2.276980E+5
1.222000E-2	0.000000E+0	2.280140E+5
1.224000E-2	0.000000E+0	2.285410E+5
1.226000E-2	0.000000E+0	2.286080E+5
1.228000E-2	0.000000E+0	2.286260E+5
1.230000E-2	0.000000E+0	2.288520E+5
1.232000E-2	0.000000E+0	2.283120E+5
1.234000E-2	0.000000E+0	2.287020E+5
1.236000E-2	0.000000E+0	2.288270E+5
1.238000E-2	0.000000E+0	2.286670E+5
1.240000E-2	0.000000E+0	2.290050E+5
1.242000E-2	0.000000E+0	2.289010E+5
1.244000E-2	0.000000E+0	2.287300E+5
1.246000E-2	0.000000E+0	2.281970E+5
1.248000E-2	0.000000E+0	2.283380E+5
1.250000E-2	0.000000E+0	2.278810E+5
1.252000E-2	0.000000E+0	2.291960E+5
1.254000E-2	0.000000E+0	2.285410E+5
1.256000E-2	0.000000E+0	2.279650E+5
1.258000E-2	0.000000E+0	2.291070E+5
1.260000E-2	0.000000E+0	2.289210E+5
1.262000E-2	0.000000E+0	2.276000E+5
1.264000E-2	0.000000E+0	2.275940E+5
1.266000E-2	0.000000E+0	2.287900E+5
1.268000E-2	0.000000E+0	2.283750E+5
1.270000E-2	0.000000E+0	2.287190E+5
1.272000E-2	0.000000E+0	2.285370E+5
1.274000E-2	0.000000E+0	2.282840E+5
1.276000E-2	0.000000E+0	2.290790E+5
1.278000E-2	0.000000E+0	2.280010E+5
1.280000E-2	0.000000E+0	2.280850E+5
1.282000E-2	0.000000E+0	2.282970E+5
1.284000E-2	0.000000E+0	2.286260E+5
1.286000E-2	0.000000E+0	2.290810E+5
1.288000E-2	0.000000E+0	2.289860E+5
1.290000E-2	0.000000E+0	2.287970E+5
1.292000E-2	0.000000E+0	2.286870E+5
1.294000E-2	0.000000E+0	2.275270E+5
1.296000E-2	0.000000E+0	2.286730E+5
1.298000E-2	0.000000E+0	2.283260E+5
1.300000E-2	0.000000E+0	2.286860E+5
1.302000E-2	0.000000E+0	2.287640E+5
1.304000E-2	0.000000E+0	2.284290E+5
1.306000E-2	0.000000E+0	2.287250E+5
1.308000E-2	0.000000E+0	2.288040E+5
1.310000E-2	0.000000E+0	2.285290E+5
1.312000E-2	0.000000E+0	2.285560E+5
1.314000E-2	0.000000E+0	2.290080E+5
1.316000E-2	0.000000E+0	2.281440E+5
1.318000E-2	0.000000E+0	2.278740E+5
1.320000E-2	0.000000E+0	2.291280E+5
1.322000E-2	0.000000E+0	2.288490E+5
1.324000E-2	0.000000E+0	2.281090E+5
1.326000E-2	0.000000E+0	2.290710E+5
1.328000E-2	0.000000E+0	2.288530E+5
1.330000E-2	0.000000E+0	2.282590E+5
1.332000E-2	0.000000E+0	2.285640E+5
1.334000E-2	0.000000E+0	2.284460E+5
1.336000E-2	0.000000E+0	2.289700E+5
1.338000E-2	0.000000E+0	2.284930E+5
1.340000E-2	0.000000E+0	2.279150E+5
1.342000E-2	0.000000E+0	2.283990E+5
1.344000E-2	0.000000E+0	2.278580E+5
1.346000E-2	0.000000E+0	2.276080E+5
1.348000E-2	0.000000E+0	2.290790E+5
1.350000E-2	0.000000E+0	2.282380E+5
1.352000E-2	0.000000E+0	2.288980E+5
1.354000E-2	0.000000E+0	2.291050E+5
1.356000E-2	0.000000E+0	2.292100E+5
1.358000E-2	0.000000E+0	2.285890E+5
1.360000E-2	0.000000E+0	2.281840E+5
1.362000E-2	0.000000E+0	2.290280E+5
1.364000E-2	0.000000E+0	2.282560E+5
1.366000E-2	0.000000E+0	2.284910E+5
1.368000E-2	0.000000E+0	2.289110E+5
1.370000E-2	0.000000E+0	2.289040E+5
1.372000E-2	0.000000E+0	2.282550E+5
1.374000E-2	0.000000E+0	2.275930E+5
1.376000E-2	0.000000E+0	2.279030E+5
1.378000E-2	0.000000E+0	2.274570E+5
1.380000E-2	0.000000E+0	2.288020E+5
1.382000E-2	0.000000E+0	2.279500E+5
1.384000E-2	0.000000E+0	2.284790E+5
1.386000E-2	0.000000E+0	2.280250E+5
1.388000E-2	0.000000E+0	2.285350E+5
1.390000E-2	0.000000E+0	2.285280E+5
1.392000E-2	0.000000E+0	2.293480E+5
1.394000E-2	0.000000E+0	2.289010E+5
1.396000E-2	0.000000E+0	2.285270E+5
1.398000E-2	0.000000E+0	2.288240E+5
1.400000E-2	0.000000E+0	2.293530E+5
1.402000E-2	0.000000E+0	2.275430E+5
1.404000E-2	0.000000E+0	2.295190E+5
1.406000E-2	0.000000E+0	2.285080E+5
1.408000E-2	0.000000E+0	2.282500E+5
1.410000E-2	0.000000E+0	2.281460E+5
1.412000E-2	0.000000E+0	2.285090E+5
1.414000E-2	0.000000E+0	2.280310E+5
1.416000E-2	0.000000E+0	2.281320E+5
1.418000E-2	0.000000E+0	2.281490E+5
1.420000E-2	0.000000E+0	2.286230E+5
1.422000E-2	0.000000E+0	2.285060E+5
1.424000E-2	0.000000E+0	2.275020E+5
1.426000E-2	0.000000E+0	2.277210E+5
1.428000E-2	0.000000E+0	2.284840E+5
1.430000E-2	0.000000E+0	2.285480E+5
1.432000E-2	0.000000E+0	2.290140E+5
1.434000E-2	0.000000E+0	2.280990E+5
1.436000E-2	0.000000E+0	2.288010E+5
1.438000E-2	0.000000E+0	2.284750E+5
1.440000E-2	0.000000E+0	2.293320E+5
1.442000E-2	0.000000E+0	2.285120E+5
1.444000E-2	0.000000E+0	2.277270E+5
1.446000E-2	0.000000E+0	2.282890E+5
1.448000E-2	0.000000E+0	2.280660E+5
1.450000E-2	0.000000E+0	2.279480E+5
1.452000E-2	0.000000E+0	2.285280E+5
1.454000E-2	0.000000E+0	2.279920E+5
1.456000E-2	0.000000E+0	2.290210E+5
1.458000E-2	0.000000E+0	2.278880E+5
1.460000E-2	0.000000E+0	2.287340E+5
1.462000E-2	0.000000E+0	2.279350E+5
1.464000E-2	0.000000E+0	2.287570E+5
1.466000E-2	0.000000E+0	2.284640E+5
1.468000E-2	0.000000E+0	2.292510E+5
1.470000E-2	0.000000E+0	2.278940E+5
1.472000E-2	0.000000E+0	2.280350E+5
1.474000E-2	0.000000E+0	2.283320E+5
1.476000E-2	0.000000E+0	2.292880E+5
1.478000E-2	0.000000E+0	2.292330E+5
1.480000E-2	0.000000E+0	2.281770E+5
1.482000E-2	0.000000E+0	2.279950E+5
1.484000E-2	0.000000E+0	2.283870E+5
1.486000E-2	0.000000E+0	2.281930E+5
1.488000E-2	0.000000E+0	2.285320E+5
1.490000E-2	0.000000E+0	2.281290E+5
1.492000E-2	0.000000E+0	2.277590E+5
1.494000E-2	0.000000E+0	2.264390E+5
1.496000E-2	0.000000E+0	2.264320E+5
1.498000E-2	0.000000E+0	2.256990E+5
1.500000E-2	0.000000E+0	2.252190E+5
1.502000E-2	0.000000E+0	2.249650E+5
1.504000E-2	0.000000E+0	2.245470E+5
1.506000E-2	0.000000E+0	2.252380E+5
1.508000E-2	0.000000E+0	2.244270E+5
1.510000E-2	0.000000E+0	2.231520E+5
1.512000E-2	0.000000E+0	2.219340E+5
1.514000E-2	0.000000E+0	2.217000E+5
1.516000E-2	0.000000E+0	2.221420E+5
1.518000E-2	0.000000E+0	2.224800E+5
1.520000E-2	0.000000E+0	2.231740E+5
1.522000E-2	0.000000E+0	2.240440E+5
1.524000E-2	0.000000E+0	2.254680E+5
1.526000E-2	0.000000E+0	2.261870E+5
1.528000E-2	0.000000E+0	2.270900E+5
1.530000E-2	0.000000E+0	2.265410E+5
1.532000E-2	0.000000E+0	2.269810E+5
1.534000E-2	0.000000E+0	2.274730E+5
1.536000E-2	0.000000E+0	2.276230E+5
1.538000E-2	0.000000E+0	2.282940E+5
1.540000E-2	0.000000E+0	2.280810E+5
1.542000E-2	0.000000E+0	2.282760E+5
1.544000E-2	0.000000E+0	2.273130E+5
1.546000E-2	0.000000E+0	2.281520E+5
1.548000E-2	0.000000E+0	2.280270E+5
1.550000E-2	0.000000E+0	2.273220E+5
1.552000E-2	0.000000E+0	2.280690E+5
1.554000E-2	0.000000E+0	2.279650E+5
1.556000E-2	0.000000E+0	2.269570E+5
1.558000E-2	0.000000E+0	2.266930E+5
1.560000E-2	0.000000E+0	2.268450E+5
1.562000E-2	0.000000E+0	2.259650E+5
1.564000E-2	0.000000E+0	2.249200E+5
1.566000E-2	0.000000E+0	2.243620E+5
1.568000E-2	0.000000E+0	2.239910E+5
1.570000E-2	0.000000E+0	2.240560E+5
1.572000E-2	0.000000E+0	2.239280E+5
1.574000E-2	0.000000E+0	2.235920E+5
1.576000E-2	0.000000E+0	2.228030E+5
1.578000E-2	0.000000E+0	2.207580E+5
1.580000E-2	0.000000E+0	2.223820E+5
1.582000E-2	0.000000E+0	2.225420E+5
1.584000E-2	0.000000E+0	2.233640E+5
1.586000E-2	0.000000E+0	2.236370E+5
1.588000E-2	0.000000E+0	2.248550E+5
1.590000E-2	0.000000E+0	2.250890E+5
1.592000E-2	0.000000E+0	2.265710E+5
1.594000E-2	0.000000E+0	2.259770E+5
1.596000E-2	0.000000E+0	2.266710E+5
1.598000E-2	0.000000E+0	2.279550E+5
1.600000E-2	0.000000E+0	2.284870E+5
1.602000E-2	0.000000E+0	2.283900E+5
1.604000E-2	0.000000E+0	2.277740E+5
1.606000E-2	0.000000E+0	2.275390E+5
1.608000E-2	0.000000E+0	2.283430E+5
1.610000E-2	0.000000E+0	2.279810E+5
1.612000E-2	0.000000E+0	2.282470E+5
1.614000E-2	0.000000E+0	2.287500E+5
1.616000E-2	0.000000E+0	2.284350E+5
1.618000E-2	0.000000E+0	2.282260E+5
1.620000E-2	0.000000E+0	2.280170E+5
1.622000E-2	0.000000E+0	2.283850E+5
1.624000E-2	0.000000E+0	2.278360E+5
1.626000E-2	0.000000E+0	2.280570E+5
1.628000E-2	0.000000E+0	2.290990E+5
1.630000E-2	0.000000E+0	2.286200E+5
1.632000E-2	0.000000E+0	2.283110E+5
1.634000E-2	0.000000E+0	2.282020E+5
1.636000E-2	0.000000E+0	2.294690E+5
1.638000E-2	0.000000E+0	2.280430E+5
1.640000E-2	0.000000E+0	2.283440E+5
1.642000E-2	0.000000E+0	2.284520E+5
1.644000E-2	0.000000E+0	2.282220E+5
1.646000E-2	0.000000E+0	2.284120E+5
1.648000E-2	0.000000E+0	2.278960E+5
1.650000E-2	0.000000E+0	2.285900E+5
1.652000E-2	0.000000E+0	2.291470E+5
1.654000E-2	0.000000E+0	2.285170E+5
1.656000E-2	0.000000E+0	2.284660E+5
1.658000E-2	0.000000E+0	2.284760E+5
1.660000E-2	0.000000E+0	2.286550E+5
1.662000E-2	0.000000E+0	2.283540E+5
1.664000E-2	0.000000E+0	2.285010E+5
1.666000E-2	0.000000E+0	2.284180E+5
1.668000E-2	0.000000E+0	2.279160E+5
1.670000E-2	0.000000E+0	2.281780E+5
1.672000E-2	0.000000E+0	2.290830E+5
1.674000E-2	0.000000E+0	2.281850E+5
1.676000E-2	0.000000E+0	2.282280E+5
1.678000E-2	0.000000E+0	2.279810E+5
1.680000E-2	0.000000E+0	2.284740E+5
1.682000E-2	0.000000E+0	2.281590E+5
1.684000E-2	0.000000E+0	2.281620E+5
1.686000E-2	0.000000E+0	2.289650E+5
1.688000E-2	0.000000E+0	2.281500E+5
1.690000E-2	0.000000E+0	2.285510E+5
1.692000E-2	0.000000E+0	2.281040E+5
1.694000E-2	0.000000E+0	2.285110E+5
1.696000E-2	0.000000E+0	2.277440E+5
1.698000E-2	0.000000E+0	2.281960E+5
1.700000E-2	0.000000E+0	2.281630E+5
1.702000E-2	0.000000E+0	2.286910E+5
1.704000E-2	0.000000E+0	2.288190E+5
1.706000E-2	0.000000E+0	2.296000E+5
1.708000E-2	0.000000E+0	2.280990E+5
1.710000E-2	0.000000E+0	2.287610E+5
1.712000E-2	0.000000E+0	2.285670E+5
1.714000E-2	0.000000E+0	2.283560E+5
1.716000E-2	0.000000E+0	2.288280E+5
1.718000E-2	0.000000E+0	2.282560E+5
1.720000E-2	0.000000E+0	2.291120E+5
1.722000E-2	0.000000E+0	2.289340E+5
1.724000E-2	0.000000E+0	2.276680E+5
1.726000E-2	0.000000E+0	2.281710E+5
1.728000E-2	0.000000E+0	2.284370E+5
1.730000E-2	0.000000E+0	2.281350E+5
1.732000E-2	0.000000E+0	2.278330E+5
1.734000E-2	0.000000E+0	2.280180E+5
1.736000E-2	0.000000E+0	2.292740E+5
1.738000E-2	0.000000E+0	2.291260E+5
1.740000E-2	0.000000E+0	2.286560E+5
1.742000E-2	0.000000E+0	2.272960E+5
1.744000E-2	0.000000E+0	2.282720E+5
1.746000E-2	0.000000E+0	2.279880E+5
1.748000E-2	0.000000E+0	2.285430E+5
1.750000E-2	0.000000E+0	2.281440E+5
1.752000E-2	0.000000E+0	2.287420E+5
1.754000E-2	0.000000E+0	2.272510E+5
1.756000E-2	0.000000E+0	2.281900E+5
1.758000E-2	0.000000E+0	2.286890E+5
1.760000E-2	0.000000E+0	2.285570E+5
1.762000E-2	0.000000E+0	2.284510E+5
1.764000E-2	0.000000E+0	2.286850E+5
1.766000E-2	0.000000E+0	2.286180E+5
1.768000E-2	0.000000E+0	2.288650E+5
1.770000E-2	0.000000E+0	2.286790E+5
1.772000E-2	0.000000E+0	2.293470E+5
1.774000E-2	0.000000E+0	2.279510E+5
1.776000E-2	0.000000E+0	2.280780E+5
1.778000E-2	0.000000E+0	2.293110E+5
1.780000E-2	0.000000E+0	2.280080E+5
1.782000E-2	0.000000E+0	2.286190E+5
1.784000E-2	0.000000E+0	2.282200E+5
1.786000E-2	0.000000E+0	2.283710E+5
1.788000E-2	0.000000E+0	2.279710E+5
1.790000E-2	0.000000E+0	2.285480E+5
1.792000E-2	0.000000E+0	2.278650E+5
1.794000E-2	0.000000E+0	2.285180E+5
1.796000E-2	0.000000E+0	2.283120E+5
1.798000E-2	0.000000E+0	2.287720E+5
1.800000E-2	0.000000E+0	2.277220E+5
1.802000E-2	0.000000E+0	2.283700E+5
1.804000E-2	0.000000E+0	2.279180E+5
1.806000E-2	0.000000E+0	2.282620E+5
1.808000E-2	0.000000E+0	2.280420E+5
1.810000E-2	0.000000E+0	2.293350E+5
1.812000E-2	0.000000E+0	2.291910E+5
1.814000E-2	0.000000E+0	2.286680E+5
1.816000E-2	0.000000E+0	2.287890E+5
1.818000E-2	0.000000E+0	2.278000E+5
1.820000E-2	0.000000E+0	2.291490E+5
1.822000E-2	0.000000E+0	2.276960E+5
1.824000E-2	0.000000E+0	2.283900E+5
1.826000E-2	0.000000E+0	2.288340E+5
1.828000E-2	0.000000E+0	2.283560E+5
1.830000E-2	0.000000E+0	2.281890E+5
1.832000E-2	0.000000E+0	2.290410E+5
1.834000E-2	0.000000E+0	2.275400E+5
1.836000E-2	0.000000E+0	2.288710E+5
1.838000E-2	0.000000E+0	2.283710E+5
1.840000E-2	0.000000E+0	2.281490E+5
1.842000E-2	0.000000E+0	2.286530E+5
1.844000E-2	0.000000E+0	2.280030E+5
1.846000E-2	0.000000E+0	2.275810E+5
1.848000E-2	0.000000E+0	2.287420E+5
1.850000E-2	0.000000E+0	2.286220E+5
1.852000E-2	0.000000E+0	2.287750E+5
1.854000E-2	0.000000E+0	2.289400E+5
1.856000E-2	0.000000E+0	2.277680E+5
1.858000E-2	0.000000E+0	2.287240E+5
1.860000E-2	0.000000E+0	2.289700E+5
1.862000E-2	0.000000E+0	2.281260E+5
1.864000E-2	0.000000E+0	2.281030E+5
1.866000E-2	0.000000E+0	2.285390E+5
1.868000E-2	0.000000E+0	2.281560E+5
1.870000E-2	0.000000E+0	2.282570E+5
1.872000E-2	0.000000E+0	2.286730E+5
1.874000E-2	0.000000E+0	2.276290E+5
1.876000E-2	0.000000E+0	2.283490E+5
1.878000E-2	0.000000E+0	2.287960E+5
1.880000E-2	0.000000E+0	2.285350E+5
1.882000E-2	0.000000E+0	2.280050E+5
1.884000E-2	0.000000E+0	2.288150E+5
1.886000E-2	0.000000E+0	2.284760E+5
1.888000E-2	0.000000E+0	2.280490E+5
1.890000E-2	0.000000E+0	2.281910E+5
1.892000E-2	0.000000E+0	2.295040E+5
1.894000E-2	0.000000E+0	2.288390E+5
1.896000E-2	0.000000E+0	2.289980E+5
1.898000E-2	0.000000E+0	2.282040E+5
1.900000E-2	0.000000E+0	2.284820E+5
1.902000E-2	0.000000E+0	2.275990E+5
1.904000E-2	0.000000E+0	2.287880E+5
1.906000E-2	0.000000E+0	2.287830E+5
1.908000E-2	0.000000E+0	2.284750E+5
1.910000E-2	0.000000E+0	2.277090E+5
1.912000E-2	0.000000E+0	2.287130E+5
1.914000E-2	0.000000E+0	2.283780E+5
1.916000E-2	0.000000E+0	2.276640E+5
1.918000E-2	0.000000E+0	2.283980E+5
1.920000E-2	0.000000E+0	2.285940E+5
1.922000E-2	0.000000E+0	2.281100E+5
1.924000E-2	0.000000E+0	2.282980E+5
1.926000E-2	0.000000E+0	2.285130E+5
1.928000E-2	0.000000E+0	2.286890E+5
1.930000E-2	0.000000E+0	2.284270E+5
1.932000E-2	0.000000E+0	2.281910E+5
1.934000E-2	0.000000E+0	2.283130E+5
1.936000E-2	0.000000E+0	2.280300E+5
1.938000E-2	0.000000E+0	2.287590E+5
1.940000E-2	0.000000E+0	2.282810E+5
1.942000E-2	0.000000E+0	2.293090E+5
1.944000E-2	0.000000E+0	2.289970E+5
1.946000E-2	0.000000E+0	2.280400E+5
1.948000E-2	0.000000E+0	2.286170E+5
1.950000E-2	0.000000E+0	2.281940E+5
1.952000E-2	0.000000E+0	2.290240E+5
1.954000E-2	0.000000E+0	2.285170E+5
1.956000E-2	0.000000E+0	2.286720E+5
1.958000E-2	0.000000E+0	2.285800E+5
1.960000E-2	0.000000E+0	2.285140E+5
1.962000E-2	0.000000E+0	2.284350E+5
1.964000E-2	0.000000E+0	2.289140E+5
1.966000E-2	0.000000E+0	2.285920E+5
1.968000E-2	0.000000E+0	2.288040E+5
1.970000E-2	0.000000E+0	2.282270E+5
1.972000E-2	0.000000E+0	2.284580E+5
1.974000E-2	0.000000E+0	2.283370E+5
1.976000E-2	0.000000E+0	2.277030E+5
1.978000E-2	0.000000E+0	2.281710E+5
1.980000E-2	0.000000E+0	2.286180E+5
1.982000E-2	0.000000E+0	2.281440E+5
1.984000E-2	0.000000E+0	2.288750E+5
1.986000E-2	0.000000E+0	2.282270E+5
1.988000E-2	0.000000E+0	2.276310E+5
1.990000E-2	0.000000E+0	2.284940E+5
1.992000E-2	0.000000E+0	2.279030E+5
1.994000E-2	0.000000E+0	2.287440E+5
1.996000E-2	0.000000E+0	2.282120E+5
1.998000E-2	0.000000E+0	2.286000E+5
