

live time:  171689.160000
real time:  237605.037000
sweeps:  8584458.000000
0.000000E+0	0.000000E+0	0.000000E+0
2.000000E-5	0.000000E+0	3.764570E+5
4.000000E-5	0.000000E+0	3.769010E+5
6.000000E-5	0.000000E+0	3.764340E+5
8.000000E-5	0.000000E+0	3.768270E+5
1.000000E-4	0.000000E+0	3.754160E+5
1.200000E-4	0.000000E+0	3.769400E+5
1.400000E-4	0.000000E+0	3.770670E+5
1.600000E-4	0.000000E+0	3.768820E+5
1.800000E-4	0.000000E+0	3.762720E+5
2.000000E-4	0.000000E+0	3.762560E+5
2.200000E-4	0.000000E+0	3.765570E+5
2.400000E-4	0.000000E+0	3.753300E+5
2.600000E-4	0.000000E+0	3.754800E+5
2.800000E-4	0.000000E+0	3.761240E+5
3.000000E-4	0.000000E+0	3.776080E+5
3.200000E-4	0.000000E+0	3.766640E+5
3.400000E-4	0.000000E+0	3.764620E+5
3.600000E-4	0.000000E+0	3.772930E+5
3.800000E-4	0.000000E+0	3.761320E+5
4.000000E-4	0.000000E+0	3.755790E+5
4.200000E-4	0.000000E+0	3.762780E+5
4.400000E-4	0.000000E+0	3.761370E+5
4.600000E-4	0.000000E+0	3.770840E+5
4.800000E-4	0.000000E+0	3.759700E+5
5.000000E-4	0.000000E+0	3.765340E+5
5.200000E-4	0.000000E+0	3.767710E+5
5.400000E-4	0.000000E+0	3.761780E+5
5.600000E-4	0.000000E+0	3.756810E+5
5.800000E-4	0.000000E+0	3.763300E+5
6.000000E-4	0.000000E+0	3.769340E+5
6.200000E-4	0.000000E+0	3.760100E+5
6.400000E-4	0.000000E+0	3.775340E+5
6.600000E-4	0.000000E+0	3.754000E+5
6.800000E-4	0.000000E+0	3.762090E+5
7.000000E-4	0.000000E+0	3.767920E+5
7.200000E-4	0.000000E+0	3.775230E+5
7.400000E-4	0.000000E+0	3.757500E+5
7.600000E-4	0.000000E+0	3.759540E+5
7.800000E-4	0.000000E+0	3.751290E+5
8.000000E-4	0.000000E+0	3.767100E+5
8.200000E-4	0.000000E+0	3.766140E+5
8.400000E-4	0.000000E+0	3.761330E+5
8.600000E-4	0.000000E+0	3.772070E+5
8.800000E-4	0.000000E+0	3.760350E+5
9.000000E-4	0.000000E+0	3.773660E+5
9.200000E-4	0.000000E+0	3.757210E+5
9.400000E-4	0.000000E+0	3.765070E+5
9.600000E-4	0.000000E+0	3.754380E+5
9.800000E-4	0.000000E+0	3.776420E+5
1.000000E-3	0.000000E+0	3.769540E+5
1.020000E-3	0.000000E+0	3.762440E+5
1.040000E-3	0.000000E+0	3.764390E+5
1.060000E-3	0.000000E+0	3.760430E+5
1.080000E-3	0.000000E+0	3.761650E+5
1.100000E-3	0.000000E+0	3.757130E+5
1.120000E-3	0.000000E+0	3.768730E+5
1.140000E-3	0.000000E+0	3.757030E+5
1.160000E-3	0.000000E+0	3.761240E+5
1.180000E-3	0.000000E+0	3.759550E+5
1.200000E-3	0.000000E+0	3.767650E+5
1.220000E-3	0.000000E+0	3.768560E+5
1.240000E-3	0.000000E+0	3.763120E+5
1.260000E-3	0.000000E+0	3.761120E+5
1.280000E-3	0.000000E+0	3.769670E+5
1.300000E-3	0.000000E+0	3.752330E+5
1.320000E-3	0.000000E+0	3.773360E+5
1.340000E-3	0.000000E+0	3.765890E+5
1.360000E-3	0.000000E+0	3.754890E+5
1.380000E-3	0.000000E+0	3.776410E+5
1.400000E-3	0.000000E+0	3.764390E+5
1.420000E-3	0.000000E+0	3.766960E+5
1.440000E-3	0.000000E+0	3.764430E+5
1.460000E-3	0.000000E+0	3.753160E+5
1.480000E-3	0.000000E+0	3.775400E+5
1.500000E-3	0.000000E+0	3.765700E+5
1.520000E-3	0.000000E+0	3.762910E+5
1.540000E-3	0.000000E+0	3.767560E+5
1.560000E-3	0.000000E+0	3.766660E+5
1.580000E-3	0.000000E+0	3.764660E+5
1.600000E-3	0.000000E+0	3.760640E+5
1.620000E-3	0.000000E+0	3.760210E+5
1.640000E-3	0.000000E+0	3.752280E+5
1.660000E-3	0.000000E+0	3.770110E+5
1.680000E-3	0.000000E+0	3.760530E+5
1.700000E-3	0.000000E+0	3.756420E+5
1.720000E-3	0.000000E+0	3.764820E+5
1.740000E-3	0.000000E+0	3.775780E+5
1.760000E-3	0.000000E+0	3.767140E+5
1.780000E-3	0.000000E+0	3.774260E+5
1.800000E-3	0.000000E+0	3.775250E+5
1.820000E-3	0.000000E+0	3.759880E+5
1.840000E-3	0.000000E+0	3.756380E+5
1.860000E-3	0.000000E+0	3.764480E+5
1.880000E-3	0.000000E+0	3.762860E+5
1.900000E-3	0.000000E+0	3.754180E+5
1.920000E-3	0.000000E+0	3.761230E+5
1.940000E-3	0.000000E+0	3.764110E+5
1.960000E-3	0.000000E+0	3.763910E+5
1.980000E-3	0.000000E+0	3.769930E+5
2.000000E-3	0.000000E+0	3.759690E+5
2.020000E-3	0.000000E+0	3.765220E+5
2.040000E-3	0.000000E+0	3.762070E+5
2.060000E-3	0.000000E+0	3.771110E+5
2.080000E-3	0.000000E+0	3.774110E+5
2.100000E-3	0.000000E+0	3.774980E+5
2.120000E-3	0.000000E+0	3.771810E+5
2.140000E-3	0.000000E+0	3.753680E+5
2.160000E-3	0.000000E+0	3.752830E+5
2.180000E-3	0.000000E+0	3.766170E+5
2.200000E-3	0.000000E+0	3.768870E+5
2.220000E-3	0.000000E+0	3.770620E+5
2.240000E-3	0.000000E+0	3.759770E+5
2.260000E-3	0.000000E+0	3.766950E+5
2.280000E-3	0.000000E+0	3.765450E+5
2.300000E-3	0.000000E+0	3.767890E+5
2.320000E-3	0.000000E+0	3.763640E+5
2.340000E-3	0.000000E+0	3.761230E+5
2.360000E-3	0.000000E+0	3.764840E+5
2.380000E-3	0.000000E+0	3.777630E+5
2.400000E-3	0.000000E+0	3.751930E+5
2.420000E-3	0.000000E+0	3.761520E+5
2.440000E-3	0.000000E+0	3.756580E+5
2.460000E-3	0.000000E+0	3.763040E+5
2.480000E-3	0.000000E+0	3.777420E+5
2.500000E-3	0.000000E+0	3.760680E+5
2.520000E-3	0.000000E+0	3.769090E+5
2.540000E-3	0.000000E+0	3.755040E+5
2.560000E-3	0.000000E+0	3.764410E+5
2.580000E-3	0.000000E+0	3.756690E+5
2.600000E-3	0.000000E+0	3.772110E+5
2.620000E-3	0.000000E+0	3.761260E+5
2.640000E-3	0.000000E+0	3.752430E+5
2.660000E-3	0.000000E+0	3.768670E+5
2.680000E-3	0.000000E+0	3.760970E+5
2.700000E-3	0.000000E+0	3.763780E+5
2.720000E-3	0.000000E+0	3.747120E+5
2.740000E-3	0.000000E+0	3.767210E+5
2.760000E-3	0.000000E+0	3.761240E+5
2.780000E-3	0.000000E+0	3.765850E+5
2.800000E-3	0.000000E+0	3.761530E+5
2.820000E-3	0.000000E+0	3.759920E+5
2.840000E-3	0.000000E+0	3.755510E+5
2.860000E-3	0.000000E+0	3.771630E+5
2.880000E-3	0.000000E+0	3.764800E+5
2.900000E-3	0.000000E+0	3.768290E+5
2.920000E-3	0.000000E+0	3.754220E+5
2.940000E-3	0.000000E+0	3.764210E+5
2.960000E-3	0.000000E+0	3.761650E+5
2.980000E-3	0.000000E+0	3.754000E+5
3.000000E-3	0.000000E+0	3.764670E+5
3.020000E-3	0.000000E+0	3.765700E+5
3.040000E-3	0.000000E+0	3.770720E+5
3.060000E-3	0.000000E+0	3.780220E+5
3.080000E-3	0.000000E+0	3.762500E+5
3.100000E-3	0.000000E+0	3.754980E+5
3.120000E-3	0.000000E+0	3.768980E+5
3.140000E-3	0.000000E+0	3.766350E+5
3.160000E-3	0.000000E+0	3.762310E+5
3.180000E-3	0.000000E+0	3.767210E+5
3.200000E-3	0.000000E+0	3.763980E+5
3.220000E-3	0.000000E+0	3.770780E+5
3.240000E-3	0.000000E+0	3.772930E+5
3.260000E-3	0.000000E+0	3.767430E+5
3.280000E-3	0.000000E+0	3.764530E+5
3.300000E-3	0.000000E+0	3.754720E+5
3.320000E-3	0.000000E+0	3.763960E+5
3.340000E-3	0.000000E+0	3.759270E+5
3.360000E-3	0.000000E+0	3.754790E+5
3.380000E-3	0.000000E+0	3.754530E+5
3.400000E-3	0.000000E+0	3.765050E+5
3.420000E-3	0.000000E+0	3.771360E+5
3.440000E-3	0.000000E+0	3.757920E+5
3.460000E-3	0.000000E+0	3.769480E+5
3.480000E-3	0.000000E+0	3.759680E+5
3.500000E-3	0.000000E+0	3.766000E+5
3.520000E-3	0.000000E+0	3.758060E+5
3.540000E-3	0.000000E+0	3.763580E+5
3.560000E-3	0.000000E+0	3.758870E+5
3.580000E-3	0.000000E+0	3.754690E+5
3.600000E-3	0.000000E+0	3.758120E+5
3.620000E-3	0.000000E+0	3.747750E+5
3.640000E-3	0.000000E+0	3.769780E+5
3.660000E-3	0.000000E+0	3.761070E+5
3.680000E-3	0.000000E+0	3.759600E+5
3.700000E-3	0.000000E+0	3.755410E+5
3.720000E-3	0.000000E+0	3.763690E+5
3.740000E-3	0.000000E+0	3.758640E+5
3.760000E-3	0.000000E+0	3.761310E+5
3.780000E-3	0.000000E+0	3.755710E+5
3.800000E-3	0.000000E+0	3.757940E+5
3.820000E-3	0.000000E+0	3.755500E+5
3.840000E-3	0.000000E+0	3.762960E+5
3.860000E-3	0.000000E+0	3.760440E+5
3.880000E-3	0.000000E+0	3.755190E+5
3.900000E-3	0.000000E+0	3.769600E+5
3.920000E-3	0.000000E+0	3.775520E+5
3.940000E-3	0.000000E+0	3.770030E+5
3.960000E-3	0.000000E+0	3.771100E+5
3.980000E-3	0.000000E+0	3.766540E+5
4.000000E-3	0.000000E+0	3.763690E+5
4.020000E-3	0.000000E+0	3.770070E+5
4.040000E-3	0.000000E+0	3.758500E+5
4.060000E-3	0.000000E+0	3.769600E+5
4.080000E-3	0.000000E+0	3.766280E+5
4.100000E-3	0.000000E+0	3.765730E+5
4.120000E-3	0.000000E+0	3.761400E+5
4.140000E-3	0.000000E+0	3.756090E+5
4.160000E-3	0.000000E+0	3.771490E+5
4.180000E-3	0.000000E+0	3.757420E+5
4.200000E-3	0.000000E+0	3.765100E+5
4.220000E-3	0.000000E+0	3.762080E+5
4.240000E-3	0.000000E+0	3.762620E+5
4.260000E-3	0.000000E+0	3.756140E+5
4.280000E-3	0.000000E+0	3.769660E+5
4.300000E-3	0.000000E+0	3.765690E+5
4.320000E-3	0.000000E+0	3.758790E+5
4.340000E-3	0.000000E+0	3.756650E+5
4.360000E-3	0.000000E+0	3.756320E+5
4.380000E-3	0.000000E+0	3.757140E+5
4.400000E-3	0.000000E+0	3.763260E+5
4.420000E-3	0.000000E+0	3.761790E+5
4.440000E-3	0.000000E+0	3.757940E+5
4.460000E-3	0.000000E+0	3.758400E+5
4.480000E-3	0.000000E+0	3.757340E+5
4.500000E-3	0.000000E+0	3.763890E+5
4.520000E-3	0.000000E+0	3.753780E+5
4.540000E-3	0.000000E+0	3.755330E+5
4.560000E-3	0.000000E+0	3.752050E+5
4.580000E-3	0.000000E+0	3.761730E+5
4.600000E-3	0.000000E+0	3.760450E+5
4.620000E-3	0.000000E+0	3.754980E+5
4.640000E-3	0.000000E+0	3.763690E+5
4.660000E-3	0.000000E+0	3.760710E+5
4.680000E-3	0.000000E+0	3.760360E+5
4.700000E-3	0.000000E+0	3.764280E+5
4.720000E-3	0.000000E+0	3.766340E+5
4.740000E-3	0.000000E+0	3.751370E+5
4.760000E-3	0.000000E+0	3.766250E+5
4.780000E-3	0.000000E+0	3.753670E+5
4.800000E-3	0.000000E+0	3.756470E+5
4.820000E-3	0.000000E+0	3.754610E+5
4.840000E-3	0.000000E+0	3.754810E+5
4.860000E-3	0.000000E+0	3.742980E+5
4.880000E-3	0.000000E+0	3.735530E+5
4.900000E-3	0.000000E+0	3.737490E+5
4.920000E-3	0.000000E+0	3.715380E+5
4.940000E-3	0.000000E+0	3.704900E+5
4.960000E-3	0.000000E+0	3.707220E+5
4.980000E-3	0.000000E+0	3.708740E+5
5.000000E-3	0.000000E+0	3.691130E+5
5.020000E-3	0.000000E+0	3.689400E+5
5.040000E-3	0.000000E+0	3.670830E+5
5.060000E-3	0.000000E+0	3.662280E+5
5.080000E-3	0.000000E+0	3.657700E+5
5.100000E-3	0.000000E+0	3.659580E+5
5.120000E-3	0.000000E+0	3.654510E+5
5.140000E-3	0.000000E+0	3.668550E+5
5.160000E-3	0.000000E+0	3.679700E+5
5.180000E-3	0.000000E+0	3.692670E+5
5.200000E-3	0.000000E+0	3.702360E+5
5.220000E-3	0.000000E+0	3.710760E+5
5.240000E-3	0.000000E+0	3.711600E+5
5.260000E-3	0.000000E+0	3.738120E+5
5.280000E-3	0.000000E+0	3.721200E+5
5.300000E-3	0.000000E+0	3.738030E+5
5.320000E-3	0.000000E+0	3.751940E+5
5.340000E-3	0.000000E+0	3.748220E+5
5.360000E-3	0.000000E+0	3.761540E+5
5.380000E-3	0.000000E+0	3.747120E+5
5.400000E-3	0.000000E+0	3.762410E+5
5.420000E-3	0.000000E+0	3.752830E+5
5.440000E-3	0.000000E+0	3.750300E+5
5.460000E-3	0.000000E+0	3.746740E+5
5.480000E-3	0.000000E+0	3.741830E+5
5.500000E-3	0.000000E+0	3.748860E+5
5.520000E-3	0.000000E+0	3.739180E+5
5.540000E-3	0.000000E+0	3.735470E+5
5.560000E-3	0.000000E+0	3.719250E+5
5.580000E-3	0.000000E+0	3.714900E+5
5.600000E-3	0.000000E+0	3.696870E+5
5.620000E-3	0.000000E+0	3.701280E+5
5.640000E-3	0.000000E+0	3.709720E+5
5.660000E-3	0.000000E+0	3.692570E+5
5.680000E-3	0.000000E+0	3.691010E+5
5.700000E-3	0.000000E+0	3.675640E+5
5.720000E-3	0.000000E+0	3.666320E+5
5.740000E-3	0.000000E+0	3.665050E+5
5.760000E-3	0.000000E+0	3.670540E+5
5.780000E-3	0.000000E+0	3.674600E+5
5.800000E-3	0.000000E+0	3.678830E+5
5.820000E-3	0.000000E+0	3.693300E+5
5.840000E-3	0.000000E+0	3.704730E+5
5.860000E-3	0.000000E+0	3.713120E+5
5.880000E-3	0.000000E+0	3.725020E+5
5.900000E-3	0.000000E+0	3.738830E+5
5.920000E-3	0.000000E+0	3.748550E+5
5.940000E-3	0.000000E+0	3.738840E+5
5.960000E-3	0.000000E+0	3.747010E+5
5.980000E-3	0.000000E+0	3.756660E+5
6.000000E-3	0.000000E+0	3.752410E+5
6.020000E-3	0.000000E+0	3.756080E+5
6.040000E-3	0.000000E+0	3.760800E+5
6.060000E-3	0.000000E+0	3.757460E+5
6.080000E-3	0.000000E+0	3.758940E+5
6.100000E-3	0.000000E+0	3.753420E+5
6.120000E-3	0.000000E+0	3.762320E+5
6.140000E-3	0.000000E+0	3.760710E+5
6.160000E-3	0.000000E+0	3.754940E+5
6.180000E-3	0.000000E+0	3.763950E+5
6.200000E-3	0.000000E+0	3.760890E+5
6.220000E-3	0.000000E+0	3.764650E+5
6.240000E-3	0.000000E+0	3.753560E+5
6.260000E-3	0.000000E+0	3.755730E+5
6.280000E-3	0.000000E+0	3.775340E+5
6.300000E-3	0.000000E+0	3.768090E+5
6.320000E-3	0.000000E+0	3.762530E+5
6.340000E-3	0.000000E+0	3.764800E+5
6.360000E-3	0.000000E+0	3.758200E+5
6.380000E-3	0.000000E+0	3.765410E+5
6.400000E-3	0.000000E+0	3.757730E+5
6.420000E-3	0.000000E+0	3.755480E+5
6.440000E-3	0.000000E+0	3.777150E+5
6.460000E-3	0.000000E+0	3.762040E+5
6.480000E-3	0.000000E+0	3.758780E+5
6.500000E-3	0.000000E+0	3.757360E+5
6.520000E-3	0.000000E+0	3.762710E+5
6.540000E-3	0.000000E+0	3.757420E+5
6.560000E-3	0.000000E+0	3.768810E+5
6.580000E-3	0.000000E+0	3.759530E+5
6.600000E-3	0.000000E+0	3.766970E+5
6.620000E-3	0.000000E+0	3.761280E+5
6.640000E-3	0.000000E+0	3.758610E+5
6.660000E-3	0.000000E+0	3.757040E+5
6.680000E-3	0.000000E+0	3.762840E+5
6.700000E-3	0.000000E+0	3.765420E+5
6.720000E-3	0.000000E+0	3.762460E+5
6.740000E-3	0.000000E+0	3.767770E+5
6.760000E-3	0.000000E+0	3.769520E+5
6.780000E-3	0.000000E+0	3.754890E+5
6.800000E-3	0.000000E+0	3.765460E+5
6.820000E-3	0.000000E+0	3.765350E+5
6.840000E-3	0.000000E+0	3.759670E+5
6.860000E-3	0.000000E+0	3.763700E+5
6.880000E-3	0.000000E+0	3.769740E+5
6.900000E-3	0.000000E+0	3.751700E+5
6.920000E-3	0.000000E+0	3.753710E+5
6.940000E-3	0.000000E+0	3.762250E+5
6.960000E-3	0.000000E+0	3.746970E+5
6.980000E-3	0.000000E+0	3.760530E+5
7.000000E-3	0.000000E+0	3.759620E+5
7.020000E-3	0.000000E+0	3.763980E+5
7.040000E-3	0.000000E+0	3.763340E+5
7.060000E-3	0.000000E+0	3.764630E+5
7.080000E-3	0.000000E+0	3.762650E+5
7.100000E-3	0.000000E+0	3.760100E+5
7.120000E-3	0.000000E+0	3.764550E+5
7.140000E-3	0.000000E+0	3.763230E+5
7.160000E-3	0.000000E+0	3.769550E+5
7.180000E-3	0.000000E+0	3.757350E+5
7.200000E-3	0.000000E+0	3.766500E+5
7.220000E-3	0.000000E+0	3.765380E+5
7.240000E-3	0.000000E+0	3.765310E+5
7.260000E-3	0.000000E+0	3.758860E+5
7.280000E-3	0.000000E+0	3.762500E+5
7.300000E-3	0.000000E+0	3.758650E+5
7.320000E-3	0.000000E+0	3.766590E+5
7.340000E-3	0.000000E+0	3.770270E+5
7.360000E-3	0.000000E+0	3.761840E+5
7.380000E-3	0.000000E+0	3.768490E+5
7.400000E-3	0.000000E+0	3.762250E+5
7.420000E-3	0.000000E+0	3.762020E+5
7.440000E-3	0.000000E+0	3.761660E+5
7.460000E-3	0.000000E+0	3.769660E+5
7.480000E-3	0.000000E+0	3.760380E+5
7.500000E-3	0.000000E+0	3.768070E+5
7.520000E-3	0.000000E+0	3.768080E+5
7.540000E-3	0.000000E+0	3.765000E+5
7.560000E-3	0.000000E+0	3.770180E+5
7.580000E-3	0.000000E+0	3.764020E+5
7.600000E-3	0.000000E+0	3.756660E+5
7.620000E-3	0.000000E+0	3.766630E+5
7.640000E-3	0.000000E+0	3.772910E+5
7.660000E-3	0.000000E+0	3.759830E+5
7.680000E-3	0.000000E+0	3.760740E+5
7.700000E-3	0.000000E+0	3.757320E+5
7.720000E-3	0.000000E+0	3.765750E+5
7.740000E-3	0.000000E+0	3.759600E+5
7.760000E-3	0.000000E+0	3.758900E+5
7.780000E-3	0.000000E+0	3.774020E+5
7.800000E-3	0.000000E+0	3.761590E+5
7.820000E-3	0.000000E+0	3.761550E+5
7.840000E-3	0.000000E+0	3.771550E+5
7.860000E-3	0.000000E+0	3.762770E+5
7.880000E-3	0.000000E+0	3.762580E+5
7.900000E-3	0.000000E+0	3.759390E+5
7.920000E-3	0.000000E+0	3.759350E+5
7.940000E-3	0.000000E+0	3.771680E+5
7.960000E-3	0.000000E+0	3.774010E+5
7.980000E-3	0.000000E+0	3.774010E+5
8.000000E-3	0.000000E+0	3.767450E+5
8.020000E-3	0.000000E+0	3.764730E+5
8.040000E-3	0.000000E+0	3.752210E+5
8.060000E-3	0.000000E+0	3.758100E+5
8.080000E-3	0.000000E+0	3.767330E+5
8.100000E-3	0.000000E+0	3.768190E+5
8.120000E-3	0.000000E+0	3.764780E+5
8.140000E-3	0.000000E+0	3.757660E+5
8.160000E-3	0.000000E+0	3.764870E+5
8.180000E-3	0.000000E+0	3.760920E+5
8.200000E-3	0.000000E+0	3.766570E+5
8.220000E-3	0.000000E+0	3.758720E+5
8.240000E-3	0.000000E+0	3.766510E+5
8.260000E-3	0.000000E+0	3.776500E+5
8.280000E-3	0.000000E+0	3.757260E+5
8.300000E-3	0.000000E+0	3.764590E+5
8.320000E-3	0.000000E+0	3.756170E+5
8.340000E-3	0.000000E+0	3.759550E+5
8.360000E-3	0.000000E+0	3.761050E+5
8.380000E-3	0.000000E+0	3.746300E+5
8.400000E-3	0.000000E+0	3.758530E+5
8.420000E-3	0.000000E+0	3.762730E+5
8.440000E-3	0.000000E+0	3.768360E+5
8.460000E-3	0.000000E+0	3.768000E+5
8.480000E-3	0.000000E+0	3.776060E+5
8.500000E-3	0.000000E+0	3.753570E+5
8.520000E-3	0.000000E+0	3.770260E+5
8.540000E-3	0.000000E+0	3.766890E+5
8.560000E-3	0.000000E+0	3.764410E+5
8.580000E-3	0.000000E+0	3.777530E+5
8.600000E-3	0.000000E+0	3.759020E+5
8.620000E-3	0.000000E+0	3.773900E+5
8.640000E-3	0.000000E+0	3.761170E+5
8.660000E-3	0.000000E+0	3.761450E+5
8.680000E-3	0.000000E+0	3.764500E+5
8.700000E-3	0.000000E+0	3.746020E+5
8.720000E-3	0.000000E+0	3.770070E+5
8.740000E-3	0.000000E+0	3.755150E+5
8.760000E-3	0.000000E+0	3.763290E+5
8.780000E-3	0.000000E+0	3.765550E+5
8.800000E-3	0.000000E+0	3.771250E+5
8.820000E-3	0.000000E+0	3.766620E+5
8.840000E-3	0.000000E+0	3.758520E+5
8.860000E-3	0.000000E+0	3.776470E+5
8.880000E-3	0.000000E+0	3.758020E+5
8.900000E-3	0.000000E+0	3.765920E+5
8.920000E-3	0.000000E+0	3.754670E+5
8.940000E-3	0.000000E+0	3.755790E+5
8.960000E-3	0.000000E+0	3.769750E+5
8.980000E-3	0.000000E+0	3.760940E+5
9.000000E-3	0.000000E+0	3.755670E+5
9.020000E-3	0.000000E+0	3.752950E+5
9.040000E-3	0.000000E+0	3.766470E+5
9.060000E-3	0.000000E+0	3.781820E+5
9.080000E-3	0.000000E+0	3.765350E+5
9.100000E-3	0.000000E+0	3.770770E+5
9.120000E-3	0.000000E+0	3.759310E+5
9.140000E-3	0.000000E+0	3.767270E+5
9.160000E-3	0.000000E+0	3.767760E+5
9.180000E-3	0.000000E+0	3.754270E+5
9.200000E-3	0.000000E+0	3.761110E+5
9.220000E-3	0.000000E+0	3.763910E+5
9.240000E-3	0.000000E+0	3.768360E+5
9.260000E-3	0.000000E+0	3.773740E+5
9.280000E-3	0.000000E+0	3.774860E+5
9.300000E-3	0.000000E+0	3.769120E+5
9.320000E-3	0.000000E+0	3.759330E+5
9.340000E-3	0.000000E+0	3.764880E+5
9.360000E-3	0.000000E+0	3.757390E+5
9.380000E-3	0.000000E+0	3.774030E+5
9.400000E-3	0.000000E+0	3.768940E+5
9.420000E-3	0.000000E+0	3.775490E+5
9.440000E-3	0.000000E+0	3.762050E+5
9.460000E-3	0.000000E+0	3.773790E+5
9.480000E-3	0.000000E+0	3.763000E+5
9.500000E-3	0.000000E+0	3.753960E+5
9.520000E-3	0.000000E+0	3.770530E+5
9.540000E-3	0.000000E+0	3.755010E+5
9.560000E-3	0.000000E+0	3.761810E+5
9.580000E-3	0.000000E+0	3.764410E+5
9.600000E-3	0.000000E+0	3.766940E+5
9.620000E-3	0.000000E+0	3.761040E+5
9.640000E-3	0.000000E+0	3.761260E+5
9.660000E-3	0.000000E+0	3.769540E+5
9.680000E-3	0.000000E+0	3.752830E+5
9.700000E-3	0.000000E+0	3.758880E+5
9.720000E-3	0.000000E+0	3.767990E+5
9.740000E-3	0.000000E+0	3.764570E+5
9.760000E-3	0.000000E+0	3.762180E+5
9.780000E-3	0.000000E+0	3.768840E+5
9.800000E-3	0.000000E+0	3.770410E+5
9.820000E-3	0.000000E+0	3.774140E+5
9.840000E-3	0.000000E+0	3.765550E+5
9.860000E-3	0.000000E+0	3.760400E+5
9.880000E-3	0.000000E+0	3.772260E+5
9.900000E-3	0.000000E+0	3.772230E+5
9.920000E-3	0.000000E+0	3.755810E+5
9.940000E-3	0.000000E+0	3.752980E+5
9.960000E-3	0.000000E+0	3.756550E+5
9.980000E-3	0.000000E+0	3.772230E+5
1.000000E-2	0.000000E+0	3.759480E+5
1.002000E-2	0.000000E+0	3.763960E+5
1.004000E-2	0.000000E+0	3.768920E+5
1.006000E-2	0.000000E+0	3.768970E+5
1.008000E-2	0.000000E+0	3.761490E+5
1.010000E-2	0.000000E+0	3.764090E+5
1.012000E-2	0.000000E+0	3.776030E+5
1.014000E-2	0.000000E+0	3.780380E+5
1.016000E-2	0.000000E+0	3.770010E+5
1.018000E-2	0.000000E+0	3.765980E+5
1.020000E-2	0.000000E+0	3.771520E+5
1.022000E-2	0.000000E+0	3.764250E+5
1.024000E-2	0.000000E+0	3.760310E+5
1.026000E-2	0.000000E+0	3.778020E+5
1.028000E-2	0.000000E+0	3.760700E+5
1.030000E-2	0.000000E+0	3.770090E+5
1.032000E-2	0.000000E+0	3.759720E+5
1.034000E-2	0.000000E+0	3.770310E+5
1.036000E-2	0.000000E+0	3.764540E+5
1.038000E-2	0.000000E+0	3.771190E+5
1.040000E-2	0.000000E+0	3.761630E+5
1.042000E-2	0.000000E+0	3.761970E+5
1.044000E-2	0.000000E+0	3.762810E+5
1.046000E-2	0.000000E+0	3.770550E+5
1.048000E-2	0.000000E+0	3.773030E+5
1.050000E-2	0.000000E+0	3.762320E+5
1.052000E-2	0.000000E+0	3.770740E+5
1.054000E-2	0.000000E+0	3.779820E+5
1.056000E-2	0.000000E+0	3.759870E+5
1.058000E-2	0.000000E+0	3.772000E+5
1.060000E-2	0.000000E+0	3.760260E+5
1.062000E-2	0.000000E+0	3.763620E+5
1.064000E-2	0.000000E+0	3.768030E+5
1.066000E-2	0.000000E+0	3.767170E+5
1.068000E-2	0.000000E+0	3.770610E+5
1.070000E-2	0.000000E+0	3.757530E+5
1.072000E-2	0.000000E+0	3.766020E+5
1.074000E-2	0.000000E+0	3.771330E+5
1.076000E-2	0.000000E+0	3.775300E+5
1.078000E-2	0.000000E+0	3.774980E+5
1.080000E-2	0.000000E+0	3.773330E+5
1.082000E-2	0.000000E+0	3.781540E+5
1.084000E-2	0.000000E+0	3.764420E+5
1.086000E-2	0.000000E+0	3.766170E+5
1.088000E-2	0.000000E+0	3.767670E+5
1.090000E-2	0.000000E+0	3.771380E+5
1.092000E-2	0.000000E+0	3.765180E+5
1.094000E-2	0.000000E+0	3.760620E+5
1.096000E-2	0.000000E+0	3.759740E+5
1.098000E-2	0.000000E+0	3.768120E+5
1.100000E-2	0.000000E+0	3.766810E+5
1.102000E-2	0.000000E+0	3.757070E+5
1.104000E-2	0.000000E+0	3.771880E+5
1.106000E-2	0.000000E+0	3.766340E+5
1.108000E-2	0.000000E+0	3.774440E+5
1.110000E-2	0.000000E+0	3.761910E+5
1.112000E-2	0.000000E+0	3.765630E+5
1.114000E-2	0.000000E+0	3.768580E+5
1.116000E-2	0.000000E+0	3.744380E+5
1.118000E-2	0.000000E+0	3.767860E+5
1.120000E-2	0.000000E+0	3.766400E+5
1.122000E-2	0.000000E+0	3.779760E+5
1.124000E-2	0.000000E+0	3.775790E+5
1.126000E-2	0.000000E+0	3.755680E+5
1.128000E-2	0.000000E+0	3.759290E+5
1.130000E-2	0.000000E+0	3.764490E+5
1.132000E-2	0.000000E+0	3.773590E+5
1.134000E-2	0.000000E+0	3.759520E+5
1.136000E-2	0.000000E+0	3.775020E+5
1.138000E-2	0.000000E+0	3.760640E+5
1.140000E-2	0.000000E+0	3.778340E+5
1.142000E-2	0.000000E+0	3.761930E+5
1.144000E-2	0.000000E+0	3.773830E+5
1.146000E-2	0.000000E+0	3.762810E+5
1.148000E-2	0.000000E+0	3.768340E+5
1.150000E-2	0.000000E+0	3.761930E+5
1.152000E-2	0.000000E+0	3.759260E+5
1.154000E-2	0.000000E+0	3.761360E+5
1.156000E-2	0.000000E+0	3.771580E+5
1.158000E-2	0.000000E+0	3.759300E+5
1.160000E-2	0.000000E+0	3.767370E+5
1.162000E-2	0.000000E+0	3.765060E+5
1.164000E-2	0.000000E+0	3.779150E+5
1.166000E-2	0.000000E+0	3.784600E+5
1.168000E-2	0.000000E+0	3.776690E+5
1.170000E-2	0.000000E+0	3.774780E+5
1.172000E-2	0.000000E+0	3.772220E+5
1.174000E-2	0.000000E+0	3.765460E+5
1.176000E-2	0.000000E+0	3.769520E+5
1.178000E-2	0.000000E+0	3.762980E+5
1.180000E-2	0.000000E+0	3.770360E+5
1.182000E-2	0.000000E+0	3.772720E+5
1.184000E-2	0.000000E+0	3.770250E+5
1.186000E-2	0.000000E+0	3.761760E+5
1.188000E-2	0.000000E+0	3.759750E+5
1.190000E-2	0.000000E+0	3.757960E+5
1.192000E-2	0.000000E+0	3.762060E+5
1.194000E-2	0.000000E+0	3.777940E+5
1.196000E-2	0.000000E+0	3.762770E+5
1.198000E-2	0.000000E+0	3.772900E+5
1.200000E-2	0.000000E+0	3.762350E+5
1.202000E-2	0.000000E+0	3.767210E+5
1.204000E-2	0.000000E+0	3.765370E+5
1.206000E-2	0.000000E+0	3.766160E+5
1.208000E-2	0.000000E+0	3.777100E+5
1.210000E-2	0.000000E+0	3.771890E+5
1.212000E-2	0.000000E+0	3.769860E+5
1.214000E-2	0.000000E+0	3.756760E+5
1.216000E-2	0.000000E+0	3.762270E+5
1.218000E-2	0.000000E+0	3.764830E+5
1.220000E-2	0.000000E+0	3.753910E+5
1.222000E-2	0.000000E+0	3.771490E+5
1.224000E-2	0.000000E+0	3.767240E+5
1.226000E-2	0.000000E+0	3.765230E+5
1.228000E-2	0.000000E+0	3.771110E+5
1.230000E-2	0.000000E+0	3.769920E+5
1.232000E-2	0.000000E+0	3.771560E+5
1.234000E-2	0.000000E+0	3.768820E+5
1.236000E-2	0.000000E+0	3.761750E+5
1.238000E-2	0.000000E+0	3.773570E+5
1.240000E-2	0.000000E+0	3.775130E+5
1.242000E-2	0.000000E+0	3.769910E+5
1.244000E-2	0.000000E+0	3.774580E+5
1.246000E-2	0.000000E+0	3.761940E+5
1.248000E-2	0.000000E+0	3.773160E+5
1.250000E-2	0.000000E+0	3.762460E+5
1.252000E-2	0.000000E+0	3.777880E+5
1.254000E-2	0.000000E+0	3.769580E+5
1.256000E-2	0.000000E+0	3.764910E+5
1.258000E-2	0.000000E+0	3.777690E+5
1.260000E-2	0.000000E+0	3.775500E+5
1.262000E-2	0.000000E+0	3.759590E+5
1.264000E-2	0.000000E+0	3.758680E+5
1.266000E-2	0.000000E+0	3.778060E+5
1.268000E-2	0.000000E+0	3.769380E+5
1.270000E-2	0.000000E+0	3.762190E+5
1.272000E-2	0.000000E+0	3.774580E+5
1.274000E-2	0.000000E+0	3.767770E+5
1.276000E-2	0.000000E+0	3.769940E+5
1.278000E-2	0.000000E+0	3.761940E+5
1.280000E-2	0.000000E+0	3.761020E+5
1.282000E-2	0.000000E+0	3.759670E+5
1.284000E-2	0.000000E+0	3.766430E+5
1.286000E-2	0.000000E+0	3.774840E+5
1.288000E-2	0.000000E+0	3.779260E+5
1.290000E-2	0.000000E+0	3.764480E+5
1.292000E-2	0.000000E+0	3.769620E+5
1.294000E-2	0.000000E+0	3.757260E+5
1.296000E-2	0.000000E+0	3.763860E+5
1.298000E-2	0.000000E+0	3.766650E+5
1.300000E-2	0.000000E+0	3.768570E+5
1.302000E-2	0.000000E+0	3.773110E+5
1.304000E-2	0.000000E+0	3.767390E+5
1.306000E-2	0.000000E+0	3.762740E+5
1.308000E-2	0.000000E+0	3.777960E+5
1.310000E-2	0.000000E+0	3.768880E+5
1.312000E-2	0.000000E+0	3.772460E+5
1.314000E-2	0.000000E+0	3.778510E+5
1.316000E-2	0.000000E+0	3.772460E+5
1.318000E-2	0.000000E+0	3.760120E+5
1.320000E-2	0.000000E+0	3.768750E+5
1.322000E-2	0.000000E+0	3.772310E+5
1.324000E-2	0.000000E+0	3.760790E+5
1.326000E-2	0.000000E+0	3.775890E+5
1.328000E-2	0.000000E+0	3.775150E+5
1.330000E-2	0.000000E+0	3.758350E+5
1.332000E-2	0.000000E+0	3.760870E+5
1.334000E-2	0.000000E+0	3.764980E+5
1.336000E-2	0.000000E+0	3.769490E+5
1.338000E-2	0.000000E+0	3.770550E+5
1.340000E-2	0.000000E+0	3.757170E+5
1.342000E-2	0.000000E+0	3.759710E+5
1.344000E-2	0.000000E+0	3.758530E+5
1.346000E-2	0.000000E+0	3.756950E+5
1.348000E-2	0.000000E+0	3.768560E+5
1.350000E-2	0.000000E+0	3.765470E+5
1.352000E-2	0.000000E+0	3.776610E+5
1.354000E-2	0.000000E+0	3.771030E+5
1.356000E-2	0.000000E+0	3.770070E+5
1.358000E-2	0.000000E+0	3.765650E+5
1.360000E-2	0.000000E+0	3.761230E+5
1.362000E-2	0.000000E+0	3.768540E+5
1.364000E-2	0.000000E+0	3.756380E+5
1.366000E-2	0.000000E+0	3.764230E+5
1.368000E-2	0.000000E+0	3.773170E+5
1.370000E-2	0.000000E+0	3.773170E+5
1.372000E-2	0.000000E+0	3.761260E+5
1.374000E-2	0.000000E+0	3.766610E+5
1.376000E-2	0.000000E+0	3.761350E+5
1.378000E-2	0.000000E+0	3.759880E+5
1.380000E-2	0.000000E+0	3.768640E+5
1.382000E-2	0.000000E+0	3.759200E+5
1.384000E-2	0.000000E+0	3.758120E+5
1.386000E-2	0.000000E+0	3.768100E+5
1.388000E-2	0.000000E+0	3.765820E+5
1.390000E-2	0.000000E+0	3.769420E+5
1.392000E-2	0.000000E+0	3.778870E+5
1.394000E-2	0.000000E+0	3.767470E+5
1.396000E-2	0.000000E+0	3.768200E+5
1.398000E-2	0.000000E+0	3.774360E+5
1.400000E-2	0.000000E+0	3.773410E+5
1.402000E-2	0.000000E+0	3.760900E+5
1.404000E-2	0.000000E+0	3.779450E+5
1.406000E-2	0.000000E+0	3.761330E+5
1.408000E-2	0.000000E+0	3.762510E+5
1.410000E-2	0.000000E+0	3.765420E+5
1.412000E-2	0.000000E+0	3.765910E+5
1.414000E-2	0.000000E+0	3.764880E+5
1.416000E-2	0.000000E+0	3.761000E+5
1.418000E-2	0.000000E+0	3.765800E+5
1.420000E-2	0.000000E+0	3.766710E+5
1.422000E-2	0.000000E+0	3.766390E+5
1.424000E-2	0.000000E+0	3.754410E+5
1.426000E-2	0.000000E+0	3.751740E+5
1.428000E-2	0.000000E+0	3.761440E+5
1.430000E-2	0.000000E+0	3.762870E+5
1.432000E-2	0.000000E+0	3.766530E+5
1.434000E-2	0.000000E+0	3.761030E+5
1.436000E-2	0.000000E+0	3.769300E+5
1.438000E-2	0.000000E+0	3.768020E+5
1.440000E-2	0.000000E+0	3.777800E+5
1.442000E-2	0.000000E+0	3.765390E+5
1.444000E-2	0.000000E+0	3.754460E+5
1.446000E-2	0.000000E+0	3.771260E+5
1.448000E-2	0.000000E+0	3.770350E+5
1.450000E-2	0.000000E+0	3.767590E+5
1.452000E-2	0.000000E+0	3.770450E+5
1.454000E-2	0.000000E+0	3.763130E+5
1.456000E-2	0.000000E+0	3.772310E+5
1.458000E-2	0.000000E+0	3.755990E+5
1.460000E-2	0.000000E+0	3.775870E+5
1.462000E-2	0.000000E+0	3.752210E+5
1.464000E-2	0.000000E+0	3.773720E+5
1.466000E-2	0.000000E+0	3.765330E+5
1.468000E-2	0.000000E+0	3.774340E+5
1.470000E-2	0.000000E+0	3.763510E+5
1.472000E-2	0.000000E+0	3.758550E+5
1.474000E-2	0.000000E+0	3.765080E+5
1.476000E-2	0.000000E+0	3.776250E+5
1.478000E-2	0.000000E+0	3.774350E+5
1.480000E-2	0.000000E+0	3.761030E+5
1.482000E-2	0.000000E+0	3.757900E+5
1.484000E-2	0.000000E+0	3.774740E+5
1.486000E-2	0.000000E+0	3.761920E+5
1.488000E-2	0.000000E+0	3.758240E+5
1.490000E-2	0.000000E+0	3.751760E+5
1.492000E-2	0.000000E+0	3.746200E+5
1.494000E-2	0.000000E+0	3.729080E+5
1.496000E-2	0.000000E+0	3.721620E+5
1.498000E-2	0.000000E+0	3.722410E+5
1.500000E-2	0.000000E+0	3.712600E+5
1.502000E-2	0.000000E+0	3.708530E+5
1.504000E-2	0.000000E+0	3.696010E+5
1.506000E-2	0.000000E+0	3.696620E+5
1.508000E-2	0.000000E+0	3.687720E+5
1.510000E-2	0.000000E+0	3.672230E+5
1.512000E-2	0.000000E+0	3.665820E+5
1.514000E-2	0.000000E+0	3.664430E+5
1.516000E-2	0.000000E+0	3.668950E+5
1.518000E-2	0.000000E+0	3.678470E+5
1.520000E-2	0.000000E+0	3.690810E+5
1.522000E-2	0.000000E+0	3.704470E+5
1.524000E-2	0.000000E+0	3.727280E+5
1.526000E-2	0.000000E+0	3.726310E+5
1.528000E-2	0.000000E+0	3.744810E+5
1.530000E-2	0.000000E+0	3.736260E+5
1.532000E-2	0.000000E+0	3.747590E+5
1.534000E-2	0.000000E+0	3.757240E+5
1.536000E-2	0.000000E+0	3.751770E+5
1.538000E-2	0.000000E+0	3.765960E+5
1.540000E-2	0.000000E+0	3.757390E+5
1.542000E-2	0.000000E+0	3.760160E+5
1.544000E-2	0.000000E+0	3.754890E+5
1.546000E-2	0.000000E+0	3.757620E+5
1.548000E-2	0.000000E+0	3.756760E+5
1.550000E-2	0.000000E+0	3.752040E+5
1.552000E-2	0.000000E+0	3.760990E+5
1.554000E-2	0.000000E+0	3.750550E+5
1.556000E-2	0.000000E+0	3.733270E+5
1.558000E-2	0.000000E+0	3.725080E+5
1.560000E-2	0.000000E+0	3.729650E+5
1.562000E-2	0.000000E+0	3.716160E+5
1.564000E-2	0.000000E+0	3.707890E+5
1.566000E-2	0.000000E+0	3.701670E+5
1.568000E-2	0.000000E+0	3.694940E+5
1.570000E-2	0.000000E+0	3.693850E+5
1.572000E-2	0.000000E+0	3.682460E+5
1.574000E-2	0.000000E+0	3.676310E+5
1.576000E-2	0.000000E+0	3.675520E+5
1.578000E-2	0.000000E+0	3.651550E+5
1.580000E-2	0.000000E+0	3.666800E+5
1.582000E-2	0.000000E+0	3.673390E+5
1.584000E-2	0.000000E+0	3.684710E+5
1.586000E-2	0.000000E+0	3.696560E+5
1.588000E-2	0.000000E+0	3.714670E+5
1.590000E-2	0.000000E+0	3.720810E+5
1.592000E-2	0.000000E+0	3.727980E+5
1.594000E-2	0.000000E+0	3.732770E+5
1.596000E-2	0.000000E+0	3.744110E+5
1.598000E-2	0.000000E+0	3.759550E+5
1.600000E-2	0.000000E+0	3.772880E+5
1.602000E-2	0.000000E+0	3.760170E+5
1.604000E-2	0.000000E+0	3.755630E+5
1.606000E-2	0.000000E+0	3.757150E+5
1.608000E-2	0.000000E+0	3.760770E+5
1.610000E-2	0.000000E+0	3.768750E+5
1.612000E-2	0.000000E+0	3.767590E+5
1.614000E-2	0.000000E+0	3.765840E+5
1.616000E-2	0.000000E+0	3.774630E+5
1.618000E-2	0.000000E+0	3.763070E+5
1.620000E-2	0.000000E+0	3.763340E+5
1.622000E-2	0.000000E+0	3.762230E+5
1.624000E-2	0.000000E+0	3.762800E+5
1.626000E-2	0.000000E+0	3.763250E+5
1.628000E-2	0.000000E+0	3.779050E+5
1.630000E-2	0.000000E+0	3.764220E+5
1.632000E-2	0.000000E+0	3.771550E+5
1.634000E-2	0.000000E+0	3.771430E+5
1.636000E-2	0.000000E+0	3.775830E+5
1.638000E-2	0.000000E+0	3.768950E+5
1.640000E-2	0.000000E+0	3.765780E+5
1.642000E-2	0.000000E+0	3.763280E+5
1.644000E-2	0.000000E+0	3.762060E+5
1.646000E-2	0.000000E+0	3.767070E+5
1.648000E-2	0.000000E+0	3.755610E+5
1.650000E-2	0.000000E+0	3.766700E+5
1.652000E-2	0.000000E+0	3.774470E+5
1.654000E-2	0.000000E+0	3.763630E+5
1.656000E-2	0.000000E+0	3.763260E+5
1.658000E-2	0.000000E+0	3.768090E+5
1.660000E-2	0.000000E+0	3.768880E+5
1.662000E-2	0.000000E+0	3.762660E+5
1.664000E-2	0.000000E+0	3.766940E+5
1.666000E-2	0.000000E+0	3.767200E+5
1.668000E-2	0.000000E+0	3.758240E+5
1.670000E-2	0.000000E+0	3.762430E+5
1.672000E-2	0.000000E+0	3.769470E+5
1.674000E-2	0.000000E+0	3.760710E+5
1.676000E-2	0.000000E+0	3.759040E+5
1.678000E-2	0.000000E+0	3.754960E+5
1.680000E-2	0.000000E+0	3.767860E+5
1.682000E-2	0.000000E+0	3.761470E+5
1.684000E-2	0.000000E+0	3.770270E+5
1.686000E-2	0.000000E+0	3.776380E+5
1.688000E-2	0.000000E+0	3.768390E+5
1.690000E-2	0.000000E+0	3.762510E+5
1.692000E-2	0.000000E+0	3.768130E+5
1.694000E-2	0.000000E+0	3.764310E+5
1.696000E-2	0.000000E+0	3.755040E+5
1.698000E-2	0.000000E+0	3.757990E+5
1.700000E-2	0.000000E+0	3.768140E+5
1.702000E-2	0.000000E+0	3.769130E+5
1.704000E-2	0.000000E+0	3.767100E+5
1.706000E-2	0.000000E+0	3.780320E+5
1.708000E-2	0.000000E+0	3.765880E+5
1.710000E-2	0.000000E+0	3.769720E+5
1.712000E-2	0.000000E+0	3.765060E+5
1.714000E-2	0.000000E+0	3.762180E+5
1.716000E-2	0.000000E+0	3.770510E+5
1.718000E-2	0.000000E+0	3.765660E+5
1.720000E-2	0.000000E+0	3.772510E+5
1.722000E-2	0.000000E+0	3.773190E+5
1.724000E-2	0.000000E+0	3.763720E+5
1.726000E-2	0.000000E+0	3.761160E+5
1.728000E-2	0.000000E+0	3.763990E+5
1.730000E-2	0.000000E+0	3.763240E+5
1.732000E-2	0.000000E+0	3.758760E+5
1.734000E-2	0.000000E+0	3.766290E+5
1.736000E-2	0.000000E+0	3.776180E+5
1.738000E-2	0.000000E+0	3.775700E+5
1.740000E-2	0.000000E+0	3.769770E+5
1.742000E-2	0.000000E+0	3.754390E+5
1.744000E-2	0.000000E+0	3.768430E+5
1.746000E-2	0.000000E+0	3.769240E+5
1.748000E-2	0.000000E+0	3.766330E+5
1.750000E-2	0.000000E+0	3.768100E+5
1.752000E-2	0.000000E+0	3.770860E+5
1.754000E-2	0.000000E+0	3.758930E+5
1.756000E-2	0.000000E+0	3.760610E+5
1.758000E-2	0.000000E+0	3.773060E+5
1.760000E-2	0.000000E+0	3.765070E+5
1.762000E-2	0.000000E+0	3.770600E+5
1.764000E-2	0.000000E+0	3.774390E+5
1.766000E-2	0.000000E+0	3.767300E+5
1.768000E-2	0.000000E+0	3.770750E+5
1.770000E-2	0.000000E+0	3.768930E+5
1.772000E-2	0.000000E+0	3.779540E+5
1.774000E-2	0.000000E+0	3.768420E+5
1.776000E-2	0.000000E+0	3.760110E+5
1.778000E-2	0.000000E+0	3.771520E+5
1.780000E-2	0.000000E+0	3.760610E+5
1.782000E-2	0.000000E+0	3.766840E+5
1.784000E-2	0.000000E+0	3.760040E+5
1.786000E-2	0.000000E+0	3.765990E+5
1.788000E-2	0.000000E+0	3.762260E+5
1.790000E-2	0.000000E+0	3.769270E+5
1.792000E-2	0.000000E+0	3.762120E+5
1.794000E-2	0.000000E+0	3.769060E+5
1.796000E-2	0.000000E+0	3.774220E+5
1.798000E-2	0.000000E+0	3.775520E+5
1.800000E-2	0.000000E+0	3.759170E+5
1.802000E-2	0.000000E+0	3.763500E+5
1.804000E-2	0.000000E+0	3.760220E+5
1.806000E-2	0.000000E+0	3.764920E+5
1.808000E-2	0.000000E+0	3.764720E+5
1.810000E-2	0.000000E+0	3.770670E+5
1.812000E-2	0.000000E+0	3.771640E+5
1.814000E-2	0.000000E+0	3.774600E+5
1.816000E-2	0.000000E+0	3.774960E+5
1.818000E-2	0.000000E+0	3.765440E+5
1.820000E-2	0.000000E+0	3.776850E+5
1.822000E-2	0.000000E+0	3.761950E+5
1.824000E-2	0.000000E+0	3.766180E+5
1.826000E-2	0.000000E+0	3.771100E+5
1.828000E-2	0.000000E+0	3.764880E+5
1.830000E-2	0.000000E+0	3.759890E+5
1.832000E-2	0.000000E+0	3.768670E+5
1.834000E-2	0.000000E+0	3.761160E+5
1.836000E-2	0.000000E+0	3.774360E+5
1.838000E-2	0.000000E+0	3.765020E+5
1.840000E-2	0.000000E+0	3.763130E+5
1.842000E-2	0.000000E+0	3.765410E+5
1.844000E-2	0.000000E+0	3.762140E+5
1.846000E-2	0.000000E+0	3.756030E+5
1.848000E-2	0.000000E+0	3.775040E+5
1.850000E-2	0.000000E+0	3.772900E+5
1.852000E-2	0.000000E+0	3.774790E+5
1.854000E-2	0.000000E+0	3.782790E+5
1.856000E-2	0.000000E+0	3.760600E+5
1.858000E-2	0.000000E+0	3.765740E+5
1.860000E-2	0.000000E+0	3.769480E+5
1.862000E-2	0.000000E+0	3.764690E+5
1.864000E-2	0.000000E+0	3.757520E+5
1.866000E-2	0.000000E+0	3.768330E+5
1.868000E-2	0.000000E+0	3.760010E+5
1.870000E-2	0.000000E+0	3.769820E+5
1.872000E-2	0.000000E+0	3.774490E+5
1.874000E-2	0.000000E+0	3.751510E+5
1.876000E-2	0.000000E+0	3.763040E+5
1.878000E-2	0.000000E+0	3.764560E+5
1.880000E-2	0.000000E+0	3.763520E+5
1.882000E-2	0.000000E+0	3.763850E+5
1.884000E-2	0.000000E+0	3.770210E+5
1.886000E-2	0.000000E+0	3.769270E+5
1.888000E-2	0.000000E+0	3.758360E+5
1.890000E-2	0.000000E+0	3.761390E+5
1.892000E-2	0.000000E+0	3.775150E+5
1.894000E-2	0.000000E+0	3.767420E+5
1.896000E-2	0.000000E+0	3.767210E+5
1.898000E-2	0.000000E+0	3.769520E+5
1.900000E-2	0.000000E+0	3.759350E+5
1.902000E-2	0.000000E+0	3.764420E+5
1.904000E-2	0.000000E+0	3.771280E+5
1.906000E-2	0.000000E+0	3.770230E+5
1.908000E-2	0.000000E+0	3.767780E+5
1.910000E-2	0.000000E+0	3.756020E+5
1.912000E-2	0.000000E+0	3.760080E+5
1.914000E-2	0.000000E+0	3.765080E+5
1.916000E-2	0.000000E+0	3.754350E+5
1.918000E-2	0.000000E+0	3.760850E+5
1.920000E-2	0.000000E+0	3.771030E+5
1.922000E-2	0.000000E+0	3.765080E+5
1.924000E-2	0.000000E+0	3.763130E+5
1.926000E-2	0.000000E+0	3.774770E+5
1.928000E-2	0.000000E+0	3.774470E+5
1.930000E-2	0.000000E+0	3.765440E+5
1.932000E-2	0.000000E+0	3.761040E+5
1.934000E-2	0.000000E+0	3.768010E+5
1.936000E-2	0.000000E+0	3.761880E+5
1.938000E-2	0.000000E+0	3.769800E+5
1.940000E-2	0.000000E+0	3.757720E+5
1.942000E-2	0.000000E+0	3.780750E+5
1.944000E-2	0.000000E+0	3.773770E+5
1.946000E-2	0.000000E+0	3.760880E+5
1.948000E-2	0.000000E+0	3.770490E+5
1.950000E-2	0.000000E+0	3.766440E+5
1.952000E-2	0.000000E+0	3.775540E+5
1.954000E-2	0.000000E+0	3.769860E+5
1.956000E-2	0.000000E+0	3.772690E+5
1.958000E-2	0.000000E+0	3.767470E+5
1.960000E-2	0.000000E+0	3.771180E+5
1.962000E-2	0.000000E+0	3.760530E+5
1.964000E-2	0.000000E+0	3.771870E+5
1.966000E-2	0.000000E+0	3.771460E+5
1.968000E-2	0.000000E+0	3.767040E+5
1.970000E-2	0.000000E+0	3.766800E+5
1.972000E-2	0.000000E+0	3.768170E+5
1.974000E-2	0.000000E+0	3.768330E+5
1.976000E-2	0.000000E+0	3.756340E+5
1.978000E-2	0.000000E+0	3.764130E+5
1.980000E-2	0.000000E+0	3.771300E+5
1.982000E-2	0.000000E+0	3.764810E+5
1.984000E-2	0.000000E+0	3.771560E+5
1.986000E-2	0.000000E+0	3.760980E+5
1.988000E-2	0.000000E+0	3.755440E+5
1.990000E-2	0.000000E+0	3.768970E+5
1.992000E-2	0.000000E+0	3.759530E+5
1.994000E-2	0.000000E+0	3.777340E+5
1.996000E-2	0.000000E+0	3.756540E+5
1.998000E-2	0.000000E+0	3.770500E+5
