

live time:  174239.800000
real time:  241206.818000
sweeps:  8711990.000000
0.000000E+0	0.000000E+0	0.000000E+0
2.000000E-5	0.000000E+0	3.819510E+5
4.000000E-5	0.000000E+0	3.824660E+5
6.000000E-5	0.000000E+0	3.820140E+5
8.000000E-5	0.000000E+0	3.824030E+5
1.000000E-4	0.000000E+0	3.809170E+5
1.200000E-4	0.000000E+0	3.824880E+5
1.400000E-4	0.000000E+0	3.825320E+5
1.600000E-4	0.000000E+0	3.824420E+5
1.800000E-4	0.000000E+0	3.819770E+5
2.000000E-4	0.000000E+0	3.819480E+5
2.200000E-4	0.000000E+0	3.821360E+5
2.400000E-4	0.000000E+0	3.808610E+5
2.600000E-4	0.000000E+0	3.811080E+5
2.800000E-4	0.000000E+0	3.816380E+5
3.000000E-4	0.000000E+0	3.831300E+5
3.200000E-4	0.000000E+0	3.821870E+5
3.400000E-4	0.000000E+0	3.820550E+5
3.600000E-4	0.000000E+0	3.828000E+5
3.800000E-4	0.000000E+0	3.817240E+5
4.000000E-4	0.000000E+0	3.811160E+5
4.200000E-4	0.000000E+0	3.819520E+5
4.400000E-4	0.000000E+0	3.816460E+5
4.600000E-4	0.000000E+0	3.827230E+5
4.800000E-4	0.000000E+0	3.815690E+5
5.000000E-4	0.000000E+0	3.821180E+5
5.200000E-4	0.000000E+0	3.823450E+5
5.400000E-4	0.000000E+0	3.816570E+5
5.600000E-4	0.000000E+0	3.812350E+5
5.800000E-4	0.000000E+0	3.819610E+5
6.000000E-4	0.000000E+0	3.825160E+5
6.200000E-4	0.000000E+0	3.815010E+5
6.400000E-4	0.000000E+0	3.830840E+5
6.600000E-4	0.000000E+0	3.811260E+5
6.800000E-4	0.000000E+0	3.816500E+5
7.000000E-4	0.000000E+0	3.822520E+5
7.200000E-4	0.000000E+0	3.831880E+5
7.400000E-4	0.000000E+0	3.812340E+5
7.600000E-4	0.000000E+0	3.815210E+5
7.800000E-4	0.000000E+0	3.807000E+5
8.000000E-4	0.000000E+0	3.824260E+5
8.200000E-4	0.000000E+0	3.820610E+5
8.400000E-4	0.000000E+0	3.816180E+5
8.600000E-4	0.000000E+0	3.828210E+5
8.800000E-4	0.000000E+0	3.815300E+5
9.000000E-4	0.000000E+0	3.829400E+5
9.200000E-4	0.000000E+0	3.813600E+5
9.400000E-4	0.000000E+0	3.821290E+5
9.600000E-4	0.000000E+0	3.809890E+5
9.800000E-4	0.000000E+0	3.832410E+5
1.000000E-3	0.000000E+0	3.825620E+5
1.020000E-3	0.000000E+0	3.818000E+5
1.040000E-3	0.000000E+0	3.819680E+5
1.060000E-3	0.000000E+0	3.814770E+5
1.080000E-3	0.000000E+0	3.816860E+5
1.100000E-3	0.000000E+0	3.812580E+5
1.120000E-3	0.000000E+0	3.824430E+5
1.140000E-3	0.000000E+0	3.812930E+5
1.160000E-3	0.000000E+0	3.817490E+5
1.180000E-3	0.000000E+0	3.815360E+5
1.200000E-3	0.000000E+0	3.822050E+5
1.220000E-3	0.000000E+0	3.823860E+5
1.240000E-3	0.000000E+0	3.819940E+5
1.260000E-3	0.000000E+0	3.817160E+5
1.280000E-3	0.000000E+0	3.823930E+5
1.300000E-3	0.000000E+0	3.807810E+5
1.320000E-3	0.000000E+0	3.828970E+5
1.340000E-3	0.000000E+0	3.821940E+5
1.360000E-3	0.000000E+0	3.811630E+5
1.380000E-3	0.000000E+0	3.831380E+5
1.400000E-3	0.000000E+0	3.819150E+5
1.420000E-3	0.000000E+0	3.823440E+5
1.440000E-3	0.000000E+0	3.818480E+5
1.460000E-3	0.000000E+0	3.808610E+5
1.480000E-3	0.000000E+0	3.830950E+5
1.500000E-3	0.000000E+0	3.822160E+5
1.520000E-3	0.000000E+0	3.819050E+5
1.540000E-3	0.000000E+0	3.824540E+5
1.560000E-3	0.000000E+0	3.823220E+5
1.580000E-3	0.000000E+0	3.820060E+5
1.600000E-3	0.000000E+0	3.815030E+5
1.620000E-3	0.000000E+0	3.815920E+5
1.640000E-3	0.000000E+0	3.808030E+5
1.660000E-3	0.000000E+0	3.824530E+5
1.680000E-3	0.000000E+0	3.816430E+5
1.700000E-3	0.000000E+0	3.812150E+5
1.720000E-3	0.000000E+0	3.822420E+5
1.740000E-3	0.000000E+0	3.830060E+5
1.760000E-3	0.000000E+0	3.823800E+5
1.780000E-3	0.000000E+0	3.829690E+5
1.800000E-3	0.000000E+0	3.829570E+5
1.820000E-3	0.000000E+0	3.814910E+5
1.840000E-3	0.000000E+0	3.812400E+5
1.860000E-3	0.000000E+0	3.819890E+5
1.880000E-3	0.000000E+0	3.818820E+5
1.900000E-3	0.000000E+0	3.810240E+5
1.920000E-3	0.000000E+0	3.817570E+5
1.940000E-3	0.000000E+0	3.818810E+5
1.960000E-3	0.000000E+0	3.820090E+5
1.980000E-3	0.000000E+0	3.825950E+5
2.000000E-3	0.000000E+0	3.815750E+5
2.020000E-3	0.000000E+0	3.821030E+5
2.040000E-3	0.000000E+0	3.817720E+5
2.060000E-3	0.000000E+0	3.826420E+5
2.080000E-3	0.000000E+0	3.829530E+5
2.100000E-3	0.000000E+0	3.829490E+5
2.120000E-3	0.000000E+0	3.827700E+5
2.140000E-3	0.000000E+0	3.808340E+5
2.160000E-3	0.000000E+0	3.808570E+5
2.180000E-3	0.000000E+0	3.822070E+5
2.200000E-3	0.000000E+0	3.824050E+5
2.220000E-3	0.000000E+0	3.826630E+5
2.240000E-3	0.000000E+0	3.814280E+5
2.260000E-3	0.000000E+0	3.821620E+5
2.280000E-3	0.000000E+0	3.820540E+5
2.300000E-3	0.000000E+0	3.823170E+5
2.320000E-3	0.000000E+0	3.820270E+5
2.340000E-3	0.000000E+0	3.816390E+5
2.360000E-3	0.000000E+0	3.820070E+5
2.380000E-3	0.000000E+0	3.833620E+5
2.400000E-3	0.000000E+0	3.807030E+5
2.420000E-3	0.000000E+0	3.817550E+5
2.440000E-3	0.000000E+0	3.812500E+5
2.460000E-3	0.000000E+0	3.818320E+5
2.480000E-3	0.000000E+0	3.833600E+5
2.500000E-3	0.000000E+0	3.815590E+5
2.520000E-3	0.000000E+0	3.824910E+5
2.540000E-3	0.000000E+0	3.810100E+5
2.560000E-3	0.000000E+0	3.820190E+5
2.580000E-3	0.000000E+0	3.812220E+5
2.600000E-3	0.000000E+0	3.826910E+5
2.620000E-3	0.000000E+0	3.816900E+5
2.640000E-3	0.000000E+0	3.808030E+5
2.660000E-3	0.000000E+0	3.824610E+5
2.680000E-3	0.000000E+0	3.816270E+5
2.700000E-3	0.000000E+0	3.820330E+5
2.720000E-3	0.000000E+0	3.802890E+5
2.740000E-3	0.000000E+0	3.821380E+5
2.760000E-3	0.000000E+0	3.816190E+5
2.780000E-3	0.000000E+0	3.820410E+5
2.800000E-3	0.000000E+0	3.816640E+5
2.820000E-3	0.000000E+0	3.816190E+5
2.840000E-3	0.000000E+0	3.811660E+5
2.860000E-3	0.000000E+0	3.827650E+5
2.880000E-3	0.000000E+0	3.820980E+5
2.900000E-3	0.000000E+0	3.824790E+5
2.920000E-3	0.000000E+0	3.809470E+5
2.940000E-3	0.000000E+0	3.820600E+5
2.960000E-3	0.000000E+0	3.818200E+5
2.980000E-3	0.000000E+0	3.810360E+5
3.000000E-3	0.000000E+0	3.821300E+5
3.020000E-3	0.000000E+0	3.820610E+5
3.040000E-3	0.000000E+0	3.826230E+5
3.060000E-3	0.000000E+0	3.836370E+5
3.080000E-3	0.000000E+0	3.819110E+5
3.100000E-3	0.000000E+0	3.810280E+5
3.120000E-3	0.000000E+0	3.824810E+5
3.140000E-3	0.000000E+0	3.821840E+5
3.160000E-3	0.000000E+0	3.818150E+5
3.180000E-3	0.000000E+0	3.822670E+5
3.200000E-3	0.000000E+0	3.819220E+5
3.220000E-3	0.000000E+0	3.825250E+5
3.240000E-3	0.000000E+0	3.830420E+5
3.260000E-3	0.000000E+0	3.823580E+5
3.280000E-3	0.000000E+0	3.820100E+5
3.300000E-3	0.000000E+0	3.811340E+5
3.320000E-3	0.000000E+0	3.820070E+5
3.340000E-3	0.000000E+0	3.814860E+5
3.360000E-3	0.000000E+0	3.810260E+5
3.380000E-3	0.000000E+0	3.809880E+5
3.400000E-3	0.000000E+0	3.820040E+5
3.420000E-3	0.000000E+0	3.827580E+5
3.440000E-3	0.000000E+0	3.813230E+5
3.460000E-3	0.000000E+0	3.824160E+5
3.480000E-3	0.000000E+0	3.816370E+5
3.500000E-3	0.000000E+0	3.820750E+5
3.520000E-3	0.000000E+0	3.814410E+5
3.540000E-3	0.000000E+0	3.817550E+5
3.560000E-3	0.000000E+0	3.816070E+5
3.580000E-3	0.000000E+0	3.810150E+5
3.600000E-3	0.000000E+0	3.813710E+5
3.620000E-3	0.000000E+0	3.802650E+5
3.640000E-3	0.000000E+0	3.825820E+5
3.660000E-3	0.000000E+0	3.817500E+5
3.680000E-3	0.000000E+0	3.815370E+5
3.700000E-3	0.000000E+0	3.811300E+5
3.720000E-3	0.000000E+0	3.820170E+5
3.740000E-3	0.000000E+0	3.812970E+5
3.760000E-3	0.000000E+0	3.817670E+5
3.780000E-3	0.000000E+0	3.811350E+5
3.800000E-3	0.000000E+0	3.812410E+5
3.820000E-3	0.000000E+0	3.811720E+5
3.840000E-3	0.000000E+0	3.818100E+5
3.860000E-3	0.000000E+0	3.816030E+5
3.880000E-3	0.000000E+0	3.811620E+5
3.900000E-3	0.000000E+0	3.825580E+5
3.920000E-3	0.000000E+0	3.832580E+5
3.940000E-3	0.000000E+0	3.826460E+5
3.960000E-3	0.000000E+0	3.825910E+5
3.980000E-3	0.000000E+0	3.822070E+5
4.000000E-3	0.000000E+0	3.819030E+5
4.020000E-3	0.000000E+0	3.825260E+5
4.040000E-3	0.000000E+0	3.815660E+5
4.060000E-3	0.000000E+0	3.824540E+5
4.080000E-3	0.000000E+0	3.821390E+5
4.100000E-3	0.000000E+0	3.822170E+5
4.120000E-3	0.000000E+0	3.817650E+5
4.140000E-3	0.000000E+0	3.812360E+5
4.160000E-3	0.000000E+0	3.827000E+5
4.180000E-3	0.000000E+0	3.812950E+5
4.200000E-3	0.000000E+0	3.820780E+5
4.220000E-3	0.000000E+0	3.817360E+5
4.240000E-3	0.000000E+0	3.817670E+5
4.260000E-3	0.000000E+0	3.811470E+5
4.280000E-3	0.000000E+0	3.825940E+5
4.300000E-3	0.000000E+0	3.822290E+5
4.320000E-3	0.000000E+0	3.815520E+5
4.340000E-3	0.000000E+0	3.811320E+5
4.360000E-3	0.000000E+0	3.812760E+5
4.380000E-3	0.000000E+0	3.813820E+5
4.400000E-3	0.000000E+0	3.819350E+5
4.420000E-3	0.000000E+0	3.818290E+5
4.440000E-3	0.000000E+0	3.813410E+5
4.460000E-3	0.000000E+0	3.813900E+5
4.480000E-3	0.000000E+0	3.811870E+5
4.500000E-3	0.000000E+0	3.819710E+5
4.520000E-3	0.000000E+0	3.808510E+5
4.540000E-3	0.000000E+0	3.810630E+5
4.560000E-3	0.000000E+0	3.807420E+5
4.580000E-3	0.000000E+0	3.818530E+5
4.600000E-3	0.000000E+0	3.814980E+5
4.620000E-3	0.000000E+0	3.809490E+5
4.640000E-3	0.000000E+0	3.819460E+5
4.660000E-3	0.000000E+0	3.816390E+5
4.680000E-3	0.000000E+0	3.814750E+5
4.700000E-3	0.000000E+0	3.820030E+5
4.720000E-3	0.000000E+0	3.820480E+5
4.740000E-3	0.000000E+0	3.807060E+5
4.760000E-3	0.000000E+0	3.822210E+5
4.780000E-3	0.000000E+0	3.810080E+5
4.800000E-3	0.000000E+0	3.811850E+5
4.820000E-3	0.000000E+0	3.810670E+5
4.840000E-3	0.000000E+0	3.809700E+5
4.860000E-3	0.000000E+0	3.797580E+5
4.880000E-3	0.000000E+0	3.790550E+5
4.900000E-3	0.000000E+0	3.791290E+5
4.920000E-3	0.000000E+0	3.770330E+5
4.940000E-3	0.000000E+0	3.760010E+5
4.960000E-3	0.000000E+0	3.760930E+5
4.980000E-3	0.000000E+0	3.763510E+5
5.000000E-3	0.000000E+0	3.745910E+5
5.020000E-3	0.000000E+0	3.742800E+5
5.040000E-3	0.000000E+0	3.725250E+5
5.060000E-3	0.000000E+0	3.716770E+5
5.080000E-3	0.000000E+0	3.711420E+5
5.100000E-3	0.000000E+0	3.713620E+5
5.120000E-3	0.000000E+0	3.710720E+5
5.140000E-3	0.000000E+0	3.723970E+5
5.160000E-3	0.000000E+0	3.735710E+5
5.180000E-3	0.000000E+0	3.747080E+5
5.200000E-3	0.000000E+0	3.758080E+5
5.220000E-3	0.000000E+0	3.766080E+5
5.240000E-3	0.000000E+0	3.767180E+5
5.260000E-3	0.000000E+0	3.792830E+5
5.280000E-3	0.000000E+0	3.775670E+5
5.300000E-3	0.000000E+0	3.792610E+5
5.320000E-3	0.000000E+0	3.807720E+5
5.340000E-3	0.000000E+0	3.804650E+5
5.360000E-3	0.000000E+0	3.816760E+5
5.380000E-3	0.000000E+0	3.802250E+5
5.400000E-3	0.000000E+0	3.818510E+5
5.420000E-3	0.000000E+0	3.808540E+5
5.440000E-3	0.000000E+0	3.805110E+5
5.460000E-3	0.000000E+0	3.803180E+5
5.480000E-3	0.000000E+0	3.797550E+5
5.500000E-3	0.000000E+0	3.803900E+5
5.520000E-3	0.000000E+0	3.795300E+5
5.540000E-3	0.000000E+0	3.791780E+5
5.560000E-3	0.000000E+0	3.774840E+5
5.580000E-3	0.000000E+0	3.771130E+5
5.600000E-3	0.000000E+0	3.751450E+5
5.620000E-3	0.000000E+0	3.756810E+5
5.640000E-3	0.000000E+0	3.765630E+5
5.660000E-3	0.000000E+0	3.746730E+5
5.680000E-3	0.000000E+0	3.745420E+5
5.700000E-3	0.000000E+0	3.729000E+5
5.720000E-3	0.000000E+0	3.719330E+5
5.740000E-3	0.000000E+0	3.719920E+5
5.760000E-3	0.000000E+0	3.725030E+5
5.780000E-3	0.000000E+0	3.728890E+5
5.800000E-3	0.000000E+0	3.734040E+5
5.820000E-3	0.000000E+0	3.748880E+5
5.840000E-3	0.000000E+0	3.760780E+5
5.860000E-3	0.000000E+0	3.768060E+5
5.880000E-3	0.000000E+0	3.781610E+5
5.900000E-3	0.000000E+0	3.794340E+5
5.920000E-3	0.000000E+0	3.804710E+5
5.940000E-3	0.000000E+0	3.795260E+5
5.960000E-3	0.000000E+0	3.802720E+5
5.980000E-3	0.000000E+0	3.812380E+5
6.000000E-3	0.000000E+0	3.809200E+5
6.020000E-3	0.000000E+0	3.811580E+5
6.040000E-3	0.000000E+0	3.815470E+5
6.060000E-3	0.000000E+0	3.812660E+5
6.080000E-3	0.000000E+0	3.813370E+5
6.100000E-3	0.000000E+0	3.807830E+5
6.120000E-3	0.000000E+0	3.818380E+5
6.140000E-3	0.000000E+0	3.816350E+5
6.160000E-3	0.000000E+0	3.811750E+5
6.180000E-3	0.000000E+0	3.819270E+5
6.200000E-3	0.000000E+0	3.816430E+5
6.220000E-3	0.000000E+0	3.821580E+5
6.240000E-3	0.000000E+0	3.807660E+5
6.260000E-3	0.000000E+0	3.811790E+5
6.280000E-3	0.000000E+0	3.830950E+5
6.300000E-3	0.000000E+0	3.824400E+5
6.320000E-3	0.000000E+0	3.818490E+5
6.340000E-3	0.000000E+0	3.821110E+5
6.360000E-3	0.000000E+0	3.813400E+5
6.380000E-3	0.000000E+0	3.822220E+5
6.400000E-3	0.000000E+0	3.812700E+5
6.420000E-3	0.000000E+0	3.810060E+5
6.440000E-3	0.000000E+0	3.832500E+5
6.460000E-3	0.000000E+0	3.816270E+5
6.480000E-3	0.000000E+0	3.813250E+5
6.500000E-3	0.000000E+0	3.812700E+5
6.520000E-3	0.000000E+0	3.817930E+5
6.540000E-3	0.000000E+0	3.811910E+5
6.560000E-3	0.000000E+0	3.823020E+5
6.580000E-3	0.000000E+0	3.814260E+5
6.600000E-3	0.000000E+0	3.822770E+5
6.620000E-3	0.000000E+0	3.817350E+5
6.640000E-3	0.000000E+0	3.813900E+5
6.660000E-3	0.000000E+0	3.811990E+5
6.680000E-3	0.000000E+0	3.817720E+5
6.700000E-3	0.000000E+0	3.820070E+5
6.720000E-3	0.000000E+0	3.818170E+5
6.740000E-3	0.000000E+0	3.824320E+5
6.760000E-3	0.000000E+0	3.824840E+5
6.780000E-3	0.000000E+0	3.810530E+5
6.800000E-3	0.000000E+0	3.820870E+5
6.820000E-3	0.000000E+0	3.820850E+5
6.840000E-3	0.000000E+0	3.814630E+5
6.860000E-3	0.000000E+0	3.819220E+5
6.880000E-3	0.000000E+0	3.826930E+5
6.900000E-3	0.000000E+0	3.807410E+5
6.920000E-3	0.000000E+0	3.807970E+5
6.940000E-3	0.000000E+0	3.818940E+5
6.960000E-3	0.000000E+0	3.803030E+5
6.980000E-3	0.000000E+0	3.816870E+5
7.000000E-3	0.000000E+0	3.816860E+5
7.020000E-3	0.000000E+0	3.820230E+5
7.040000E-3	0.000000E+0	3.818850E+5
7.060000E-3	0.000000E+0	3.821180E+5
7.080000E-3	0.000000E+0	3.818830E+5
7.100000E-3	0.000000E+0	3.816200E+5
7.120000E-3	0.000000E+0	3.821540E+5
7.140000E-3	0.000000E+0	3.818640E+5
7.160000E-3	0.000000E+0	3.824880E+5
7.180000E-3	0.000000E+0	3.812240E+5
7.200000E-3	0.000000E+0	3.822130E+5
7.220000E-3	0.000000E+0	3.822600E+5
7.240000E-3	0.000000E+0	3.820820E+5
7.260000E-3	0.000000E+0	3.815150E+5
7.280000E-3	0.000000E+0	3.818340E+5
7.300000E-3	0.000000E+0	3.813940E+5
7.320000E-3	0.000000E+0	3.823820E+5
7.340000E-3	0.000000E+0	3.826190E+5
7.360000E-3	0.000000E+0	3.817290E+5
7.380000E-3	0.000000E+0	3.823090E+5
7.400000E-3	0.000000E+0	3.817380E+5
7.420000E-3	0.000000E+0	3.817840E+5
7.440000E-3	0.000000E+0	3.818300E+5
7.460000E-3	0.000000E+0	3.824490E+5
7.480000E-3	0.000000E+0	3.816020E+5
7.500000E-3	0.000000E+0	3.824080E+5
7.520000E-3	0.000000E+0	3.823640E+5
7.540000E-3	0.000000E+0	3.820770E+5
7.560000E-3	0.000000E+0	3.825930E+5
7.580000E-3	0.000000E+0	3.820420E+5
7.600000E-3	0.000000E+0	3.810300E+5
7.620000E-3	0.000000E+0	3.822820E+5
7.640000E-3	0.000000E+0	3.827870E+5
7.660000E-3	0.000000E+0	3.815050E+5
7.680000E-3	0.000000E+0	3.817990E+5
7.700000E-3	0.000000E+0	3.813200E+5
7.720000E-3	0.000000E+0	3.821220E+5
7.740000E-3	0.000000E+0	3.814460E+5
7.760000E-3	0.000000E+0	3.815380E+5
7.780000E-3	0.000000E+0	3.830740E+5
7.800000E-3	0.000000E+0	3.817600E+5
7.820000E-3	0.000000E+0	3.815870E+5
7.840000E-3	0.000000E+0	3.828260E+5
7.860000E-3	0.000000E+0	3.818820E+5
7.880000E-3	0.000000E+0	3.819110E+5
7.900000E-3	0.000000E+0	3.814290E+5
7.920000E-3	0.000000E+0	3.816220E+5
7.940000E-3	0.000000E+0	3.827990E+5
7.960000E-3	0.000000E+0	3.829350E+5
7.980000E-3	0.000000E+0	3.829310E+5
8.000000E-3	0.000000E+0	3.823750E+5
8.020000E-3	0.000000E+0	3.820650E+5
8.040000E-3	0.000000E+0	3.807870E+5
8.060000E-3	0.000000E+0	3.813830E+5
8.080000E-3	0.000000E+0	3.823310E+5
8.100000E-3	0.000000E+0	3.825340E+5
8.120000E-3	0.000000E+0	3.819480E+5
8.140000E-3	0.000000E+0	3.813110E+5
8.160000E-3	0.000000E+0	3.820800E+5
8.180000E-3	0.000000E+0	3.815170E+5
8.200000E-3	0.000000E+0	3.822230E+5
8.220000E-3	0.000000E+0	3.814610E+5
8.240000E-3	0.000000E+0	3.822830E+5
8.260000E-3	0.000000E+0	3.831860E+5
8.280000E-3	0.000000E+0	3.813350E+5
8.300000E-3	0.000000E+0	3.821300E+5
8.320000E-3	0.000000E+0	3.810970E+5
8.340000E-3	0.000000E+0	3.814140E+5
8.360000E-3	0.000000E+0	3.815570E+5
8.380000E-3	0.000000E+0	3.801990E+5
8.400000E-3	0.000000E+0	3.814930E+5
8.420000E-3	0.000000E+0	3.818440E+5
8.440000E-3	0.000000E+0	3.824790E+5
8.460000E-3	0.000000E+0	3.823570E+5
8.480000E-3	0.000000E+0	3.831310E+5
8.500000E-3	0.000000E+0	3.809620E+5
8.520000E-3	0.000000E+0	3.825430E+5
8.540000E-3	0.000000E+0	3.822650E+5
8.560000E-3	0.000000E+0	3.819240E+5
8.580000E-3	0.000000E+0	3.832860E+5
8.600000E-3	0.000000E+0	3.814160E+5
8.620000E-3	0.000000E+0	3.830110E+5
8.640000E-3	0.000000E+0	3.816110E+5
8.660000E-3	0.000000E+0	3.816870E+5
8.680000E-3	0.000000E+0	3.820090E+5
8.700000E-3	0.000000E+0	3.801160E+5
8.720000E-3	0.000000E+0	3.825120E+5
8.740000E-3	0.000000E+0	3.811110E+5
8.760000E-3	0.000000E+0	3.819210E+5
8.780000E-3	0.000000E+0	3.821230E+5
8.800000E-3	0.000000E+0	3.826780E+5
8.820000E-3	0.000000E+0	3.822570E+5
8.840000E-3	0.000000E+0	3.814610E+5
8.860000E-3	0.000000E+0	3.832910E+5
8.880000E-3	0.000000E+0	3.812900E+5
8.900000E-3	0.000000E+0	3.820400E+5
8.920000E-3	0.000000E+0	3.810160E+5
8.940000E-3	0.000000E+0	3.811440E+5
8.960000E-3	0.000000E+0	3.825730E+5
8.980000E-3	0.000000E+0	3.816660E+5
9.000000E-3	0.000000E+0	3.812810E+5
9.020000E-3	0.000000E+0	3.808080E+5
9.040000E-3	0.000000E+0	3.822190E+5
9.060000E-3	0.000000E+0	3.837100E+5
9.080000E-3	0.000000E+0	3.821490E+5
9.100000E-3	0.000000E+0	3.825540E+5
9.120000E-3	0.000000E+0	3.814470E+5
9.140000E-3	0.000000E+0	3.822430E+5
9.160000E-3	0.000000E+0	3.823210E+5
9.180000E-3	0.000000E+0	3.810510E+5
9.200000E-3	0.000000E+0	3.817930E+5
9.220000E-3	0.000000E+0	3.818340E+5
9.240000E-3	0.000000E+0	3.823850E+5
9.260000E-3	0.000000E+0	3.829500E+5
9.280000E-3	0.000000E+0	3.832420E+5
9.300000E-3	0.000000E+0	3.826190E+5
9.320000E-3	0.000000E+0	3.814770E+5
9.340000E-3	0.000000E+0	3.820560E+5
9.360000E-3	0.000000E+0	3.814110E+5
9.380000E-3	0.000000E+0	3.828990E+5
9.400000E-3	0.000000E+0	3.825460E+5
9.420000E-3	0.000000E+0	3.831400E+5
9.440000E-3	0.000000E+0	3.817230E+5
9.460000E-3	0.000000E+0	3.830120E+5
9.480000E-3	0.000000E+0	3.819360E+5
9.500000E-3	0.000000E+0	3.808510E+5
9.520000E-3	0.000000E+0	3.825710E+5
9.540000E-3	0.000000E+0	3.810740E+5
9.560000E-3	0.000000E+0	3.816630E+5
9.580000E-3	0.000000E+0	3.819960E+5
9.600000E-3	0.000000E+0	3.822490E+5
9.620000E-3	0.000000E+0	3.815200E+5
9.640000E-3	0.000000E+0	3.816480E+5
9.660000E-3	0.000000E+0	3.825910E+5
9.680000E-3	0.000000E+0	3.809600E+5
9.700000E-3	0.000000E+0	3.815090E+5
9.720000E-3	0.000000E+0	3.825540E+5
9.740000E-3	0.000000E+0	3.819930E+5
9.760000E-3	0.000000E+0	3.817280E+5
9.780000E-3	0.000000E+0	3.824990E+5
9.800000E-3	0.000000E+0	3.826610E+5
9.820000E-3	0.000000E+0	3.830370E+5
9.840000E-3	0.000000E+0	3.821680E+5
9.860000E-3	0.000000E+0	3.815880E+5
9.880000E-3	0.000000E+0	3.827710E+5
9.900000E-3	0.000000E+0	3.828990E+5
9.920000E-3	0.000000E+0	3.811740E+5
9.940000E-3	0.000000E+0	3.809480E+5
9.960000E-3	0.000000E+0	3.812080E+5
9.980000E-3	0.000000E+0	3.828760E+5
1.000000E-2	0.000000E+0	3.814110E+5
1.002000E-2	0.000000E+0	3.819970E+5
1.004000E-2	0.000000E+0	3.824530E+5
1.006000E-2	0.000000E+0	3.824770E+5
1.008000E-2	0.000000E+0	3.815970E+5
1.010000E-2	0.000000E+0	3.819220E+5
1.012000E-2	0.000000E+0	3.831930E+5
1.014000E-2	0.000000E+0	3.835170E+5
1.016000E-2	0.000000E+0	3.824870E+5
1.018000E-2	0.000000E+0	3.822030E+5
1.020000E-2	0.000000E+0	3.827530E+5
1.022000E-2	0.000000E+0	3.819010E+5
1.024000E-2	0.000000E+0	3.815750E+5
1.026000E-2	0.000000E+0	3.834320E+5
1.028000E-2	0.000000E+0	3.815160E+5
1.030000E-2	0.000000E+0	3.826360E+5
1.032000E-2	0.000000E+0	3.815230E+5
1.034000E-2	0.000000E+0	3.826160E+5
1.036000E-2	0.000000E+0	3.819780E+5
1.038000E-2	0.000000E+0	3.827080E+5
1.040000E-2	0.000000E+0	3.817350E+5
1.042000E-2	0.000000E+0	3.818590E+5
1.044000E-2	0.000000E+0	3.817810E+5
1.046000E-2	0.000000E+0	3.826910E+5
1.048000E-2	0.000000E+0	3.829040E+5
1.050000E-2	0.000000E+0	3.818400E+5
1.052000E-2	0.000000E+0	3.826680E+5
1.054000E-2	0.000000E+0	3.835560E+5
1.056000E-2	0.000000E+0	3.815390E+5
1.058000E-2	0.000000E+0	3.827300E+5
1.060000E-2	0.000000E+0	3.815810E+5
1.062000E-2	0.000000E+0	3.818900E+5
1.064000E-2	0.000000E+0	3.824170E+5
1.066000E-2	0.000000E+0	3.823400E+5
1.068000E-2	0.000000E+0	3.825290E+5
1.070000E-2	0.000000E+0	3.813380E+5
1.072000E-2	0.000000E+0	3.821360E+5
1.074000E-2	0.000000E+0	3.827150E+5
1.076000E-2	0.000000E+0	3.831620E+5
1.078000E-2	0.000000E+0	3.830760E+5
1.080000E-2	0.000000E+0	3.829070E+5
1.082000E-2	0.000000E+0	3.837250E+5
1.084000E-2	0.000000E+0	3.819140E+5
1.086000E-2	0.000000E+0	3.822520E+5
1.088000E-2	0.000000E+0	3.822990E+5
1.090000E-2	0.000000E+0	3.825790E+5
1.092000E-2	0.000000E+0	3.821560E+5
1.094000E-2	0.000000E+0	3.816570E+5
1.096000E-2	0.000000E+0	3.815670E+5
1.098000E-2	0.000000E+0	3.824840E+5
1.100000E-2	0.000000E+0	3.822950E+5
1.102000E-2	0.000000E+0	3.812700E+5
1.104000E-2	0.000000E+0	3.828260E+5
1.106000E-2	0.000000E+0	3.822790E+5
1.108000E-2	0.000000E+0	3.828980E+5
1.110000E-2	0.000000E+0	3.818370E+5
1.112000E-2	0.000000E+0	3.821110E+5
1.114000E-2	0.000000E+0	3.825350E+5
1.116000E-2	0.000000E+0	3.800850E+5
1.118000E-2	0.000000E+0	3.822470E+5
1.120000E-2	0.000000E+0	3.822780E+5
1.122000E-2	0.000000E+0	3.836740E+5
1.124000E-2	0.000000E+0	3.832150E+5
1.126000E-2	0.000000E+0	3.810770E+5
1.128000E-2	0.000000E+0	3.814580E+5
1.130000E-2	0.000000E+0	3.820400E+5
1.132000E-2	0.000000E+0	3.829650E+5
1.134000E-2	0.000000E+0	3.815830E+5
1.136000E-2	0.000000E+0	3.830770E+5
1.138000E-2	0.000000E+0	3.817060E+5
1.140000E-2	0.000000E+0	3.834220E+5
1.142000E-2	0.000000E+0	3.818650E+5
1.144000E-2	0.000000E+0	3.829380E+5
1.146000E-2	0.000000E+0	3.818670E+5
1.148000E-2	0.000000E+0	3.822700E+5
1.150000E-2	0.000000E+0	3.817790E+5
1.152000E-2	0.000000E+0	3.814430E+5
1.154000E-2	0.000000E+0	3.817440E+5
1.156000E-2	0.000000E+0	3.825300E+5
1.158000E-2	0.000000E+0	3.813790E+5
1.160000E-2	0.000000E+0	3.823580E+5
1.162000E-2	0.000000E+0	3.819740E+5
1.164000E-2	0.000000E+0	3.834340E+5
1.166000E-2	0.000000E+0	3.841560E+5
1.168000E-2	0.000000E+0	3.833330E+5
1.170000E-2	0.000000E+0	3.830950E+5
1.172000E-2	0.000000E+0	3.826870E+5
1.174000E-2	0.000000E+0	3.820460E+5
1.176000E-2	0.000000E+0	3.825270E+5
1.178000E-2	0.000000E+0	3.818560E+5
1.180000E-2	0.000000E+0	3.826780E+5
1.182000E-2	0.000000E+0	3.828940E+5
1.184000E-2	0.000000E+0	3.827340E+5
1.186000E-2	0.000000E+0	3.816770E+5
1.188000E-2	0.000000E+0	3.816540E+5
1.190000E-2	0.000000E+0	3.815030E+5
1.192000E-2	0.000000E+0	3.817110E+5
1.194000E-2	0.000000E+0	3.833570E+5
1.196000E-2	0.000000E+0	3.818290E+5
1.198000E-2	0.000000E+0	3.827260E+5
1.200000E-2	0.000000E+0	3.818100E+5
1.202000E-2	0.000000E+0	3.822820E+5
1.204000E-2	0.000000E+0	3.821750E+5
1.206000E-2	0.000000E+0	3.822700E+5
1.208000E-2	0.000000E+0	3.833730E+5
1.210000E-2	0.000000E+0	3.827990E+5
1.212000E-2	0.000000E+0	3.824710E+5
1.214000E-2	0.000000E+0	3.813100E+5
1.216000E-2	0.000000E+0	3.816590E+5
1.218000E-2	0.000000E+0	3.820590E+5
1.220000E-2	0.000000E+0	3.809500E+5
1.222000E-2	0.000000E+0	3.827040E+5
1.224000E-2	0.000000E+0	3.823410E+5
1.226000E-2	0.000000E+0	3.820290E+5
1.228000E-2	0.000000E+0	3.827700E+5
1.230000E-2	0.000000E+0	3.826130E+5
1.232000E-2	0.000000E+0	3.827430E+5
1.234000E-2	0.000000E+0	3.824420E+5
1.236000E-2	0.000000E+0	3.817420E+5
1.238000E-2	0.000000E+0	3.829670E+5
1.240000E-2	0.000000E+0	3.831340E+5
1.242000E-2	0.000000E+0	3.826880E+5
1.244000E-2	0.000000E+0	3.829370E+5
1.246000E-2	0.000000E+0	3.817920E+5
1.248000E-2	0.000000E+0	3.827740E+5
1.250000E-2	0.000000E+0	3.818300E+5
1.252000E-2	0.000000E+0	3.834330E+5
1.254000E-2	0.000000E+0	3.825190E+5
1.256000E-2	0.000000E+0	3.821370E+5
1.258000E-2	0.000000E+0	3.832960E+5
1.260000E-2	0.000000E+0	3.830950E+5
1.262000E-2	0.000000E+0	3.814880E+5
1.264000E-2	0.000000E+0	3.814040E+5
1.266000E-2	0.000000E+0	3.834200E+5
1.268000E-2	0.000000E+0	3.825010E+5
1.270000E-2	0.000000E+0	3.817000E+5
1.272000E-2	0.000000E+0	3.830770E+5
1.274000E-2	0.000000E+0	3.822960E+5
1.276000E-2	0.000000E+0	3.825520E+5
1.278000E-2	0.000000E+0	3.818190E+5
1.280000E-2	0.000000E+0	3.816390E+5
1.282000E-2	0.000000E+0	3.814010E+5
1.284000E-2	0.000000E+0	3.820260E+5
1.286000E-2	0.000000E+0	3.831490E+5
1.288000E-2	0.000000E+0	3.833580E+5
1.290000E-2	0.000000E+0	3.820500E+5
1.292000E-2	0.000000E+0	3.825900E+5
1.294000E-2	0.000000E+0	3.812270E+5
1.296000E-2	0.000000E+0	3.819420E+5
1.298000E-2	0.000000E+0	3.822010E+5
1.300000E-2	0.000000E+0	3.824190E+5
1.302000E-2	0.000000E+0	3.828390E+5
1.304000E-2	0.000000E+0	3.822750E+5
1.306000E-2	0.000000E+0	3.818510E+5
1.308000E-2	0.000000E+0	3.834930E+5
1.310000E-2	0.000000E+0	3.825160E+5
1.312000E-2	0.000000E+0	3.827850E+5
1.314000E-2	0.000000E+0	3.834330E+5
1.316000E-2	0.000000E+0	3.828400E+5
1.318000E-2	0.000000E+0	3.815640E+5
1.320000E-2	0.000000E+0	3.823350E+5
1.322000E-2	0.000000E+0	3.828240E+5
1.324000E-2	0.000000E+0	3.815720E+5
1.326000E-2	0.000000E+0	3.832360E+5
1.328000E-2	0.000000E+0	3.830370E+5
1.330000E-2	0.000000E+0	3.814780E+5
1.332000E-2	0.000000E+0	3.816960E+5
1.334000E-2	0.000000E+0	3.820830E+5
1.336000E-2	0.000000E+0	3.824670E+5
1.338000E-2	0.000000E+0	3.826710E+5
1.340000E-2	0.000000E+0	3.813540E+5
1.342000E-2	0.000000E+0	3.814590E+5
1.344000E-2	0.000000E+0	3.814720E+5
1.346000E-2	0.000000E+0	3.812240E+5
1.348000E-2	0.000000E+0	3.824390E+5
1.350000E-2	0.000000E+0	3.821350E+5
1.352000E-2	0.000000E+0	3.831750E+5
1.354000E-2	0.000000E+0	3.826250E+5
1.356000E-2	0.000000E+0	3.825090E+5
1.358000E-2	0.000000E+0	3.821020E+5
1.360000E-2	0.000000E+0	3.817470E+5
1.362000E-2	0.000000E+0	3.825300E+5
1.364000E-2	0.000000E+0	3.811410E+5
1.366000E-2	0.000000E+0	3.821290E+5
1.368000E-2	0.000000E+0	3.827930E+5
1.370000E-2	0.000000E+0	3.828130E+5
1.372000E-2	0.000000E+0	3.818190E+5
1.374000E-2	0.000000E+0	3.822990E+5
1.376000E-2	0.000000E+0	3.816080E+5
1.378000E-2	0.000000E+0	3.815350E+5
1.380000E-2	0.000000E+0	3.825060E+5
1.382000E-2	0.000000E+0	3.815660E+5
1.384000E-2	0.000000E+0	3.814370E+5
1.386000E-2	0.000000E+0	3.823610E+5
1.388000E-2	0.000000E+0	3.821790E+5
1.390000E-2	0.000000E+0	3.825300E+5
1.392000E-2	0.000000E+0	3.834230E+5
1.394000E-2	0.000000E+0	3.824210E+5
1.396000E-2	0.000000E+0	3.823600E+5
1.398000E-2	0.000000E+0	3.831170E+5
1.400000E-2	0.000000E+0	3.828600E+5
1.402000E-2	0.000000E+0	3.816580E+5
1.404000E-2	0.000000E+0	3.834930E+5
1.406000E-2	0.000000E+0	3.816300E+5
1.408000E-2	0.000000E+0	3.817940E+5
1.410000E-2	0.000000E+0	3.819500E+5
1.412000E-2	0.000000E+0	3.822100E+5
1.414000E-2	0.000000E+0	3.820210E+5
1.416000E-2	0.000000E+0	3.817220E+5
1.418000E-2	0.000000E+0	3.819360E+5
1.420000E-2	0.000000E+0	3.822740E+5
1.422000E-2	0.000000E+0	3.822810E+5
1.424000E-2	0.000000E+0	3.810830E+5
1.426000E-2	0.000000E+0	3.807390E+5
1.428000E-2	0.000000E+0	3.816960E+5
1.430000E-2	0.000000E+0	3.818090E+5
1.432000E-2	0.000000E+0	3.822180E+5
1.434000E-2	0.000000E+0	3.816670E+5
1.436000E-2	0.000000E+0	3.824660E+5
1.438000E-2	0.000000E+0	3.824290E+5
1.440000E-2	0.000000E+0	3.833980E+5
1.442000E-2	0.000000E+0	3.820630E+5
1.444000E-2	0.000000E+0	3.810470E+5
1.446000E-2	0.000000E+0	3.828210E+5
1.448000E-2	0.000000E+0	3.826290E+5
1.450000E-2	0.000000E+0	3.822640E+5
1.452000E-2	0.000000E+0	3.825260E+5
1.454000E-2	0.000000E+0	3.818580E+5
1.456000E-2	0.000000E+0	3.828740E+5
1.458000E-2	0.000000E+0	3.811730E+5
1.460000E-2	0.000000E+0	3.831010E+5
1.462000E-2	0.000000E+0	3.808880E+5
1.464000E-2	0.000000E+0	3.829750E+5
1.466000E-2	0.000000E+0	3.820390E+5
1.468000E-2	0.000000E+0	3.830350E+5
1.470000E-2	0.000000E+0	3.819100E+5
1.472000E-2	0.000000E+0	3.814830E+5
1.474000E-2	0.000000E+0	3.820380E+5
1.476000E-2	0.000000E+0	3.831380E+5
1.478000E-2	0.000000E+0	3.828510E+5
1.480000E-2	0.000000E+0	3.815990E+5
1.482000E-2	0.000000E+0	3.812690E+5
1.484000E-2	0.000000E+0	3.829850E+5
1.486000E-2	0.000000E+0	3.817630E+5
1.488000E-2	0.000000E+0	3.813420E+5
1.490000E-2	0.000000E+0	3.808190E+5
1.492000E-2	0.000000E+0	3.802560E+5
1.494000E-2	0.000000E+0	3.783170E+5
1.496000E-2	0.000000E+0	3.776490E+5
1.498000E-2	0.000000E+0	3.776250E+5
1.500000E-2	0.000000E+0	3.767050E+5
1.502000E-2	0.000000E+0	3.762160E+5
1.504000E-2	0.000000E+0	3.750400E+5
1.506000E-2	0.000000E+0	3.753130E+5
1.508000E-2	0.000000E+0	3.742230E+5
1.510000E-2	0.000000E+0	3.725970E+5
1.512000E-2	0.000000E+0	3.720550E+5
1.514000E-2	0.000000E+0	3.718990E+5
1.516000E-2	0.000000E+0	3.722730E+5
1.518000E-2	0.000000E+0	3.732590E+5
1.520000E-2	0.000000E+0	3.746380E+5
1.522000E-2	0.000000E+0	3.760230E+5
1.524000E-2	0.000000E+0	3.781950E+5
1.526000E-2	0.000000E+0	3.781610E+5
1.528000E-2	0.000000E+0	3.800540E+5
1.530000E-2	0.000000E+0	3.790810E+5
1.532000E-2	0.000000E+0	3.801910E+5
1.534000E-2	0.000000E+0	3.813900E+5
1.536000E-2	0.000000E+0	3.807100E+5
1.538000E-2	0.000000E+0	3.821810E+5
1.540000E-2	0.000000E+0	3.811750E+5
1.542000E-2	0.000000E+0	3.815560E+5
1.544000E-2	0.000000E+0	3.810260E+5
1.546000E-2	0.000000E+0	3.812980E+5
1.548000E-2	0.000000E+0	3.812220E+5
1.550000E-2	0.000000E+0	3.806670E+5
1.552000E-2	0.000000E+0	3.816270E+5
1.554000E-2	0.000000E+0	3.806490E+5
1.556000E-2	0.000000E+0	3.789530E+5
1.558000E-2	0.000000E+0	3.779090E+5
1.560000E-2	0.000000E+0	3.784930E+5
1.562000E-2	0.000000E+0	3.771580E+5
1.564000E-2	0.000000E+0	3.763360E+5
1.566000E-2	0.000000E+0	3.757500E+5
1.568000E-2	0.000000E+0	3.751050E+5
1.570000E-2	0.000000E+0	3.747870E+5
1.572000E-2	0.000000E+0	3.735380E+5
1.574000E-2	0.000000E+0	3.731200E+5
1.576000E-2	0.000000E+0	3.730800E+5
1.578000E-2	0.000000E+0	3.704970E+5
1.580000E-2	0.000000E+0	3.722250E+5
1.582000E-2	0.000000E+0	3.727430E+5
1.584000E-2	0.000000E+0	3.739890E+5
1.586000E-2	0.000000E+0	3.751340E+5
1.588000E-2	0.000000E+0	3.769490E+5
1.590000E-2	0.000000E+0	3.776100E+5
1.592000E-2	0.000000E+0	3.784040E+5
1.594000E-2	0.000000E+0	3.787660E+5
1.596000E-2	0.000000E+0	3.800620E+5
1.598000E-2	0.000000E+0	3.814970E+5
1.600000E-2	0.000000E+0	3.827780E+5
1.602000E-2	0.000000E+0	3.815020E+5
1.604000E-2	0.000000E+0	3.812490E+5
1.606000E-2	0.000000E+0	3.812960E+5
1.608000E-2	0.000000E+0	3.817090E+5
1.610000E-2	0.000000E+0	3.824670E+5
1.612000E-2	0.000000E+0	3.823440E+5
1.614000E-2	0.000000E+0	3.821750E+5
1.616000E-2	0.000000E+0	3.830630E+5
1.618000E-2	0.000000E+0	3.818520E+5
1.620000E-2	0.000000E+0	3.819400E+5
1.622000E-2	0.000000E+0	3.818430E+5
1.624000E-2	0.000000E+0	3.818140E+5
1.626000E-2	0.000000E+0	3.818450E+5
1.628000E-2	0.000000E+0	3.834790E+5
1.630000E-2	0.000000E+0	3.819970E+5
1.632000E-2	0.000000E+0	3.828240E+5
1.634000E-2	0.000000E+0	3.826650E+5
1.636000E-2	0.000000E+0	3.830570E+5
1.638000E-2	0.000000E+0	3.824230E+5
1.640000E-2	0.000000E+0	3.822570E+5
1.642000E-2	0.000000E+0	3.820790E+5
1.644000E-2	0.000000E+0	3.817290E+5
1.646000E-2	0.000000E+0	3.823220E+5
1.648000E-2	0.000000E+0	3.811800E+5
1.650000E-2	0.000000E+0	3.821490E+5
1.652000E-2	0.000000E+0	3.830570E+5
1.654000E-2	0.000000E+0	3.819180E+5
1.656000E-2	0.000000E+0	3.818610E+5
1.658000E-2	0.000000E+0	3.823850E+5
1.660000E-2	0.000000E+0	3.824940E+5
1.662000E-2	0.000000E+0	3.818490E+5
1.664000E-2	0.000000E+0	3.823280E+5
1.666000E-2	0.000000E+0	3.823620E+5
1.668000E-2	0.000000E+0	3.814290E+5
1.670000E-2	0.000000E+0	3.818160E+5
1.672000E-2	0.000000E+0	3.824420E+5
1.674000E-2	0.000000E+0	3.816690E+5
1.676000E-2	0.000000E+0	3.812930E+5
1.678000E-2	0.000000E+0	3.809790E+5
1.680000E-2	0.000000E+0	3.822400E+5
1.682000E-2	0.000000E+0	3.816880E+5
1.684000E-2	0.000000E+0	3.825740E+5
1.686000E-2	0.000000E+0	3.831870E+5
1.688000E-2	0.000000E+0	3.824360E+5
1.690000E-2	0.000000E+0	3.819470E+5
1.692000E-2	0.000000E+0	3.823550E+5
1.694000E-2	0.000000E+0	3.820580E+5
1.696000E-2	0.000000E+0	3.810470E+5
1.698000E-2	0.000000E+0	3.813070E+5
1.700000E-2	0.000000E+0	3.823740E+5
1.702000E-2	0.000000E+0	3.825460E+5
1.704000E-2	0.000000E+0	3.822940E+5
1.706000E-2	0.000000E+0	3.836260E+5
1.708000E-2	0.000000E+0	3.821370E+5
1.710000E-2	0.000000E+0	3.826620E+5
1.712000E-2	0.000000E+0	3.820630E+5
1.714000E-2	0.000000E+0	3.818580E+5
1.716000E-2	0.000000E+0	3.825950E+5
1.718000E-2	0.000000E+0	3.821630E+5
1.720000E-2	0.000000E+0	3.827460E+5
1.722000E-2	0.000000E+0	3.830250E+5
1.724000E-2	0.000000E+0	3.820030E+5
1.726000E-2	0.000000E+0	3.816710E+5
1.728000E-2	0.000000E+0	3.820890E+5
1.730000E-2	0.000000E+0	3.818380E+5
1.732000E-2	0.000000E+0	3.814940E+5
1.734000E-2	0.000000E+0	3.821610E+5
1.736000E-2	0.000000E+0	3.833220E+5
1.738000E-2	0.000000E+0	3.832790E+5
1.740000E-2	0.000000E+0	3.826020E+5
1.742000E-2	0.000000E+0	3.810120E+5
1.744000E-2	0.000000E+0	3.823710E+5
1.746000E-2	0.000000E+0	3.825970E+5
1.748000E-2	0.000000E+0	3.821460E+5
1.750000E-2	0.000000E+0	3.824450E+5
1.752000E-2	0.000000E+0	3.828090E+5
1.754000E-2	0.000000E+0	3.815460E+5
1.756000E-2	0.000000E+0	3.816140E+5
1.758000E-2	0.000000E+0	3.829410E+5
1.760000E-2	0.000000E+0	3.820440E+5
1.762000E-2	0.000000E+0	3.827240E+5
1.764000E-2	0.000000E+0	3.831100E+5
1.766000E-2	0.000000E+0	3.823330E+5
1.768000E-2	0.000000E+0	3.826730E+5
1.770000E-2	0.000000E+0	3.824530E+5
1.772000E-2	0.000000E+0	3.835090E+5
1.774000E-2	0.000000E+0	3.823380E+5
1.776000E-2	0.000000E+0	3.815670E+5
1.778000E-2	0.000000E+0	3.826450E+5
1.780000E-2	0.000000E+0	3.816860E+5
1.782000E-2	0.000000E+0	3.821610E+5
1.784000E-2	0.000000E+0	3.816570E+5
1.786000E-2	0.000000E+0	3.821890E+5
1.788000E-2	0.000000E+0	3.819310E+5
1.790000E-2	0.000000E+0	3.826290E+5
1.792000E-2	0.000000E+0	3.818140E+5
1.794000E-2	0.000000E+0	3.824470E+5
1.796000E-2	0.000000E+0	3.830140E+5
1.798000E-2	0.000000E+0	3.831150E+5
1.800000E-2	0.000000E+0	3.814040E+5
1.802000E-2	0.000000E+0	3.819670E+5
1.804000E-2	0.000000E+0	3.813930E+5
1.806000E-2	0.000000E+0	3.820080E+5
1.808000E-2	0.000000E+0	3.820920E+5
1.810000E-2	0.000000E+0	3.826870E+5
1.812000E-2	0.000000E+0	3.827440E+5
1.814000E-2	0.000000E+0	3.831090E+5
1.816000E-2	0.000000E+0	3.832000E+5
1.818000E-2	0.000000E+0	3.820840E+5
1.820000E-2	0.000000E+0	3.833370E+5
1.822000E-2	0.000000E+0	3.817240E+5
1.824000E-2	0.000000E+0	3.821570E+5
1.826000E-2	0.000000E+0	3.827710E+5
1.828000E-2	0.000000E+0	3.821420E+5
1.830000E-2	0.000000E+0	3.815360E+5
1.832000E-2	0.000000E+0	3.823550E+5
1.834000E-2	0.000000E+0	3.817350E+5
1.836000E-2	0.000000E+0	3.830790E+5
1.838000E-2	0.000000E+0	3.821910E+5
1.840000E-2	0.000000E+0	3.818730E+5
1.842000E-2	0.000000E+0	3.818450E+5
1.844000E-2	0.000000E+0	3.817970E+5
1.846000E-2	0.000000E+0	3.811180E+5
1.848000E-2	0.000000E+0	3.831760E+5
1.850000E-2	0.000000E+0	3.827550E+5
1.852000E-2	0.000000E+0	3.829470E+5
1.854000E-2	0.000000E+0	3.839330E+5
1.856000E-2	0.000000E+0	3.816620E+5
1.858000E-2	0.000000E+0	3.821220E+5
1.860000E-2	0.000000E+0	3.824150E+5
1.862000E-2	0.000000E+0	3.820390E+5
1.864000E-2	0.000000E+0	3.814610E+5
1.866000E-2	0.000000E+0	3.824090E+5
1.868000E-2	0.000000E+0	3.815430E+5
1.870000E-2	0.000000E+0	3.824480E+5
1.872000E-2	0.000000E+0	3.829080E+5
1.874000E-2	0.000000E+0	3.807070E+5
1.876000E-2	0.000000E+0	3.819140E+5
1.878000E-2	0.000000E+0	3.819480E+5
1.880000E-2	0.000000E+0	3.818540E+5
1.882000E-2	0.000000E+0	3.819710E+5
1.884000E-2	0.000000E+0	3.825790E+5
1.886000E-2	0.000000E+0	3.825300E+5
1.888000E-2	0.000000E+0	3.813800E+5
1.890000E-2	0.000000E+0	3.817000E+5
1.892000E-2	0.000000E+0	3.830590E+5
1.894000E-2	0.000000E+0	3.823400E+5
1.896000E-2	0.000000E+0	3.823330E+5
1.898000E-2	0.000000E+0	3.825970E+5
1.900000E-2	0.000000E+0	3.814080E+5
1.902000E-2	0.000000E+0	3.818850E+5
1.904000E-2	0.000000E+0	3.827330E+5
1.906000E-2	0.000000E+0	3.824640E+5
1.908000E-2	0.000000E+0	3.823670E+5
1.910000E-2	0.000000E+0	3.811120E+5
1.912000E-2	0.000000E+0	3.816160E+5
1.914000E-2	0.000000E+0	3.820850E+5
1.916000E-2	0.000000E+0	3.811320E+5
1.918000E-2	0.000000E+0	3.815820E+5
1.920000E-2	0.000000E+0	3.827260E+5
1.922000E-2	0.000000E+0	3.821060E+5
1.924000E-2	0.000000E+0	3.819490E+5
1.926000E-2	0.000000E+0	3.831490E+5
1.928000E-2	0.000000E+0	3.830670E+5
1.930000E-2	0.000000E+0	3.820650E+5
1.932000E-2	0.000000E+0	3.817780E+5
1.934000E-2	0.000000E+0	3.825140E+5
1.936000E-2	0.000000E+0	3.817850E+5
1.938000E-2	0.000000E+0	3.825800E+5
1.940000E-2	0.000000E+0	3.813510E+5
1.942000E-2	0.000000E+0	3.837880E+5
1.944000E-2	0.000000E+0	3.829030E+5
1.946000E-2	0.000000E+0	3.815640E+5
1.948000E-2	0.000000E+0	3.826660E+5
1.950000E-2	0.000000E+0	3.822240E+5
1.952000E-2	0.000000E+0	3.831250E+5
1.954000E-2	0.000000E+0	3.824590E+5
1.956000E-2	0.000000E+0	3.828200E+5
1.958000E-2	0.000000E+0	3.823070E+5
1.960000E-2	0.000000E+0	3.826450E+5
1.962000E-2	0.000000E+0	3.816710E+5
1.964000E-2	0.000000E+0	3.828160E+5
1.966000E-2	0.000000E+0	3.827760E+5
1.968000E-2	0.000000E+0	3.822800E+5
1.970000E-2	0.000000E+0	3.821370E+5
1.972000E-2	0.000000E+0	3.824380E+5
1.974000E-2	0.000000E+0	3.824490E+5
1.976000E-2	0.000000E+0	3.812380E+5
1.978000E-2	0.000000E+0	3.820420E+5
1.980000E-2	0.000000E+0	3.828150E+5
1.982000E-2	0.000000E+0	3.820270E+5
1.984000E-2	0.000000E+0	3.826130E+5
1.986000E-2	0.000000E+0	3.816820E+5
1.988000E-2	0.000000E+0	3.811270E+5
1.990000E-2	0.000000E+0	3.824630E+5
1.992000E-2	0.000000E+0	3.816420E+5
1.994000E-2	0.000000E+0	3.833630E+5
1.996000E-2	0.000000E+0	3.812680E+5
1.998000E-2	0.000000E+0	3.825520E+5
