

live time:  69610.680000
real time:  97206.530000
sweeps:  3480534.000000
0.000000E+0	0.000000E+0	0.000000E+0
2.000000E-5	0.000000E+0	1.527640E+5
4.000000E-5	0.000000E+0	1.534430E+5
6.000000E-5	0.000000E+0	1.528210E+5
8.000000E-5	0.000000E+0	1.533050E+5
1.000000E-4	0.000000E+0	1.527540E+5
1.200000E-4	0.000000E+0	1.527200E+5
1.400000E-4	0.000000E+0	1.526880E+5
1.600000E-4	0.000000E+0	1.532670E+5
1.800000E-4	0.000000E+0	1.532070E+5
2.000000E-4	0.000000E+0	1.530130E+5
2.200000E-4	0.000000E+0	1.526220E+5
2.400000E-4	0.000000E+0	1.523710E+5
2.600000E-4	0.000000E+0	1.523920E+5
2.800000E-4	0.000000E+0	1.530210E+5
3.000000E-4	0.000000E+0	1.532970E+5
3.200000E-4	0.000000E+0	1.533700E+5
3.400000E-4	0.000000E+0	1.528390E+5
3.600000E-4	0.000000E+0	1.526610E+5
3.800000E-4	0.000000E+0	1.521130E+5
4.000000E-4	0.000000E+0	1.528050E+5
4.200000E-4	0.000000E+0	1.533630E+5
4.400000E-4	0.000000E+0	1.523930E+5
4.600000E-4	0.000000E+0	1.534570E+5
4.800000E-4	0.000000E+0	1.524750E+5
5.000000E-4	0.000000E+0	1.529340E+5
5.200000E-4	0.000000E+0	1.530020E+5
5.400000E-4	0.000000E+0	1.527330E+5
5.600000E-4	0.000000E+0	1.521340E+5
5.800000E-4	0.000000E+0	1.528760E+5
6.000000E-4	0.000000E+0	1.530740E+5
6.200000E-4	0.000000E+0	1.523660E+5
6.400000E-4	0.000000E+0	1.533910E+5
6.600000E-4	0.000000E+0	1.525790E+5
6.800000E-4	0.000000E+0	1.528080E+5
7.000000E-4	0.000000E+0	1.528010E+5
7.200000E-4	0.000000E+0	1.533090E+5
7.400000E-4	0.000000E+0	1.527340E+5
7.600000E-4	0.000000E+0	1.527690E+5
7.800000E-4	0.000000E+0	1.523140E+5
8.000000E-4	0.000000E+0	1.528580E+5
8.200000E-4	0.000000E+0	1.533130E+5
8.400000E-4	0.000000E+0	1.528400E+5
8.600000E-4	0.000000E+0	1.528010E+5
8.800000E-4	0.000000E+0	1.521830E+5
9.000000E-4	0.000000E+0	1.531860E+5
9.200000E-4	0.000000E+0	1.524490E+5
9.400000E-4	0.000000E+0	1.528350E+5
9.600000E-4	0.000000E+0	1.523840E+5
9.800000E-4	0.000000E+0	1.533920E+5
1.000000E-3	0.000000E+0	1.529500E+5
1.020000E-3	0.000000E+0	1.527120E+5
1.040000E-3	0.000000E+0	1.527130E+5
1.060000E-3	0.000000E+0	1.522840E+5
1.080000E-3	0.000000E+0	1.527900E+5
1.100000E-3	0.000000E+0	1.526910E+5
1.120000E-3	0.000000E+0	1.528650E+5
1.140000E-3	0.000000E+0	1.527480E+5
1.160000E-3	0.000000E+0	1.520560E+5
1.180000E-3	0.000000E+0	1.527800E+5
1.200000E-3	0.000000E+0	1.529240E+5
1.220000E-3	0.000000E+0	1.534370E+5
1.240000E-3	0.000000E+0	1.528590E+5
1.260000E-3	0.000000E+0	1.523520E+5
1.280000E-3	0.000000E+0	1.535250E+5
1.300000E-3	0.000000E+0	1.521190E+5
1.320000E-3	0.000000E+0	1.531940E+5
1.340000E-3	0.000000E+0	1.524080E+5
1.360000E-3	0.000000E+0	1.522660E+5
1.380000E-3	0.000000E+0	1.531270E+5
1.400000E-3	0.000000E+0	1.527920E+5
1.420000E-3	0.000000E+0	1.532170E+5
1.440000E-3	0.000000E+0	1.522680E+5
1.460000E-3	0.000000E+0	1.519010E+5
1.480000E-3	0.000000E+0	1.529010E+5
1.500000E-3	0.000000E+0	1.532080E+5
1.520000E-3	0.000000E+0	1.529860E+5
1.540000E-3	0.000000E+0	1.533050E+5
1.560000E-3	0.000000E+0	1.521810E+5
1.580000E-3	0.000000E+0	1.526020E+5
1.600000E-3	0.000000E+0	1.526580E+5
1.620000E-3	0.000000E+0	1.523730E+5
1.640000E-3	0.000000E+0	1.522720E+5
1.660000E-3	0.000000E+0	1.537750E+5
1.680000E-3	0.000000E+0	1.525690E+5
1.700000E-3	0.000000E+0	1.527770E+5
1.720000E-3	0.000000E+0	1.534720E+5
1.740000E-3	0.000000E+0	1.535340E+5
1.760000E-3	0.000000E+0	1.536170E+5
1.780000E-3	0.000000E+0	1.535440E+5
1.800000E-3	0.000000E+0	1.535840E+5
1.820000E-3	0.000000E+0	1.522320E+5
1.840000E-3	0.000000E+0	1.528840E+5
1.860000E-3	0.000000E+0	1.530770E+5
1.880000E-3	0.000000E+0	1.531130E+5
1.900000E-3	0.000000E+0	1.527900E+5
1.920000E-3	0.000000E+0	1.528980E+5
1.940000E-3	0.000000E+0	1.524750E+5
1.960000E-3	0.000000E+0	1.532120E+5
1.980000E-3	0.000000E+0	1.535390E+5
2.000000E-3	0.000000E+0	1.528700E+5
2.020000E-3	0.000000E+0	1.528990E+5
2.040000E-3	0.000000E+0	1.527530E+5
2.060000E-3	0.000000E+0	1.532080E+5
2.080000E-3	0.000000E+0	1.528460E+5
2.100000E-3	0.000000E+0	1.537800E+5
2.120000E-3	0.000000E+0	1.527950E+5
2.140000E-3	0.000000E+0	1.528170E+5
2.160000E-3	0.000000E+0	1.526610E+5
2.180000E-3	0.000000E+0	1.533560E+5
2.200000E-3	0.000000E+0	1.534610E+5
2.220000E-3	0.000000E+0	1.529020E+5
2.240000E-3	0.000000E+0	1.532410E+5
2.260000E-3	0.000000E+0	1.532520E+5
2.280000E-3	0.000000E+0	1.527220E+5
2.300000E-3	0.000000E+0	1.530840E+5
2.320000E-3	0.000000E+0	1.526160E+5
2.340000E-3	0.000000E+0	1.530520E+5
2.360000E-3	0.000000E+0	1.528540E+5
2.380000E-3	0.000000E+0	1.531700E+5
2.400000E-3	0.000000E+0	1.525680E+5
2.420000E-3	0.000000E+0	1.527280E+5
2.440000E-3	0.000000E+0	1.518470E+5
2.460000E-3	0.000000E+0	1.524910E+5
2.480000E-3	0.000000E+0	1.535130E+5
2.500000E-3	0.000000E+0	1.532750E+5
2.520000E-3	0.000000E+0	1.528980E+5
2.540000E-3	0.000000E+0	1.527720E+5
2.560000E-3	0.000000E+0	1.527940E+5
2.580000E-3	0.000000E+0	1.523260E+5
2.600000E-3	0.000000E+0	1.533840E+5
2.620000E-3	0.000000E+0	1.526840E+5
2.640000E-3	0.000000E+0	1.527250E+5
2.660000E-3	0.000000E+0	1.531940E+5
2.680000E-3	0.000000E+0	1.527360E+5
2.700000E-3	0.000000E+0	1.531540E+5
2.720000E-3	0.000000E+0	1.530620E+5
2.740000E-3	0.000000E+0	1.536130E+5
2.760000E-3	0.000000E+0	1.531560E+5
2.780000E-3	0.000000E+0	1.528660E+5
2.800000E-3	0.000000E+0	1.523860E+5
2.820000E-3	0.000000E+0	1.531030E+5
2.840000E-3	0.000000E+0	1.526650E+5
2.860000E-3	0.000000E+0	1.533520E+5
2.880000E-3	0.000000E+0	1.532350E+5
2.900000E-3	0.000000E+0	1.531970E+5
2.920000E-3	0.000000E+0	1.527000E+5
2.940000E-3	0.000000E+0	1.529930E+5
2.960000E-3	0.000000E+0	1.533620E+5
2.980000E-3	0.000000E+0	1.525720E+5
3.000000E-3	0.000000E+0	1.529310E+5
3.020000E-3	0.000000E+0	1.529150E+5
3.040000E-3	0.000000E+0	1.529780E+5
3.060000E-3	0.000000E+0	1.537520E+5
3.080000E-3	0.000000E+0	1.534160E+5
3.100000E-3	0.000000E+0	1.522960E+5
3.120000E-3	0.000000E+0	1.527580E+5
3.140000E-3	0.000000E+0	1.532000E+5
3.160000E-3	0.000000E+0	1.530760E+5
3.180000E-3	0.000000E+0	1.534200E+5
3.200000E-3	0.000000E+0	1.530750E+5
3.220000E-3	0.000000E+0	1.530410E+5
3.240000E-3	0.000000E+0	1.524390E+5
3.260000E-3	0.000000E+0	1.532230E+5
3.280000E-3	0.000000E+0	1.525610E+5
3.300000E-3	0.000000E+0	1.524340E+5
3.320000E-3	0.000000E+0	1.530250E+5
3.340000E-3	0.000000E+0	1.528220E+5
3.360000E-3	0.000000E+0	1.529100E+5
3.380000E-3	0.000000E+0	1.523930E+5
3.400000E-3	0.000000E+0	1.530430E+5
3.420000E-3	0.000000E+0	1.528900E+5
3.440000E-3	0.000000E+0	1.523220E+5
3.460000E-3	0.000000E+0	1.533800E+5
3.480000E-3	0.000000E+0	1.527090E+5
3.500000E-3	0.000000E+0	1.535230E+5
3.520000E-3	0.000000E+0	1.528640E+5
3.540000E-3	0.000000E+0	1.524390E+5
3.560000E-3	0.000000E+0	1.523640E+5
3.580000E-3	0.000000E+0	1.528050E+5
3.600000E-3	0.000000E+0	1.529080E+5
3.620000E-3	0.000000E+0	1.515840E+5
3.640000E-3	0.000000E+0	1.529990E+5
3.660000E-3	0.000000E+0	1.529120E+5
3.680000E-3	0.000000E+0	1.526260E+5
3.700000E-3	0.000000E+0	1.526010E+5
3.720000E-3	0.000000E+0	1.530790E+5
3.740000E-3	0.000000E+0	1.529960E+5
3.760000E-3	0.000000E+0	1.529940E+5
3.780000E-3	0.000000E+0	1.528260E+5
3.800000E-3	0.000000E+0	1.526030E+5
3.820000E-3	0.000000E+0	1.522300E+5
3.840000E-3	0.000000E+0	1.529990E+5
3.860000E-3	0.000000E+0	1.524300E+5
3.880000E-3	0.000000E+0	1.526760E+5
3.900000E-3	0.000000E+0	1.530140E+5
3.920000E-3	0.000000E+0	1.538460E+5
3.940000E-3	0.000000E+0	1.536900E+5
3.960000E-3	0.000000E+0	1.528760E+5
3.980000E-3	0.000000E+0	1.527050E+5
4.000000E-3	0.000000E+0	1.533000E+5
4.020000E-3	0.000000E+0	1.526860E+5
4.040000E-3	0.000000E+0	1.524760E+5
4.060000E-3	0.000000E+0	1.530970E+5
4.080000E-3	0.000000E+0	1.530210E+5
4.100000E-3	0.000000E+0	1.528490E+5
4.120000E-3	0.000000E+0	1.529070E+5
4.140000E-3	0.000000E+0	1.530300E+5
4.160000E-3	0.000000E+0	1.531700E+5
4.180000E-3	0.000000E+0	1.521880E+5
4.200000E-3	0.000000E+0	1.522220E+5
4.220000E-3	0.000000E+0	1.520720E+5
4.240000E-3	0.000000E+0	1.530600E+5
4.260000E-3	0.000000E+0	1.525610E+5
4.280000E-3	0.000000E+0	1.528630E+5
4.300000E-3	0.000000E+0	1.530270E+5
4.320000E-3	0.000000E+0	1.525660E+5
4.340000E-3	0.000000E+0	1.528040E+5
4.360000E-3	0.000000E+0	1.530520E+5
4.380000E-3	0.000000E+0	1.521790E+5
4.400000E-3	0.000000E+0	1.534920E+5
4.420000E-3	0.000000E+0	1.530400E+5
4.440000E-3	0.000000E+0	1.523370E+5
4.460000E-3	0.000000E+0	1.525650E+5
4.480000E-3	0.000000E+0	1.520790E+5
4.500000E-3	0.000000E+0	1.521370E+5
4.520000E-3	0.000000E+0	1.525900E+5
4.540000E-3	0.000000E+0	1.530700E+5
4.560000E-3	0.000000E+0	1.523140E+5
4.580000E-3	0.000000E+0	1.527510E+5
4.600000E-3	0.000000E+0	1.522780E+5
4.620000E-3	0.000000E+0	1.524330E+5
4.640000E-3	0.000000E+0	1.525990E+5
4.660000E-3	0.000000E+0	1.526440E+5
4.680000E-3	0.000000E+0	1.530320E+5
4.700000E-3	0.000000E+0	1.527990E+5
4.720000E-3	0.000000E+0	1.530420E+5
4.740000E-3	0.000000E+0	1.515150E+5
4.760000E-3	0.000000E+0	1.532470E+5
4.780000E-3	0.000000E+0	1.524890E+5
4.800000E-3	0.000000E+0	1.527150E+5
4.820000E-3	0.000000E+0	1.523600E+5
4.840000E-3	0.000000E+0	1.530490E+5
4.860000E-3	0.000000E+0	1.527800E+5
4.880000E-3	0.000000E+0	1.520350E+5
4.900000E-3	0.000000E+0	1.520720E+5
4.920000E-3	0.000000E+0	1.512580E+5
4.940000E-3	0.000000E+0	1.510610E+5
4.960000E-3	0.000000E+0	1.508220E+5
4.980000E-3	0.000000E+0	1.507530E+5
5.000000E-3	0.000000E+0	1.502090E+5
5.020000E-3	0.000000E+0	1.506090E+5
5.040000E-3	0.000000E+0	1.495060E+5
5.060000E-3	0.000000E+0	1.487210E+5
5.080000E-3	0.000000E+0	1.483470E+5
5.100000E-3	0.000000E+0	1.479610E+5
5.120000E-3	0.000000E+0	1.482800E+5
5.140000E-3	0.000000E+0	1.485610E+5
5.160000E-3	0.000000E+0	1.486830E+5
5.180000E-3	0.000000E+0	1.492430E+5
5.200000E-3	0.000000E+0	1.497950E+5
5.220000E-3	0.000000E+0	1.508030E+5
5.240000E-3	0.000000E+0	1.509160E+5
5.260000E-3	0.000000E+0	1.516460E+5
5.280000E-3	0.000000E+0	1.509220E+5
5.300000E-3	0.000000E+0	1.515510E+5
5.320000E-3	0.000000E+0	1.517010E+5
5.340000E-3	0.000000E+0	1.524630E+5
5.360000E-3	0.000000E+0	1.525440E+5
5.380000E-3	0.000000E+0	1.527070E+5
5.400000E-3	0.000000E+0	1.529910E+5
5.420000E-3	0.000000E+0	1.527450E+5
5.440000E-3	0.000000E+0	1.516140E+5
5.460000E-3	0.000000E+0	1.519530E+5
5.480000E-3	0.000000E+0	1.523130E+5
5.500000E-3	0.000000E+0	1.522170E+5
5.520000E-3	0.000000E+0	1.519810E+5
5.540000E-3	0.000000E+0	1.524960E+5
5.560000E-3	0.000000E+0	1.519320E+5
5.580000E-3	0.000000E+0	1.517340E+5
5.600000E-3	0.000000E+0	1.503600E+5
5.620000E-3	0.000000E+0	1.498720E+5
5.640000E-3	0.000000E+0	1.500320E+5
5.660000E-3	0.000000E+0	1.504830E+5
5.680000E-3	0.000000E+0	1.507700E+5
5.700000E-3	0.000000E+0	1.498510E+5
5.720000E-3	0.000000E+0	1.490410E+5
5.740000E-3	0.000000E+0	1.482820E+5
5.760000E-3	0.000000E+0	1.481360E+5
5.780000E-3	0.000000E+0	1.491250E+5
5.800000E-3	0.000000E+0	1.488610E+5
5.820000E-3	0.000000E+0	1.498940E+5
5.840000E-3	0.000000E+0	1.499420E+5
5.860000E-3	0.000000E+0	1.502620E+5
5.880000E-3	0.000000E+0	1.510820E+5
5.900000E-3	0.000000E+0	1.516160E+5
5.920000E-3	0.000000E+0	1.519540E+5
5.940000E-3	0.000000E+0	1.512730E+5
5.960000E-3	0.000000E+0	1.521290E+5
5.980000E-3	0.000000E+0	1.525640E+5
6.000000E-3	0.000000E+0	1.523290E+5
6.020000E-3	0.000000E+0	1.529540E+5
6.040000E-3	0.000000E+0	1.529870E+5
6.060000E-3	0.000000E+0	1.525470E+5
6.080000E-3	0.000000E+0	1.525810E+5
6.100000E-3	0.000000E+0	1.523510E+5
6.120000E-3	0.000000E+0	1.526010E+5
6.140000E-3	0.000000E+0	1.522780E+5
6.160000E-3	0.000000E+0	1.526380E+5
6.180000E-3	0.000000E+0	1.527430E+5
6.200000E-3	0.000000E+0	1.527800E+5
6.220000E-3	0.000000E+0	1.527740E+5
6.240000E-3	0.000000E+0	1.521150E+5
6.260000E-3	0.000000E+0	1.527940E+5
6.280000E-3	0.000000E+0	1.533140E+5
6.300000E-3	0.000000E+0	1.524450E+5
6.320000E-3	0.000000E+0	1.528890E+5
6.340000E-3	0.000000E+0	1.530010E+5
6.360000E-3	0.000000E+0	1.518700E+5
6.380000E-3	0.000000E+0	1.528460E+5
6.400000E-3	0.000000E+0	1.523540E+5
6.420000E-3	0.000000E+0	1.528280E+5
6.440000E-3	0.000000E+0	1.533880E+5
6.460000E-3	0.000000E+0	1.530160E+5
6.480000E-3	0.000000E+0	1.526690E+5
6.500000E-3	0.000000E+0	1.523310E+5
6.520000E-3	0.000000E+0	1.531020E+5
6.540000E-3	0.000000E+0	1.525020E+5
6.560000E-3	0.000000E+0	1.531910E+5
6.580000E-3	0.000000E+0	1.528450E+5
6.600000E-3	0.000000E+0	1.535770E+5
6.620000E-3	0.000000E+0	1.526620E+5
6.640000E-3	0.000000E+0	1.523770E+5
6.660000E-3	0.000000E+0	1.523410E+5
6.680000E-3	0.000000E+0	1.532000E+5
6.700000E-3	0.000000E+0	1.525850E+5
6.720000E-3	0.000000E+0	1.527370E+5
6.740000E-3	0.000000E+0	1.531340E+5
6.760000E-3	0.000000E+0	1.534510E+5
6.780000E-3	0.000000E+0	1.522620E+5
6.800000E-3	0.000000E+0	1.531750E+5
6.820000E-3	0.000000E+0	1.525770E+5
6.840000E-3	0.000000E+0	1.528290E+5
6.860000E-3	0.000000E+0	1.528090E+5
6.880000E-3	0.000000E+0	1.530840E+5
6.900000E-3	0.000000E+0	1.525050E+5
6.920000E-3	0.000000E+0	1.528980E+5
6.940000E-3	0.000000E+0	1.525920E+5
6.960000E-3	0.000000E+0	1.526720E+5
6.980000E-3	0.000000E+0	1.528210E+5
7.000000E-3	0.000000E+0	1.526760E+5
7.020000E-3	0.000000E+0	1.522040E+5
7.040000E-3	0.000000E+0	1.523540E+5
7.060000E-3	0.000000E+0	1.525940E+5
7.080000E-3	0.000000E+0	1.529290E+5
7.100000E-3	0.000000E+0	1.531360E+5
7.120000E-3	0.000000E+0	1.528750E+5
7.140000E-3	0.000000E+0	1.530870E+5
7.160000E-3	0.000000E+0	1.529870E+5
7.180000E-3	0.000000E+0	1.523700E+5
7.200000E-3	0.000000E+0	1.526790E+5
7.220000E-3	0.000000E+0	1.529260E+5
7.240000E-3	0.000000E+0	1.526690E+5
7.260000E-3	0.000000E+0	1.523160E+5
7.280000E-3	0.000000E+0	1.524240E+5
7.300000E-3	0.000000E+0	1.528250E+5
7.320000E-3	0.000000E+0	1.537090E+5
7.340000E-3	0.000000E+0	1.530680E+5
7.360000E-3	0.000000E+0	1.527100E+5
7.380000E-3	0.000000E+0	1.528790E+5
7.400000E-3	0.000000E+0	1.527420E+5
7.420000E-3	0.000000E+0	1.524370E+5
7.440000E-3	0.000000E+0	1.528990E+5
7.460000E-3	0.000000E+0	1.531550E+5
7.480000E-3	0.000000E+0	1.526120E+5
7.500000E-3	0.000000E+0	1.533410E+5
7.520000E-3	0.000000E+0	1.530670E+5
7.540000E-3	0.000000E+0	1.532960E+5
7.560000E-3	0.000000E+0	1.532440E+5
7.580000E-3	0.000000E+0	1.528480E+5
7.600000E-3	0.000000E+0	1.526000E+5
7.620000E-3	0.000000E+0	1.529640E+5
7.640000E-3	0.000000E+0	1.539720E+5
7.660000E-3	0.000000E+0	1.526050E+5
7.680000E-3	0.000000E+0	1.529510E+5
7.700000E-3	0.000000E+0	1.522960E+5
7.720000E-3	0.000000E+0	1.530570E+5
7.740000E-3	0.000000E+0	1.528320E+5
7.760000E-3	0.000000E+0	1.520430E+5
7.780000E-3	0.000000E+0	1.535240E+5
7.800000E-3	0.000000E+0	1.528730E+5
7.820000E-3	0.000000E+0	1.526170E+5
7.840000E-3	0.000000E+0	1.533950E+5
7.860000E-3	0.000000E+0	1.529670E+5
7.880000E-3	0.000000E+0	1.532440E+5
7.900000E-3	0.000000E+0	1.529440E+5
7.920000E-3	0.000000E+0	1.521920E+5
7.940000E-3	0.000000E+0	1.530660E+5
7.960000E-3	0.000000E+0	1.531210E+5
7.980000E-3	0.000000E+0	1.530530E+5
8.000000E-3	0.000000E+0	1.531840E+5
8.020000E-3	0.000000E+0	1.535160E+5
8.040000E-3	0.000000E+0	1.522640E+5
8.060000E-3	0.000000E+0	1.530160E+5
8.080000E-3	0.000000E+0	1.527960E+5
8.100000E-3	0.000000E+0	1.526620E+5
8.120000E-3	0.000000E+0	1.534280E+5
8.140000E-3	0.000000E+0	1.524850E+5
8.160000E-3	0.000000E+0	1.534020E+5
8.180000E-3	0.000000E+0	1.526930E+5
8.200000E-3	0.000000E+0	1.527430E+5
8.220000E-3	0.000000E+0	1.522810E+5
8.240000E-3	0.000000E+0	1.527020E+5
8.260000E-3	0.000000E+0	1.538210E+5
8.280000E-3	0.000000E+0	1.525440E+5
8.300000E-3	0.000000E+0	1.532100E+5
8.320000E-3	0.000000E+0	1.526330E+5
8.340000E-3	0.000000E+0	1.528910E+5
8.360000E-3	0.000000E+0	1.524800E+5
8.380000E-3	0.000000E+0	1.521410E+5
8.400000E-3	0.000000E+0	1.526890E+5
8.420000E-3	0.000000E+0	1.529340E+5
8.440000E-3	0.000000E+0	1.534260E+5
8.460000E-3	0.000000E+0	1.529270E+5
8.480000E-3	0.000000E+0	1.535410E+5
8.500000E-3	0.000000E+0	1.518500E+5
8.520000E-3	0.000000E+0	1.528710E+5
8.540000E-3	0.000000E+0	1.529810E+5
8.560000E-3	0.000000E+0	1.526520E+5
8.580000E-3	0.000000E+0	1.537800E+5
8.600000E-3	0.000000E+0	1.523740E+5
8.620000E-3	0.000000E+0	1.532780E+5
8.640000E-3	0.000000E+0	1.530370E+5
8.660000E-3	0.000000E+0	1.528160E+5
8.680000E-3	0.000000E+0	1.532900E+5
8.700000E-3	0.000000E+0	1.525110E+5
8.720000E-3	0.000000E+0	1.530610E+5
8.740000E-3	0.000000E+0	1.524320E+5
8.760000E-3	0.000000E+0	1.532840E+5
8.780000E-3	0.000000E+0	1.532680E+5
8.800000E-3	0.000000E+0	1.531200E+5
8.820000E-3	0.000000E+0	1.531850E+5
8.840000E-3	0.000000E+0	1.526980E+5
8.860000E-3	0.000000E+0	1.533890E+5
8.880000E-3	0.000000E+0	1.526420E+5
8.900000E-3	0.000000E+0	1.531650E+5
8.920000E-3	0.000000E+0	1.521510E+5
8.940000E-3	0.000000E+0	1.523720E+5
8.960000E-3	0.000000E+0	1.538380E+5
8.980000E-3	0.000000E+0	1.524420E+5
9.000000E-3	0.000000E+0	1.523050E+5
9.020000E-3	0.000000E+0	1.527910E+5
9.040000E-3	0.000000E+0	1.530580E+5
9.060000E-3	0.000000E+0	1.538720E+5
9.080000E-3	0.000000E+0	1.531480E+5
9.100000E-3	0.000000E+0	1.534070E+5
9.120000E-3	0.000000E+0	1.528370E+5
9.140000E-3	0.000000E+0	1.529790E+5
9.160000E-3	0.000000E+0	1.532480E+5
9.180000E-3	0.000000E+0	1.528810E+5
9.200000E-3	0.000000E+0	1.532120E+5
9.220000E-3	0.000000E+0	1.529120E+5
9.240000E-3	0.000000E+0	1.531160E+5
9.260000E-3	0.000000E+0	1.532730E+5
9.280000E-3	0.000000E+0	1.533620E+5
9.300000E-3	0.000000E+0	1.532380E+5
9.320000E-3	0.000000E+0	1.527550E+5
9.340000E-3	0.000000E+0	1.529600E+5
9.360000E-3	0.000000E+0	1.522770E+5
9.380000E-3	0.000000E+0	1.531100E+5
9.400000E-3	0.000000E+0	1.532790E+5
9.420000E-3	0.000000E+0	1.534840E+5
9.440000E-3	0.000000E+0	1.528740E+5
9.460000E-3	0.000000E+0	1.534910E+5
9.480000E-3	0.000000E+0	1.524540E+5
9.500000E-3	0.000000E+0	1.525830E+5
9.520000E-3	0.000000E+0	1.534500E+5
9.540000E-3	0.000000E+0	1.521840E+5
9.560000E-3	0.000000E+0	1.528700E+5
9.580000E-3	0.000000E+0	1.531520E+5
9.600000E-3	0.000000E+0	1.532300E+5
9.620000E-3	0.000000E+0	1.519970E+5
9.640000E-3	0.000000E+0	1.530490E+5
9.660000E-3	0.000000E+0	1.533140E+5
9.680000E-3	0.000000E+0	1.522840E+5
9.700000E-3	0.000000E+0	1.534130E+5
9.720000E-3	0.000000E+0	1.525210E+5
9.740000E-3	0.000000E+0	1.528630E+5
9.760000E-3	0.000000E+0	1.520240E+5
9.780000E-3	0.000000E+0	1.528920E+5
9.800000E-3	0.000000E+0	1.528840E+5
9.820000E-3	0.000000E+0	1.530790E+5
9.840000E-3	0.000000E+0	1.528090E+5
9.860000E-3	0.000000E+0	1.529000E+5
9.880000E-3	0.000000E+0	1.535570E+5
9.900000E-3	0.000000E+0	1.530230E+5
9.920000E-3	0.000000E+0	1.522420E+5
9.940000E-3	0.000000E+0	1.522550E+5
9.960000E-3	0.000000E+0	1.527010E+5
9.980000E-3	0.000000E+0	1.535570E+5
1.000000E-2	0.000000E+0	1.523480E+5
1.002000E-2	0.000000E+0	1.527000E+5
1.004000E-2	0.000000E+0	1.530070E+5
1.006000E-2	0.000000E+0	1.532430E+5
1.008000E-2	0.000000E+0	1.526580E+5
1.010000E-2	0.000000E+0	1.528640E+5
1.012000E-2	0.000000E+0	1.528780E+5
1.014000E-2	0.000000E+0	1.535460E+5
1.016000E-2	0.000000E+0	1.530310E+5
1.018000E-2	0.000000E+0	1.536140E+5
1.020000E-2	0.000000E+0	1.528250E+5
1.022000E-2	0.000000E+0	1.533020E+5
1.024000E-2	0.000000E+0	1.527710E+5
1.026000E-2	0.000000E+0	1.539990E+5
1.028000E-2	0.000000E+0	1.527630E+5
1.030000E-2	0.000000E+0	1.530670E+5
1.032000E-2	0.000000E+0	1.530790E+5
1.034000E-2	0.000000E+0	1.531180E+5
1.036000E-2	0.000000E+0	1.527230E+5
1.038000E-2	0.000000E+0	1.533020E+5
1.040000E-2	0.000000E+0	1.531970E+5
1.042000E-2	0.000000E+0	1.532330E+5
1.044000E-2	0.000000E+0	1.528170E+5
1.046000E-2	0.000000E+0	1.529520E+5
1.048000E-2	0.000000E+0	1.532810E+5
1.050000E-2	0.000000E+0	1.524060E+5
1.052000E-2	0.000000E+0	1.533290E+5
1.054000E-2	0.000000E+0	1.537250E+5
1.056000E-2	0.000000E+0	1.531250E+5
1.058000E-2	0.000000E+0	1.529440E+5
1.060000E-2	0.000000E+0	1.526030E+5
1.062000E-2	0.000000E+0	1.524570E+5
1.064000E-2	0.000000E+0	1.534030E+5
1.066000E-2	0.000000E+0	1.531160E+5
1.068000E-2	0.000000E+0	1.533960E+5
1.070000E-2	0.000000E+0	1.529350E+5
1.072000E-2	0.000000E+0	1.529350E+5
1.074000E-2	0.000000E+0	1.534420E+5
1.076000E-2	0.000000E+0	1.536830E+5
1.078000E-2	0.000000E+0	1.534530E+5
1.080000E-2	0.000000E+0	1.528990E+5
1.082000E-2	0.000000E+0	1.535840E+5
1.084000E-2	0.000000E+0	1.527030E+5
1.086000E-2	0.000000E+0	1.527880E+5
1.088000E-2	0.000000E+0	1.528440E+5
1.090000E-2	0.000000E+0	1.527270E+5
1.092000E-2	0.000000E+0	1.530380E+5
1.094000E-2	0.000000E+0	1.527500E+5
1.096000E-2	0.000000E+0	1.530070E+5
1.098000E-2	0.000000E+0	1.528970E+5
1.100000E-2	0.000000E+0	1.534640E+5
1.102000E-2	0.000000E+0	1.528640E+5
1.104000E-2	0.000000E+0	1.534770E+5
1.106000E-2	0.000000E+0	1.530230E+5
1.108000E-2	0.000000E+0	1.527410E+5
1.110000E-2	0.000000E+0	1.529800E+5
1.112000E-2	0.000000E+0	1.533100E+5
1.114000E-2	0.000000E+0	1.533660E+5
1.116000E-2	0.000000E+0	1.520550E+5
1.118000E-2	0.000000E+0	1.532700E+5
1.120000E-2	0.000000E+0	1.531650E+5
1.122000E-2	0.000000E+0	1.538210E+5
1.124000E-2	0.000000E+0	1.531610E+5
1.126000E-2	0.000000E+0	1.523020E+5
1.128000E-2	0.000000E+0	1.524800E+5
1.130000E-2	0.000000E+0	1.524330E+5
1.132000E-2	0.000000E+0	1.533650E+5
1.134000E-2	0.000000E+0	1.528140E+5
1.136000E-2	0.000000E+0	1.538230E+5
1.138000E-2	0.000000E+0	1.527670E+5
1.140000E-2	0.000000E+0	1.537440E+5
1.142000E-2	0.000000E+0	1.526660E+5
1.144000E-2	0.000000E+0	1.526360E+5
1.146000E-2	0.000000E+0	1.530080E+5
1.148000E-2	0.000000E+0	1.532870E+5
1.150000E-2	0.000000E+0	1.534750E+5
1.152000E-2	0.000000E+0	1.528640E+5
1.154000E-2	0.000000E+0	1.528920E+5
1.156000E-2	0.000000E+0	1.533700E+5
1.158000E-2	0.000000E+0	1.526190E+5
1.160000E-2	0.000000E+0	1.530370E+5
1.162000E-2	0.000000E+0	1.530450E+5
1.164000E-2	0.000000E+0	1.536930E+5
1.166000E-2	0.000000E+0	1.536290E+5
1.168000E-2	0.000000E+0	1.535680E+5
1.170000E-2	0.000000E+0	1.535650E+5
1.172000E-2	0.000000E+0	1.526540E+5
1.174000E-2	0.000000E+0	1.529860E+5
1.176000E-2	0.000000E+0	1.531460E+5
1.178000E-2	0.000000E+0	1.523230E+5
1.180000E-2	0.000000E+0	1.533580E+5
1.182000E-2	0.000000E+0	1.525220E+5
1.184000E-2	0.000000E+0	1.524960E+5
1.186000E-2	0.000000E+0	1.531530E+5
1.188000E-2	0.000000E+0	1.525950E+5
1.190000E-2	0.000000E+0	1.523280E+5
1.192000E-2	0.000000E+0	1.526910E+5
1.194000E-2	0.000000E+0	1.534680E+5
1.196000E-2	0.000000E+0	1.528490E+5
1.198000E-2	0.000000E+0	1.524510E+5
1.200000E-2	0.000000E+0	1.531520E+5
1.202000E-2	0.000000E+0	1.533010E+5
1.204000E-2	0.000000E+0	1.531690E+5
1.206000E-2	0.000000E+0	1.528060E+5
1.208000E-2	0.000000E+0	1.535520E+5
1.210000E-2	0.000000E+0	1.527040E+5
1.212000E-2	0.000000E+0	1.529370E+5
1.214000E-2	0.000000E+0	1.523290E+5
1.216000E-2	0.000000E+0	1.522200E+5
1.218000E-2	0.000000E+0	1.535540E+5
1.220000E-2	0.000000E+0	1.521900E+5
1.222000E-2	0.000000E+0	1.525270E+5
1.224000E-2	0.000000E+0	1.530570E+5
1.226000E-2	0.000000E+0	1.531370E+5
1.228000E-2	0.000000E+0	1.530470E+5
1.230000E-2	0.000000E+0	1.531080E+5
1.232000E-2	0.000000E+0	1.529150E+5
1.234000E-2	0.000000E+0	1.531190E+5
1.236000E-2	0.000000E+0	1.527800E+5
1.238000E-2	0.000000E+0	1.529440E+5
1.240000E-2	0.000000E+0	1.537040E+5
1.242000E-2	0.000000E+0	1.534350E+5
1.244000E-2	0.000000E+0	1.531180E+5
1.246000E-2	0.000000E+0	1.527190E+5
1.248000E-2	0.000000E+0	1.535540E+5
1.250000E-2	0.000000E+0	1.526240E+5
1.252000E-2	0.000000E+0	1.532180E+5
1.254000E-2	0.000000E+0	1.529400E+5
1.256000E-2	0.000000E+0	1.525350E+5
1.258000E-2	0.000000E+0	1.531730E+5
1.260000E-2	0.000000E+0	1.533010E+5
1.262000E-2	0.000000E+0	1.524120E+5
1.264000E-2	0.000000E+0	1.523410E+5
1.266000E-2	0.000000E+0	1.533560E+5
1.268000E-2	0.000000E+0	1.531570E+5
1.270000E-2	0.000000E+0	1.533050E+5
1.272000E-2	0.000000E+0	1.529950E+5
1.274000E-2	0.000000E+0	1.523880E+5
1.276000E-2	0.000000E+0	1.536220E+5
1.278000E-2	0.000000E+0	1.528640E+5
1.280000E-2	0.000000E+0	1.524860E+5
1.282000E-2	0.000000E+0	1.531700E+5
1.284000E-2	0.000000E+0	1.528900E+5
1.286000E-2	0.000000E+0	1.537080E+5
1.288000E-2	0.000000E+0	1.533340E+5
1.290000E-2	0.000000E+0	1.529930E+5
1.292000E-2	0.000000E+0	1.531140E+5
1.294000E-2	0.000000E+0	1.523440E+5
1.296000E-2	0.000000E+0	1.532730E+5
1.298000E-2	0.000000E+0	1.530580E+5
1.300000E-2	0.000000E+0	1.532620E+5
1.302000E-2	0.000000E+0	1.534150E+5
1.304000E-2	0.000000E+0	1.533750E+5
1.306000E-2	0.000000E+0	1.525550E+5
1.308000E-2	0.000000E+0	1.531080E+5
1.310000E-2	0.000000E+0	1.535320E+5
1.312000E-2	0.000000E+0	1.531670E+5
1.314000E-2	0.000000E+0	1.536760E+5
1.316000E-2	0.000000E+0	1.524860E+5
1.318000E-2	0.000000E+0	1.530930E+5
1.320000E-2	0.000000E+0	1.536160E+5
1.322000E-2	0.000000E+0	1.531530E+5
1.324000E-2	0.000000E+0	1.527040E+5
1.326000E-2	0.000000E+0	1.535140E+5
1.328000E-2	0.000000E+0	1.535950E+5
1.330000E-2	0.000000E+0	1.528650E+5
1.332000E-2	0.000000E+0	1.532620E+5
1.334000E-2	0.000000E+0	1.531600E+5
1.336000E-2	0.000000E+0	1.532930E+5
1.338000E-2	0.000000E+0	1.533490E+5
1.340000E-2	0.000000E+0	1.528540E+5
1.342000E-2	0.000000E+0	1.527240E+5
1.344000E-2	0.000000E+0	1.528450E+5
1.346000E-2	0.000000E+0	1.521810E+5
1.348000E-2	0.000000E+0	1.532250E+5
1.350000E-2	0.000000E+0	1.528860E+5
1.352000E-2	0.000000E+0	1.530630E+5
1.354000E-2	0.000000E+0	1.534840E+5
1.356000E-2	0.000000E+0	1.535400E+5
1.358000E-2	0.000000E+0	1.531890E+5
1.360000E-2	0.000000E+0	1.523660E+5
1.362000E-2	0.000000E+0	1.533730E+5
1.364000E-2	0.000000E+0	1.525980E+5
1.366000E-2	0.000000E+0	1.530330E+5
1.368000E-2	0.000000E+0	1.537450E+5
1.370000E-2	0.000000E+0	1.531840E+5
1.372000E-2	0.000000E+0	1.527680E+5
1.374000E-2	0.000000E+0	1.523380E+5
1.376000E-2	0.000000E+0	1.524390E+5
1.378000E-2	0.000000E+0	1.521480E+5
1.380000E-2	0.000000E+0	1.532720E+5
1.382000E-2	0.000000E+0	1.528790E+5
1.384000E-2	0.000000E+0	1.531930E+5
1.386000E-2	0.000000E+0	1.527320E+5
1.388000E-2	0.000000E+0	1.527300E+5
1.390000E-2	0.000000E+0	1.532010E+5
1.392000E-2	0.000000E+0	1.535500E+5
1.394000E-2	0.000000E+0	1.533810E+5
1.396000E-2	0.000000E+0	1.530180E+5
1.398000E-2	0.000000E+0	1.532230E+5
1.400000E-2	0.000000E+0	1.541470E+5
1.402000E-2	0.000000E+0	1.524790E+5
1.404000E-2	0.000000E+0	1.536380E+5
1.406000E-2	0.000000E+0	1.527780E+5
1.408000E-2	0.000000E+0	1.529120E+5
1.410000E-2	0.000000E+0	1.525220E+5
1.412000E-2	0.000000E+0	1.528540E+5
1.414000E-2	0.000000E+0	1.527740E+5
1.416000E-2	0.000000E+0	1.531900E+5
1.418000E-2	0.000000E+0	1.525650E+5
1.420000E-2	0.000000E+0	1.530250E+5
1.422000E-2	0.000000E+0	1.534580E+5
1.424000E-2	0.000000E+0	1.521230E+5
1.426000E-2	0.000000E+0	1.523630E+5
1.428000E-2	0.000000E+0	1.533060E+5
1.430000E-2	0.000000E+0	1.529420E+5
1.432000E-2	0.000000E+0	1.533820E+5
1.434000E-2	0.000000E+0	1.526400E+5
1.436000E-2	0.000000E+0	1.531790E+5
1.438000E-2	0.000000E+0	1.533580E+5
1.440000E-2	0.000000E+0	1.536680E+5
1.442000E-2	0.000000E+0	1.528780E+5
1.444000E-2	0.000000E+0	1.523980E+5
1.446000E-2	0.000000E+0	1.532920E+5
1.448000E-2	0.000000E+0	1.530120E+5
1.450000E-2	0.000000E+0	1.524080E+5
1.452000E-2	0.000000E+0	1.532470E+5
1.454000E-2	0.000000E+0	1.528820E+5
1.456000E-2	0.000000E+0	1.534430E+5
1.458000E-2	0.000000E+0	1.524660E+5
1.460000E-2	0.000000E+0	1.530790E+5
1.462000E-2	0.000000E+0	1.523360E+5
1.464000E-2	0.000000E+0	1.526990E+5
1.466000E-2	0.000000E+0	1.526620E+5
1.468000E-2	0.000000E+0	1.530850E+5
1.470000E-2	0.000000E+0	1.529660E+5
1.472000E-2	0.000000E+0	1.526960E+5
1.474000E-2	0.000000E+0	1.528520E+5
1.476000E-2	0.000000E+0	1.538490E+5
1.478000E-2	0.000000E+0	1.536840E+5
1.480000E-2	0.000000E+0	1.525060E+5
1.482000E-2	0.000000E+0	1.528700E+5
1.484000E-2	0.000000E+0	1.529580E+5
1.486000E-2	0.000000E+0	1.524190E+5
1.488000E-2	0.000000E+0	1.529160E+5
1.490000E-2	0.000000E+0	1.527010E+5
1.492000E-2	0.000000E+0	1.530360E+5
1.494000E-2	0.000000E+0	1.521980E+5
1.496000E-2	0.000000E+0	1.512750E+5
1.498000E-2	0.000000E+0	1.514110E+5
1.500000E-2	0.000000E+0	1.509090E+5
1.502000E-2	0.000000E+0	1.507730E+5
1.504000E-2	0.000000E+0	1.502970E+5
1.506000E-2	0.000000E+0	1.507890E+5
1.508000E-2	0.000000E+0	1.504920E+5
1.510000E-2	0.000000E+0	1.494330E+5
1.512000E-2	0.000000E+0	1.486130E+5
1.514000E-2	0.000000E+0	1.484710E+5
1.516000E-2	0.000000E+0	1.488900E+5
1.518000E-2	0.000000E+0	1.489730E+5
1.520000E-2	0.000000E+0	1.496520E+5
1.522000E-2	0.000000E+0	1.498080E+5
1.524000E-2	0.000000E+0	1.506920E+5
1.526000E-2	0.000000E+0	1.512790E+5
1.528000E-2	0.000000E+0	1.518370E+5
1.530000E-2	0.000000E+0	1.513500E+5
1.532000E-2	0.000000E+0	1.521720E+5
1.534000E-2	0.000000E+0	1.523350E+5
1.536000E-2	0.000000E+0	1.521690E+5
1.538000E-2	0.000000E+0	1.530130E+5
1.540000E-2	0.000000E+0	1.526610E+5
1.542000E-2	0.000000E+0	1.528160E+5
1.544000E-2	0.000000E+0	1.521720E+5
1.546000E-2	0.000000E+0	1.528900E+5
1.548000E-2	0.000000E+0	1.527490E+5
1.550000E-2	0.000000E+0	1.523870E+5
1.552000E-2	0.000000E+0	1.530500E+5
1.554000E-2	0.000000E+0	1.526500E+5
1.556000E-2	0.000000E+0	1.524920E+5
1.558000E-2	0.000000E+0	1.520560E+5
1.560000E-2	0.000000E+0	1.522930E+5
1.562000E-2	0.000000E+0	1.510300E+5
1.564000E-2	0.000000E+0	1.510430E+5
1.566000E-2	0.000000E+0	1.499760E+5
1.568000E-2	0.000000E+0	1.496230E+5
1.570000E-2	0.000000E+0	1.500100E+5
1.572000E-2	0.000000E+0	1.500540E+5
1.574000E-2	0.000000E+0	1.499440E+5
1.576000E-2	0.000000E+0	1.493070E+5
1.578000E-2	0.000000E+0	1.480890E+5
1.580000E-2	0.000000E+0	1.487730E+5
1.582000E-2	0.000000E+0	1.487600E+5
1.584000E-2	0.000000E+0	1.498210E+5
1.586000E-2	0.000000E+0	1.497380E+5
1.588000E-2	0.000000E+0	1.502500E+5
1.590000E-2	0.000000E+0	1.505500E+5
1.592000E-2	0.000000E+0	1.517200E+5
1.594000E-2	0.000000E+0	1.514860E+5
1.596000E-2	0.000000E+0	1.517070E+5
1.598000E-2	0.000000E+0	1.525960E+5
1.600000E-2	0.000000E+0	1.528970E+5
1.602000E-2	0.000000E+0	1.531130E+5
1.604000E-2	0.000000E+0	1.526450E+5
1.606000E-2	0.000000E+0	1.523380E+5
1.608000E-2	0.000000E+0	1.531660E+5
1.610000E-2	0.000000E+0	1.528120E+5
1.612000E-2	0.000000E+0	1.529070E+5
1.614000E-2	0.000000E+0	1.538030E+5
1.616000E-2	0.000000E+0	1.532030E+5
1.618000E-2	0.000000E+0	1.526230E+5
1.620000E-2	0.000000E+0	1.527760E+5
1.622000E-2	0.000000E+0	1.528720E+5
1.624000E-2	0.000000E+0	1.525820E+5
1.626000E-2	0.000000E+0	1.529940E+5
1.628000E-2	0.000000E+0	1.533030E+5
1.630000E-2	0.000000E+0	1.533030E+5
1.632000E-2	0.000000E+0	1.530410E+5
1.634000E-2	0.000000E+0	1.528530E+5
1.636000E-2	0.000000E+0	1.536590E+5
1.638000E-2	0.000000E+0	1.527400E+5
1.640000E-2	0.000000E+0	1.530670E+5
1.642000E-2	0.000000E+0	1.528920E+5
1.644000E-2	0.000000E+0	1.530240E+5
1.646000E-2	0.000000E+0	1.531140E+5
1.648000E-2	0.000000E+0	1.526300E+5
1.650000E-2	0.000000E+0	1.531090E+5
1.652000E-2	0.000000E+0	1.534200E+5
1.654000E-2	0.000000E+0	1.528450E+5
1.656000E-2	0.000000E+0	1.528050E+5
1.658000E-2	0.000000E+0	1.529760E+5
1.660000E-2	0.000000E+0	1.533190E+5
1.662000E-2	0.000000E+0	1.528420E+5
1.664000E-2	0.000000E+0	1.531180E+5
1.666000E-2	0.000000E+0	1.535610E+5
1.668000E-2	0.000000E+0	1.526190E+5
1.670000E-2	0.000000E+0	1.529190E+5
1.672000E-2	0.000000E+0	1.538500E+5
1.674000E-2	0.000000E+0	1.529310E+5
1.676000E-2	0.000000E+0	1.528680E+5
1.678000E-2	0.000000E+0	1.526630E+5
1.680000E-2	0.000000E+0	1.531090E+5
1.682000E-2	0.000000E+0	1.526780E+5
1.684000E-2	0.000000E+0	1.527770E+5
1.686000E-2	0.000000E+0	1.531330E+5
1.688000E-2	0.000000E+0	1.527480E+5
1.690000E-2	0.000000E+0	1.528420E+5
1.692000E-2	0.000000E+0	1.529630E+5
1.694000E-2	0.000000E+0	1.533130E+5
1.696000E-2	0.000000E+0	1.529640E+5
1.698000E-2	0.000000E+0	1.530110E+5
1.700000E-2	0.000000E+0	1.530810E+5
1.702000E-2	0.000000E+0	1.533340E+5
1.704000E-2	0.000000E+0	1.529220E+5
1.706000E-2	0.000000E+0	1.533720E+5
1.708000E-2	0.000000E+0	1.522960E+5
1.710000E-2	0.000000E+0	1.530130E+5
1.712000E-2	0.000000E+0	1.534310E+5
1.714000E-2	0.000000E+0	1.529020E+5
1.716000E-2	0.000000E+0	1.527910E+5
1.718000E-2	0.000000E+0	1.524920E+5
1.720000E-2	0.000000E+0	1.537070E+5
1.722000E-2	0.000000E+0	1.537640E+5
1.724000E-2	0.000000E+0	1.521970E+5
1.726000E-2	0.000000E+0	1.527920E+5
1.728000E-2	0.000000E+0	1.532820E+5
1.730000E-2	0.000000E+0	1.527750E+5
1.732000E-2	0.000000E+0	1.529930E+5
1.734000E-2	0.000000E+0	1.527110E+5
1.736000E-2	0.000000E+0	1.535430E+5
1.738000E-2	0.000000E+0	1.536090E+5
1.740000E-2	0.000000E+0	1.530720E+5
1.742000E-2	0.000000E+0	1.523380E+5
1.744000E-2	0.000000E+0	1.526870E+5
1.746000E-2	0.000000E+0	1.524290E+5
1.748000E-2	0.000000E+0	1.527650E+5
1.750000E-2	0.000000E+0	1.531510E+5
1.752000E-2	0.000000E+0	1.532580E+5
1.754000E-2	0.000000E+0	1.522620E+5
1.756000E-2	0.000000E+0	1.522350E+5
1.758000E-2	0.000000E+0	1.533530E+5
1.760000E-2	0.000000E+0	1.529220E+5
1.762000E-2	0.000000E+0	1.529070E+5
1.764000E-2	0.000000E+0	1.532200E+5
1.766000E-2	0.000000E+0	1.530430E+5
1.768000E-2	0.000000E+0	1.527760E+5
1.770000E-2	0.000000E+0	1.531400E+5
1.772000E-2	0.000000E+0	1.539070E+5
1.774000E-2	0.000000E+0	1.527880E+5
1.776000E-2	0.000000E+0	1.523680E+5
1.778000E-2	0.000000E+0	1.536690E+5
1.780000E-2	0.000000E+0	1.529900E+5
1.782000E-2	0.000000E+0	1.529050E+5
1.784000E-2	0.000000E+0	1.524220E+5
1.786000E-2	0.000000E+0	1.529380E+5
1.788000E-2	0.000000E+0	1.531320E+5
1.790000E-2	0.000000E+0	1.532720E+5
1.792000E-2	0.000000E+0	1.526950E+5
1.794000E-2	0.000000E+0	1.531490E+5
1.796000E-2	0.000000E+0	1.526820E+5
1.798000E-2	0.000000E+0	1.533190E+5
1.800000E-2	0.000000E+0	1.524510E+5
1.802000E-2	0.000000E+0	1.531790E+5
1.804000E-2	0.000000E+0	1.521230E+5
1.806000E-2	0.000000E+0	1.524530E+5
1.808000E-2	0.000000E+0	1.527990E+5
1.810000E-2	0.000000E+0	1.534610E+5
1.812000E-2	0.000000E+0	1.536710E+5
1.814000E-2	0.000000E+0	1.533620E+5
1.816000E-2	0.000000E+0	1.531140E+5
1.818000E-2	0.000000E+0	1.528770E+5
1.820000E-2	0.000000E+0	1.536810E+5
1.822000E-2	0.000000E+0	1.529210E+5
1.824000E-2	0.000000E+0	1.529460E+5
1.826000E-2	0.000000E+0	1.533540E+5
1.828000E-2	0.000000E+0	1.526820E+5
1.830000E-2	0.000000E+0	1.527810E+5
1.832000E-2	0.000000E+0	1.535940E+5
1.834000E-2	0.000000E+0	1.524360E+5
1.836000E-2	0.000000E+0	1.534670E+5
1.838000E-2	0.000000E+0	1.529040E+5
1.840000E-2	0.000000E+0	1.530070E+5
1.842000E-2	0.000000E+0	1.533230E+5
1.844000E-2	0.000000E+0	1.529980E+5
1.846000E-2	0.000000E+0	1.522820E+5
1.848000E-2	0.000000E+0	1.530580E+5
1.850000E-2	0.000000E+0	1.533680E+5
1.852000E-2	0.000000E+0	1.531390E+5
1.854000E-2	0.000000E+0	1.531230E+5
1.856000E-2	0.000000E+0	1.521300E+5
1.858000E-2	0.000000E+0	1.533610E+5
1.860000E-2	0.000000E+0	1.530250E+5
1.862000E-2	0.000000E+0	1.529740E+5
1.864000E-2	0.000000E+0	1.524960E+5
1.866000E-2	0.000000E+0	1.529200E+5
1.868000E-2	0.000000E+0	1.529660E+5
1.870000E-2	0.000000E+0	1.530150E+5
1.872000E-2	0.000000E+0	1.534730E+5
1.874000E-2	0.000000E+0	1.522480E+5
1.876000E-2	0.000000E+0	1.529390E+5
1.878000E-2	0.000000E+0	1.534610E+5
1.880000E-2	0.000000E+0	1.527390E+5
1.882000E-2	0.000000E+0	1.524720E+5
1.884000E-2	0.000000E+0	1.533220E+5
1.886000E-2	0.000000E+0	1.531910E+5
1.888000E-2	0.000000E+0	1.524980E+5
1.890000E-2	0.000000E+0	1.534820E+5
1.892000E-2	0.000000E+0	1.534120E+5
1.894000E-2	0.000000E+0	1.530830E+5
1.896000E-2	0.000000E+0	1.529520E+5
1.898000E-2	0.000000E+0	1.526960E+5
1.900000E-2	0.000000E+0	1.532950E+5
1.902000E-2	0.000000E+0	1.527040E+5
1.904000E-2	0.000000E+0	1.527790E+5
1.906000E-2	0.000000E+0	1.529010E+5
1.908000E-2	0.000000E+0	1.532250E+5
1.910000E-2	0.000000E+0	1.527800E+5
1.912000E-2	0.000000E+0	1.532690E+5
1.914000E-2	0.000000E+0	1.530790E+5
1.916000E-2	0.000000E+0	1.525860E+5
1.918000E-2	0.000000E+0	1.530220E+5
1.920000E-2	0.000000E+0	1.531230E+5
1.922000E-2	0.000000E+0	1.525450E+5
1.924000E-2	0.000000E+0	1.528580E+5
1.926000E-2	0.000000E+0	1.525950E+5
1.928000E-2	0.000000E+0	1.533610E+5
1.930000E-2	0.000000E+0	1.530430E+5
1.932000E-2	0.000000E+0	1.527370E+5
1.934000E-2	0.000000E+0	1.524330E+5
1.936000E-2	0.000000E+0	1.526010E+5
1.938000E-2	0.000000E+0	1.534180E+5
1.940000E-2	0.000000E+0	1.528440E+5
1.942000E-2	0.000000E+0	1.536200E+5
1.944000E-2	0.000000E+0	1.533550E+5
1.946000E-2	0.000000E+0	1.529070E+5
1.948000E-2	0.000000E+0	1.528300E+5
1.950000E-2	0.000000E+0	1.530030E+5
1.952000E-2	0.000000E+0	1.534560E+5
1.954000E-2	0.000000E+0	1.528600E+5
1.956000E-2	0.000000E+0	1.533970E+5
1.958000E-2	0.000000E+0	1.534200E+5
1.960000E-2	0.000000E+0	1.531780E+5
1.962000E-2	0.000000E+0	1.524870E+5
1.964000E-2	0.000000E+0	1.531230E+5
1.966000E-2	0.000000E+0	1.533580E+5
1.968000E-2	0.000000E+0	1.532300E+5
1.970000E-2	0.000000E+0	1.528500E+5
1.972000E-2	0.000000E+0	1.529010E+5
1.974000E-2	0.000000E+0	1.526260E+5
1.976000E-2	0.000000E+0	1.524680E+5
1.978000E-2	0.000000E+0	1.528570E+5
1.980000E-2	0.000000E+0	1.530590E+5
1.982000E-2	0.000000E+0	1.533260E+5
1.984000E-2	0.000000E+0	1.537380E+5
1.986000E-2	0.000000E+0	1.530270E+5
1.988000E-2	0.000000E+0	1.526250E+5
1.990000E-2	0.000000E+0	1.529250E+5
1.992000E-2	0.000000E+0	1.525100E+5
1.994000E-2	0.000000E+0	1.533950E+5
1.996000E-2	0.000000E+0	1.529170E+5
1.998000E-2	0.000000E+0	1.529610E+5
