

live time:  277837.920000
real time:  388808.453000
sweeps:  13891896.000000
0.000000E+0	0.000000E+0	0.000000E+0
2.000000E-5	0.000000E+0	6.076360E+5
4.000000E-5	0.000000E+0	6.086350E+5
6.000000E-5	0.000000E+0	6.075410E+5
8.000000E-5	0.000000E+0	6.095060E+5
1.000000E-4	0.000000E+0	6.072540E+5
1.200000E-4	0.000000E+0	6.087650E+5
1.400000E-4	0.000000E+0	6.082300E+5
1.600000E-4	0.000000E+0	6.093320E+5
1.800000E-4	0.000000E+0	6.085980E+5
2.000000E-4	0.000000E+0	6.081760E+5
2.200000E-4	0.000000E+0	6.087570E+5
2.400000E-4	0.000000E+0	6.070240E+5
2.600000E-4	0.000000E+0	6.076320E+5
2.800000E-4	0.000000E+0	6.073300E+5
3.000000E-4	0.000000E+0	6.096480E+5
3.200000E-4	0.000000E+0	6.081650E+5
3.400000E-4	0.000000E+0	6.072770E+5
3.600000E-4	0.000000E+0	6.088030E+5
3.800000E-4	0.000000E+0	6.071460E+5
4.000000E-4	0.000000E+0	6.069450E+5
4.200000E-4	0.000000E+0	6.080200E+5
4.400000E-4	0.000000E+0	6.079530E+5
4.600000E-4	0.000000E+0	6.092850E+5
4.800000E-4	0.000000E+0	6.073220E+5
5.000000E-4	0.000000E+0	6.079040E+5
5.200000E-4	0.000000E+0	6.084400E+5
5.400000E-4	0.000000E+0	6.072930E+5
5.600000E-4	0.000000E+0	6.070390E+5
5.800000E-4	0.000000E+0	6.083100E+5
6.000000E-4	0.000000E+0	6.089760E+5
6.200000E-4	0.000000E+0	6.072920E+5
6.400000E-4	0.000000E+0	6.085030E+5
6.600000E-4	0.000000E+0	6.069400E+5
6.800000E-4	0.000000E+0	6.069110E+5
7.000000E-4	0.000000E+0	6.082180E+5
7.200000E-4	0.000000E+0	6.087370E+5
7.400000E-4	0.000000E+0	6.074660E+5
7.600000E-4	0.000000E+0	6.076470E+5
7.800000E-4	0.000000E+0	6.070950E+5
8.000000E-4	0.000000E+0	6.082280E+5
8.200000E-4	0.000000E+0	6.071090E+5
8.400000E-4	0.000000E+0	6.072240E+5
8.600000E-4	0.000000E+0	6.083790E+5
8.800000E-4	0.000000E+0	6.063980E+5
9.000000E-4	0.000000E+0	6.090910E+5
9.200000E-4	0.000000E+0	6.071280E+5
9.400000E-4	0.000000E+0	6.084640E+5
9.600000E-4	0.000000E+0	6.068820E+5
9.800000E-4	0.000000E+0	6.087290E+5
1.000000E-3	0.000000E+0	6.080200E+5
1.020000E-3	0.000000E+0	6.079860E+5
1.040000E-3	0.000000E+0	6.075720E+5
1.060000E-3	0.000000E+0	6.077500E+5
1.080000E-3	0.000000E+0	6.075930E+5
1.100000E-3	0.000000E+0	6.077680E+5
1.120000E-3	0.000000E+0	6.084470E+5
1.140000E-3	0.000000E+0	6.065880E+5
1.160000E-3	0.000000E+0	6.075960E+5
1.180000E-3	0.000000E+0	6.069190E+5
1.200000E-3	0.000000E+0	6.086390E+5
1.220000E-3	0.000000E+0	6.088770E+5
1.240000E-3	0.000000E+0	6.082010E+5
1.260000E-3	0.000000E+0	6.082200E+5
1.280000E-3	0.000000E+0	6.081410E+5
1.300000E-3	0.000000E+0	6.067440E+5
1.320000E-3	0.000000E+0	6.093690E+5
1.340000E-3	0.000000E+0	6.075690E+5
1.360000E-3	0.000000E+0	6.068360E+5
1.380000E-3	0.000000E+0	6.087120E+5
1.400000E-3	0.000000E+0	6.080940E+5
1.420000E-3	0.000000E+0	6.081820E+5
1.440000E-3	0.000000E+0	6.075930E+5
1.460000E-3	0.000000E+0	6.068540E+5
1.480000E-3	0.000000E+0	6.083290E+5
1.500000E-3	0.000000E+0	6.078550E+5
1.520000E-3	0.000000E+0	6.067810E+5
1.540000E-3	0.000000E+0	6.084990E+5
1.560000E-3	0.000000E+0	6.073670E+5
1.580000E-3	0.000000E+0	6.086480E+5
1.600000E-3	0.000000E+0	6.075150E+5
1.620000E-3	0.000000E+0	6.071950E+5
1.640000E-3	0.000000E+0	6.066900E+5
1.660000E-3	0.000000E+0	6.080090E+5
1.680000E-3	0.000000E+0	6.082320E+5
1.700000E-3	0.000000E+0	6.067480E+5
1.720000E-3	0.000000E+0	6.084770E+5
1.740000E-3	0.000000E+0	6.089050E+5
1.760000E-3	0.000000E+0	6.072850E+5
1.780000E-3	0.000000E+0	6.093280E+5
1.800000E-3	0.000000E+0	6.089240E+5
1.820000E-3	0.000000E+0	6.069660E+5
1.840000E-3	0.000000E+0	6.066990E+5
1.860000E-3	0.000000E+0	6.076390E+5
1.880000E-3	0.000000E+0	6.079420E+5
1.900000E-3	0.000000E+0	6.068330E+5
1.920000E-3	0.000000E+0	6.077120E+5
1.940000E-3	0.000000E+0	6.077020E+5
1.960000E-3	0.000000E+0	6.081180E+5
1.980000E-3	0.000000E+0	6.085940E+5
2.000000E-3	0.000000E+0	6.072810E+5
2.020000E-3	0.000000E+0	6.075280E+5
2.040000E-3	0.000000E+0	6.072250E+5
2.060000E-3	0.000000E+0	6.090890E+5
2.080000E-3	0.000000E+0	6.093610E+5
2.100000E-3	0.000000E+0	6.086900E+5
2.120000E-3	0.000000E+0	6.083440E+5
2.140000E-3	0.000000E+0	6.064840E+5
2.160000E-3	0.000000E+0	6.071510E+5
2.180000E-3	0.000000E+0	6.077030E+5
2.200000E-3	0.000000E+0	6.088230E+5
2.220000E-3	0.000000E+0	6.087960E+5
2.240000E-3	0.000000E+0	6.077130E+5
2.260000E-3	0.000000E+0	6.081210E+5
2.280000E-3	0.000000E+0	6.080390E+5
2.300000E-3	0.000000E+0	6.087870E+5
2.320000E-3	0.000000E+0	6.078750E+5
2.340000E-3	0.000000E+0	6.079790E+5
2.360000E-3	0.000000E+0	6.081970E+5
2.380000E-3	0.000000E+0	6.098130E+5
2.400000E-3	0.000000E+0	6.060470E+5
2.420000E-3	0.000000E+0	6.076640E+5
2.440000E-3	0.000000E+0	6.074690E+5
2.460000E-3	0.000000E+0	6.083510E+5
2.480000E-3	0.000000E+0	6.096320E+5
2.500000E-3	0.000000E+0	6.078520E+5
2.520000E-3	0.000000E+0	6.078580E+5
2.540000E-3	0.000000E+0	6.070220E+5
2.560000E-3	0.000000E+0	6.080730E+5
2.580000E-3	0.000000E+0	6.074540E+5
2.600000E-3	0.000000E+0	6.093360E+5
2.620000E-3	0.000000E+0	6.081000E+5
2.640000E-3	0.000000E+0	6.059470E+5
2.660000E-3	0.000000E+0	6.092040E+5
2.680000E-3	0.000000E+0	6.077260E+5
2.700000E-3	0.000000E+0	6.082310E+5
2.720000E-3	0.000000E+0	6.061260E+5
2.740000E-3	0.000000E+0	6.073510E+5
2.760000E-3	0.000000E+0	6.076080E+5
2.780000E-3	0.000000E+0	6.079350E+5
2.800000E-3	0.000000E+0	6.083150E+5
2.820000E-3	0.000000E+0	6.069770E+5
2.840000E-3	0.000000E+0	6.066600E+5
2.860000E-3	0.000000E+0	6.084220E+5
2.880000E-3	0.000000E+0	6.079320E+5
2.900000E-3	0.000000E+0	6.074590E+5
2.920000E-3	0.000000E+0	6.068070E+5
2.940000E-3	0.000000E+0	6.082180E+5
2.960000E-3	0.000000E+0	6.082150E+5
2.980000E-3	0.000000E+0	6.077850E+5
3.000000E-3	0.000000E+0	6.076400E+5
3.020000E-3	0.000000E+0	6.081990E+5
3.040000E-3	0.000000E+0	6.086770E+5
3.060000E-3	0.000000E+0	6.094330E+5
3.080000E-3	0.000000E+0	6.073770E+5
3.100000E-3	0.000000E+0	6.076260E+5
3.120000E-3	0.000000E+0	6.084010E+5
3.140000E-3	0.000000E+0	6.085980E+5
3.160000E-3	0.000000E+0	6.067350E+5
3.180000E-3	0.000000E+0	6.081950E+5
3.200000E-3	0.000000E+0	6.078360E+5
3.220000E-3	0.000000E+0	6.083270E+5
3.240000E-3	0.000000E+0	6.088000E+5
3.260000E-3	0.000000E+0	6.084220E+5
3.280000E-3	0.000000E+0	6.077600E+5
3.300000E-3	0.000000E+0	6.074760E+5
3.320000E-3	0.000000E+0	6.082090E+5
3.340000E-3	0.000000E+0	6.068160E+5
3.360000E-3	0.000000E+0	6.076290E+5
3.380000E-3	0.000000E+0	6.063080E+5
3.400000E-3	0.000000E+0	6.073230E+5
3.420000E-3	0.000000E+0	6.095970E+5
3.440000E-3	0.000000E+0	6.072800E+5
3.460000E-3	0.000000E+0	6.081490E+5
3.480000E-3	0.000000E+0	6.072950E+5
3.500000E-3	0.000000E+0	6.078520E+5
3.520000E-3	0.000000E+0	6.068250E+5
3.540000E-3	0.000000E+0	6.077090E+5
3.560000E-3	0.000000E+0	6.075630E+5
3.580000E-3	0.000000E+0	6.072220E+5
3.600000E-3	0.000000E+0	6.072810E+5
3.620000E-3	0.000000E+0	6.055110E+5
3.640000E-3	0.000000E+0	6.089190E+5
3.660000E-3	0.000000E+0	6.074410E+5
3.680000E-3	0.000000E+0	6.077550E+5
3.700000E-3	0.000000E+0	6.070590E+5
3.720000E-3	0.000000E+0	6.071830E+5
3.740000E-3	0.000000E+0	6.076180E+5
3.760000E-3	0.000000E+0	6.074570E+5
3.780000E-3	0.000000E+0	6.069400E+5
3.800000E-3	0.000000E+0	6.066430E+5
3.820000E-3	0.000000E+0	6.074060E+5
3.840000E-3	0.000000E+0	6.075590E+5
3.860000E-3	0.000000E+0	6.074360E+5
3.880000E-3	0.000000E+0	6.065440E+5
3.900000E-3	0.000000E+0	6.078740E+5
3.920000E-3	0.000000E+0	6.092680E+5
3.940000E-3	0.000000E+0	6.083590E+5
3.960000E-3	0.000000E+0	6.085010E+5
3.980000E-3	0.000000E+0	6.080370E+5
4.000000E-3	0.000000E+0	6.072930E+5
4.020000E-3	0.000000E+0	6.087830E+5
4.040000E-3	0.000000E+0	6.077160E+5
4.060000E-3	0.000000E+0	6.081210E+5
4.080000E-3	0.000000E+0	6.080660E+5
4.100000E-3	0.000000E+0	6.077480E+5
4.120000E-3	0.000000E+0	6.075730E+5
4.140000E-3	0.000000E+0	6.071330E+5
4.160000E-3	0.000000E+0	6.078210E+5
4.180000E-3	0.000000E+0	6.067340E+5
4.200000E-3	0.000000E+0	6.076440E+5
4.220000E-3	0.000000E+0	6.073820E+5
4.240000E-3	0.000000E+0	6.068920E+5
4.260000E-3	0.000000E+0	6.069850E+5
4.280000E-3	0.000000E+0	6.078190E+5
4.300000E-3	0.000000E+0	6.075220E+5
4.320000E-3	0.000000E+0	6.071700E+5
4.340000E-3	0.000000E+0	6.074220E+5
4.360000E-3	0.000000E+0	6.076580E+5
4.380000E-3	0.000000E+0	6.073050E+5
4.400000E-3	0.000000E+0	6.085640E+5
4.420000E-3	0.000000E+0	6.075000E+5
4.440000E-3	0.000000E+0	6.073160E+5
4.460000E-3	0.000000E+0	6.081240E+5
4.480000E-3	0.000000E+0	6.064070E+5
4.500000E-3	0.000000E+0	6.073630E+5
4.520000E-3	0.000000E+0	6.070360E+5
4.540000E-3	0.000000E+0	6.062670E+5
4.560000E-3	0.000000E+0	6.071900E+5
4.580000E-3	0.000000E+0	6.076120E+5
4.600000E-3	0.000000E+0	6.077290E+5
4.620000E-3	0.000000E+0	6.067950E+5
4.640000E-3	0.000000E+0	6.073710E+5
4.660000E-3	0.000000E+0	6.079440E+5
4.680000E-3	0.000000E+0	6.070600E+5
4.700000E-3	0.000000E+0	6.075440E+5
4.720000E-3	0.000000E+0	6.070450E+5
4.740000E-3	0.000000E+0	6.063560E+5
4.760000E-3	0.000000E+0	6.080330E+5
4.780000E-3	0.000000E+0	6.060500E+5
4.800000E-3	0.000000E+0	6.059950E+5
4.820000E-3	0.000000E+0	6.056670E+5
4.840000E-3	0.000000E+0	6.059850E+5
4.860000E-3	0.000000E+0	6.036540E+5
4.880000E-3	0.000000E+0	6.027700E+5
4.900000E-3	0.000000E+0	6.025630E+5
4.920000E-3	0.000000E+0	5.990910E+5
4.940000E-3	0.000000E+0	5.981240E+5
4.960000E-3	0.000000E+0	5.972570E+5
4.980000E-3	0.000000E+0	5.985050E+5
5.000000E-3	0.000000E+0	5.962350E+5
5.020000E-3	0.000000E+0	5.941660E+5
5.040000E-3	0.000000E+0	5.917500E+5
5.060000E-3	0.000000E+0	5.899680E+5
5.080000E-3	0.000000E+0	5.918630E+5
5.100000E-3	0.000000E+0	5.916850E+5
5.120000E-3	0.000000E+0	5.912140E+5
5.140000E-3	0.000000E+0	5.931220E+5
5.160000E-3	0.000000E+0	5.957600E+5
5.180000E-3	0.000000E+0	5.971030E+5
5.200000E-3	0.000000E+0	5.984580E+5
5.220000E-3	0.000000E+0	6.007560E+5
5.240000E-3	0.000000E+0	5.998670E+5
5.260000E-3	0.000000E+0	6.044260E+5
5.280000E-3	0.000000E+0	6.014890E+5
5.300000E-3	0.000000E+0	6.039160E+5
5.320000E-3	0.000000E+0	6.055690E+5
5.340000E-3	0.000000E+0	6.060710E+5
5.360000E-3	0.000000E+0	6.068890E+5
5.380000E-3	0.000000E+0	6.054340E+5
5.400000E-3	0.000000E+0	6.074550E+5
5.420000E-3	0.000000E+0	6.066530E+5
5.440000E-3	0.000000E+0	6.063660E+5
5.460000E-3	0.000000E+0	6.050240E+5
5.480000E-3	0.000000E+0	6.052800E+5
5.500000E-3	0.000000E+0	6.052320E+5
5.520000E-3	0.000000E+0	6.028480E+5
5.540000E-3	0.000000E+0	6.022610E+5
5.560000E-3	0.000000E+0	5.992870E+5
5.580000E-3	0.000000E+0	5.984680E+5
5.600000E-3	0.000000E+0	5.970820E+5
5.620000E-3	0.000000E+0	5.977950E+5
5.640000E-3	0.000000E+0	5.978440E+5
5.660000E-3	0.000000E+0	5.953220E+5
5.680000E-3	0.000000E+0	5.949240E+5
5.700000E-3	0.000000E+0	5.913200E+5
5.720000E-3	0.000000E+0	5.912810E+5
5.740000E-3	0.000000E+0	5.927490E+5
5.760000E-3	0.000000E+0	5.933230E+5
5.780000E-3	0.000000E+0	5.938210E+5
5.800000E-3	0.000000E+0	5.961200E+5
5.820000E-3	0.000000E+0	5.985450E+5
5.840000E-3	0.000000E+0	5.996530E+5
5.860000E-3	0.000000E+0	5.993380E+5
5.880000E-3	0.000000E+0	6.017730E+5
5.900000E-3	0.000000E+0	6.037630E+5
5.920000E-3	0.000000E+0	6.057690E+5
5.940000E-3	0.000000E+0	6.052630E+5
5.960000E-3	0.000000E+0	6.054550E+5
5.980000E-3	0.000000E+0	6.073600E+5
6.000000E-3	0.000000E+0	6.066310E+5
6.020000E-3	0.000000E+0	6.067400E+5
6.040000E-3	0.000000E+0	6.068980E+5
6.060000E-3	0.000000E+0	6.072500E+5
6.080000E-3	0.000000E+0	6.074040E+5
6.100000E-3	0.000000E+0	6.056960E+5
6.120000E-3	0.000000E+0	6.071180E+5
6.140000E-3	0.000000E+0	6.071600E+5
6.160000E-3	0.000000E+0	6.065300E+5
6.180000E-3	0.000000E+0	6.077910E+5
6.200000E-3	0.000000E+0	6.072640E+5
6.220000E-3	0.000000E+0	6.076340E+5
6.240000E-3	0.000000E+0	6.068670E+5
6.260000E-3	0.000000E+0	6.081420E+5
6.280000E-3	0.000000E+0	6.086450E+5
6.300000E-3	0.000000E+0	6.082670E+5
6.320000E-3	0.000000E+0	6.076480E+5
6.340000E-3	0.000000E+0	6.076240E+5
6.360000E-3	0.000000E+0	6.069690E+5
6.380000E-3	0.000000E+0	6.090650E+5
6.400000E-3	0.000000E+0	6.075580E+5
6.420000E-3	0.000000E+0	6.061740E+5
6.440000E-3	0.000000E+0	6.095130E+5
6.460000E-3	0.000000E+0	6.064160E+5
6.480000E-3	0.000000E+0	6.068630E+5
6.500000E-3	0.000000E+0	6.068120E+5
6.520000E-3	0.000000E+0	6.077090E+5
6.540000E-3	0.000000E+0	6.074750E+5
6.560000E-3	0.000000E+0	6.081480E+5
6.580000E-3	0.000000E+0	6.066160E+5
6.600000E-3	0.000000E+0	6.080550E+5
6.620000E-3	0.000000E+0	6.075650E+5
6.640000E-3	0.000000E+0	6.078640E+5
6.660000E-3	0.000000E+0	6.067380E+5
6.680000E-3	0.000000E+0	6.077020E+5
6.700000E-3	0.000000E+0	6.083120E+5
6.720000E-3	0.000000E+0	6.080560E+5
6.740000E-3	0.000000E+0	6.074290E+5
6.760000E-3	0.000000E+0	6.085660E+5
6.780000E-3	0.000000E+0	6.071590E+5
6.800000E-3	0.000000E+0	6.081780E+5
6.820000E-3	0.000000E+0	6.078470E+5
6.840000E-3	0.000000E+0	6.075000E+5
6.860000E-3	0.000000E+0	6.081480E+5
6.880000E-3	0.000000E+0	6.085960E+5
6.900000E-3	0.000000E+0	6.074090E+5
6.920000E-3	0.000000E+0	6.063060E+5
6.940000E-3	0.000000E+0	6.078570E+5
6.960000E-3	0.000000E+0	6.060410E+5
6.980000E-3	0.000000E+0	6.072630E+5
7.000000E-3	0.000000E+0	6.072050E+5
7.020000E-3	0.000000E+0	6.079870E+5
7.040000E-3	0.000000E+0	6.078720E+5
7.060000E-3	0.000000E+0	6.081900E+5
7.080000E-3	0.000000E+0	6.075140E+5
7.100000E-3	0.000000E+0	6.065050E+5
7.120000E-3	0.000000E+0	6.081890E+5
7.140000E-3	0.000000E+0	6.067450E+5
7.160000E-3	0.000000E+0	6.072400E+5
7.180000E-3	0.000000E+0	6.070770E+5
7.200000E-3	0.000000E+0	6.076530E+5
7.220000E-3	0.000000E+0	6.088790E+5
7.240000E-3	0.000000E+0	6.073830E+5
7.260000E-3	0.000000E+0	6.076940E+5
7.280000E-3	0.000000E+0	6.078150E+5
7.300000E-3	0.000000E+0	6.077590E+5
7.320000E-3	0.000000E+0	6.076910E+5
7.340000E-3	0.000000E+0	6.089300E+5
7.360000E-3	0.000000E+0	6.077090E+5
7.380000E-3	0.000000E+0	6.087240E+5
7.400000E-3	0.000000E+0	6.082260E+5
7.420000E-3	0.000000E+0	6.074540E+5
7.440000E-3	0.000000E+0	6.076850E+5
7.460000E-3	0.000000E+0	6.073640E+5
7.480000E-3	0.000000E+0	6.067480E+5
7.500000E-3	0.000000E+0	6.089740E+5
7.520000E-3	0.000000E+0	6.079110E+5
7.540000E-3	0.000000E+0	6.076090E+5
7.560000E-3	0.000000E+0	6.078290E+5
7.580000E-3	0.000000E+0	6.075440E+5
7.600000E-3	0.000000E+0	6.080560E+5
7.620000E-3	0.000000E+0	6.082160E+5
7.640000E-3	0.000000E+0	6.088350E+5
7.660000E-3	0.000000E+0	6.073110E+5
7.680000E-3	0.000000E+0	6.079370E+5
7.700000E-3	0.000000E+0	6.073960E+5
7.720000E-3	0.000000E+0	6.086360E+5
7.740000E-3	0.000000E+0	6.071910E+5
7.760000E-3	0.000000E+0	6.083820E+5
7.780000E-3	0.000000E+0	6.091370E+5
7.800000E-3	0.000000E+0	6.076500E+5
7.820000E-3	0.000000E+0	6.072620E+5
7.840000E-3	0.000000E+0	6.093610E+5
7.860000E-3	0.000000E+0	6.077840E+5
7.880000E-3	0.000000E+0	6.070070E+5
7.900000E-3	0.000000E+0	6.077490E+5
7.920000E-3	0.000000E+0	6.075850E+5
7.940000E-3	0.000000E+0	6.085880E+5
7.960000E-3	0.000000E+0	6.095750E+5
7.980000E-3	0.000000E+0	6.088660E+5
8.000000E-3	0.000000E+0	6.080120E+5
8.020000E-3	0.000000E+0	6.080050E+5
8.040000E-3	0.000000E+0	6.061130E+5
8.060000E-3	0.000000E+0	6.066480E+5
8.080000E-3	0.000000E+0	6.084770E+5
8.100000E-3	0.000000E+0	6.094490E+5
8.120000E-3	0.000000E+0	6.085160E+5
8.140000E-3	0.000000E+0	6.073220E+5
8.160000E-3	0.000000E+0	6.075390E+5
8.180000E-3	0.000000E+0	6.074130E+5
8.200000E-3	0.000000E+0	6.080290E+5
8.220000E-3	0.000000E+0	6.082130E+5
8.240000E-3	0.000000E+0	6.086120E+5
8.260000E-3	0.000000E+0	6.095260E+5
8.280000E-3	0.000000E+0	6.069370E+5
8.300000E-3	0.000000E+0	6.081720E+5
8.320000E-3	0.000000E+0	6.072370E+5
8.340000E-3	0.000000E+0	6.068590E+5
8.360000E-3	0.000000E+0	6.071180E+5
8.380000E-3	0.000000E+0	6.067330E+5
8.400000E-3	0.000000E+0	6.069850E+5
8.420000E-3	0.000000E+0	6.079910E+5
8.440000E-3	0.000000E+0	6.086270E+5
8.460000E-3	0.000000E+0	6.087780E+5
8.480000E-3	0.000000E+0	6.089600E+5
8.500000E-3	0.000000E+0	6.067710E+5
8.520000E-3	0.000000E+0	6.079220E+5
8.540000E-3	0.000000E+0	6.086460E+5
8.560000E-3	0.000000E+0	6.083050E+5
8.580000E-3	0.000000E+0	6.090070E+5
8.600000E-3	0.000000E+0	6.085360E+5
8.620000E-3	0.000000E+0	6.100480E+5
8.640000E-3	0.000000E+0	6.082170E+5
8.660000E-3	0.000000E+0	6.072670E+5
8.680000E-3	0.000000E+0	6.082760E+5
8.700000E-3	0.000000E+0	6.061420E+5
8.720000E-3	0.000000E+0	6.090190E+5
8.740000E-3	0.000000E+0	6.063860E+5
8.760000E-3	0.000000E+0	6.074220E+5
8.780000E-3	0.000000E+0	6.080550E+5
8.800000E-3	0.000000E+0	6.088120E+5
8.820000E-3	0.000000E+0	6.082610E+5
8.840000E-3	0.000000E+0	6.073030E+5
8.860000E-3	0.000000E+0	6.097670E+5
8.880000E-3	0.000000E+0	6.070640E+5
8.900000E-3	0.000000E+0	6.082430E+5
8.920000E-3	0.000000E+0	6.074950E+5
8.940000E-3	0.000000E+0	6.059640E+5
8.960000E-3	0.000000E+0	6.084860E+5
8.980000E-3	0.000000E+0	6.071250E+5
9.000000E-3	0.000000E+0	6.078880E+5
9.020000E-3	0.000000E+0	6.062690E+5
9.040000E-3	0.000000E+0	6.078500E+5
9.060000E-3	0.000000E+0	6.102650E+5
9.080000E-3	0.000000E+0	6.073740E+5
9.100000E-3	0.000000E+0	6.091980E+5
9.120000E-3	0.000000E+0	6.065460E+5
9.140000E-3	0.000000E+0	6.085680E+5
9.160000E-3	0.000000E+0	6.079970E+5
9.180000E-3	0.000000E+0	6.063920E+5
9.200000E-3	0.000000E+0	6.075710E+5
9.220000E-3	0.000000E+0	6.081430E+5
9.240000E-3	0.000000E+0	6.082270E+5
9.260000E-3	0.000000E+0	6.093110E+5
9.280000E-3	0.000000E+0	6.082980E+5
9.300000E-3	0.000000E+0	6.083620E+5
9.320000E-3	0.000000E+0	6.073370E+5
9.340000E-3	0.000000E+0	6.080990E+5
9.360000E-3	0.000000E+0	6.081870E+5
9.380000E-3	0.000000E+0	6.089910E+5
9.400000E-3	0.000000E+0	6.085070E+5
9.420000E-3	0.000000E+0	6.090800E+5
9.440000E-3	0.000000E+0	6.075560E+5
9.460000E-3	0.000000E+0	6.087720E+5
9.480000E-3	0.000000E+0	6.080330E+5
9.500000E-3	0.000000E+0	6.072070E+5
9.520000E-3	0.000000E+0	6.091550E+5
9.540000E-3	0.000000E+0	6.062240E+5
9.560000E-3	0.000000E+0	6.075630E+5
9.580000E-3	0.000000E+0	6.081850E+5
9.600000E-3	0.000000E+0	6.081430E+5
9.620000E-3	0.000000E+0	6.083080E+5
9.640000E-3	0.000000E+0	6.069900E+5
9.660000E-3	0.000000E+0	6.091750E+5
9.680000E-3	0.000000E+0	6.071080E+5
9.700000E-3	0.000000E+0	6.077120E+5
9.720000E-3	0.000000E+0	6.078710E+5
9.740000E-3	0.000000E+0	6.082550E+5
9.760000E-3	0.000000E+0	6.077630E+5
9.780000E-3	0.000000E+0	6.084520E+5
9.800000E-3	0.000000E+0	6.082430E+5
9.820000E-3	0.000000E+0	6.080940E+5
9.840000E-3	0.000000E+0	6.077800E+5
9.860000E-3	0.000000E+0	6.070230E+5
9.880000E-3	0.000000E+0	6.090480E+5
9.900000E-3	0.000000E+0	6.095670E+5
9.920000E-3	0.000000E+0	6.081620E+5
9.940000E-3	0.000000E+0	6.069460E+5
9.960000E-3	0.000000E+0	6.073120E+5
9.980000E-3	0.000000E+0	6.089360E+5
1.000000E-2	0.000000E+0	6.084980E+5
1.002000E-2	0.000000E+0	6.074500E+5
1.004000E-2	0.000000E+0	6.089110E+5
1.006000E-2	0.000000E+0	6.069290E+5
1.008000E-2	0.000000E+0	6.076880E+5
1.010000E-2	0.000000E+0	6.075310E+5
1.012000E-2	0.000000E+0	6.092300E+5
1.014000E-2	0.000000E+0	6.100550E+5
1.016000E-2	0.000000E+0	6.086820E+5
1.018000E-2	0.000000E+0	6.082440E+5
1.020000E-2	0.000000E+0	6.085040E+5
1.022000E-2	0.000000E+0	6.083980E+5
1.024000E-2	0.000000E+0	6.075780E+5
1.026000E-2	0.000000E+0	6.093210E+5
1.028000E-2	0.000000E+0	6.083150E+5
1.030000E-2	0.000000E+0	6.088390E+5
1.032000E-2	0.000000E+0	6.075620E+5
1.034000E-2	0.000000E+0	6.089260E+5
1.036000E-2	0.000000E+0	6.079950E+5
1.038000E-2	0.000000E+0	6.088860E+5
1.040000E-2	0.000000E+0	6.074550E+5
1.042000E-2	0.000000E+0	6.085430E+5
1.044000E-2	0.000000E+0	6.082670E+5
1.046000E-2	0.000000E+0	6.090740E+5
1.048000E-2	0.000000E+0	6.093460E+5
1.050000E-2	0.000000E+0	6.075200E+5
1.052000E-2	0.000000E+0	6.093230E+5
1.054000E-2	0.000000E+0	6.093120E+5
1.056000E-2	0.000000E+0	6.076670E+5
1.058000E-2	0.000000E+0	6.098010E+5
1.060000E-2	0.000000E+0	6.071730E+5
1.062000E-2	0.000000E+0	6.079680E+5
1.064000E-2	0.000000E+0	6.089210E+5
1.066000E-2	0.000000E+0	6.078040E+5
1.068000E-2	0.000000E+0	6.085330E+5
1.070000E-2	0.000000E+0	6.072450E+5
1.072000E-2	0.000000E+0	6.077580E+5
1.074000E-2	0.000000E+0	6.087680E+5
1.076000E-2	0.000000E+0	6.079670E+5
1.078000E-2	0.000000E+0	6.091480E+5
1.080000E-2	0.000000E+0	6.093670E+5
1.082000E-2	0.000000E+0	6.096940E+5
1.084000E-2	0.000000E+0	6.082320E+5
1.086000E-2	0.000000E+0	6.088800E+5
1.088000E-2	0.000000E+0	6.081270E+5
1.090000E-2	0.000000E+0	6.083980E+5
1.092000E-2	0.000000E+0	6.083090E+5
1.094000E-2	0.000000E+0	6.071060E+5
1.096000E-2	0.000000E+0	6.079660E+5
1.098000E-2	0.000000E+0	6.088830E+5
1.100000E-2	0.000000E+0	6.087650E+5
1.102000E-2	0.000000E+0	6.073730E+5
1.104000E-2	0.000000E+0	6.089560E+5
1.106000E-2	0.000000E+0	6.085140E+5
1.108000E-2	0.000000E+0	6.087990E+5
1.110000E-2	0.000000E+0	6.075690E+5
1.112000E-2	0.000000E+0	6.071850E+5
1.114000E-2	0.000000E+0	6.090710E+5
1.116000E-2	0.000000E+0	6.066200E+5
1.118000E-2	0.000000E+0	6.082320E+5
1.120000E-2	0.000000E+0	6.076380E+5
1.122000E-2	0.000000E+0	6.097300E+5
1.124000E-2	0.000000E+0	6.100540E+5
1.126000E-2	0.000000E+0	6.071100E+5
1.128000E-2	0.000000E+0	6.071130E+5
1.130000E-2	0.000000E+0	6.081770E+5
1.132000E-2	0.000000E+0	6.093950E+5
1.134000E-2	0.000000E+0	6.067540E+5
1.136000E-2	0.000000E+0	6.091420E+5
1.138000E-2	0.000000E+0	6.081440E+5
1.140000E-2	0.000000E+0	6.093130E+5
1.142000E-2	0.000000E+0	6.074360E+5
1.144000E-2	0.000000E+0	6.092700E+5
1.146000E-2	0.000000E+0	6.080160E+5
1.148000E-2	0.000000E+0	6.081540E+5
1.150000E-2	0.000000E+0	6.079830E+5
1.152000E-2	0.000000E+0	6.079370E+5
1.154000E-2	0.000000E+0	6.075090E+5
1.156000E-2	0.000000E+0	6.082640E+5
1.158000E-2	0.000000E+0	6.077610E+5
1.160000E-2	0.000000E+0	6.089810E+5
1.162000E-2	0.000000E+0	6.085420E+5
1.164000E-2	0.000000E+0	6.091370E+5
1.166000E-2	0.000000E+0	6.100020E+5
1.168000E-2	0.000000E+0	6.085780E+5
1.170000E-2	0.000000E+0	6.094110E+5
1.172000E-2	0.000000E+0	6.088840E+5
1.174000E-2	0.000000E+0	6.085760E+5
1.176000E-2	0.000000E+0	6.082920E+5
1.178000E-2	0.000000E+0	6.066170E+5
1.180000E-2	0.000000E+0	6.084330E+5
1.182000E-2	0.000000E+0	6.091570E+5
1.184000E-2	0.000000E+0	6.094950E+5
1.186000E-2	0.000000E+0	6.074430E+5
1.188000E-2	0.000000E+0	6.073800E+5
1.190000E-2	0.000000E+0	6.075420E+5
1.192000E-2	0.000000E+0	6.073490E+5
1.194000E-2	0.000000E+0	6.097980E+5
1.196000E-2	0.000000E+0	6.084250E+5
1.198000E-2	0.000000E+0	6.078080E+5
1.200000E-2	0.000000E+0	6.083810E+5
1.202000E-2	0.000000E+0	6.081930E+5
1.204000E-2	0.000000E+0	6.078860E+5
1.206000E-2	0.000000E+0	6.085510E+5
1.208000E-2	0.000000E+0	6.090160E+5
1.210000E-2	0.000000E+0	6.089500E+5
1.212000E-2	0.000000E+0	6.079270E+5
1.214000E-2	0.000000E+0	6.072180E+5
1.216000E-2	0.000000E+0	6.080490E+5
1.218000E-2	0.000000E+0	6.077060E+5
1.220000E-2	0.000000E+0	6.080450E+5
1.222000E-2	0.000000E+0	6.087160E+5
1.224000E-2	0.000000E+0	6.087480E+5
1.226000E-2	0.000000E+0	6.075950E+5
1.228000E-2	0.000000E+0	6.081640E+5
1.230000E-2	0.000000E+0	6.084100E+5
1.232000E-2	0.000000E+0	6.085560E+5
1.234000E-2	0.000000E+0	6.091700E+5
1.236000E-2	0.000000E+0	6.085300E+5
1.238000E-2	0.000000E+0	6.098130E+5
1.240000E-2	0.000000E+0	6.086800E+5
1.242000E-2	0.000000E+0	6.085660E+5
1.244000E-2	0.000000E+0	6.089200E+5
1.246000E-2	0.000000E+0	6.083950E+5
1.248000E-2	0.000000E+0	6.083850E+5
1.250000E-2	0.000000E+0	6.076800E+5
1.252000E-2	0.000000E+0	6.103220E+5
1.254000E-2	0.000000E+0	6.089170E+5
1.256000E-2	0.000000E+0	6.073360E+5
1.258000E-2	0.000000E+0	6.092160E+5
1.260000E-2	0.000000E+0	6.095010E+5
1.262000E-2	0.000000E+0	6.070930E+5
1.264000E-2	0.000000E+0	6.072850E+5
1.266000E-2	0.000000E+0	6.104270E+5
1.268000E-2	0.000000E+0	6.087360E+5
1.270000E-2	0.000000E+0	6.079660E+5
1.272000E-2	0.000000E+0	6.093460E+5
1.274000E-2	0.000000E+0	6.078470E+5
1.276000E-2	0.000000E+0	6.087300E+5
1.278000E-2	0.000000E+0	6.079380E+5
1.280000E-2	0.000000E+0	6.075310E+5
1.282000E-2	0.000000E+0	6.073960E+5
1.284000E-2	0.000000E+0	6.083340E+5
1.286000E-2	0.000000E+0	6.088510E+5
1.288000E-2	0.000000E+0	6.092040E+5
1.290000E-2	0.000000E+0	6.080160E+5
1.292000E-2	0.000000E+0	6.083990E+5
1.294000E-2	0.000000E+0	6.076970E+5
1.296000E-2	0.000000E+0	6.083520E+5
1.298000E-2	0.000000E+0	6.083960E+5
1.300000E-2	0.000000E+0	6.086630E+5
1.302000E-2	0.000000E+0	6.093630E+5
1.304000E-2	0.000000E+0	6.085330E+5
1.306000E-2	0.000000E+0	6.074100E+5
1.308000E-2	0.000000E+0	6.096630E+5
1.310000E-2	0.000000E+0	6.087910E+5
1.312000E-2	0.000000E+0	6.079900E+5
1.314000E-2	0.000000E+0	6.092890E+5
1.316000E-2	0.000000E+0	6.083160E+5
1.318000E-2	0.000000E+0	6.079900E+5
1.320000E-2	0.000000E+0	6.087180E+5
1.322000E-2	0.000000E+0	6.085810E+5
1.324000E-2	0.000000E+0	6.073480E+5
1.326000E-2	0.000000E+0	6.093300E+5
1.328000E-2	0.000000E+0	6.092900E+5
1.330000E-2	0.000000E+0	6.068250E+5
1.332000E-2	0.000000E+0	6.082490E+5
1.334000E-2	0.000000E+0	6.077150E+5
1.336000E-2	0.000000E+0	6.087360E+5
1.338000E-2	0.000000E+0	6.089020E+5
1.340000E-2	0.000000E+0	6.078930E+5
1.342000E-2	0.000000E+0	6.073210E+5
1.344000E-2	0.000000E+0	6.079950E+5
1.346000E-2	0.000000E+0	6.072720E+5
1.348000E-2	0.000000E+0	6.084290E+5
1.350000E-2	0.000000E+0	6.093850E+5
1.352000E-2	0.000000E+0	6.087130E+5
1.354000E-2	0.000000E+0	6.082780E+5
1.356000E-2	0.000000E+0	6.092760E+5
1.358000E-2	0.000000E+0	6.075550E+5
1.360000E-2	0.000000E+0	6.081690E+5
1.362000E-2	0.000000E+0	6.085410E+5
1.364000E-2	0.000000E+0	6.065540E+5
1.366000E-2	0.000000E+0	6.078720E+5
1.368000E-2	0.000000E+0	6.086780E+5
1.370000E-2	0.000000E+0	6.092310E+5
1.372000E-2	0.000000E+0	6.077250E+5
1.374000E-2	0.000000E+0	6.091900E+5
1.376000E-2	0.000000E+0	6.080280E+5
1.378000E-2	0.000000E+0	6.076520E+5
1.380000E-2	0.000000E+0	6.085620E+5
1.382000E-2	0.000000E+0	6.070850E+5
1.384000E-2	0.000000E+0	6.080290E+5
1.386000E-2	0.000000E+0	6.087410E+5
1.388000E-2	0.000000E+0	6.083030E+5
1.390000E-2	0.000000E+0	6.092930E+5
1.392000E-2	0.000000E+0	6.091840E+5
1.394000E-2	0.000000E+0	6.090220E+5
1.396000E-2	0.000000E+0	6.086480E+5
1.398000E-2	0.000000E+0	6.093430E+5
1.400000E-2	0.000000E+0	6.093160E+5
1.402000E-2	0.000000E+0	6.075990E+5
1.404000E-2	0.000000E+0	6.098990E+5
1.406000E-2	0.000000E+0	6.079700E+5
1.408000E-2	0.000000E+0	6.078290E+5
1.410000E-2	0.000000E+0	6.089790E+5
1.412000E-2	0.000000E+0	6.076470E+5
1.414000E-2	0.000000E+0	6.074860E+5
1.416000E-2	0.000000E+0	6.074050E+5
1.418000E-2	0.000000E+0	6.075580E+5
1.420000E-2	0.000000E+0	6.087270E+5
1.422000E-2	0.000000E+0	6.085830E+5
1.424000E-2	0.000000E+0	6.067760E+5
1.426000E-2	0.000000E+0	6.072400E+5
1.428000E-2	0.000000E+0	6.082370E+5
1.430000E-2	0.000000E+0	6.084630E+5
1.432000E-2	0.000000E+0	6.079340E+5
1.434000E-2	0.000000E+0	6.085720E+5
1.436000E-2	0.000000E+0	6.088360E+5
1.438000E-2	0.000000E+0	6.086270E+5
1.440000E-2	0.000000E+0	6.097670E+5
1.442000E-2	0.000000E+0	6.086050E+5
1.444000E-2	0.000000E+0	6.069320E+5
1.446000E-2	0.000000E+0	6.085590E+5
1.448000E-2	0.000000E+0	6.091470E+5
1.450000E-2	0.000000E+0	6.080720E+5
1.452000E-2	0.000000E+0	6.083700E+5
1.454000E-2	0.000000E+0	6.078910E+5
1.456000E-2	0.000000E+0	6.092830E+5
1.458000E-2	0.000000E+0	6.073270E+5
1.460000E-2	0.000000E+0	6.085810E+5
1.462000E-2	0.000000E+0	6.064840E+5
1.464000E-2	0.000000E+0	6.087740E+5
1.466000E-2	0.000000E+0	6.078320E+5
1.468000E-2	0.000000E+0	6.093690E+5
1.470000E-2	0.000000E+0	6.079060E+5
1.472000E-2	0.000000E+0	6.077290E+5
1.474000E-2	0.000000E+0	6.087180E+5
1.476000E-2	0.000000E+0	6.090040E+5
1.478000E-2	0.000000E+0	6.090550E+5
1.480000E-2	0.000000E+0	6.068460E+5
1.482000E-2	0.000000E+0	6.072500E+5
1.484000E-2	0.000000E+0	6.092790E+5
1.486000E-2	0.000000E+0	6.069000E+5
1.488000E-2	0.000000E+0	6.065720E+5
1.490000E-2	0.000000E+0	6.061760E+5
1.492000E-2	0.000000E+0	6.046150E+5
1.494000E-2	0.000000E+0	6.021160E+5
1.496000E-2	0.000000E+0	6.004870E+5
1.498000E-2	0.000000E+0	6.000540E+5
1.500000E-2	0.000000E+0	5.991880E+5
1.502000E-2	0.000000E+0	5.988840E+5
1.504000E-2	0.000000E+0	5.970270E+5
1.506000E-2	0.000000E+0	5.962460E+5
1.508000E-2	0.000000E+0	5.937950E+5
1.510000E-2	0.000000E+0	5.921540E+5
1.512000E-2	0.000000E+0	5.918170E+5
1.514000E-2	0.000000E+0	5.934590E+5
1.516000E-2	0.000000E+0	5.935440E+5
1.518000E-2	0.000000E+0	5.948460E+5
1.520000E-2	0.000000E+0	5.977840E+5
1.522000E-2	0.000000E+0	5.989750E+5
1.524000E-2	0.000000E+0	6.027670E+5
1.526000E-2	0.000000E+0	6.020230E+5
1.528000E-2	0.000000E+0	6.041310E+5
1.530000E-2	0.000000E+0	6.039770E+5
1.532000E-2	0.000000E+0	6.059600E+5
1.534000E-2	0.000000E+0	6.057620E+5
1.536000E-2	0.000000E+0	6.063040E+5
1.538000E-2	0.000000E+0	6.077990E+5
1.540000E-2	0.000000E+0	6.077000E+5
1.542000E-2	0.000000E+0	6.073770E+5
1.544000E-2	0.000000E+0	6.068920E+5
1.546000E-2	0.000000E+0	6.067740E+5
1.548000E-2	0.000000E+0	6.065240E+5
1.550000E-2	0.000000E+0	6.061160E+5
1.552000E-2	0.000000E+0	6.074540E+5
1.554000E-2	0.000000E+0	6.056410E+5
1.556000E-2	0.000000E+0	6.036830E+5
1.558000E-2	0.000000E+0	6.014450E+5
1.560000E-2	0.000000E+0	6.006320E+5
1.562000E-2	0.000000E+0	5.994770E+5
1.564000E-2	0.000000E+0	5.985050E+5
1.566000E-2	0.000000E+0	5.989860E+5
1.568000E-2	0.000000E+0	5.976600E+5
1.570000E-2	0.000000E+0	5.957060E+5
1.572000E-2	0.000000E+0	5.928910E+5
1.574000E-2	0.000000E+0	5.915960E+5
1.576000E-2	0.000000E+0	5.929670E+5
1.578000E-2	0.000000E+0	5.905670E+5
1.580000E-2	0.000000E+0	5.934970E+5
1.582000E-2	0.000000E+0	5.950830E+5
1.584000E-2	0.000000E+0	5.965230E+5
1.586000E-2	0.000000E+0	5.983530E+5
1.588000E-2	0.000000E+0	6.005770E+5
1.590000E-2	0.000000E+0	6.019850E+5
1.592000E-2	0.000000E+0	6.033910E+5
1.594000E-2	0.000000E+0	6.028760E+5
1.596000E-2	0.000000E+0	6.051950E+5
1.598000E-2	0.000000E+0	6.070160E+5
1.600000E-2	0.000000E+0	6.075340E+5
1.602000E-2	0.000000E+0	6.072660E+5
1.604000E-2	0.000000E+0	6.072720E+5
1.606000E-2	0.000000E+0	6.078230E+5
1.608000E-2	0.000000E+0	6.077660E+5
1.610000E-2	0.000000E+0	6.085930E+5
1.612000E-2	0.000000E+0	6.079830E+5
1.614000E-2	0.000000E+0	6.075990E+5
1.616000E-2	0.000000E+0	6.101980E+5
1.618000E-2	0.000000E+0	6.077400E+5
1.620000E-2	0.000000E+0	6.080110E+5
1.622000E-2	0.000000E+0	6.083730E+5
1.624000E-2	0.000000E+0	6.079210E+5
1.626000E-2	0.000000E+0	6.078480E+5
1.628000E-2	0.000000E+0	6.092940E+5
1.630000E-2	0.000000E+0	6.080080E+5
1.632000E-2	0.000000E+0	6.085410E+5
1.634000E-2	0.000000E+0	6.087260E+5
1.636000E-2	0.000000E+0	6.095650E+5
1.638000E-2	0.000000E+0	6.077170E+5
1.640000E-2	0.000000E+0	6.091290E+5
1.642000E-2	0.000000E+0	6.084120E+5
1.644000E-2	0.000000E+0	6.081070E+5
1.646000E-2	0.000000E+0	6.077300E+5
1.648000E-2	0.000000E+0	6.075930E+5
1.650000E-2	0.000000E+0	6.079590E+5
1.652000E-2	0.000000E+0	6.087430E+5
1.654000E-2	0.000000E+0	6.076550E+5
1.656000E-2	0.000000E+0	6.077880E+5
1.658000E-2	0.000000E+0	6.080340E+5
1.660000E-2	0.000000E+0	6.078990E+5
1.662000E-2	0.000000E+0	6.085970E+5
1.664000E-2	0.000000E+0	6.084670E+5
1.666000E-2	0.000000E+0	6.077460E+5
1.668000E-2	0.000000E+0	6.077120E+5
1.670000E-2	0.000000E+0	6.084770E+5
1.672000E-2	0.000000E+0	6.092490E+5
1.674000E-2	0.000000E+0	6.081010E+5
1.676000E-2	0.000000E+0	6.073310E+5
1.678000E-2	0.000000E+0	6.071370E+5
1.680000E-2	0.000000E+0	6.089260E+5
1.682000E-2	0.000000E+0	6.087050E+5
1.684000E-2	0.000000E+0	6.091180E+5
1.686000E-2	0.000000E+0	6.100700E+5
1.688000E-2	0.000000E+0	6.086460E+5
1.690000E-2	0.000000E+0	6.083530E+5
1.692000E-2	0.000000E+0	6.090470E+5
1.694000E-2	0.000000E+0	6.081710E+5
1.696000E-2	0.000000E+0	6.074870E+5
1.698000E-2	0.000000E+0	6.082350E+5
1.700000E-2	0.000000E+0	6.090020E+5
1.702000E-2	0.000000E+0	6.086070E+5
1.704000E-2	0.000000E+0	6.093500E+5
1.706000E-2	0.000000E+0	6.090800E+5
1.708000E-2	0.000000E+0	6.081620E+5
1.710000E-2	0.000000E+0	6.092120E+5
1.712000E-2	0.000000E+0	6.082120E+5
1.714000E-2	0.000000E+0	6.074270E+5
1.716000E-2	0.000000E+0	6.089580E+5
1.718000E-2	0.000000E+0	6.085180E+5
1.720000E-2	0.000000E+0	6.088530E+5
1.722000E-2	0.000000E+0	6.090350E+5
1.724000E-2	0.000000E+0	6.084430E+5
1.726000E-2	0.000000E+0	6.079960E+5
1.728000E-2	0.000000E+0	6.080400E+5
1.730000E-2	0.000000E+0	6.085340E+5
1.732000E-2	0.000000E+0	6.075490E+5
1.734000E-2	0.000000E+0	6.086130E+5
1.736000E-2	0.000000E+0	6.097990E+5
1.738000E-2	0.000000E+0	6.090620E+5
1.740000E-2	0.000000E+0	6.098360E+5
1.742000E-2	0.000000E+0	6.079570E+5
1.744000E-2	0.000000E+0	6.075520E+5
1.746000E-2	0.000000E+0	6.081320E+5
1.748000E-2	0.000000E+0	6.089550E+5
1.750000E-2	0.000000E+0	6.088030E+5
1.752000E-2	0.000000E+0	6.091210E+5
1.754000E-2	0.000000E+0	6.081690E+5
1.756000E-2	0.000000E+0	6.077190E+5
1.758000E-2	0.000000E+0	6.085110E+5
1.760000E-2	0.000000E+0	6.082840E+5
1.762000E-2	0.000000E+0	6.086050E+5
1.764000E-2	0.000000E+0	6.092380E+5
1.766000E-2	0.000000E+0	6.079010E+5
1.768000E-2	0.000000E+0	6.086440E+5
1.770000E-2	0.000000E+0	6.086090E+5
1.772000E-2	0.000000E+0	6.096130E+5
1.774000E-2	0.000000E+0	6.084570E+5
1.776000E-2	0.000000E+0	6.081830E+5
1.778000E-2	0.000000E+0	6.093660E+5
1.780000E-2	0.000000E+0	6.070200E+5
1.782000E-2	0.000000E+0	6.089040E+5
1.784000E-2	0.000000E+0	6.081350E+5
1.786000E-2	0.000000E+0	6.080960E+5
1.788000E-2	0.000000E+0	6.082300E+5
1.790000E-2	0.000000E+0	6.084960E+5
1.792000E-2	0.000000E+0	6.068220E+5
1.794000E-2	0.000000E+0	6.084710E+5
1.796000E-2	0.000000E+0	6.084010E+5
1.798000E-2	0.000000E+0	6.092580E+5
1.800000E-2	0.000000E+0	6.070420E+5
1.802000E-2	0.000000E+0	6.080800E+5
1.804000E-2	0.000000E+0	6.076470E+5
1.806000E-2	0.000000E+0	6.080080E+5
1.808000E-2	0.000000E+0	6.081570E+5
1.810000E-2	0.000000E+0	6.089320E+5
1.812000E-2	0.000000E+0	6.098380E+5
1.814000E-2	0.000000E+0	6.097530E+5
1.816000E-2	0.000000E+0	6.083820E+5
1.818000E-2	0.000000E+0	6.074430E+5
1.820000E-2	0.000000E+0	6.089510E+5
1.822000E-2	0.000000E+0	6.080740E+5
1.824000E-2	0.000000E+0	6.087320E+5
1.826000E-2	0.000000E+0	6.090210E+5
1.828000E-2	0.000000E+0	6.079080E+5
1.830000E-2	0.000000E+0	6.074820E+5
1.832000E-2	0.000000E+0	6.091690E+5
1.834000E-2	0.000000E+0	6.076280E+5
1.836000E-2	0.000000E+0	6.094020E+5
1.838000E-2	0.000000E+0	6.074750E+5
1.840000E-2	0.000000E+0	6.080150E+5
1.842000E-2	0.000000E+0	6.075290E+5
1.844000E-2	0.000000E+0	6.075430E+5
1.846000E-2	0.000000E+0	6.070780E+5
1.848000E-2	0.000000E+0	6.094920E+5
1.850000E-2	0.000000E+0	6.089350E+5
1.852000E-2	0.000000E+0	6.084330E+5
1.854000E-2	0.000000E+0	6.101250E+5
1.856000E-2	0.000000E+0	6.065780E+5
1.858000E-2	0.000000E+0	6.072160E+5
1.860000E-2	0.000000E+0	6.083160E+5
1.862000E-2	0.000000E+0	6.075930E+5
1.864000E-2	0.000000E+0	6.070380E+5
1.866000E-2	0.000000E+0	6.088140E+5
1.868000E-2	0.000000E+0	6.084650E+5
1.870000E-2	0.000000E+0	6.083330E+5
1.872000E-2	0.000000E+0	6.083790E+5
1.874000E-2	0.000000E+0	6.061090E+5
1.876000E-2	0.000000E+0	6.082010E+5
1.878000E-2	0.000000E+0	6.084230E+5
1.880000E-2	0.000000E+0	6.074410E+5
1.882000E-2	0.000000E+0	6.080490E+5
1.884000E-2	0.000000E+0	6.090860E+5
1.886000E-2	0.000000E+0	6.079480E+5
1.888000E-2	0.000000E+0	6.076080E+5
1.890000E-2	0.000000E+0	6.078520E+5
1.892000E-2	0.000000E+0	6.095130E+5
1.894000E-2	0.000000E+0	6.082740E+5
1.896000E-2	0.000000E+0	6.084470E+5
1.898000E-2	0.000000E+0	6.093470E+5
1.900000E-2	0.000000E+0	6.077830E+5
1.902000E-2	0.000000E+0	6.072640E+5
1.904000E-2	0.000000E+0	6.085190E+5
1.906000E-2	0.000000E+0	6.090990E+5
1.908000E-2	0.000000E+0	6.085920E+5
1.910000E-2	0.000000E+0	6.077440E+5
1.912000E-2	0.000000E+0	6.069970E+5
1.914000E-2	0.000000E+0	6.084880E+5
1.916000E-2	0.000000E+0	6.076050E+5
1.918000E-2	0.000000E+0	6.074240E+5
1.920000E-2	0.000000E+0	6.089150E+5
1.922000E-2	0.000000E+0	6.087230E+5
1.924000E-2	0.000000E+0	6.087800E+5
1.926000E-2	0.000000E+0	6.088840E+5
1.928000E-2	0.000000E+0	6.091350E+5
1.930000E-2	0.000000E+0	6.082940E+5
1.932000E-2	0.000000E+0	6.077860E+5
1.934000E-2	0.000000E+0	6.081620E+5
1.936000E-2	0.000000E+0	6.080600E+5
1.938000E-2	0.000000E+0	6.087780E+5
1.940000E-2	0.000000E+0	6.066280E+5
1.942000E-2	0.000000E+0	6.093870E+5
1.944000E-2	0.000000E+0	6.089160E+5
1.946000E-2	0.000000E+0	6.069180E+5
1.948000E-2	0.000000E+0	6.082600E+5
1.950000E-2	0.000000E+0	6.085750E+5
1.952000E-2	0.000000E+0	6.091280E+5
1.954000E-2	0.000000E+0	6.077530E+5
1.956000E-2	0.000000E+0	6.092580E+5
1.958000E-2	0.000000E+0	6.079280E+5
1.960000E-2	0.000000E+0	6.087750E+5
1.962000E-2	0.000000E+0	6.079660E+5
1.964000E-2	0.000000E+0	6.090010E+5
1.966000E-2	0.000000E+0	6.091980E+5
1.968000E-2	0.000000E+0	6.083820E+5
1.970000E-2	0.000000E+0	6.079410E+5
1.972000E-2	0.000000E+0	6.085730E+5
1.974000E-2	0.000000E+0	6.085710E+5
1.976000E-2	0.000000E+0	6.068380E+5
1.978000E-2	0.000000E+0	6.076570E+5
1.980000E-2	0.000000E+0	6.086710E+5
1.982000E-2	0.000000E+0	6.076570E+5
1.984000E-2	0.000000E+0	6.085340E+5
1.986000E-2	0.000000E+0	6.075910E+5
1.988000E-2	0.000000E+0	6.073660E+5
1.990000E-2	0.000000E+0	6.078740E+5
1.992000E-2	0.000000E+0	6.078910E+5
1.994000E-2	0.000000E+0	6.099480E+5
1.996000E-2	0.000000E+0	6.076880E+5
1.998000E-2	0.000000E+0	6.082140E+5
