

live time:  290330.700000
real time:  406802.555000
sweeps:  14516535.000000
0.000000E+0	0.000000E+0	0.000000E+0
2.000000E-5	0.000000E+0	6.348130E+5
4.000000E-5	0.000000E+0	6.356210E+5
6.000000E-5	0.000000E+0	6.348180E+5
8.000000E-5	0.000000E+0	6.367330E+5
1.000000E-4	0.000000E+0	6.344100E+5
1.200000E-4	0.000000E+0	6.358450E+5
1.400000E-4	0.000000E+0	6.352330E+5
1.600000E-4	0.000000E+0	6.367100E+5
1.800000E-4	0.000000E+0	6.356880E+5
2.000000E-4	0.000000E+0	6.353610E+5
2.200000E-4	0.000000E+0	6.358680E+5
2.400000E-4	0.000000E+0	6.343510E+5
2.600000E-4	0.000000E+0	6.347640E+5
2.800000E-4	0.000000E+0	6.347390E+5
3.000000E-4	0.000000E+0	6.368660E+5
3.200000E-4	0.000000E+0	6.352340E+5
3.400000E-4	0.000000E+0	6.344400E+5
3.600000E-4	0.000000E+0	6.356100E+5
3.800000E-4	0.000000E+0	6.340270E+5
4.000000E-4	0.000000E+0	6.343500E+5
4.200000E-4	0.000000E+0	6.354700E+5
4.400000E-4	0.000000E+0	6.353370E+5
4.600000E-4	0.000000E+0	6.364450E+5
4.800000E-4	0.000000E+0	6.344820E+5
5.000000E-4	0.000000E+0	6.350620E+5
5.200000E-4	0.000000E+0	6.358890E+5
5.400000E-4	0.000000E+0	6.343990E+5
5.600000E-4	0.000000E+0	6.342880E+5
5.800000E-4	0.000000E+0	6.356930E+5
6.000000E-4	0.000000E+0	6.360640E+5
6.200000E-4	0.000000E+0	6.347350E+5
6.400000E-4	0.000000E+0	6.356090E+5
6.600000E-4	0.000000E+0	6.341950E+5
6.800000E-4	0.000000E+0	6.340580E+5
7.000000E-4	0.000000E+0	6.355630E+5
7.200000E-4	0.000000E+0	6.358350E+5
7.400000E-4	0.000000E+0	6.348230E+5
7.600000E-4	0.000000E+0	6.350890E+5
7.800000E-4	0.000000E+0	6.340370E+5
8.000000E-4	0.000000E+0	6.354240E+5
8.200000E-4	0.000000E+0	6.341230E+5
8.400000E-4	0.000000E+0	6.345220E+5
8.600000E-4	0.000000E+0	6.356670E+5
8.800000E-4	0.000000E+0	6.332440E+5
9.000000E-4	0.000000E+0	6.363220E+5
9.200000E-4	0.000000E+0	6.344200E+5
9.400000E-4	0.000000E+0	6.355180E+5
9.600000E-4	0.000000E+0	6.340600E+5
9.800000E-4	0.000000E+0	6.359270E+5
1.000000E-3	0.000000E+0	6.353460E+5
1.020000E-3	0.000000E+0	6.351770E+5
1.040000E-3	0.000000E+0	6.346250E+5
1.060000E-3	0.000000E+0	6.351120E+5
1.080000E-3	0.000000E+0	6.348890E+5
1.100000E-3	0.000000E+0	6.352180E+5
1.120000E-3	0.000000E+0	6.355850E+5
1.140000E-3	0.000000E+0	6.338310E+5
1.160000E-3	0.000000E+0	6.347890E+5
1.180000E-3	0.000000E+0	6.342040E+5
1.200000E-3	0.000000E+0	6.359950E+5
1.220000E-3	0.000000E+0	6.355590E+5
1.240000E-3	0.000000E+0	6.354460E+5
1.260000E-3	0.000000E+0	6.354100E+5
1.280000E-3	0.000000E+0	6.350970E+5
1.300000E-3	0.000000E+0	6.336450E+5
1.320000E-3	0.000000E+0	6.365130E+5
1.340000E-3	0.000000E+0	6.344470E+5
1.360000E-3	0.000000E+0	6.339940E+5
1.380000E-3	0.000000E+0	6.362290E+5
1.400000E-3	0.000000E+0	6.355840E+5
1.420000E-3	0.000000E+0	6.354610E+5
1.440000E-3	0.000000E+0	6.346970E+5
1.460000E-3	0.000000E+0	6.337320E+5
1.480000E-3	0.000000E+0	6.353530E+5
1.500000E-3	0.000000E+0	6.349900E+5
1.520000E-3	0.000000E+0	6.338750E+5
1.540000E-3	0.000000E+0	6.355330E+5
1.560000E-3	0.000000E+0	6.343690E+5
1.580000E-3	0.000000E+0	6.360650E+5
1.600000E-3	0.000000E+0	6.344310E+5
1.620000E-3	0.000000E+0	6.343280E+5
1.640000E-3	0.000000E+0	6.340850E+5
1.660000E-3	0.000000E+0	6.352570E+5
1.680000E-3	0.000000E+0	6.358390E+5
1.700000E-3	0.000000E+0	6.338430E+5
1.720000E-3	0.000000E+0	6.356630E+5
1.740000E-3	0.000000E+0	6.363050E+5
1.760000E-3	0.000000E+0	6.342390E+5
1.780000E-3	0.000000E+0	6.362680E+5
1.800000E-3	0.000000E+0	6.357540E+5
1.820000E-3	0.000000E+0	6.341300E+5
1.840000E-3	0.000000E+0	6.338320E+5
1.860000E-3	0.000000E+0	6.348840E+5
1.880000E-3	0.000000E+0	6.351060E+5
1.900000E-3	0.000000E+0	6.342510E+5
1.920000E-3	0.000000E+0	6.350070E+5
1.940000E-3	0.000000E+0	6.346530E+5
1.960000E-3	0.000000E+0	6.354340E+5
1.980000E-3	0.000000E+0	6.357200E+5
2.000000E-3	0.000000E+0	6.341860E+5
2.020000E-3	0.000000E+0	6.347620E+5
2.040000E-3	0.000000E+0	6.346530E+5
2.060000E-3	0.000000E+0	6.362140E+5
2.080000E-3	0.000000E+0	6.366140E+5
2.100000E-3	0.000000E+0	6.356910E+5
2.120000E-3	0.000000E+0	6.353120E+5
2.140000E-3	0.000000E+0	6.336250E+5
2.160000E-3	0.000000E+0	6.342410E+5
2.180000E-3	0.000000E+0	6.348800E+5
2.200000E-3	0.000000E+0	6.359950E+5
2.220000E-3	0.000000E+0	6.359820E+5
2.240000E-3	0.000000E+0	6.347960E+5
2.260000E-3	0.000000E+0	6.351670E+5
2.280000E-3	0.000000E+0	6.351480E+5
2.300000E-3	0.000000E+0	6.361790E+5
2.320000E-3	0.000000E+0	6.350160E+5
2.340000E-3	0.000000E+0	6.350870E+5
2.360000E-3	0.000000E+0	6.353810E+5
2.380000E-3	0.000000E+0	6.369730E+5
2.400000E-3	0.000000E+0	6.331530E+5
2.420000E-3	0.000000E+0	6.345820E+5
2.440000E-3	0.000000E+0	6.346560E+5
2.460000E-3	0.000000E+0	6.354410E+5
2.480000E-3	0.000000E+0	6.366650E+5
2.500000E-3	0.000000E+0	6.349150E+5
2.520000E-3	0.000000E+0	6.348950E+5
2.540000E-3	0.000000E+0	6.340290E+5
2.560000E-3	0.000000E+0	6.353860E+5
2.580000E-3	0.000000E+0	6.342950E+5
2.600000E-3	0.000000E+0	6.363660E+5
2.620000E-3	0.000000E+0	6.355370E+5
2.640000E-3	0.000000E+0	6.330370E+5
2.660000E-3	0.000000E+0	6.364710E+5
2.680000E-3	0.000000E+0	6.350440E+5
2.700000E-3	0.000000E+0	6.358360E+5
2.720000E-3	0.000000E+0	6.333110E+5
2.740000E-3	0.000000E+0	6.344130E+5
2.760000E-3	0.000000E+0	6.348110E+5
2.780000E-3	0.000000E+0	6.350570E+5
2.800000E-3	0.000000E+0	6.357060E+5
2.820000E-3	0.000000E+0	6.339650E+5
2.840000E-3	0.000000E+0	6.340120E+5
2.860000E-3	0.000000E+0	6.354780E+5
2.880000E-3	0.000000E+0	6.349300E+5
2.900000E-3	0.000000E+0	6.345770E+5
2.920000E-3	0.000000E+0	6.339010E+5
2.940000E-3	0.000000E+0	6.352680E+5
2.960000E-3	0.000000E+0	6.352390E+5
2.980000E-3	0.000000E+0	6.348350E+5
3.000000E-3	0.000000E+0	6.347090E+5
3.020000E-3	0.000000E+0	6.349910E+5
3.040000E-3	0.000000E+0	6.357090E+5
3.060000E-3	0.000000E+0	6.367120E+5
3.080000E-3	0.000000E+0	6.344930E+5
3.100000E-3	0.000000E+0	6.347340E+5
3.120000E-3	0.000000E+0	6.354320E+5
3.140000E-3	0.000000E+0	6.358730E+5
3.160000E-3	0.000000E+0	6.339330E+5
3.180000E-3	0.000000E+0	6.352790E+5
3.200000E-3	0.000000E+0	6.349970E+5
3.220000E-3	0.000000E+0	6.355870E+5
3.240000E-3	0.000000E+0	6.359520E+5
3.260000E-3	0.000000E+0	6.354920E+5
3.280000E-3	0.000000E+0	6.348940E+5
3.300000E-3	0.000000E+0	6.347490E+5
3.320000E-3	0.000000E+0	6.353140E+5
3.340000E-3	0.000000E+0	6.338530E+5
3.360000E-3	0.000000E+0	6.349660E+5
3.380000E-3	0.000000E+0	6.331580E+5
3.400000E-3	0.000000E+0	6.346580E+5
3.420000E-3	0.000000E+0	6.367050E+5
3.440000E-3	0.000000E+0	6.345620E+5
3.460000E-3	0.000000E+0	6.353880E+5
3.480000E-3	0.000000E+0	6.341230E+5
3.500000E-3	0.000000E+0	6.353830E+5
3.520000E-3	0.000000E+0	6.339750E+5
3.540000E-3	0.000000E+0	6.348460E+5
3.560000E-3	0.000000E+0	6.345140E+5
3.580000E-3	0.000000E+0	6.345370E+5
3.600000E-3	0.000000E+0	6.345950E+5
3.620000E-3	0.000000E+0	6.324590E+5
3.640000E-3	0.000000E+0	6.363750E+5
3.660000E-3	0.000000E+0	6.345640E+5
3.680000E-3	0.000000E+0	6.349610E+5
3.700000E-3	0.000000E+0	6.342580E+5
3.720000E-3	0.000000E+0	6.341980E+5
3.740000E-3	0.000000E+0	6.348770E+5
3.760000E-3	0.000000E+0	6.346610E+5
3.780000E-3	0.000000E+0	6.342130E+5
3.800000E-3	0.000000E+0	6.337910E+5
3.820000E-3	0.000000E+0	6.343700E+5
3.840000E-3	0.000000E+0	6.348770E+5
3.860000E-3	0.000000E+0	6.347940E+5
3.880000E-3	0.000000E+0	6.336610E+5
3.900000E-3	0.000000E+0	6.347930E+5
3.920000E-3	0.000000E+0	6.364530E+5
3.940000E-3	0.000000E+0	6.352730E+5
3.960000E-3	0.000000E+0	6.355390E+5
3.980000E-3	0.000000E+0	6.348110E+5
4.000000E-3	0.000000E+0	6.344190E+5
4.020000E-3	0.000000E+0	6.360720E+5
4.040000E-3	0.000000E+0	6.350780E+5
4.060000E-3	0.000000E+0	6.355640E+5
4.080000E-3	0.000000E+0	6.348300E+5
4.100000E-3	0.000000E+0	6.351670E+5
4.120000E-3	0.000000E+0	6.348080E+5
4.140000E-3	0.000000E+0	6.341800E+5
4.160000E-3	0.000000E+0	6.349000E+5
4.180000E-3	0.000000E+0	6.341920E+5
4.200000E-3	0.000000E+0	6.346400E+5
4.220000E-3	0.000000E+0	6.347880E+5
4.240000E-3	0.000000E+0	6.341920E+5
4.260000E-3	0.000000E+0	6.341880E+5
4.280000E-3	0.000000E+0	6.351760E+5
4.300000E-3	0.000000E+0	6.350080E+5
4.320000E-3	0.000000E+0	6.345960E+5
4.340000E-3	0.000000E+0	6.343720E+5
4.360000E-3	0.000000E+0	6.347090E+5
4.380000E-3	0.000000E+0	6.344480E+5
4.400000E-3	0.000000E+0	6.353220E+5
4.420000E-3	0.000000E+0	6.349250E+5
4.440000E-3	0.000000E+0	6.342980E+5
4.460000E-3	0.000000E+0	6.352820E+5
4.480000E-3	0.000000E+0	6.335630E+5
4.500000E-3	0.000000E+0	6.343750E+5
4.520000E-3	0.000000E+0	6.342460E+5
4.540000E-3	0.000000E+0	6.335940E+5
4.560000E-3	0.000000E+0	6.344620E+5
4.580000E-3	0.000000E+0	6.346210E+5
4.600000E-3	0.000000E+0	6.349760E+5
4.620000E-3	0.000000E+0	6.340520E+5
4.640000E-3	0.000000E+0	6.344710E+5
4.660000E-3	0.000000E+0	6.348210E+5
4.680000E-3	0.000000E+0	6.341590E+5
4.700000E-3	0.000000E+0	6.344600E+5
4.720000E-3	0.000000E+0	6.341360E+5
4.740000E-3	0.000000E+0	6.334280E+5
4.760000E-3	0.000000E+0	6.352640E+5
4.780000E-3	0.000000E+0	6.329910E+5
4.800000E-3	0.000000E+0	6.335930E+5
4.820000E-3	0.000000E+0	6.327470E+5
4.840000E-3	0.000000E+0	6.331730E+5
4.860000E-3	0.000000E+0	6.303800E+5
4.880000E-3	0.000000E+0	6.295600E+5
4.900000E-3	0.000000E+0	6.291430E+5
4.920000E-3	0.000000E+0	6.258130E+5
4.940000E-3	0.000000E+0	6.250320E+5
4.960000E-3	0.000000E+0	6.240040E+5
4.980000E-3	0.000000E+0	6.250470E+5
5.000000E-3	0.000000E+0	6.227150E+5
5.020000E-3	0.000000E+0	6.208090E+5
5.040000E-3	0.000000E+0	6.181010E+5
5.060000E-3	0.000000E+0	6.162820E+5
5.080000E-3	0.000000E+0	6.184450E+5
5.100000E-3	0.000000E+0	6.183090E+5
5.120000E-3	0.000000E+0	6.178730E+5
5.140000E-3	0.000000E+0	6.195080E+5
5.160000E-3	0.000000E+0	6.222220E+5
5.180000E-3	0.000000E+0	6.240730E+5
5.200000E-3	0.000000E+0	6.252970E+5
5.220000E-3	0.000000E+0	6.274270E+5
5.240000E-3	0.000000E+0	6.265650E+5
5.260000E-3	0.000000E+0	6.312840E+5
5.280000E-3	0.000000E+0	6.285870E+5
5.300000E-3	0.000000E+0	6.307430E+5
5.320000E-3	0.000000E+0	6.328170E+5
5.340000E-3	0.000000E+0	6.329760E+5
5.360000E-3	0.000000E+0	6.339370E+5
5.380000E-3	0.000000E+0	6.324930E+5
5.400000E-3	0.000000E+0	6.347230E+5
5.420000E-3	0.000000E+0	6.334940E+5
5.440000E-3	0.000000E+0	6.336040E+5
5.460000E-3	0.000000E+0	6.319610E+5
5.480000E-3	0.000000E+0	6.321180E+5
5.500000E-3	0.000000E+0	6.323610E+5
5.520000E-3	0.000000E+0	6.298600E+5
5.540000E-3	0.000000E+0	6.291490E+5
5.560000E-3	0.000000E+0	6.260360E+5
5.580000E-3	0.000000E+0	6.251810E+5
5.600000E-3	0.000000E+0	6.235380E+5
5.620000E-3	0.000000E+0	6.244860E+5
5.640000E-3	0.000000E+0	6.246550E+5
5.660000E-3	0.000000E+0	6.216570E+5
5.680000E-3	0.000000E+0	6.213250E+5
5.700000E-3	0.000000E+0	6.175940E+5
5.720000E-3	0.000000E+0	6.175150E+5
5.740000E-3	0.000000E+0	6.194950E+5
5.760000E-3	0.000000E+0	6.199210E+5
5.780000E-3	0.000000E+0	6.204880E+5
5.800000E-3	0.000000E+0	6.229850E+5
5.820000E-3	0.000000E+0	6.252360E+5
5.840000E-3	0.000000E+0	6.263290E+5
5.860000E-3	0.000000E+0	6.263630E+5
5.880000E-3	0.000000E+0	6.287300E+5
5.900000E-3	0.000000E+0	6.308070E+5
5.920000E-3	0.000000E+0	6.328490E+5
5.940000E-3	0.000000E+0	6.322150E+5
5.960000E-3	0.000000E+0	6.328350E+5
5.980000E-3	0.000000E+0	6.343200E+5
6.000000E-3	0.000000E+0	6.336370E+5
6.020000E-3	0.000000E+0	6.336140E+5
6.040000E-3	0.000000E+0	6.342210E+5
6.060000E-3	0.000000E+0	6.343170E+5
6.080000E-3	0.000000E+0	6.343820E+5
6.100000E-3	0.000000E+0	6.328750E+5
6.120000E-3	0.000000E+0	6.345030E+5
6.140000E-3	0.000000E+0	6.342760E+5
6.160000E-3	0.000000E+0	6.336350E+5
6.180000E-3	0.000000E+0	6.349730E+5
6.200000E-3	0.000000E+0	6.346400E+5
6.220000E-3	0.000000E+0	6.349940E+5
6.240000E-3	0.000000E+0	6.338100E+5
6.260000E-3	0.000000E+0	6.355070E+5
6.280000E-3	0.000000E+0	6.357780E+5
6.300000E-3	0.000000E+0	6.353450E+5
6.320000E-3	0.000000E+0	6.349920E+5
6.340000E-3	0.000000E+0	6.345850E+5
6.360000E-3	0.000000E+0	6.339970E+5
6.380000E-3	0.000000E+0	6.365460E+5
6.400000E-3	0.000000E+0	6.348990E+5
6.420000E-3	0.000000E+0	6.332230E+5
6.440000E-3	0.000000E+0	6.365930E+5
6.460000E-3	0.000000E+0	6.337120E+5
6.480000E-3	0.000000E+0	6.339920E+5
6.500000E-3	0.000000E+0	6.342220E+5
6.520000E-3	0.000000E+0	6.345300E+5
6.540000E-3	0.000000E+0	6.344630E+5
6.560000E-3	0.000000E+0	6.352600E+5
6.580000E-3	0.000000E+0	6.338460E+5
6.600000E-3	0.000000E+0	6.352360E+5
6.620000E-3	0.000000E+0	6.350200E+5
6.640000E-3	0.000000E+0	6.349310E+5
6.660000E-3	0.000000E+0	6.341240E+5
6.680000E-3	0.000000E+0	6.348650E+5
6.700000E-3	0.000000E+0	6.356580E+5
6.720000E-3	0.000000E+0	6.351150E+5
6.740000E-3	0.000000E+0	6.344770E+5
6.760000E-3	0.000000E+0	6.357230E+5
6.780000E-3	0.000000E+0	6.344030E+5
6.800000E-3	0.000000E+0	6.356750E+5
6.820000E-3	0.000000E+0	6.350740E+5
6.840000E-3	0.000000E+0	6.345560E+5
6.860000E-3	0.000000E+0	6.350460E+5
6.880000E-3	0.000000E+0	6.357720E+5
6.900000E-3	0.000000E+0	6.346030E+5
6.920000E-3	0.000000E+0	6.334930E+5
6.940000E-3	0.000000E+0	6.355760E+5
6.960000E-3	0.000000E+0	6.333550E+5
6.980000E-3	0.000000E+0	6.345590E+5
7.000000E-3	0.000000E+0	6.343740E+5
7.020000E-3	0.000000E+0	6.353280E+5
7.040000E-3	0.000000E+0	6.349210E+5
7.060000E-3	0.000000E+0	6.353990E+5
7.080000E-3	0.000000E+0	6.347020E+5
7.100000E-3	0.000000E+0	6.337860E+5
7.120000E-3	0.000000E+0	6.351370E+5
7.140000E-3	0.000000E+0	6.341140E+5
7.160000E-3	0.000000E+0	6.343060E+5
7.180000E-3	0.000000E+0	6.341890E+5
7.200000E-3	0.000000E+0	6.346870E+5
7.220000E-3	0.000000E+0	6.360670E+5
7.240000E-3	0.000000E+0	6.345690E+5
7.260000E-3	0.000000E+0	6.348490E+5
7.280000E-3	0.000000E+0	6.348960E+5
7.300000E-3	0.000000E+0	6.350370E+5
7.320000E-3	0.000000E+0	6.346510E+5
7.340000E-3	0.000000E+0	6.360490E+5
7.360000E-3	0.000000E+0	6.347900E+5
7.380000E-3	0.000000E+0	6.355960E+5
7.400000E-3	0.000000E+0	6.352280E+5
7.420000E-3	0.000000E+0	6.344410E+5
7.440000E-3	0.000000E+0	6.348350E+5
7.460000E-3	0.000000E+0	6.344710E+5
7.480000E-3	0.000000E+0	6.338090E+5
7.500000E-3	0.000000E+0	6.360780E+5
7.520000E-3	0.000000E+0	6.347800E+5
7.540000E-3	0.000000E+0	6.349960E+5
7.560000E-3	0.000000E+0	6.350250E+5
7.580000E-3	0.000000E+0	6.346650E+5
7.600000E-3	0.000000E+0	6.350010E+5
7.620000E-3	0.000000E+0	6.353440E+5
7.640000E-3	0.000000E+0	6.357260E+5
7.660000E-3	0.000000E+0	6.346940E+5
7.680000E-3	0.000000E+0	6.349640E+5
7.700000E-3	0.000000E+0	6.345850E+5
7.720000E-3	0.000000E+0	6.358220E+5
7.740000E-3	0.000000E+0	6.344960E+5
7.760000E-3	0.000000E+0	6.356810E+5
7.780000E-3	0.000000E+0	6.363720E+5
7.800000E-3	0.000000E+0	6.350800E+5
7.820000E-3	0.000000E+0	6.345970E+5
7.840000E-3	0.000000E+0	6.364670E+5
7.860000E-3	0.000000E+0	6.349320E+5
7.880000E-3	0.000000E+0	6.342820E+5
7.900000E-3	0.000000E+0	6.347880E+5
7.920000E-3	0.000000E+0	6.346560E+5
7.940000E-3	0.000000E+0	6.360280E+5
7.960000E-3	0.000000E+0	6.368000E+5
7.980000E-3	0.000000E+0	6.360370E+5
8.000000E-3	0.000000E+0	6.351100E+5
8.020000E-3	0.000000E+0	6.350640E+5
8.040000E-3	0.000000E+0	6.331660E+5
8.060000E-3	0.000000E+0	6.341780E+5
8.080000E-3	0.000000E+0	6.356410E+5
8.100000E-3	0.000000E+0	6.366960E+5
8.120000E-3	0.000000E+0	6.357200E+5
8.140000E-3	0.000000E+0	6.342400E+5
8.160000E-3	0.000000E+0	6.349310E+5
8.180000E-3	0.000000E+0	6.346400E+5
8.200000E-3	0.000000E+0	6.350230E+5
8.220000E-3	0.000000E+0	6.352210E+5
8.240000E-3	0.000000E+0	6.357060E+5
8.260000E-3	0.000000E+0	6.367390E+5
8.280000E-3	0.000000E+0	6.342370E+5
8.300000E-3	0.000000E+0	6.353350E+5
8.320000E-3	0.000000E+0	6.343790E+5
8.340000E-3	0.000000E+0	6.342150E+5
8.360000E-3	0.000000E+0	6.343410E+5
8.380000E-3	0.000000E+0	6.340160E+5
8.400000E-3	0.000000E+0	6.341240E+5
8.420000E-3	0.000000E+0	6.349920E+5
8.440000E-3	0.000000E+0	6.356980E+5
8.460000E-3	0.000000E+0	6.361720E+5
8.480000E-3	0.000000E+0	6.363620E+5
8.500000E-3	0.000000E+0	6.339270E+5
8.520000E-3	0.000000E+0	6.351210E+5
8.540000E-3	0.000000E+0	6.357040E+5
8.560000E-3	0.000000E+0	6.354960E+5
8.580000E-3	0.000000E+0	6.363950E+5
8.600000E-3	0.000000E+0	6.358120E+5
8.620000E-3	0.000000E+0	6.373180E+5
8.640000E-3	0.000000E+0	6.350590E+5
8.660000E-3	0.000000E+0	6.340240E+5
8.680000E-3	0.000000E+0	6.353940E+5
8.700000E-3	0.000000E+0	6.331180E+5
8.720000E-3	0.000000E+0	6.363110E+5
8.740000E-3	0.000000E+0	6.334600E+5
8.760000E-3	0.000000E+0	6.344730E+5
8.780000E-3	0.000000E+0	6.352590E+5
8.800000E-3	0.000000E+0	6.360950E+5
8.820000E-3	0.000000E+0	6.354060E+5
8.840000E-3	0.000000E+0	6.345930E+5
8.860000E-3	0.000000E+0	6.369670E+5
8.880000E-3	0.000000E+0	6.344080E+5
8.900000E-3	0.000000E+0	6.355090E+5
8.920000E-3	0.000000E+0	6.346740E+5
8.940000E-3	0.000000E+0	6.331980E+5
8.960000E-3	0.000000E+0	6.355100E+5
8.980000E-3	0.000000E+0	6.346820E+5
9.000000E-3	0.000000E+0	6.351420E+5
9.020000E-3	0.000000E+0	6.333590E+5
9.040000E-3	0.000000E+0	6.350010E+5
9.060000E-3	0.000000E+0	6.376920E+5
9.080000E-3	0.000000E+0	6.344720E+5
9.100000E-3	0.000000E+0	6.363280E+5
9.120000E-3	0.000000E+0	6.334710E+5
9.140000E-3	0.000000E+0	6.357650E+5
9.160000E-3	0.000000E+0	6.351220E+5
9.180000E-3	0.000000E+0	6.337300E+5
9.200000E-3	0.000000E+0	6.350670E+5
9.220000E-3	0.000000E+0	6.351580E+5
9.240000E-3	0.000000E+0	6.356950E+5
9.260000E-3	0.000000E+0	6.365930E+5
9.280000E-3	0.000000E+0	6.353090E+5
9.300000E-3	0.000000E+0	6.354370E+5
9.320000E-3	0.000000E+0	6.345990E+5
9.340000E-3	0.000000E+0	6.353190E+5
9.360000E-3	0.000000E+0	6.355120E+5
9.380000E-3	0.000000E+0	6.361980E+5
9.400000E-3	0.000000E+0	6.356310E+5
9.420000E-3	0.000000E+0	6.366510E+5
9.440000E-3	0.000000E+0	6.347980E+5
9.460000E-3	0.000000E+0	6.357980E+5
9.480000E-3	0.000000E+0	6.353050E+5
9.500000E-3	0.000000E+0	6.343860E+5
9.520000E-3	0.000000E+0	6.363830E+5
9.540000E-3	0.000000E+0	6.329820E+5
9.560000E-3	0.000000E+0	6.348360E+5
9.580000E-3	0.000000E+0	6.352310E+5
9.600000E-3	0.000000E+0	6.352530E+5
9.620000E-3	0.000000E+0	6.352740E+5
9.640000E-3	0.000000E+0	6.340860E+5
9.660000E-3	0.000000E+0	6.363130E+5
9.680000E-3	0.000000E+0	6.342050E+5
9.700000E-3	0.000000E+0	6.348290E+5
9.720000E-3	0.000000E+0	6.349810E+5
9.740000E-3	0.000000E+0	6.352530E+5
9.760000E-3	0.000000E+0	6.349080E+5
9.780000E-3	0.000000E+0	6.358710E+5
9.800000E-3	0.000000E+0	6.357420E+5
9.820000E-3	0.000000E+0	6.354140E+5
9.840000E-3	0.000000E+0	6.348480E+5
9.860000E-3	0.000000E+0	6.341020E+5
9.880000E-3	0.000000E+0	6.361780E+5
9.900000E-3	0.000000E+0	6.368910E+5
9.920000E-3	0.000000E+0	6.354800E+5
9.940000E-3	0.000000E+0	6.340700E+5
9.960000E-3	0.000000E+0	6.343270E+5
9.980000E-3	0.000000E+0	6.361160E+5
1.000000E-2	0.000000E+0	6.353270E+5
1.002000E-2	0.000000E+0	6.349040E+5
1.004000E-2	0.000000E+0	6.360160E+5
1.006000E-2	0.000000E+0	6.340660E+5
1.008000E-2	0.000000E+0	6.347820E+5
1.010000E-2	0.000000E+0	6.343700E+5
1.012000E-2	0.000000E+0	6.365060E+5
1.014000E-2	0.000000E+0	6.373590E+5
1.016000E-2	0.000000E+0	6.358690E+5
1.018000E-2	0.000000E+0	6.355820E+5
1.020000E-2	0.000000E+0	6.358930E+5
1.022000E-2	0.000000E+0	6.357320E+5
1.024000E-2	0.000000E+0	6.348120E+5
1.026000E-2	0.000000E+0	6.366790E+5
1.028000E-2	0.000000E+0	6.352290E+5
1.030000E-2	0.000000E+0	6.361680E+5
1.032000E-2	0.000000E+0	6.351310E+5
1.034000E-2	0.000000E+0	6.359150E+5
1.036000E-2	0.000000E+0	6.352690E+5
1.038000E-2	0.000000E+0	6.360610E+5
1.040000E-2	0.000000E+0	6.344620E+5
1.042000E-2	0.000000E+0	6.357830E+5
1.044000E-2	0.000000E+0	6.354610E+5
1.046000E-2	0.000000E+0	6.364040E+5
1.048000E-2	0.000000E+0	6.365400E+5
1.050000E-2	0.000000E+0	6.348130E+5
1.052000E-2	0.000000E+0	6.365940E+5
1.054000E-2	0.000000E+0	6.368680E+5
1.056000E-2	0.000000E+0	6.349550E+5
1.058000E-2	0.000000E+0	6.370350E+5
1.060000E-2	0.000000E+0	6.343660E+5
1.062000E-2	0.000000E+0	6.351380E+5
1.064000E-2	0.000000E+0	6.357230E+5
1.066000E-2	0.000000E+0	6.349120E+5
1.068000E-2	0.000000E+0	6.359010E+5
1.070000E-2	0.000000E+0	6.344010E+5
1.072000E-2	0.000000E+0	6.350310E+5
1.074000E-2	0.000000E+0	6.359690E+5
1.076000E-2	0.000000E+0	6.349640E+5
1.078000E-2	0.000000E+0	6.362710E+5
1.080000E-2	0.000000E+0	6.364790E+5
1.082000E-2	0.000000E+0	6.369780E+5
1.084000E-2	0.000000E+0	6.355280E+5
1.086000E-2	0.000000E+0	6.358240E+5
1.088000E-2	0.000000E+0	6.354760E+5
1.090000E-2	0.000000E+0	6.356550E+5
1.092000E-2	0.000000E+0	6.355570E+5
1.094000E-2	0.000000E+0	6.345810E+5
1.096000E-2	0.000000E+0	6.349200E+5
1.098000E-2	0.000000E+0	6.362090E+5
1.100000E-2	0.000000E+0	6.361160E+5
1.102000E-2	0.000000E+0	6.343520E+5
1.104000E-2	0.000000E+0	6.359700E+5
1.106000E-2	0.000000E+0	6.356610E+5
1.108000E-2	0.000000E+0	6.359280E+5
1.110000E-2	0.000000E+0	6.349160E+5
1.112000E-2	0.000000E+0	6.345990E+5
1.114000E-2	0.000000E+0	6.361260E+5
1.116000E-2	0.000000E+0	6.336000E+5
1.118000E-2	0.000000E+0	6.353790E+5
1.120000E-2	0.000000E+0	6.347540E+5
1.122000E-2	0.000000E+0	6.366770E+5
1.124000E-2	0.000000E+0	6.370540E+5
1.126000E-2	0.000000E+0	6.340820E+5
1.128000E-2	0.000000E+0	6.345850E+5
1.130000E-2	0.000000E+0	6.352270E+5
1.132000E-2	0.000000E+0	6.365670E+5
1.134000E-2	0.000000E+0	6.340390E+5
1.136000E-2	0.000000E+0	6.362690E+5
1.138000E-2	0.000000E+0	6.351020E+5
1.140000E-2	0.000000E+0	6.364610E+5
1.142000E-2	0.000000E+0	6.350170E+5
1.144000E-2	0.000000E+0	6.364890E+5
1.146000E-2	0.000000E+0	6.353740E+5
1.148000E-2	0.000000E+0	6.353840E+5
1.150000E-2	0.000000E+0	6.350450E+5
1.152000E-2	0.000000E+0	6.352530E+5
1.154000E-2	0.000000E+0	6.346420E+5
1.156000E-2	0.000000E+0	6.355730E+5
1.158000E-2	0.000000E+0	6.350230E+5
1.160000E-2	0.000000E+0	6.362590E+5
1.162000E-2	0.000000E+0	6.354770E+5
1.164000E-2	0.000000E+0	6.365100E+5
1.166000E-2	0.000000E+0	6.370110E+5
1.168000E-2	0.000000E+0	6.358680E+5
1.170000E-2	0.000000E+0	6.369450E+5
1.172000E-2	0.000000E+0	6.359280E+5
1.174000E-2	0.000000E+0	6.358260E+5
1.176000E-2	0.000000E+0	6.351830E+5
1.178000E-2	0.000000E+0	6.338650E+5
1.180000E-2	0.000000E+0	6.355980E+5
1.182000E-2	0.000000E+0	6.363580E+5
1.184000E-2	0.000000E+0	6.366650E+5
1.186000E-2	0.000000E+0	6.349520E+5
1.188000E-2	0.000000E+0	6.345940E+5
1.190000E-2	0.000000E+0	6.347790E+5
1.192000E-2	0.000000E+0	6.344610E+5
1.194000E-2	0.000000E+0	6.369950E+5
1.196000E-2	0.000000E+0	6.356990E+5
1.198000E-2	0.000000E+0	6.347490E+5
1.200000E-2	0.000000E+0	6.354150E+5
1.202000E-2	0.000000E+0	6.355660E+5
1.204000E-2	0.000000E+0	6.351890E+5
1.206000E-2	0.000000E+0	6.355760E+5
1.208000E-2	0.000000E+0	6.361250E+5
1.210000E-2	0.000000E+0	6.360610E+5
1.212000E-2	0.000000E+0	6.350470E+5
1.214000E-2	0.000000E+0	6.340950E+5
1.216000E-2	0.000000E+0	6.353670E+5
1.218000E-2	0.000000E+0	6.349370E+5
1.220000E-2	0.000000E+0	6.351080E+5
1.222000E-2	0.000000E+0	6.357360E+5
1.224000E-2	0.000000E+0	6.362460E+5
1.226000E-2	0.000000E+0	6.346200E+5
1.228000E-2	0.000000E+0	6.354550E+5
1.230000E-2	0.000000E+0	6.355320E+5
1.232000E-2	0.000000E+0	6.359240E+5
1.234000E-2	0.000000E+0	6.364310E+5
1.236000E-2	0.000000E+0	6.359350E+5
1.238000E-2	0.000000E+0	6.371720E+5
1.240000E-2	0.000000E+0	6.360410E+5
1.242000E-2	0.000000E+0	6.357900E+5
1.244000E-2	0.000000E+0	6.359730E+5
1.246000E-2	0.000000E+0	6.353910E+5
1.248000E-2	0.000000E+0	6.354800E+5
1.250000E-2	0.000000E+0	6.352330E+5
1.252000E-2	0.000000E+0	6.376040E+5
1.254000E-2	0.000000E+0	6.361380E+5
1.256000E-2	0.000000E+0	6.344780E+5
1.258000E-2	0.000000E+0	6.365160E+5
1.260000E-2	0.000000E+0	6.366260E+5
1.262000E-2	0.000000E+0	6.343950E+5
1.264000E-2	0.000000E+0	6.343270E+5
1.266000E-2	0.000000E+0	6.377910E+5
1.268000E-2	0.000000E+0	6.360130E+5
1.270000E-2	0.000000E+0	6.350200E+5
1.272000E-2	0.000000E+0	6.370120E+5
1.274000E-2	0.000000E+0	6.351360E+5
1.276000E-2	0.000000E+0	6.359750E+5
1.278000E-2	0.000000E+0	6.353550E+5
1.280000E-2	0.000000E+0	6.345380E+5
1.282000E-2	0.000000E+0	6.347560E+5
1.284000E-2	0.000000E+0	6.353970E+5
1.286000E-2	0.000000E+0	6.361230E+5
1.288000E-2	0.000000E+0	6.364630E+5
1.290000E-2	0.000000E+0	6.353680E+5
1.292000E-2	0.000000E+0	6.354800E+5
1.294000E-2	0.000000E+0	6.348990E+5
1.296000E-2	0.000000E+0	6.352940E+5
1.298000E-2	0.000000E+0	6.356150E+5
1.300000E-2	0.000000E+0	6.358250E+5
1.302000E-2	0.000000E+0	6.366980E+5
1.304000E-2	0.000000E+0	6.356850E+5
1.306000E-2	0.000000E+0	6.345900E+5
1.308000E-2	0.000000E+0	6.368310E+5
1.310000E-2	0.000000E+0	6.360850E+5
1.312000E-2	0.000000E+0	6.352830E+5
1.314000E-2	0.000000E+0	6.364300E+5
1.316000E-2	0.000000E+0	6.357160E+5
1.318000E-2	0.000000E+0	6.350640E+5
1.320000E-2	0.000000E+0	6.359800E+5
1.322000E-2	0.000000E+0	6.357380E+5
1.324000E-2	0.000000E+0	6.344830E+5
1.326000E-2	0.000000E+0	6.364880E+5
1.328000E-2	0.000000E+0	6.364650E+5
1.330000E-2	0.000000E+0	6.342260E+5
1.332000E-2	0.000000E+0	6.351710E+5
1.334000E-2	0.000000E+0	6.347130E+5
1.336000E-2	0.000000E+0	6.357190E+5
1.338000E-2	0.000000E+0	6.361640E+5
1.340000E-2	0.000000E+0	6.350950E+5
1.342000E-2	0.000000E+0	6.346030E+5
1.344000E-2	0.000000E+0	6.351140E+5
1.346000E-2	0.000000E+0	6.343980E+5
1.348000E-2	0.000000E+0	6.354830E+5
1.350000E-2	0.000000E+0	6.364600E+5
1.352000E-2	0.000000E+0	6.357040E+5
1.354000E-2	0.000000E+0	6.354010E+5
1.356000E-2	0.000000E+0	6.367890E+5
1.358000E-2	0.000000E+0	6.349110E+5
1.360000E-2	0.000000E+0	6.353090E+5
1.362000E-2	0.000000E+0	6.355590E+5
1.364000E-2	0.000000E+0	6.338370E+5
1.366000E-2	0.000000E+0	6.351320E+5
1.368000E-2	0.000000E+0	6.357710E+5
1.370000E-2	0.000000E+0	6.367110E+5
1.372000E-2	0.000000E+0	6.348620E+5
1.374000E-2	0.000000E+0	6.365640E+5
1.376000E-2	0.000000E+0	6.352610E+5
1.378000E-2	0.000000E+0	6.348370E+5
1.380000E-2	0.000000E+0	6.358980E+5
1.382000E-2	0.000000E+0	6.344820E+5
1.384000E-2	0.000000E+0	6.351400E+5
1.386000E-2	0.000000E+0	6.358020E+5
1.388000E-2	0.000000E+0	6.353600E+5
1.390000E-2	0.000000E+0	6.363910E+5
1.392000E-2	0.000000E+0	6.366270E+5
1.394000E-2	0.000000E+0	6.359800E+5
1.396000E-2	0.000000E+0	6.358320E+5
1.398000E-2	0.000000E+0	6.366320E+5
1.400000E-2	0.000000E+0	6.364320E+5
1.402000E-2	0.000000E+0	6.346320E+5
1.404000E-2	0.000000E+0	6.370620E+5
1.406000E-2	0.000000E+0	6.352510E+5
1.408000E-2	0.000000E+0	6.351930E+5
1.410000E-2	0.000000E+0	6.361800E+5
1.412000E-2	0.000000E+0	6.348950E+5
1.414000E-2	0.000000E+0	6.346250E+5
1.416000E-2	0.000000E+0	6.345850E+5
1.418000E-2	0.000000E+0	6.348230E+5
1.420000E-2	0.000000E+0	6.358710E+5
1.422000E-2	0.000000E+0	6.358510E+5
1.424000E-2	0.000000E+0	6.339450E+5
1.426000E-2	0.000000E+0	6.345320E+5
1.428000E-2	0.000000E+0	6.354390E+5
1.430000E-2	0.000000E+0	6.357400E+5
1.432000E-2	0.000000E+0	6.352870E+5
1.434000E-2	0.000000E+0	6.359050E+5
1.436000E-2	0.000000E+0	6.363300E+5
1.438000E-2	0.000000E+0	6.358720E+5
1.440000E-2	0.000000E+0	6.371240E+5
1.442000E-2	0.000000E+0	6.357350E+5
1.444000E-2	0.000000E+0	6.338860E+5
1.446000E-2	0.000000E+0	6.357290E+5
1.448000E-2	0.000000E+0	6.360700E+5
1.450000E-2	0.000000E+0	6.356060E+5
1.452000E-2	0.000000E+0	6.353120E+5
1.454000E-2	0.000000E+0	6.351000E+5
1.456000E-2	0.000000E+0	6.363580E+5
1.458000E-2	0.000000E+0	6.346040E+5
1.460000E-2	0.000000E+0	6.357410E+5
1.462000E-2	0.000000E+0	6.336280E+5
1.464000E-2	0.000000E+0	6.363350E+5
1.466000E-2	0.000000E+0	6.348170E+5
1.468000E-2	0.000000E+0	6.367310E+5
1.470000E-2	0.000000E+0	6.350320E+5
1.472000E-2	0.000000E+0	6.349450E+5
1.474000E-2	0.000000E+0	6.360440E+5
1.476000E-2	0.000000E+0	6.363860E+5
1.478000E-2	0.000000E+0	6.362950E+5
1.480000E-2	0.000000E+0	6.339580E+5
1.482000E-2	0.000000E+0	6.344810E+5
1.484000E-2	0.000000E+0	6.363150E+5
1.486000E-2	0.000000E+0	6.341680E+5
1.488000E-2	0.000000E+0	6.335430E+5
1.490000E-2	0.000000E+0	6.331360E+5
1.492000E-2	0.000000E+0	6.314440E+5
1.494000E-2	0.000000E+0	6.288050E+5
1.496000E-2	0.000000E+0	6.273520E+5
1.498000E-2	0.000000E+0	6.267160E+5
1.500000E-2	0.000000E+0	6.259910E+5
1.502000E-2	0.000000E+0	6.256930E+5
1.504000E-2	0.000000E+0	6.237690E+5
1.506000E-2	0.000000E+0	6.226630E+5
1.508000E-2	0.000000E+0	6.203250E+5
1.510000E-2	0.000000E+0	6.184220E+5
1.512000E-2	0.000000E+0	6.184560E+5
1.514000E-2	0.000000E+0	6.198080E+5
1.516000E-2	0.000000E+0	6.203740E+5
1.518000E-2	0.000000E+0	6.214970E+5
1.520000E-2	0.000000E+0	6.245530E+5
1.522000E-2	0.000000E+0	6.256110E+5
1.524000E-2	0.000000E+0	6.299600E+5
1.526000E-2	0.000000E+0	6.289470E+5
1.528000E-2	0.000000E+0	6.313090E+5
1.530000E-2	0.000000E+0	6.310660E+5
1.532000E-2	0.000000E+0	6.333130E+5
1.534000E-2	0.000000E+0	6.330670E+5
1.536000E-2	0.000000E+0	6.336710E+5
1.538000E-2	0.000000E+0	6.349370E+5
1.540000E-2	0.000000E+0	6.350510E+5
1.542000E-2	0.000000E+0	6.344430E+5
1.544000E-2	0.000000E+0	6.339360E+5
1.546000E-2	0.000000E+0	6.340410E+5
1.548000E-2	0.000000E+0	6.336170E+5
1.550000E-2	0.000000E+0	6.333950E+5
1.552000E-2	0.000000E+0	6.344010E+5
1.554000E-2	0.000000E+0	6.325760E+5
1.556000E-2	0.000000E+0	6.308190E+5
1.558000E-2	0.000000E+0	6.281740E+5
1.560000E-2	0.000000E+0	6.272950E+5
1.562000E-2	0.000000E+0	6.261730E+5
1.564000E-2	0.000000E+0	6.250160E+5
1.566000E-2	0.000000E+0	6.257780E+5
1.568000E-2	0.000000E+0	6.245840E+5
1.570000E-2	0.000000E+0	6.219920E+5
1.572000E-2	0.000000E+0	6.190400E+5
1.574000E-2	0.000000E+0	6.180500E+5
1.576000E-2	0.000000E+0	6.197860E+5
1.578000E-2	0.000000E+0	6.170940E+5
1.580000E-2	0.000000E+0	6.201210E+5
1.582000E-2	0.000000E+0	6.218020E+5
1.584000E-2	0.000000E+0	6.233700E+5
1.586000E-2	0.000000E+0	6.253500E+5
1.588000E-2	0.000000E+0	6.273550E+5
1.590000E-2	0.000000E+0	6.289440E+5
1.592000E-2	0.000000E+0	6.300940E+5
1.594000E-2	0.000000E+0	6.300540E+5
1.596000E-2	0.000000E+0	6.323340E+5
1.598000E-2	0.000000E+0	6.338540E+5
1.600000E-2	0.000000E+0	6.346730E+5
1.602000E-2	0.000000E+0	6.344110E+5
1.604000E-2	0.000000E+0	6.343690E+5
1.606000E-2	0.000000E+0	6.351070E+5
1.608000E-2	0.000000E+0	6.348280E+5
1.610000E-2	0.000000E+0	6.357440E+5
1.612000E-2	0.000000E+0	6.353400E+5
1.614000E-2	0.000000E+0	6.347720E+5
1.616000E-2	0.000000E+0	6.375270E+5
1.618000E-2	0.000000E+0	6.349850E+5
1.620000E-2	0.000000E+0	6.353070E+5
1.622000E-2	0.000000E+0	6.358120E+5
1.624000E-2	0.000000E+0	6.349470E+5
1.626000E-2	0.000000E+0	6.350180E+5
1.628000E-2	0.000000E+0	6.365050E+5
1.630000E-2	0.000000E+0	6.353380E+5
1.632000E-2	0.000000E+0	6.357510E+5
1.634000E-2	0.000000E+0	6.356480E+5
1.636000E-2	0.000000E+0	6.366010E+5
1.638000E-2	0.000000E+0	6.351410E+5
1.640000E-2	0.000000E+0	6.363830E+5
1.642000E-2	0.000000E+0	6.355160E+5
1.644000E-2	0.000000E+0	6.352960E+5
1.646000E-2	0.000000E+0	6.349640E+5
1.648000E-2	0.000000E+0	6.350430E+5
1.650000E-2	0.000000E+0	6.351740E+5
1.652000E-2	0.000000E+0	6.360730E+5
1.654000E-2	0.000000E+0	6.347420E+5
1.656000E-2	0.000000E+0	6.350690E+5
1.658000E-2	0.000000E+0	6.354660E+5
1.660000E-2	0.000000E+0	6.350510E+5
1.662000E-2	0.000000E+0	6.358380E+5
1.664000E-2	0.000000E+0	6.359340E+5
1.666000E-2	0.000000E+0	6.349670E+5
1.668000E-2	0.000000E+0	6.351760E+5
1.670000E-2	0.000000E+0	6.357740E+5
1.672000E-2	0.000000E+0	6.363020E+5
1.674000E-2	0.000000E+0	6.355540E+5
1.676000E-2	0.000000E+0	6.342520E+5
1.678000E-2	0.000000E+0	6.344300E+5
1.680000E-2	0.000000E+0	6.360340E+5
1.682000E-2	0.000000E+0	6.358360E+5
1.684000E-2	0.000000E+0	6.364030E+5
1.686000E-2	0.000000E+0	6.374030E+5
1.688000E-2	0.000000E+0	6.356920E+5
1.690000E-2	0.000000E+0	6.356720E+5
1.692000E-2	0.000000E+0	6.362430E+5
1.694000E-2	0.000000E+0	6.354260E+5
1.696000E-2	0.000000E+0	6.346930E+5
1.698000E-2	0.000000E+0	6.357720E+5
1.700000E-2	0.000000E+0	6.361250E+5
1.702000E-2	0.000000E+0	6.360570E+5
1.704000E-2	0.000000E+0	6.370240E+5
1.706000E-2	0.000000E+0	6.364770E+5
1.708000E-2	0.000000E+0	6.352720E+5
1.710000E-2	0.000000E+0	6.362430E+5
1.712000E-2	0.000000E+0	6.356750E+5
1.714000E-2	0.000000E+0	6.347450E+5
1.716000E-2	0.000000E+0	6.362230E+5
1.718000E-2	0.000000E+0	6.357970E+5
1.720000E-2	0.000000E+0	6.359390E+5
1.722000E-2	0.000000E+0	6.361810E+5
1.724000E-2	0.000000E+0	6.359040E+5
1.726000E-2	0.000000E+0	6.353750E+5
1.728000E-2	0.000000E+0	6.354190E+5
1.730000E-2	0.000000E+0	6.358450E+5
1.732000E-2	0.000000E+0	6.346400E+5
1.734000E-2	0.000000E+0	6.360960E+5
1.736000E-2	0.000000E+0	6.368780E+5
1.738000E-2	0.000000E+0	6.361720E+5
1.740000E-2	0.000000E+0	6.367400E+5
1.742000E-2	0.000000E+0	6.351870E+5
1.744000E-2	0.000000E+0	6.347300E+5
1.746000E-2	0.000000E+0	6.355680E+5
1.748000E-2	0.000000E+0	6.361700E+5
1.750000E-2	0.000000E+0	6.359850E+5
1.752000E-2	0.000000E+0	6.363270E+5
1.754000E-2	0.000000E+0	6.353130E+5
1.756000E-2	0.000000E+0	6.351800E+5
1.758000E-2	0.000000E+0	6.358840E+5
1.760000E-2	0.000000E+0	6.356980E+5
1.762000E-2	0.000000E+0	6.358390E+5
1.764000E-2	0.000000E+0	6.362920E+5
1.766000E-2	0.000000E+0	6.351450E+5
1.768000E-2	0.000000E+0	6.358270E+5
1.770000E-2	0.000000E+0	6.356520E+5
1.772000E-2	0.000000E+0	6.365870E+5
1.774000E-2	0.000000E+0	6.355990E+5
1.776000E-2	0.000000E+0	6.352050E+5
1.778000E-2	0.000000E+0	6.368980E+5
1.780000E-2	0.000000E+0	6.341490E+5
1.782000E-2	0.000000E+0	6.362440E+5
1.784000E-2	0.000000E+0	6.355510E+5
1.786000E-2	0.000000E+0	6.353480E+5
1.788000E-2	0.000000E+0	6.353670E+5
1.790000E-2	0.000000E+0	6.358730E+5
1.792000E-2	0.000000E+0	6.342690E+5
1.794000E-2	0.000000E+0	6.353380E+5
1.796000E-2	0.000000E+0	6.355040E+5
1.798000E-2	0.000000E+0	6.364850E+5
1.800000E-2	0.000000E+0	6.345760E+5
1.802000E-2	0.000000E+0	6.355320E+5
1.804000E-2	0.000000E+0	6.347480E+5
1.806000E-2	0.000000E+0	6.352520E+5
1.808000E-2	0.000000E+0	6.354860E+5
1.810000E-2	0.000000E+0	6.363020E+5
1.812000E-2	0.000000E+0	6.372300E+5
1.814000E-2	0.000000E+0	6.368910E+5
1.816000E-2	0.000000E+0	6.354780E+5
1.818000E-2	0.000000E+0	6.346160E+5
1.820000E-2	0.000000E+0	6.363560E+5
1.822000E-2	0.000000E+0	6.352960E+5
1.824000E-2	0.000000E+0	6.358990E+5
1.826000E-2	0.000000E+0	6.363790E+5
1.828000E-2	0.000000E+0	6.349550E+5
1.830000E-2	0.000000E+0	6.345060E+5
1.832000E-2	0.000000E+0	6.365490E+5
1.834000E-2	0.000000E+0	6.349570E+5
1.836000E-2	0.000000E+0	6.365210E+5
1.838000E-2	0.000000E+0	6.347430E+5
1.840000E-2	0.000000E+0	6.351640E+5
1.842000E-2	0.000000E+0	6.346200E+5
1.844000E-2	0.000000E+0	6.348800E+5
1.846000E-2	0.000000E+0	6.343030E+5
1.848000E-2	0.000000E+0	6.369890E+5
1.850000E-2	0.000000E+0	6.362870E+5
1.852000E-2	0.000000E+0	6.356970E+5
1.854000E-2	0.000000E+0	6.370940E+5
1.856000E-2	0.000000E+0	6.339030E+5
1.858000E-2	0.000000E+0	6.346140E+5
1.860000E-2	0.000000E+0	6.352200E+5
1.862000E-2	0.000000E+0	6.344780E+5
1.864000E-2	0.000000E+0	6.342080E+5
1.866000E-2	0.000000E+0	6.361540E+5
1.868000E-2	0.000000E+0	6.352460E+5
1.870000E-2	0.000000E+0	6.354500E+5
1.872000E-2	0.000000E+0	6.355390E+5
1.874000E-2	0.000000E+0	6.332410E+5
1.876000E-2	0.000000E+0	6.357860E+5
1.878000E-2	0.000000E+0	6.357050E+5
1.880000E-2	0.000000E+0	6.347610E+5
1.882000E-2	0.000000E+0	6.351340E+5
1.884000E-2	0.000000E+0	6.360710E+5
1.886000E-2	0.000000E+0	6.350080E+5
1.888000E-2	0.000000E+0	6.348510E+5
1.890000E-2	0.000000E+0	6.348550E+5
1.892000E-2	0.000000E+0	6.366810E+5
1.894000E-2	0.000000E+0	6.356550E+5
1.896000E-2	0.000000E+0	6.357780E+5
1.898000E-2	0.000000E+0	6.365250E+5
1.900000E-2	0.000000E+0	6.350870E+5
1.902000E-2	0.000000E+0	6.344640E+5
1.904000E-2	0.000000E+0	6.356870E+5
1.906000E-2	0.000000E+0	6.362070E+5
1.908000E-2	0.000000E+0	6.358660E+5
1.910000E-2	0.000000E+0	6.347290E+5
1.912000E-2	0.000000E+0	6.339900E+5
1.914000E-2	0.000000E+0	6.356760E+5
1.916000E-2	0.000000E+0	6.350590E+5
1.918000E-2	0.000000E+0	6.344780E+5
1.920000E-2	0.000000E+0	6.362220E+5
1.922000E-2	0.000000E+0	6.362350E+5
1.924000E-2	0.000000E+0	6.359230E+5
1.926000E-2	0.000000E+0	6.360770E+5
1.928000E-2	0.000000E+0	6.363880E+5
1.930000E-2	0.000000E+0	6.353620E+5
1.932000E-2	0.000000E+0	6.350050E+5
1.934000E-2	0.000000E+0	6.355940E+5
1.936000E-2	0.000000E+0	6.353900E+5
1.938000E-2	0.000000E+0	6.357950E+5
1.940000E-2	0.000000E+0	6.337310E+5
1.942000E-2	0.000000E+0	6.366060E+5
1.944000E-2	0.000000E+0	6.358140E+5
1.946000E-2	0.000000E+0	6.339750E+5
1.948000E-2	0.000000E+0	6.353210E+5
1.950000E-2	0.000000E+0	6.357670E+5
1.952000E-2	0.000000E+0	6.365940E+5
1.954000E-2	0.000000E+0	6.348470E+5
1.956000E-2	0.000000E+0	6.362710E+5
1.958000E-2	0.000000E+0	6.352670E+5
1.960000E-2	0.000000E+0	6.359040E+5
1.962000E-2	0.000000E+0	6.350630E+5
1.964000E-2	0.000000E+0	6.361460E+5
1.966000E-2	0.000000E+0	6.364440E+5
1.968000E-2	0.000000E+0	6.359190E+5
1.970000E-2	0.000000E+0	6.350800E+5
1.972000E-2	0.000000E+0	6.355280E+5
1.974000E-2	0.000000E+0	6.355790E+5
1.976000E-2	0.000000E+0	6.342540E+5
1.978000E-2	0.000000E+0	6.349410E+5
1.980000E-2	0.000000E+0	6.355630E+5
1.982000E-2	0.000000E+0	6.348150E+5
1.984000E-2	0.000000E+0	6.357960E+5
1.986000E-2	0.000000E+0	6.348710E+5
1.988000E-2	0.000000E+0	6.348070E+5
1.990000E-2	0.000000E+0	6.349110E+5
1.992000E-2	0.000000E+0	6.350080E+5
1.994000E-2	0.000000E+0	6.371910E+5
1.996000E-2	0.000000E+0	6.348870E+5
1.998000E-2	0.000000E+0	6.354040E+5
