

live time:  189582.620000
real time:  262805.586000
sweeps:  9479131.000000
0.000000E+0	0.000000E+0	0.000000E+0
2.000000E-5	0.000000E+0	4.155220E+5
4.000000E-5	0.000000E+0	4.160710E+5
6.000000E-5	0.000000E+0	4.155510E+5
8.000000E-5	0.000000E+0	4.158120E+5
1.000000E-4	0.000000E+0	4.145110E+5
1.200000E-4	0.000000E+0	4.158300E+5
1.400000E-4	0.000000E+0	4.159160E+5
1.600000E-4	0.000000E+0	4.158270E+5
1.800000E-4	0.000000E+0	4.155440E+5
2.000000E-4	0.000000E+0	4.156760E+5
2.200000E-4	0.000000E+0	4.157670E+5
2.400000E-4	0.000000E+0	4.144680E+5
2.600000E-4	0.000000E+0	4.143040E+5
2.800000E-4	0.000000E+0	4.153090E+5
3.000000E-4	0.000000E+0	4.169160E+5
3.200000E-4	0.000000E+0	4.155170E+5
3.400000E-4	0.000000E+0	4.152730E+5
3.600000E-4	0.000000E+0	4.163430E+5
3.800000E-4	0.000000E+0	4.151740E+5
4.000000E-4	0.000000E+0	4.146670E+5
4.200000E-4	0.000000E+0	4.154810E+5
4.400000E-4	0.000000E+0	4.150370E+5
4.600000E-4	0.000000E+0	4.163950E+5
4.800000E-4	0.000000E+0	4.151000E+5
5.000000E-4	0.000000E+0	4.153080E+5
5.200000E-4	0.000000E+0	4.158770E+5
5.400000E-4	0.000000E+0	4.150880E+5
5.600000E-4	0.000000E+0	4.148360E+5
5.800000E-4	0.000000E+0	4.154470E+5
6.000000E-4	0.000000E+0	4.162530E+5
6.200000E-4	0.000000E+0	4.152670E+5
6.400000E-4	0.000000E+0	4.166320E+5
6.600000E-4	0.000000E+0	4.146610E+5
6.800000E-4	0.000000E+0	4.151670E+5
7.000000E-4	0.000000E+0	4.158110E+5
7.200000E-4	0.000000E+0	4.166430E+5
7.400000E-4	0.000000E+0	4.147330E+5
7.600000E-4	0.000000E+0	4.149340E+5
7.800000E-4	0.000000E+0	4.142410E+5
8.000000E-4	0.000000E+0	4.162880E+5
8.200000E-4	0.000000E+0	4.154460E+5
8.400000E-4	0.000000E+0	4.151090E+5
8.600000E-4	0.000000E+0	4.164890E+5
8.800000E-4	0.000000E+0	4.150940E+5
9.000000E-4	0.000000E+0	4.168260E+5
9.200000E-4	0.000000E+0	4.151150E+5
9.400000E-4	0.000000E+0	4.157390E+5
9.600000E-4	0.000000E+0	4.144560E+5
9.800000E-4	0.000000E+0	4.168120E+5
1.000000E-3	0.000000E+0	4.157380E+5
1.020000E-3	0.000000E+0	4.153440E+5
1.040000E-3	0.000000E+0	4.151410E+5
1.060000E-3	0.000000E+0	4.151280E+5
1.080000E-3	0.000000E+0	4.154050E+5
1.100000E-3	0.000000E+0	4.145740E+5
1.120000E-3	0.000000E+0	4.160650E+5
1.140000E-3	0.000000E+0	4.144740E+5
1.160000E-3	0.000000E+0	4.153210E+5
1.180000E-3	0.000000E+0	4.150520E+5
1.200000E-3	0.000000E+0	4.155570E+5
1.220000E-3	0.000000E+0	4.161550E+5
1.240000E-3	0.000000E+0	4.154640E+5
1.260000E-3	0.000000E+0	4.152870E+5
1.280000E-3	0.000000E+0	4.155250E+5
1.300000E-3	0.000000E+0	4.140840E+5
1.320000E-3	0.000000E+0	4.166040E+5
1.340000E-3	0.000000E+0	4.156400E+5
1.360000E-3	0.000000E+0	4.150060E+5
1.380000E-3	0.000000E+0	4.165890E+5
1.400000E-3	0.000000E+0	4.154630E+5
1.420000E-3	0.000000E+0	4.157830E+5
1.440000E-3	0.000000E+0	4.154220E+5
1.460000E-3	0.000000E+0	4.143640E+5
1.480000E-3	0.000000E+0	4.165690E+5
1.500000E-3	0.000000E+0	4.155250E+5
1.520000E-3	0.000000E+0	4.152660E+5
1.540000E-3	0.000000E+0	4.159000E+5
1.560000E-3	0.000000E+0	4.156730E+5
1.580000E-3	0.000000E+0	4.157730E+5
1.600000E-3	0.000000E+0	4.153470E+5
1.620000E-3	0.000000E+0	4.153010E+5
1.640000E-3	0.000000E+0	4.146820E+5
1.660000E-3	0.000000E+0	4.156740E+5
1.680000E-3	0.000000E+0	4.152420E+5
1.700000E-3	0.000000E+0	4.147450E+5
1.720000E-3	0.000000E+0	4.157240E+5
1.740000E-3	0.000000E+0	4.166190E+5
1.760000E-3	0.000000E+0	4.162540E+5
1.780000E-3	0.000000E+0	4.163790E+5
1.800000E-3	0.000000E+0	4.163370E+5
1.820000E-3	0.000000E+0	4.150490E+5
1.840000E-3	0.000000E+0	4.145010E+5
1.860000E-3	0.000000E+0	4.155200E+5
1.880000E-3	0.000000E+0	4.153730E+5
1.900000E-3	0.000000E+0	4.146220E+5
1.920000E-3	0.000000E+0	4.151690E+5
1.940000E-3	0.000000E+0	4.152180E+5
1.960000E-3	0.000000E+0	4.157500E+5
1.980000E-3	0.000000E+0	4.159990E+5
2.000000E-3	0.000000E+0	4.149600E+5
2.020000E-3	0.000000E+0	4.155560E+5
2.040000E-3	0.000000E+0	4.150660E+5
2.060000E-3	0.000000E+0	4.161200E+5
2.080000E-3	0.000000E+0	4.163770E+5
2.100000E-3	0.000000E+0	4.163390E+5
2.120000E-3	0.000000E+0	4.163050E+5
2.140000E-3	0.000000E+0	4.142470E+5
2.160000E-3	0.000000E+0	4.145110E+5
2.180000E-3	0.000000E+0	4.155810E+5
2.200000E-3	0.000000E+0	4.162640E+5
2.220000E-3	0.000000E+0	4.160010E+5
2.240000E-3	0.000000E+0	4.152130E+5
2.260000E-3	0.000000E+0	4.155290E+5
2.280000E-3	0.000000E+0	4.157620E+5
2.300000E-3	0.000000E+0	4.157840E+5
2.320000E-3	0.000000E+0	4.155080E+5
2.340000E-3	0.000000E+0	4.152180E+5
2.360000E-3	0.000000E+0	4.156460E+5
2.380000E-3	0.000000E+0	4.167540E+5
2.400000E-3	0.000000E+0	4.142560E+5
2.420000E-3	0.000000E+0	4.151860E+5
2.440000E-3	0.000000E+0	4.147580E+5
2.460000E-3	0.000000E+0	4.157800E+5
2.480000E-3	0.000000E+0	4.169730E+5
2.500000E-3	0.000000E+0	4.151860E+5
2.520000E-3	0.000000E+0	4.161110E+5
2.540000E-3	0.000000E+0	4.145330E+5
2.560000E-3	0.000000E+0	4.156190E+5
2.580000E-3	0.000000E+0	4.149760E+5
2.600000E-3	0.000000E+0	4.163000E+5
2.620000E-3	0.000000E+0	4.153090E+5
2.640000E-3	0.000000E+0	4.144710E+5
2.660000E-3	0.000000E+0	4.161770E+5
2.680000E-3	0.000000E+0	4.149970E+5
2.700000E-3	0.000000E+0	4.155830E+5
2.720000E-3	0.000000E+0	4.136270E+5
2.740000E-3	0.000000E+0	4.156450E+5
2.760000E-3	0.000000E+0	4.151590E+5
2.780000E-3	0.000000E+0	4.152410E+5
2.800000E-3	0.000000E+0	4.153250E+5
2.820000E-3	0.000000E+0	4.151840E+5
2.840000E-3	0.000000E+0	4.145390E+5
2.860000E-3	0.000000E+0	4.164490E+5
2.880000E-3	0.000000E+0	4.156980E+5
2.900000E-3	0.000000E+0	4.159660E+5
2.920000E-3	0.000000E+0	4.143640E+5
2.940000E-3	0.000000E+0	4.156030E+5
2.960000E-3	0.000000E+0	4.153510E+5
2.980000E-3	0.000000E+0	4.145170E+5
3.000000E-3	0.000000E+0	4.154360E+5
3.020000E-3	0.000000E+0	4.153410E+5
3.040000E-3	0.000000E+0	4.161000E+5
3.060000E-3	0.000000E+0	4.168630E+5
3.080000E-3	0.000000E+0	4.155630E+5
3.100000E-3	0.000000E+0	4.145410E+5
3.120000E-3	0.000000E+0	4.156240E+5
3.140000E-3	0.000000E+0	4.159500E+5
3.160000E-3	0.000000E+0	4.149410E+5
3.180000E-3	0.000000E+0	4.157820E+5
3.200000E-3	0.000000E+0	4.151140E+5
3.220000E-3	0.000000E+0	4.160700E+5
3.240000E-3	0.000000E+0	4.164030E+5
3.260000E-3	0.000000E+0	4.161040E+5
3.280000E-3	0.000000E+0	4.157990E+5
3.300000E-3	0.000000E+0	4.150490E+5
3.320000E-3	0.000000E+0	4.156930E+5
3.340000E-3	0.000000E+0	4.148040E+5
3.360000E-3	0.000000E+0	4.146770E+5
3.380000E-3	0.000000E+0	4.145170E+5
3.400000E-3	0.000000E+0	4.153250E+5
3.420000E-3	0.000000E+0	4.164880E+5
3.440000E-3	0.000000E+0	4.147740E+5
3.460000E-3	0.000000E+0	4.159160E+5
3.480000E-3	0.000000E+0	4.151040E+5
3.500000E-3	0.000000E+0	4.154200E+5
3.520000E-3	0.000000E+0	4.147870E+5
3.540000E-3	0.000000E+0	4.151820E+5
3.560000E-3	0.000000E+0	4.153350E+5
3.580000E-3	0.000000E+0	4.145110E+5
3.600000E-3	0.000000E+0	4.151420E+5
3.620000E-3	0.000000E+0	4.133170E+5
3.640000E-3	0.000000E+0	4.160920E+5
3.660000E-3	0.000000E+0	4.153600E+5
3.680000E-3	0.000000E+0	4.150680E+5
3.700000E-3	0.000000E+0	4.146150E+5
3.720000E-3	0.000000E+0	4.153280E+5
3.740000E-3	0.000000E+0	4.149100E+5
3.760000E-3	0.000000E+0	4.153390E+5
3.780000E-3	0.000000E+0	4.146850E+5
3.800000E-3	0.000000E+0	4.145950E+5
3.820000E-3	0.000000E+0	4.146240E+5
3.840000E-3	0.000000E+0	4.152220E+5
3.860000E-3	0.000000E+0	4.148530E+5
3.880000E-3	0.000000E+0	4.145240E+5
3.900000E-3	0.000000E+0	4.160780E+5
3.920000E-3	0.000000E+0	4.169080E+5
3.940000E-3	0.000000E+0	4.161150E+5
3.960000E-3	0.000000E+0	4.161050E+5
3.980000E-3	0.000000E+0	4.155850E+5
4.000000E-3	0.000000E+0	4.153290E+5
4.020000E-3	0.000000E+0	4.159270E+5
4.040000E-3	0.000000E+0	4.148200E+5
4.060000E-3	0.000000E+0	4.159440E+5
4.080000E-3	0.000000E+0	4.157070E+5
4.100000E-3	0.000000E+0	4.158230E+5
4.120000E-3	0.000000E+0	4.151250E+5
4.140000E-3	0.000000E+0	4.145650E+5
4.160000E-3	0.000000E+0	4.160840E+5
4.180000E-3	0.000000E+0	4.146730E+5
4.200000E-3	0.000000E+0	4.155910E+5
4.220000E-3	0.000000E+0	4.153080E+5
4.240000E-3	0.000000E+0	4.152600E+5
4.260000E-3	0.000000E+0	4.145290E+5
4.280000E-3	0.000000E+0	4.161160E+5
4.300000E-3	0.000000E+0	4.156690E+5
4.320000E-3	0.000000E+0	4.148900E+5
4.340000E-3	0.000000E+0	4.145510E+5
4.360000E-3	0.000000E+0	4.150670E+5
4.380000E-3	0.000000E+0	4.147680E+5
4.400000E-3	0.000000E+0	4.157150E+5
4.420000E-3	0.000000E+0	4.150750E+5
4.440000E-3	0.000000E+0	4.149900E+5
4.460000E-3	0.000000E+0	4.148860E+5
4.480000E-3	0.000000E+0	4.143140E+5
4.500000E-3	0.000000E+0	4.152620E+5
4.520000E-3	0.000000E+0	4.142040E+5
4.540000E-3	0.000000E+0	4.141350E+5
4.560000E-3	0.000000E+0	4.144760E+5
4.580000E-3	0.000000E+0	4.153940E+5
4.600000E-3	0.000000E+0	4.149830E+5
4.620000E-3	0.000000E+0	4.146860E+5
4.640000E-3	0.000000E+0	4.155570E+5
4.660000E-3	0.000000E+0	4.153890E+5
4.680000E-3	0.000000E+0	4.149640E+5
4.700000E-3	0.000000E+0	4.154940E+5
4.720000E-3	0.000000E+0	4.154180E+5
4.740000E-3	0.000000E+0	4.143880E+5
4.760000E-3	0.000000E+0	4.160650E+5
4.780000E-3	0.000000E+0	4.143140E+5
4.800000E-3	0.000000E+0	4.146200E+5
4.820000E-3	0.000000E+0	4.143410E+5
4.840000E-3	0.000000E+0	4.143500E+5
4.860000E-3	0.000000E+0	4.128470E+5
4.880000E-3	0.000000E+0	4.124510E+5
4.900000E-3	0.000000E+0	4.125120E+5
4.920000E-3	0.000000E+0	4.096260E+5
4.940000E-3	0.000000E+0	4.091240E+5
4.960000E-3	0.000000E+0	4.090230E+5
4.980000E-3	0.000000E+0	4.091930E+5
5.000000E-3	0.000000E+0	4.074260E+5
5.020000E-3	0.000000E+0	4.065150E+5
5.040000E-3	0.000000E+0	4.047120E+5
5.060000E-3	0.000000E+0	4.041110E+5
5.080000E-3	0.000000E+0	4.036940E+5
5.100000E-3	0.000000E+0	4.040700E+5
5.120000E-3	0.000000E+0	4.036850E+5
5.140000E-3	0.000000E+0	4.050020E+5
5.160000E-3	0.000000E+0	4.068320E+5
5.180000E-3	0.000000E+0	4.076190E+5
5.200000E-3	0.000000E+0	4.089320E+5
5.220000E-3	0.000000E+0	4.097620E+5
5.240000E-3	0.000000E+0	4.095590E+5
5.260000E-3	0.000000E+0	4.126120E+5
5.280000E-3	0.000000E+0	4.106560E+5
5.300000E-3	0.000000E+0	4.124780E+5
5.320000E-3	0.000000E+0	4.141770E+5
5.340000E-3	0.000000E+0	4.141760E+5
5.360000E-3	0.000000E+0	4.148410E+5
5.380000E-3	0.000000E+0	4.136040E+5
5.400000E-3	0.000000E+0	4.154640E+5
5.420000E-3	0.000000E+0	4.145840E+5
5.440000E-3	0.000000E+0	4.139010E+5
5.460000E-3	0.000000E+0	4.136220E+5
5.480000E-3	0.000000E+0	4.132370E+5
5.500000E-3	0.000000E+0	4.137100E+5
5.520000E-3	0.000000E+0	4.127500E+5
5.540000E-3	0.000000E+0	4.122410E+5
5.560000E-3	0.000000E+0	4.102230E+5
5.580000E-3	0.000000E+0	4.101510E+5
5.600000E-3	0.000000E+0	4.077310E+5
5.620000E-3	0.000000E+0	4.087080E+5
5.640000E-3	0.000000E+0	4.097000E+5
5.660000E-3	0.000000E+0	4.077580E+5
5.680000E-3	0.000000E+0	4.072130E+5
5.700000E-3	0.000000E+0	4.055560E+5
5.720000E-3	0.000000E+0	4.046310E+5
5.740000E-3	0.000000E+0	4.046260E+5
5.760000E-3	0.000000E+0	4.052200E+5
5.780000E-3	0.000000E+0	4.054750E+5
5.800000E-3	0.000000E+0	4.063810E+5
5.820000E-3	0.000000E+0	4.081410E+5
5.840000E-3	0.000000E+0	4.091940E+5
5.860000E-3	0.000000E+0	4.096570E+5
5.880000E-3	0.000000E+0	4.110940E+5
5.900000E-3	0.000000E+0	4.123460E+5
5.920000E-3	0.000000E+0	4.138200E+5
5.940000E-3	0.000000E+0	4.129350E+5
5.960000E-3	0.000000E+0	4.136390E+5
5.980000E-3	0.000000E+0	4.145970E+5
6.000000E-3	0.000000E+0	4.145740E+5
6.020000E-3	0.000000E+0	4.144440E+5
6.040000E-3	0.000000E+0	4.149510E+5
6.060000E-3	0.000000E+0	4.148650E+5
6.080000E-3	0.000000E+0	4.149380E+5
6.100000E-3	0.000000E+0	4.142070E+5
6.120000E-3	0.000000E+0	4.153550E+5
6.140000E-3	0.000000E+0	4.148990E+5
6.160000E-3	0.000000E+0	4.143850E+5
6.180000E-3	0.000000E+0	4.154920E+5
6.200000E-3	0.000000E+0	4.148450E+5
6.220000E-3	0.000000E+0	4.153880E+5
6.240000E-3	0.000000E+0	4.140510E+5
6.260000E-3	0.000000E+0	4.147540E+5
6.280000E-3	0.000000E+0	4.165780E+5
6.300000E-3	0.000000E+0	4.160730E+5
6.320000E-3	0.000000E+0	4.156670E+5
6.340000E-3	0.000000E+0	4.155500E+5
6.360000E-3	0.000000E+0	4.148430E+5
6.380000E-3	0.000000E+0	4.159080E+5
6.400000E-3	0.000000E+0	4.148220E+5
6.420000E-3	0.000000E+0	4.144500E+5
6.440000E-3	0.000000E+0	4.167560E+5
6.460000E-3	0.000000E+0	4.152280E+5
6.480000E-3	0.000000E+0	4.146800E+5
6.500000E-3	0.000000E+0	4.148580E+5
6.520000E-3	0.000000E+0	4.151640E+5
6.540000E-3	0.000000E+0	4.147060E+5
6.560000E-3	0.000000E+0	4.160710E+5
6.580000E-3	0.000000E+0	4.146660E+5
6.600000E-3	0.000000E+0	4.159430E+5
6.620000E-3	0.000000E+0	4.151830E+5
6.640000E-3	0.000000E+0	4.152060E+5
6.660000E-3	0.000000E+0	4.144720E+5
6.680000E-3	0.000000E+0	4.151790E+5
6.700000E-3	0.000000E+0	4.156160E+5
6.720000E-3	0.000000E+0	4.152830E+5
6.740000E-3	0.000000E+0	4.159310E+5
6.760000E-3	0.000000E+0	4.161400E+5
6.780000E-3	0.000000E+0	4.147140E+5
6.800000E-3	0.000000E+0	4.156860E+5
6.820000E-3	0.000000E+0	4.155590E+5
6.840000E-3	0.000000E+0	4.149620E+5
6.860000E-3	0.000000E+0	4.153520E+5
6.880000E-3	0.000000E+0	4.163120E+5
6.900000E-3	0.000000E+0	4.144700E+5
6.920000E-3	0.000000E+0	4.141880E+5
6.940000E-3	0.000000E+0	4.154940E+5
6.960000E-3	0.000000E+0	4.138040E+5
6.980000E-3	0.000000E+0	4.154130E+5
7.000000E-3	0.000000E+0	4.150090E+5
7.020000E-3	0.000000E+0	4.158480E+5
7.040000E-3	0.000000E+0	4.156350E+5
7.060000E-3	0.000000E+0	4.156930E+5
7.080000E-3	0.000000E+0	4.153950E+5
7.100000E-3	0.000000E+0	4.153290E+5
7.120000E-3	0.000000E+0	4.154380E+5
7.140000E-3	0.000000E+0	4.151640E+5
7.160000E-3	0.000000E+0	4.156520E+5
7.180000E-3	0.000000E+0	4.145490E+5
7.200000E-3	0.000000E+0	4.154260E+5
7.220000E-3	0.000000E+0	4.157130E+5
7.240000E-3	0.000000E+0	4.154970E+5
7.260000E-3	0.000000E+0	4.150600E+5
7.280000E-3	0.000000E+0	4.151830E+5
7.300000E-3	0.000000E+0	4.148730E+5
7.320000E-3	0.000000E+0	4.160630E+5
7.340000E-3	0.000000E+0	4.162400E+5
7.360000E-3	0.000000E+0	4.149570E+5
7.380000E-3	0.000000E+0	4.159660E+5
7.400000E-3	0.000000E+0	4.155340E+5
7.420000E-3	0.000000E+0	4.154830E+5
7.440000E-3	0.000000E+0	4.155760E+5
7.460000E-3	0.000000E+0	4.160870E+5
7.480000E-3	0.000000E+0	4.150490E+5
7.500000E-3	0.000000E+0	4.158550E+5
7.520000E-3	0.000000E+0	4.158660E+5
7.540000E-3	0.000000E+0	4.153630E+5
7.560000E-3	0.000000E+0	4.158400E+5
7.580000E-3	0.000000E+0	4.157580E+5
7.600000E-3	0.000000E+0	4.148260E+5
7.620000E-3	0.000000E+0	4.154650E+5
7.640000E-3	0.000000E+0	4.162110E+5
7.660000E-3	0.000000E+0	4.147600E+5
7.680000E-3	0.000000E+0	4.153400E+5
7.700000E-3	0.000000E+0	4.146430E+5
7.720000E-3	0.000000E+0	4.157560E+5
7.740000E-3	0.000000E+0	4.146580E+5
7.760000E-3	0.000000E+0	4.150180E+5
7.780000E-3	0.000000E+0	4.162300E+5
7.800000E-3	0.000000E+0	4.151330E+5
7.820000E-3	0.000000E+0	4.150070E+5
7.840000E-3	0.000000E+0	4.163420E+5
7.860000E-3	0.000000E+0	4.154190E+5
7.880000E-3	0.000000E+0	4.153550E+5
7.900000E-3	0.000000E+0	4.150300E+5
7.920000E-3	0.000000E+0	4.152600E+5
7.940000E-3	0.000000E+0	4.163270E+5
7.960000E-3	0.000000E+0	4.165830E+5
7.980000E-3	0.000000E+0	4.165840E+5
8.000000E-3	0.000000E+0	4.156940E+5
8.020000E-3	0.000000E+0	4.155020E+5
8.040000E-3	0.000000E+0	4.143980E+5
8.060000E-3	0.000000E+0	4.149810E+5
8.080000E-3	0.000000E+0	4.160290E+5
8.100000E-3	0.000000E+0	4.164260E+5
8.120000E-3	0.000000E+0	4.157560E+5
8.140000E-3	0.000000E+0	4.147390E+5
8.160000E-3	0.000000E+0	4.157420E+5
8.180000E-3	0.000000E+0	4.148430E+5
8.200000E-3	0.000000E+0	4.155370E+5
8.220000E-3	0.000000E+0	4.149710E+5
8.240000E-3	0.000000E+0	4.159560E+5
8.260000E-3	0.000000E+0	4.168370E+5
8.280000E-3	0.000000E+0	4.147110E+5
8.300000E-3	0.000000E+0	4.155650E+5
8.320000E-3	0.000000E+0	4.145850E+5
8.340000E-3	0.000000E+0	4.149050E+5
8.360000E-3	0.000000E+0	4.147870E+5
8.380000E-3	0.000000E+0	4.135220E+5
8.400000E-3	0.000000E+0	4.147030E+5
8.420000E-3	0.000000E+0	4.154590E+5
8.440000E-3	0.000000E+0	4.161180E+5
8.460000E-3	0.000000E+0	4.159840E+5
8.480000E-3	0.000000E+0	4.163580E+5
8.500000E-3	0.000000E+0	4.143090E+5
8.520000E-3	0.000000E+0	4.161650E+5
8.540000E-3	0.000000E+0	4.158140E+5
8.560000E-3	0.000000E+0	4.152810E+5
8.580000E-3	0.000000E+0	4.168580E+5
8.600000E-3	0.000000E+0	4.153930E+5
8.620000E-3	0.000000E+0	4.161740E+5
8.640000E-3	0.000000E+0	4.152730E+5
8.660000E-3	0.000000E+0	4.150880E+5
8.680000E-3	0.000000E+0	4.158210E+5
8.700000E-3	0.000000E+0	4.138500E+5
8.720000E-3	0.000000E+0	4.162100E+5
8.740000E-3	0.000000E+0	4.147170E+5
8.760000E-3	0.000000E+0	4.153000E+5
8.780000E-3	0.000000E+0	4.157630E+5
8.800000E-3	0.000000E+0	4.161980E+5
8.820000E-3	0.000000E+0	4.159430E+5
8.840000E-3	0.000000E+0	4.149810E+5
8.860000E-3	0.000000E+0	4.171520E+5
8.880000E-3	0.000000E+0	4.149370E+5
8.900000E-3	0.000000E+0	4.153510E+5
8.920000E-3	0.000000E+0	4.143130E+5
8.940000E-3	0.000000E+0	4.145510E+5
8.960000E-3	0.000000E+0	4.162850E+5
8.980000E-3	0.000000E+0	4.153540E+5
9.000000E-3	0.000000E+0	4.151150E+5
9.020000E-3	0.000000E+0	4.140340E+5
9.040000E-3	0.000000E+0	4.158260E+5
9.060000E-3	0.000000E+0	4.175330E+5
9.080000E-3	0.000000E+0	4.154870E+5
9.100000E-3	0.000000E+0	4.161740E+5
9.120000E-3	0.000000E+0	4.148510E+5
9.140000E-3	0.000000E+0	4.155530E+5
9.160000E-3	0.000000E+0	4.158410E+5
9.180000E-3	0.000000E+0	4.143930E+5
9.200000E-3	0.000000E+0	4.153080E+5
9.220000E-3	0.000000E+0	4.153130E+5
9.240000E-3	0.000000E+0	4.161810E+5
9.260000E-3	0.000000E+0	4.166170E+5
9.280000E-3	0.000000E+0	4.165920E+5
9.300000E-3	0.000000E+0	4.161560E+5
9.320000E-3	0.000000E+0	4.150820E+5
9.340000E-3	0.000000E+0	4.153330E+5
9.360000E-3	0.000000E+0	4.151370E+5
9.380000E-3	0.000000E+0	4.166340E+5
9.400000E-3	0.000000E+0	4.159020E+5
9.420000E-3	0.000000E+0	4.166910E+5
9.440000E-3	0.000000E+0	4.149340E+5
9.460000E-3	0.000000E+0	4.164370E+5
9.480000E-3	0.000000E+0	4.155100E+5
9.500000E-3	0.000000E+0	4.144140E+5
9.520000E-3	0.000000E+0	4.160940E+5
9.540000E-3	0.000000E+0	4.143880E+5
9.560000E-3	0.000000E+0	4.153810E+5
9.580000E-3	0.000000E+0	4.154200E+5
9.600000E-3	0.000000E+0	4.156130E+5
9.620000E-3	0.000000E+0	4.149030E+5
9.640000E-3	0.000000E+0	4.149870E+5
9.660000E-3	0.000000E+0	4.163030E+5
9.680000E-3	0.000000E+0	4.143580E+5
9.700000E-3	0.000000E+0	4.149650E+5
9.720000E-3	0.000000E+0	4.161580E+5
9.740000E-3	0.000000E+0	4.154740E+5
9.760000E-3	0.000000E+0	4.151040E+5
9.780000E-3	0.000000E+0	4.158990E+5
9.800000E-3	0.000000E+0	4.161230E+5
9.820000E-3	0.000000E+0	4.162460E+5
9.840000E-3	0.000000E+0	4.158860E+5
9.860000E-3	0.000000E+0	4.146330E+5
9.880000E-3	0.000000E+0	4.167020E+5
9.900000E-3	0.000000E+0	4.168440E+5
9.920000E-3	0.000000E+0	4.151620E+5
9.940000E-3	0.000000E+0	4.145890E+5
9.960000E-3	0.000000E+0	4.145490E+5
9.980000E-3	0.000000E+0	4.166730E+5
1.000000E-2	0.000000E+0	4.148530E+5
1.002000E-2	0.000000E+0	4.152590E+5
1.004000E-2	0.000000E+0	4.160920E+5
1.006000E-2	0.000000E+0	4.157360E+5
1.008000E-2	0.000000E+0	4.153650E+5
1.010000E-2	0.000000E+0	4.152680E+5
1.012000E-2	0.000000E+0	4.165760E+5
1.014000E-2	0.000000E+0	4.171250E+5
1.016000E-2	0.000000E+0	4.160930E+5
1.018000E-2	0.000000E+0	4.155590E+5
1.020000E-2	0.000000E+0	4.161220E+5
1.022000E-2	0.000000E+0	4.154910E+5
1.024000E-2	0.000000E+0	4.148740E+5
1.026000E-2	0.000000E+0	4.168310E+5
1.028000E-2	0.000000E+0	4.150190E+5
1.030000E-2	0.000000E+0	4.162110E+5
1.032000E-2	0.000000E+0	4.149820E+5
1.034000E-2	0.000000E+0	4.164080E+5
1.036000E-2	0.000000E+0	4.156880E+5
1.038000E-2	0.000000E+0	4.162340E+5
1.040000E-2	0.000000E+0	4.150460E+5
1.042000E-2	0.000000E+0	4.155180E+5
1.044000E-2	0.000000E+0	4.150930E+5
1.046000E-2	0.000000E+0	4.163270E+5
1.048000E-2	0.000000E+0	4.164240E+5
1.050000E-2	0.000000E+0	4.155120E+5
1.052000E-2	0.000000E+0	4.160370E+5
1.054000E-2	0.000000E+0	4.170520E+5
1.056000E-2	0.000000E+0	4.151560E+5
1.058000E-2	0.000000E+0	4.162280E+5
1.060000E-2	0.000000E+0	4.151950E+5
1.062000E-2	0.000000E+0	4.153880E+5
1.064000E-2	0.000000E+0	4.156850E+5
1.066000E-2	0.000000E+0	4.157460E+5
1.068000E-2	0.000000E+0	4.157590E+5
1.070000E-2	0.000000E+0	4.148060E+5
1.072000E-2	0.000000E+0	4.155350E+5
1.074000E-2	0.000000E+0	4.161420E+5
1.076000E-2	0.000000E+0	4.165050E+5
1.078000E-2	0.000000E+0	4.167900E+5
1.080000E-2	0.000000E+0	4.164930E+5
1.082000E-2	0.000000E+0	4.170690E+5
1.084000E-2	0.000000E+0	4.154960E+5
1.086000E-2	0.000000E+0	4.159480E+5
1.088000E-2	0.000000E+0	4.158900E+5
1.090000E-2	0.000000E+0	4.160910E+5
1.092000E-2	0.000000E+0	4.156350E+5
1.094000E-2	0.000000E+0	4.153300E+5
1.096000E-2	0.000000E+0	4.152970E+5
1.098000E-2	0.000000E+0	4.160580E+5
1.100000E-2	0.000000E+0	4.161580E+5
1.102000E-2	0.000000E+0	4.147200E+5
1.104000E-2	0.000000E+0	4.164480E+5
1.106000E-2	0.000000E+0	4.159170E+5
1.108000E-2	0.000000E+0	4.159960E+5
1.110000E-2	0.000000E+0	4.156220E+5
1.112000E-2	0.000000E+0	4.156730E+5
1.114000E-2	0.000000E+0	4.163660E+5
1.116000E-2	0.000000E+0	4.138010E+5
1.118000E-2	0.000000E+0	4.158520E+5
1.120000E-2	0.000000E+0	4.155390E+5
1.122000E-2	0.000000E+0	4.171040E+5
1.124000E-2	0.000000E+0	4.170150E+5
1.126000E-2	0.000000E+0	4.144880E+5
1.128000E-2	0.000000E+0	4.148350E+5
1.130000E-2	0.000000E+0	4.155420E+5
1.132000E-2	0.000000E+0	4.166810E+5
1.134000E-2	0.000000E+0	4.149260E+5
1.136000E-2	0.000000E+0	4.166820E+5
1.138000E-2	0.000000E+0	4.153730E+5
1.140000E-2	0.000000E+0	4.170120E+5
1.142000E-2	0.000000E+0	4.153980E+5
1.144000E-2	0.000000E+0	4.168230E+5
1.146000E-2	0.000000E+0	4.154740E+5
1.148000E-2	0.000000E+0	4.155750E+5
1.150000E-2	0.000000E+0	4.152360E+5
1.152000E-2	0.000000E+0	4.152350E+5
1.154000E-2	0.000000E+0	4.151410E+5
1.156000E-2	0.000000E+0	4.163410E+5
1.158000E-2	0.000000E+0	4.151470E+5
1.160000E-2	0.000000E+0	4.157220E+5
1.162000E-2	0.000000E+0	4.155610E+5
1.164000E-2	0.000000E+0	4.170540E+5
1.166000E-2	0.000000E+0	4.177580E+5
1.168000E-2	0.000000E+0	4.167050E+5
1.170000E-2	0.000000E+0	4.170840E+5
1.172000E-2	0.000000E+0	4.164460E+5
1.174000E-2	0.000000E+0	4.156310E+5
1.176000E-2	0.000000E+0	4.160410E+5
1.178000E-2	0.000000E+0	4.150020E+5
1.180000E-2	0.000000E+0	4.160310E+5
1.182000E-2	0.000000E+0	4.163200E+5
1.184000E-2	0.000000E+0	4.162820E+5
1.186000E-2	0.000000E+0	4.152080E+5
1.188000E-2	0.000000E+0	4.151900E+5
1.190000E-2	0.000000E+0	4.147200E+5
1.192000E-2	0.000000E+0	4.151970E+5
1.194000E-2	0.000000E+0	4.168860E+5
1.196000E-2	0.000000E+0	4.158030E+5
1.198000E-2	0.000000E+0	4.160170E+5
1.200000E-2	0.000000E+0	4.153800E+5
1.202000E-2	0.000000E+0	4.157610E+5
1.204000E-2	0.000000E+0	4.156700E+5
1.206000E-2	0.000000E+0	4.155640E+5
1.208000E-2	0.000000E+0	4.168810E+5
1.210000E-2	0.000000E+0	4.164170E+5
1.212000E-2	0.000000E+0	4.158440E+5
1.214000E-2	0.000000E+0	4.146360E+5
1.216000E-2	0.000000E+0	4.150600E+5
1.218000E-2	0.000000E+0	4.159190E+5
1.220000E-2	0.000000E+0	4.146420E+5
1.222000E-2	0.000000E+0	4.161260E+5
1.224000E-2	0.000000E+0	4.158230E+5
1.226000E-2	0.000000E+0	4.155010E+5
1.228000E-2	0.000000E+0	4.161340E+5
1.230000E-2	0.000000E+0	4.162010E+5
1.232000E-2	0.000000E+0	4.163330E+5
1.234000E-2	0.000000E+0	4.160340E+5
1.236000E-2	0.000000E+0	4.155970E+5
1.238000E-2	0.000000E+0	4.166430E+5
1.240000E-2	0.000000E+0	4.164860E+5
1.242000E-2	0.000000E+0	4.159680E+5
1.244000E-2	0.000000E+0	4.164040E+5
1.246000E-2	0.000000E+0	4.153280E+5
1.248000E-2	0.000000E+0	4.161090E+5
1.250000E-2	0.000000E+0	4.153250E+5
1.252000E-2	0.000000E+0	4.171420E+5
1.254000E-2	0.000000E+0	4.160510E+5
1.256000E-2	0.000000E+0	4.154960E+5
1.258000E-2	0.000000E+0	4.165850E+5
1.260000E-2	0.000000E+0	4.166310E+5
1.262000E-2	0.000000E+0	4.146160E+5
1.264000E-2	0.000000E+0	4.149250E+5
1.266000E-2	0.000000E+0	4.172270E+5
1.268000E-2	0.000000E+0	4.160360E+5
1.270000E-2	0.000000E+0	4.152890E+5
1.272000E-2	0.000000E+0	4.167620E+5
1.274000E-2	0.000000E+0	4.157770E+5
1.276000E-2	0.000000E+0	4.159650E+5
1.278000E-2	0.000000E+0	4.152780E+5
1.280000E-2	0.000000E+0	4.150600E+5
1.282000E-2	0.000000E+0	4.152560E+5
1.284000E-2	0.000000E+0	4.157790E+5
1.286000E-2	0.000000E+0	4.164460E+5
1.288000E-2	0.000000E+0	4.168630E+5
1.290000E-2	0.000000E+0	4.154630E+5
1.292000E-2	0.000000E+0	4.157980E+5
1.294000E-2	0.000000E+0	4.147310E+5
1.296000E-2	0.000000E+0	4.154450E+5
1.298000E-2	0.000000E+0	4.156930E+5
1.300000E-2	0.000000E+0	4.159430E+5
1.302000E-2	0.000000E+0	4.165730E+5
1.304000E-2	0.000000E+0	4.160740E+5
1.306000E-2	0.000000E+0	4.151680E+5
1.308000E-2	0.000000E+0	4.171590E+5
1.310000E-2	0.000000E+0	4.161520E+5
1.312000E-2	0.000000E+0	4.162570E+5
1.314000E-2	0.000000E+0	4.168250E+5
1.316000E-2	0.000000E+0	4.160940E+5
1.318000E-2	0.000000E+0	4.153730E+5
1.320000E-2	0.000000E+0	4.161580E+5
1.322000E-2	0.000000E+0	4.162990E+5
1.324000E-2	0.000000E+0	4.149030E+5
1.326000E-2	0.000000E+0	4.163750E+5
1.328000E-2	0.000000E+0	4.167080E+5
1.330000E-2	0.000000E+0	4.147880E+5
1.332000E-2	0.000000E+0	4.151670E+5
1.334000E-2	0.000000E+0	4.151060E+5
1.336000E-2	0.000000E+0	4.159450E+5
1.338000E-2	0.000000E+0	4.163750E+5
1.340000E-2	0.000000E+0	4.148390E+5
1.342000E-2	0.000000E+0	4.148180E+5
1.344000E-2	0.000000E+0	4.153040E+5
1.346000E-2	0.000000E+0	4.151020E+5
1.348000E-2	0.000000E+0	4.163100E+5
1.350000E-2	0.000000E+0	4.160530E+5
1.352000E-2	0.000000E+0	4.166680E+5
1.354000E-2	0.000000E+0	4.160740E+5
1.356000E-2	0.000000E+0	4.162520E+5
1.358000E-2	0.000000E+0	4.158490E+5
1.360000E-2	0.000000E+0	4.154860E+5
1.362000E-2	0.000000E+0	4.160880E+5
1.364000E-2	0.000000E+0	4.144320E+5
1.366000E-2	0.000000E+0	4.155580E+5
1.368000E-2	0.000000E+0	4.163870E+5
1.370000E-2	0.000000E+0	4.166590E+5
1.372000E-2	0.000000E+0	4.154770E+5
1.374000E-2	0.000000E+0	4.157360E+5
1.376000E-2	0.000000E+0	4.152240E+5
1.378000E-2	0.000000E+0	4.151250E+5
1.380000E-2	0.000000E+0	4.160250E+5
1.382000E-2	0.000000E+0	4.150230E+5
1.384000E-2	0.000000E+0	4.150760E+5
1.386000E-2	0.000000E+0	4.160820E+5
1.388000E-2	0.000000E+0	4.159060E+5
1.390000E-2	0.000000E+0	4.165960E+5
1.392000E-2	0.000000E+0	4.165740E+5
1.394000E-2	0.000000E+0	4.161150E+5
1.396000E-2	0.000000E+0	4.159220E+5
1.398000E-2	0.000000E+0	4.168030E+5
1.400000E-2	0.000000E+0	4.165920E+5
1.402000E-2	0.000000E+0	4.150080E+5
1.404000E-2	0.000000E+0	4.171110E+5
1.406000E-2	0.000000E+0	4.155440E+5
1.408000E-2	0.000000E+0	4.150750E+5
1.410000E-2	0.000000E+0	4.157180E+5
1.412000E-2	0.000000E+0	4.156670E+5
1.414000E-2	0.000000E+0	4.152360E+5
1.416000E-2	0.000000E+0	4.151200E+5
1.418000E-2	0.000000E+0	4.155080E+5
1.420000E-2	0.000000E+0	4.159030E+5
1.422000E-2	0.000000E+0	4.157740E+5
1.424000E-2	0.000000E+0	4.145320E+5
1.426000E-2	0.000000E+0	4.141930E+5
1.428000E-2	0.000000E+0	4.152310E+5
1.430000E-2	0.000000E+0	4.153640E+5
1.432000E-2	0.000000E+0	4.157140E+5
1.434000E-2	0.000000E+0	4.151500E+5
1.436000E-2	0.000000E+0	4.163220E+5
1.438000E-2	0.000000E+0	4.156660E+5
1.440000E-2	0.000000E+0	4.170690E+5
1.442000E-2	0.000000E+0	4.157370E+5
1.444000E-2	0.000000E+0	4.144020E+5
1.446000E-2	0.000000E+0	4.161660E+5
1.448000E-2	0.000000E+0	4.161230E+5
1.450000E-2	0.000000E+0	4.156670E+5
1.452000E-2	0.000000E+0	4.162820E+5
1.454000E-2	0.000000E+0	4.155130E+5
1.456000E-2	0.000000E+0	4.167350E+5
1.458000E-2	0.000000E+0	4.145840E+5
1.460000E-2	0.000000E+0	4.162930E+5
1.462000E-2	0.000000E+0	4.141160E+5
1.464000E-2	0.000000E+0	4.162970E+5
1.466000E-2	0.000000E+0	4.154700E+5
1.468000E-2	0.000000E+0	4.166770E+5
1.470000E-2	0.000000E+0	4.153610E+5
1.472000E-2	0.000000E+0	4.150290E+5
1.474000E-2	0.000000E+0	4.155710E+5
1.476000E-2	0.000000E+0	4.168920E+5
1.478000E-2	0.000000E+0	4.164860E+5
1.480000E-2	0.000000E+0	4.149220E+5
1.482000E-2	0.000000E+0	4.146660E+5
1.484000E-2	0.000000E+0	4.166190E+5
1.486000E-2	0.000000E+0	4.152450E+5
1.488000E-2	0.000000E+0	4.148190E+5
1.490000E-2	0.000000E+0	4.141850E+5
1.492000E-2	0.000000E+0	4.135380E+5
1.494000E-2	0.000000E+0	4.111490E+5
1.496000E-2	0.000000E+0	4.105760E+5
1.498000E-2	0.000000E+0	4.109240E+5
1.500000E-2	0.000000E+0	4.099570E+5
1.502000E-2	0.000000E+0	4.094710E+5
1.504000E-2	0.000000E+0	4.080720E+5
1.506000E-2	0.000000E+0	4.076550E+5
1.508000E-2	0.000000E+0	4.064700E+5
1.510000E-2	0.000000E+0	4.050910E+5
1.512000E-2	0.000000E+0	4.046940E+5
1.514000E-2	0.000000E+0	4.049050E+5
1.516000E-2	0.000000E+0	4.050820E+5
1.518000E-2	0.000000E+0	4.061500E+5
1.520000E-2	0.000000E+0	4.076670E+5
1.522000E-2	0.000000E+0	4.090960E+5
1.524000E-2	0.000000E+0	4.113790E+5
1.526000E-2	0.000000E+0	4.112680E+5
1.528000E-2	0.000000E+0	4.133460E+5
1.530000E-2	0.000000E+0	4.125530E+5
1.532000E-2	0.000000E+0	4.137060E+5
1.534000E-2	0.000000E+0	4.148060E+5
1.536000E-2	0.000000E+0	4.144920E+5
1.538000E-2	0.000000E+0	4.156120E+5
1.540000E-2	0.000000E+0	4.150650E+5
1.542000E-2	0.000000E+0	4.151280E+5
1.544000E-2	0.000000E+0	4.145200E+5
1.546000E-2	0.000000E+0	4.146980E+5
1.548000E-2	0.000000E+0	4.146090E+5
1.550000E-2	0.000000E+0	4.141540E+5
1.552000E-2	0.000000E+0	4.152050E+5
1.554000E-2	0.000000E+0	4.139480E+5
1.556000E-2	0.000000E+0	4.124970E+5
1.558000E-2	0.000000E+0	4.111130E+5
1.560000E-2	0.000000E+0	4.114680E+5
1.562000E-2	0.000000E+0	4.100550E+5
1.564000E-2	0.000000E+0	4.094380E+5
1.566000E-2	0.000000E+0	4.088260E+5
1.568000E-2	0.000000E+0	4.081350E+5
1.570000E-2	0.000000E+0	4.075480E+5
1.572000E-2	0.000000E+0	4.061780E+5
1.574000E-2	0.000000E+0	4.055820E+5
1.576000E-2	0.000000E+0	4.057310E+5
1.578000E-2	0.000000E+0	4.031250E+5
1.580000E-2	0.000000E+0	4.048290E+5
1.582000E-2	0.000000E+0	4.059340E+5
1.584000E-2	0.000000E+0	4.069180E+5
1.586000E-2	0.000000E+0	4.084430E+5
1.588000E-2	0.000000E+0	4.101630E+5
1.590000E-2	0.000000E+0	4.108770E+5
1.592000E-2	0.000000E+0	4.118740E+5
1.594000E-2	0.000000E+0	4.121550E+5
1.596000E-2	0.000000E+0	4.135800E+5
1.598000E-2	0.000000E+0	4.148390E+5
1.600000E-2	0.000000E+0	4.162090E+5
1.602000E-2	0.000000E+0	4.150430E+5
1.604000E-2	0.000000E+0	4.147920E+5
1.606000E-2	0.000000E+0	4.151170E+5
1.608000E-2	0.000000E+0	4.151980E+5
1.610000E-2	0.000000E+0	4.161250E+5
1.612000E-2	0.000000E+0	4.161040E+5
1.614000E-2	0.000000E+0	4.155900E+5
1.616000E-2	0.000000E+0	4.167720E+5
1.618000E-2	0.000000E+0	4.155780E+5
1.620000E-2	0.000000E+0	4.154270E+5
1.622000E-2	0.000000E+0	4.153350E+5
1.624000E-2	0.000000E+0	4.154730E+5
1.626000E-2	0.000000E+0	4.152990E+5
1.628000E-2	0.000000E+0	4.169060E+5
1.630000E-2	0.000000E+0	4.155750E+5
1.632000E-2	0.000000E+0	4.165260E+5
1.634000E-2	0.000000E+0	4.162230E+5
1.636000E-2	0.000000E+0	4.163150E+5
1.638000E-2	0.000000E+0	4.159070E+5
1.640000E-2	0.000000E+0	4.160850E+5
1.642000E-2	0.000000E+0	4.157520E+5
1.644000E-2	0.000000E+0	4.152400E+5
1.646000E-2	0.000000E+0	4.155950E+5
1.648000E-2	0.000000E+0	4.147760E+5
1.650000E-2	0.000000E+0	4.157240E+5
1.652000E-2	0.000000E+0	4.164750E+5
1.654000E-2	0.000000E+0	4.154450E+5
1.656000E-2	0.000000E+0	4.151530E+5
1.658000E-2	0.000000E+0	4.158660E+5
1.660000E-2	0.000000E+0	4.160400E+5
1.662000E-2	0.000000E+0	4.152390E+5
1.664000E-2	0.000000E+0	4.155720E+5
1.666000E-2	0.000000E+0	4.156400E+5
1.668000E-2	0.000000E+0	4.151930E+5
1.670000E-2	0.000000E+0	4.154690E+5
1.672000E-2	0.000000E+0	4.163010E+5
1.674000E-2	0.000000E+0	4.152190E+5
1.676000E-2	0.000000E+0	4.147590E+5
1.678000E-2	0.000000E+0	4.144260E+5
1.680000E-2	0.000000E+0	4.155590E+5
1.682000E-2	0.000000E+0	4.154900E+5
1.684000E-2	0.000000E+0	4.160840E+5
1.686000E-2	0.000000E+0	4.172090E+5
1.688000E-2	0.000000E+0	4.158720E+5
1.690000E-2	0.000000E+0	4.156240E+5
1.692000E-2	0.000000E+0	4.159150E+5
1.694000E-2	0.000000E+0	4.154470E+5
1.696000E-2	0.000000E+0	4.147600E+5
1.698000E-2	0.000000E+0	4.150600E+5
1.700000E-2	0.000000E+0	4.162320E+5
1.702000E-2	0.000000E+0	4.161350E+5
1.704000E-2	0.000000E+0	4.161730E+5
1.706000E-2	0.000000E+0	4.170930E+5
1.708000E-2	0.000000E+0	4.159010E+5
1.710000E-2	0.000000E+0	4.162230E+5
1.712000E-2	0.000000E+0	4.155630E+5
1.714000E-2	0.000000E+0	4.154500E+5
1.716000E-2	0.000000E+0	4.162400E+5
1.718000E-2	0.000000E+0	4.156510E+5
1.720000E-2	0.000000E+0	4.163730E+5
1.722000E-2	0.000000E+0	4.166100E+5
1.724000E-2	0.000000E+0	4.152590E+5
1.726000E-2	0.000000E+0	4.154600E+5
1.728000E-2	0.000000E+0	4.155760E+5
1.730000E-2	0.000000E+0	4.153270E+5
1.732000E-2	0.000000E+0	4.152190E+5
1.734000E-2	0.000000E+0	4.159670E+5
1.736000E-2	0.000000E+0	4.173170E+5
1.738000E-2	0.000000E+0	4.166020E+5
1.740000E-2	0.000000E+0	4.163060E+5
1.742000E-2	0.000000E+0	4.148290E+5
1.744000E-2	0.000000E+0	4.162340E+5
1.746000E-2	0.000000E+0	4.162130E+5
1.748000E-2	0.000000E+0	4.155600E+5
1.750000E-2	0.000000E+0	4.159110E+5
1.752000E-2	0.000000E+0	4.165190E+5
1.754000E-2	0.000000E+0	4.151690E+5
1.756000E-2	0.000000E+0	4.151220E+5
1.758000E-2	0.000000E+0	4.162400E+5
1.760000E-2	0.000000E+0	4.157690E+5
1.762000E-2	0.000000E+0	4.160510E+5
1.764000E-2	0.000000E+0	4.165550E+5
1.766000E-2	0.000000E+0	4.159590E+5
1.768000E-2	0.000000E+0	4.161060E+5
1.770000E-2	0.000000E+0	4.157280E+5
1.772000E-2	0.000000E+0	4.171040E+5
1.774000E-2	0.000000E+0	4.157330E+5
1.776000E-2	0.000000E+0	4.151020E+5
1.778000E-2	0.000000E+0	4.164850E+5
1.780000E-2	0.000000E+0	4.151380E+5
1.782000E-2	0.000000E+0	4.160590E+5
1.784000E-2	0.000000E+0	4.152640E+5
1.786000E-2	0.000000E+0	4.155130E+5
1.788000E-2	0.000000E+0	4.155340E+5
1.790000E-2	0.000000E+0	4.164860E+5
1.792000E-2	0.000000E+0	4.151480E+5
1.794000E-2	0.000000E+0	4.159180E+5
1.796000E-2	0.000000E+0	4.162610E+5
1.798000E-2	0.000000E+0	4.166140E+5
1.800000E-2	0.000000E+0	4.149450E+5
1.802000E-2	0.000000E+0	4.154120E+5
1.804000E-2	0.000000E+0	4.145670E+5
1.806000E-2	0.000000E+0	4.157430E+5
1.808000E-2	0.000000E+0	4.158460E+5
1.810000E-2	0.000000E+0	4.160390E+5
1.812000E-2	0.000000E+0	4.165560E+5
1.814000E-2	0.000000E+0	4.165620E+5
1.816000E-2	0.000000E+0	4.166090E+5
1.818000E-2	0.000000E+0	4.155900E+5
1.820000E-2	0.000000E+0	4.166810E+5
1.822000E-2	0.000000E+0	4.153030E+5
1.824000E-2	0.000000E+0	4.156870E+5
1.826000E-2	0.000000E+0	4.164470E+5
1.828000E-2	0.000000E+0	4.158220E+5
1.830000E-2	0.000000E+0	4.149510E+5
1.832000E-2	0.000000E+0	4.162770E+5
1.834000E-2	0.000000E+0	4.155680E+5
1.836000E-2	0.000000E+0	4.169310E+5
1.838000E-2	0.000000E+0	4.154380E+5
1.840000E-2	0.000000E+0	4.155030E+5
1.842000E-2	0.000000E+0	4.153860E+5
1.844000E-2	0.000000E+0	4.151310E+5
1.846000E-2	0.000000E+0	4.144950E+5
1.848000E-2	0.000000E+0	4.167290E+5
1.850000E-2	0.000000E+0	4.161210E+5
1.852000E-2	0.000000E+0	4.166320E+5
1.854000E-2	0.000000E+0	4.173830E+5
1.856000E-2	0.000000E+0	4.152560E+5
1.858000E-2	0.000000E+0	4.155180E+5
1.860000E-2	0.000000E+0	4.160740E+5
1.862000E-2	0.000000E+0	4.153140E+5
1.864000E-2	0.000000E+0	4.148630E+5
1.866000E-2	0.000000E+0	4.159920E+5
1.868000E-2	0.000000E+0	4.149460E+5
1.870000E-2	0.000000E+0	4.157160E+5
1.872000E-2	0.000000E+0	4.164410E+5
1.874000E-2	0.000000E+0	4.143370E+5
1.876000E-2	0.000000E+0	4.153940E+5
1.878000E-2	0.000000E+0	4.155880E+5
1.880000E-2	0.000000E+0	4.155960E+5
1.882000E-2	0.000000E+0	4.158260E+5
1.884000E-2	0.000000E+0	4.164500E+5
1.886000E-2	0.000000E+0	4.160730E+5
1.888000E-2	0.000000E+0	4.147490E+5
1.890000E-2	0.000000E+0	4.154980E+5
1.892000E-2	0.000000E+0	4.167530E+5
1.894000E-2	0.000000E+0	4.161450E+5
1.896000E-2	0.000000E+0	4.157320E+5
1.898000E-2	0.000000E+0	4.159170E+5
1.900000E-2	0.000000E+0	4.150190E+5
1.902000E-2	0.000000E+0	4.151850E+5
1.904000E-2	0.000000E+0	4.164110E+5
1.906000E-2	0.000000E+0	4.158380E+5
1.908000E-2	0.000000E+0	4.157510E+5
1.910000E-2	0.000000E+0	4.147670E+5
1.912000E-2	0.000000E+0	4.151490E+5
1.914000E-2	0.000000E+0	4.156810E+5
1.916000E-2	0.000000E+0	4.150060E+5
1.918000E-2	0.000000E+0	4.149310E+5
1.920000E-2	0.000000E+0	4.159060E+5
1.922000E-2	0.000000E+0	4.156240E+5
1.924000E-2	0.000000E+0	4.155360E+5
1.926000E-2	0.000000E+0	4.167370E+5
1.928000E-2	0.000000E+0	4.165940E+5
1.930000E-2	0.000000E+0	4.158290E+5
1.932000E-2	0.000000E+0	4.156160E+5
1.934000E-2	0.000000E+0	4.159960E+5
1.936000E-2	0.000000E+0	4.150410E+5
1.938000E-2	0.000000E+0	4.163530E+5
1.940000E-2	0.000000E+0	4.147800E+5
1.942000E-2	0.000000E+0	4.172630E+5
1.944000E-2	0.000000E+0	4.163890E+5
1.946000E-2	0.000000E+0	4.150190E+5
1.948000E-2	0.000000E+0	4.163190E+5
1.950000E-2	0.000000E+0	4.157850E+5
1.952000E-2	0.000000E+0	4.166290E+5
1.954000E-2	0.000000E+0	4.161350E+5
1.956000E-2	0.000000E+0	4.164420E+5
1.958000E-2	0.000000E+0	4.156690E+5
1.960000E-2	0.000000E+0	4.158870E+5
1.962000E-2	0.000000E+0	4.148000E+5
1.964000E-2	0.000000E+0	4.164480E+5
1.966000E-2	0.000000E+0	4.162610E+5
1.968000E-2	0.000000E+0	4.157210E+5
1.970000E-2	0.000000E+0	4.154260E+5
1.972000E-2	0.000000E+0	4.161480E+5
1.974000E-2	0.000000E+0	4.161670E+5
1.976000E-2	0.000000E+0	4.148110E+5
1.978000E-2	0.000000E+0	4.153320E+5
1.980000E-2	0.000000E+0	4.164080E+5
1.982000E-2	0.000000E+0	4.154830E+5
1.984000E-2	0.000000E+0	4.158530E+5
1.986000E-2	0.000000E+0	4.151350E+5
1.988000E-2	0.000000E+0	4.147460E+5
1.990000E-2	0.000000E+0	4.159060E+5
1.992000E-2	0.000000E+0	4.151770E+5
1.994000E-2	0.000000E+0	4.170400E+5
1.996000E-2	0.000000E+0	4.150170E+5
1.998000E-2	0.000000E+0	4.162760E+5
