Data run ended at:  Wednesday, November 10, 2021	9:13:52 PM
Total number of sweeps:  3686028	live time (sec):  73720.560000	real time (sec):  100006.701000


time (sec)	counts
0.000000E+0	0.000000E+0
2.000000E-5	1.803770E+5
4.000000E-5	1.796400E+5
6.000000E-5	1.794150E+5
8.000000E-5	1.802890E+5
1.000000E-4	1.808770E+5
1.200000E-4	1.796960E+5
1.400000E-4	1.795570E+5
1.600000E-4	1.800410E+5
1.800000E-4	1.805740E+5
2.000000E-4	1.801830E+5
2.200000E-4	1.804060E+5
2.400000E-4	1.803610E+5
2.600000E-4	1.805470E+5
2.800000E-4	1.806570E+5
3.000000E-4	1.804540E+5
3.200000E-4	1.797500E+5
3.400000E-4	1.791820E+5
3.600000E-4	1.795390E+5
3.800000E-4	1.800540E+5
4.000000E-4	1.802990E+5
4.200000E-4	1.802090E+5
4.400000E-4	1.803090E+5
4.600000E-4	1.804780E+5
4.800000E-4	1.800330E+5
5.000000E-4	1.801350E+5
5.200000E-4	1.800400E+5
5.400000E-4	1.802630E+5
5.600000E-4	1.800010E+5
5.800000E-4	1.801030E+5
6.000000E-4	1.801300E+5
6.200000E-4	1.798640E+5
6.400000E-4	1.803530E+5
6.600000E-4	1.797600E+5
6.800000E-4	1.802350E+5
7.000000E-4	1.801450E+5
7.200000E-4	1.806060E+5
7.400000E-4	1.797390E+5
7.600000E-4	1.800380E+5
7.800000E-4	1.795780E+5
8.000000E-4	1.809040E+5
8.200000E-4	1.792940E+5
8.400000E-4	1.807840E+5
8.600000E-4	1.792520E+5
8.800000E-4	1.800420E+5
9.000000E-4	1.794930E+5
9.200000E-4	1.795390E+5
9.400000E-4	1.798010E+5
9.600000E-4	1.795830E+5
9.800000E-4	1.801960E+5
1.000000E-3	1.800380E+5
1.020000E-3	1.804090E+5
1.040000E-3	1.808800E+5
1.060000E-3	1.800700E+5
1.080000E-3	1.798120E+5
1.100000E-3	1.798800E+5
1.120000E-3	1.805510E+5
1.140000E-3	1.798710E+5
1.160000E-3	1.798210E+5
1.180000E-3	1.799720E+5
1.200000E-3	1.795350E+5
1.220000E-3	1.800530E+5
1.240000E-3	1.797710E+5
1.260000E-3	1.804550E+5
1.280000E-3	1.798930E+5
1.300000E-3	1.803050E+5
1.320000E-3	1.794600E+5
1.340000E-3	1.801880E+5
1.360000E-3	1.799100E+5
1.380000E-3	1.800090E+5
1.400000E-3	1.797030E+5
1.420000E-3	1.791130E+5
1.440000E-3	1.794650E+5
1.460000E-3	1.795890E+5
1.480000E-3	1.795090E+5
1.500000E-3	1.796970E+5
1.520000E-3	1.800790E+5
1.540000E-3	1.805030E+5
1.560000E-3	1.795380E+5
1.580000E-3	1.800730E+5
1.600000E-3	1.795250E+5
1.620000E-3	1.800220E+5
1.640000E-3	1.806500E+5
1.660000E-3	1.798430E+5
1.680000E-3	1.801770E+5
1.700000E-3	1.797090E+5
1.720000E-3	1.798540E+5
1.740000E-3	1.795850E+5
1.760000E-3	1.794070E+5
1.780000E-3	1.794950E+5
1.800000E-3	1.805720E+5
1.820000E-3	1.800290E+5
1.840000E-3	1.797970E+5
1.860000E-3	1.794450E+5
1.880000E-3	1.799250E+5
1.900000E-3	1.802370E+5
1.920000E-3	1.796160E+5
1.940000E-3	1.805170E+5
1.960000E-3	1.793680E+5
1.980000E-3	1.801010E+5
2.000000E-3	1.799190E+5
2.020000E-3	1.799780E+5
2.040000E-3	1.803480E+5
2.060000E-3	1.803970E+5
2.080000E-3	1.799040E+5
2.100000E-3	1.797460E+5
2.120000E-3	1.799920E+5
2.140000E-3	1.795930E+5
2.160000E-3	1.800360E+5
2.180000E-3	1.796630E+5
2.200000E-3	1.799450E+5
2.220000E-3	1.799870E+5
2.240000E-3	1.799950E+5
2.260000E-3	1.797300E+5
2.280000E-3	1.802570E+5
2.300000E-3	1.795600E+5
2.320000E-3	1.801620E+5
2.340000E-3	1.807720E+5
2.360000E-3	1.795170E+5
2.380000E-3	1.799310E+5
2.400000E-3	1.800200E+5
2.420000E-3	1.795920E+5
2.440000E-3	1.802790E+5
2.460000E-3	1.804090E+5
2.480000E-3	1.800960E+5
2.500000E-3	1.794240E+5
2.520000E-3	1.806540E+5
2.540000E-3	1.799980E+5
2.560000E-3	1.800900E+5
2.580000E-3	1.796240E+5
2.600000E-3	1.805790E+5
2.620000E-3	1.796960E+5
2.640000E-3	1.797820E+5
2.660000E-3	1.794330E+5
2.680000E-3	1.793990E+5
2.700000E-3	1.798390E+5
2.720000E-3	1.801990E+5
2.740000E-3	1.800250E+5
2.760000E-3	1.799450E+5
2.780000E-3	1.797030E+5
2.800000E-3	1.799810E+5
2.820000E-3	1.798830E+5
2.840000E-3	1.796350E+5
2.860000E-3	1.794940E+5
2.880000E-3	1.796280E+5
2.900000E-3	1.792450E+5
2.920000E-3	1.802810E+5
2.940000E-3	1.798380E+5
2.960000E-3	1.800710E+5
2.980000E-3	1.796120E+5
3.000000E-3	1.809590E+5
3.020000E-3	1.797330E+5
3.040000E-3	1.797770E+5
3.060000E-3	1.797370E+5
3.080000E-3	1.798540E+5
3.100000E-3	1.802590E+5
3.120000E-3	1.796740E+5
3.140000E-3	1.800170E+5
3.160000E-3	1.799790E+5
3.180000E-3	1.788840E+5
3.200000E-3	1.792740E+5
3.220000E-3	1.790920E+5
3.240000E-3	1.801550E+5
3.260000E-3	1.801030E+5
3.280000E-3	1.793920E+5
3.300000E-3	1.797600E+5
3.320000E-3	1.793990E+5
3.340000E-3	1.793520E+5
3.360000E-3	1.795370E+5
3.380000E-3	1.790440E+5
3.400000E-3	1.787100E+5
3.420000E-3	1.782990E+5
3.440000E-3	1.773210E+5
3.460000E-3	1.768990E+5
3.480000E-3	1.770790E+5
3.500000E-3	1.778460E+5
3.520000E-3	1.769100E+5
3.540000E-3	1.765480E+5
3.560000E-3	1.758410E+5
3.580000E-3	1.758270E+5
3.600000E-3	1.751360E+5
3.620000E-3	1.757280E+5
3.640000E-3	1.766320E+5
3.660000E-3	1.769750E+5
3.680000E-3	1.780880E+5
3.700000E-3	1.778940E+5
3.720000E-3	1.779940E+5
3.740000E-3	1.783870E+5
3.760000E-3	1.783060E+5
3.780000E-3	1.776040E+5
3.800000E-3	1.791690E+5
3.820000E-3	1.789350E+5
3.840000E-3	1.798250E+5
3.860000E-3	1.798050E+5
3.880000E-3	1.800170E+5
3.900000E-3	1.798100E+5
3.920000E-3	1.810030E+5
3.940000E-3	1.797460E+5
3.960000E-3	1.799980E+5
3.980000E-3	1.800760E+5
4.000000E-3	1.788950E+5
4.020000E-3	1.797110E+5
4.040000E-3	1.803890E+5
4.060000E-3	1.796080E+5
4.080000E-3	1.795070E+5
4.100000E-3	1.793800E+5
4.120000E-3	1.796800E+5
4.140000E-3	1.786250E+5
4.160000E-3	1.787170E+5
4.180000E-3	1.785160E+5
4.200000E-3	1.781310E+5
4.220000E-3	1.788210E+5
4.240000E-3	1.785630E+5
4.260000E-3	1.792810E+5
4.280000E-3	1.781900E+5
4.300000E-3	1.775620E+5
4.320000E-3	1.759650E+5
4.340000E-3	1.773830E+5
4.360000E-3	1.775120E+5
4.380000E-3	1.770500E+5
4.400000E-3	1.781490E+5
4.420000E-3	1.779780E+5
4.440000E-3	1.785680E+5
4.460000E-3	1.783800E+5
4.480000E-3	1.782420E+5
4.500000E-3	1.784010E+5
4.520000E-3	1.788620E+5
4.540000E-3	1.795100E+5
4.560000E-3	1.800540E+5
4.580000E-3	1.789370E+5
4.600000E-3	1.797140E+5
4.620000E-3	1.794280E+5
4.640000E-3	1.805250E+5
4.660000E-3	1.797540E+5
4.680000E-3	1.799220E+5
4.700000E-3	1.800640E+5
4.720000E-3	1.803320E+5
4.740000E-3	1.797980E+5
4.760000E-3	1.797020E+5
4.780000E-3	1.797790E+5
4.800000E-3	1.793150E+5
4.820000E-3	1.792160E+5
4.840000E-3	1.791050E+5
4.860000E-3	1.788400E+5
4.880000E-3	1.787900E+5
4.900000E-3	1.789440E+5
4.920000E-3	1.791120E+5
4.940000E-3	1.784660E+5
4.960000E-3	1.787300E+5
4.980000E-3	1.785890E+5
5.000000E-3	1.783350E+5
5.020000E-3	1.785560E+5
5.040000E-3	1.782960E+5
5.060000E-3	1.786940E+5
5.080000E-3	1.783550E+5
5.100000E-3	1.793100E+5
5.120000E-3	1.794070E+5
5.140000E-3	1.801190E+5
5.160000E-3	1.790210E+5
5.180000E-3	1.800580E+5
5.200000E-3	1.798360E+5
5.220000E-3	1.795020E+5
5.240000E-3	1.790750E+5
5.260000E-3	1.801200E+5
5.280000E-3	1.798090E+5
5.300000E-3	1.798350E+5
5.320000E-3	1.793620E+5
5.340000E-3	1.791090E+5
5.360000E-3	1.799010E+5
5.380000E-3	1.786140E+5
5.400000E-3	1.795160E+5
5.420000E-3	1.792540E+5
5.440000E-3	1.780950E+5
5.460000E-3	1.779310E+5
5.480000E-3	1.784340E+5
5.500000E-3	1.789730E+5
5.520000E-3	1.790110E+5
5.540000E-3	1.790880E+5
5.560000E-3	1.793720E+5
5.580000E-3	1.797990E+5
5.600000E-3	1.783410E+5
5.620000E-3	1.794330E+5
5.640000E-3	1.794360E+5
5.660000E-3	1.795270E+5
5.680000E-3	1.792090E+5
5.700000E-3	1.791980E+5
5.720000E-3	1.801850E+5
5.740000E-3	1.796660E+5
5.760000E-3	1.799450E+5
5.780000E-3	1.791830E+5
5.800000E-3	1.802860E+5
5.820000E-3	1.789360E+5
5.840000E-3	1.802460E+5
5.860000E-3	1.796070E+5
5.880000E-3	1.793410E+5
5.900000E-3	1.804640E+5
5.920000E-3	1.800950E+5
5.940000E-3	1.788080E+5
5.960000E-3	1.783280E+5
5.980000E-3	1.786910E+5
6.000000E-3	1.782230E+5
6.020000E-3	1.777960E+5
6.040000E-3	1.783230E+5
6.060000E-3	1.778530E+5
6.080000E-3	1.783170E+5
6.100000E-3	1.771660E+5
6.120000E-3	1.773560E+5
6.140000E-3	1.767100E+5
6.160000E-3	1.767260E+5
6.180000E-3	1.771150E+5
6.200000E-3	1.779000E+5
6.220000E-3	1.782970E+5
6.240000E-3	1.781600E+5
6.260000E-3	1.795740E+5
6.280000E-3	1.787260E+5
6.300000E-3	1.791420E+5
6.320000E-3	1.792590E+5
6.340000E-3	1.797580E+5
6.360000E-3	1.789740E+5
6.380000E-3	1.792180E+5
6.400000E-3	1.795570E+5
6.420000E-3	1.797460E+5
6.440000E-3	1.798300E+5
6.460000E-3	1.792440E+5
6.480000E-3	1.800070E+5
6.500000E-3	1.797350E+5
6.520000E-3	1.801810E+5
6.540000E-3	1.791200E+5
6.560000E-3	1.793730E+5
6.580000E-3	1.787150E+5
6.600000E-3	1.784200E+5
6.620000E-3	1.792390E+5
6.640000E-3	1.777530E+5
6.660000E-3	1.768860E+5
6.680000E-3	1.777750E+5
6.700000E-3	1.776960E+5
6.720000E-3	1.775770E+5
6.740000E-3	1.764050E+5
6.760000E-3	1.761870E+5
6.780000E-3	1.753950E+5
6.800000E-3	1.753270E+5
6.820000E-3	1.752610E+5
6.840000E-3	1.761320E+5
6.860000E-3	1.777710E+5
6.880000E-3	1.762270E+5
6.900000E-3	1.771870E+5
6.920000E-3	1.783180E+5
6.940000E-3	1.781730E+5
6.960000E-3	1.789540E+5
6.980000E-3	1.782760E+5
7.000000E-3	1.787480E+5
7.020000E-3	1.791240E+5
7.040000E-3	1.794300E+5
7.060000E-3	1.803910E+5
7.080000E-3	1.801930E+5
7.100000E-3	1.798810E+5
7.120000E-3	1.796060E+5
7.140000E-3	1.796290E+5
7.160000E-3	1.799730E+5
7.180000E-3	1.791180E+5
7.200000E-3	1.796370E+5
7.220000E-3	1.799470E+5
7.240000E-3	1.794240E+5
7.260000E-3	1.799880E+5
7.280000E-3	1.794920E+5
7.300000E-3	1.802410E+5
7.320000E-3	1.796430E+5
7.340000E-3	1.803250E+5
7.360000E-3	1.794950E+5
7.380000E-3	1.794040E+5
7.400000E-3	1.797130E+5
7.420000E-3	1.800920E+5
7.440000E-3	1.800680E+5
7.460000E-3	1.802160E+5
7.480000E-3	1.802830E+5
7.500000E-3	1.806650E+5
7.520000E-3	1.803390E+5
7.540000E-3	1.795980E+5
7.560000E-3	1.798920E+5
7.580000E-3	1.793210E+5
7.600000E-3	1.808760E+5
7.620000E-3	1.799280E+5
7.640000E-3	1.797540E+5
7.660000E-3	1.798750E+5
7.680000E-3	1.794900E+5
7.700000E-3	1.799770E+5
7.720000E-3	1.794530E+5
7.740000E-3	1.807170E+5
7.760000E-3	1.802520E+5
7.780000E-3	1.801050E+5
7.800000E-3	1.798760E+5
7.820000E-3	1.798550E+5
7.840000E-3	1.805510E+5
7.860000E-3	1.801640E+5
7.880000E-3	1.790320E+5
7.900000E-3	1.796200E+5
7.920000E-3	1.802620E+5
7.940000E-3	1.791430E+5
7.960000E-3	1.799160E+5
7.980000E-3	1.796420E+5
8.000000E-3	1.797020E+5
8.020000E-3	1.797150E+5
8.040000E-3	1.794730E+5
8.060000E-3	1.797390E+5
8.080000E-3	1.806250E+5
8.100000E-3	1.793730E+5
8.120000E-3	1.796160E+5
8.140000E-3	1.803930E+5
8.160000E-3	1.803780E+5
8.180000E-3	1.803890E+5
8.200000E-3	1.803120E+5
8.220000E-3	1.804060E+5
8.240000E-3	1.799350E+5
8.260000E-3	1.792930E+5
8.280000E-3	1.791220E+5
8.300000E-3	1.795180E+5
8.320000E-3	1.797450E+5
8.340000E-3	1.808670E+5
8.360000E-3	1.797670E+5
8.380000E-3	1.790090E+5
8.400000E-3	1.801900E+5
8.420000E-3	1.798620E+5
8.440000E-3	1.806780E+5
8.460000E-3	1.802380E+5
8.480000E-3	1.800470E+5
8.500000E-3	1.803090E+5
8.520000E-3	1.795900E+5
8.540000E-3	1.794940E+5
8.560000E-3	1.796220E+5
8.580000E-3	1.797510E+5
8.600000E-3	1.797830E+5
8.620000E-3	1.793800E+5
8.640000E-3	1.795660E+5
8.660000E-3	1.800450E+5
8.680000E-3	1.804550E+5
8.700000E-3	1.794510E+5
8.720000E-3	1.800630E+5
8.740000E-3	1.796330E+5
8.760000E-3	1.799010E+5
8.780000E-3	1.800760E+5
8.800000E-3	1.797660E+5
8.820000E-3	1.801560E+5
8.840000E-3	1.801810E+5
8.860000E-3	1.802860E+5
8.880000E-3	1.796540E+5
8.900000E-3	1.804610E+5
8.920000E-3	1.800520E+5
8.940000E-3	1.801300E+5
8.960000E-3	1.807830E+5
8.980000E-3	1.804530E+5
9.000000E-3	1.804660E+5
9.020000E-3	1.803060E+5
9.040000E-3	1.797340E+5
9.060000E-3	1.801150E+5
9.080000E-3	1.796380E+5
9.100000E-3	1.795930E+5
9.120000E-3	1.799630E+5
9.140000E-3	1.794590E+5
9.160000E-3	1.809890E+5
9.180000E-3	1.800100E+5
9.200000E-3	1.800190E+5
9.220000E-3	1.800340E+5
9.240000E-3	1.796850E+5
9.260000E-3	1.797750E+5
9.280000E-3	1.805230E+5
9.300000E-3	1.808830E+5
9.320000E-3	1.804030E+5
9.340000E-3	1.800540E+5
9.360000E-3	1.796800E+5
9.380000E-3	1.799220E+5
9.400000E-3	1.798910E+5
9.420000E-3	1.800350E+5
9.440000E-3	1.797290E+5
9.460000E-3	1.791680E+5
9.480000E-3	1.793550E+5
9.500000E-3	1.798100E+5
9.520000E-3	1.800530E+5
9.540000E-3	1.803140E+5
9.560000E-3	1.797260E+5
9.580000E-3	1.788670E+5
9.600000E-3	1.806110E+5
9.620000E-3	1.791400E+5
9.640000E-3	1.803970E+5
9.660000E-3	1.800640E+5
9.680000E-3	1.800580E+5
9.700000E-3	1.796460E+5
9.720000E-3	1.795710E+5
9.740000E-3	1.799450E+5
9.760000E-3	1.801880E+5
9.780000E-3	1.797570E+5
9.800000E-3	1.797260E+5
9.820000E-3	1.794960E+5
9.840000E-3	1.796230E+5
9.860000E-3	1.804890E+5
9.880000E-3	1.804900E+5
9.900000E-3	1.797170E+5
9.920000E-3	1.793600E+5
9.940000E-3	1.803110E+5
9.960000E-3	1.801390E+5
9.980000E-3	1.804430E+5
1.000000E-2	1.798430E+5
1.002000E-2	1.807150E+5
1.004000E-2	1.794020E+5
1.006000E-2	1.801840E+5
1.008000E-2	1.804260E+5
1.010000E-2	1.801430E+5
1.012000E-2	1.799780E+5
1.014000E-2	1.801940E+5
1.016000E-2	1.801130E+5
1.018000E-2	1.804310E+5
1.020000E-2	1.800190E+5
1.022000E-2	1.796150E+5
1.024000E-2	1.801640E+5
1.026000E-2	1.798000E+5
1.028000E-2	1.803940E+5
1.030000E-2	1.803970E+5
1.032000E-2	1.798050E+5
1.034000E-2	1.801700E+5
1.036000E-2	1.806230E+5
1.038000E-2	1.798270E+5
1.040000E-2	1.798150E+5
1.042000E-2	1.798610E+5
1.044000E-2	1.799590E+5
1.046000E-2	1.801230E+5
1.048000E-2	1.799140E+5
1.050000E-2	1.801120E+5
1.052000E-2	1.799670E+5
1.054000E-2	1.797880E+5
1.056000E-2	1.805770E+5
1.058000E-2	1.798140E+5
1.060000E-2	1.801640E+5
1.062000E-2	1.797610E+5
1.064000E-2	1.801280E+5
1.066000E-2	1.802090E+5
1.068000E-2	1.800840E+5
1.070000E-2	1.801920E+5
1.072000E-2	1.797530E+5
1.074000E-2	1.801060E+5
1.076000E-2	1.808880E+5
1.078000E-2	1.799440E+5
1.080000E-2	1.801280E+5
1.082000E-2	1.800870E+5
1.084000E-2	1.798850E+5
1.086000E-2	1.799240E+5
1.088000E-2	1.803080E+5
1.090000E-2	1.796170E+5
1.092000E-2	1.796610E+5
1.094000E-2	1.801650E+5
1.096000E-2	1.807810E+5
1.098000E-2	1.800270E+5
1.100000E-2	1.800480E+5
1.102000E-2	1.801370E+5
1.104000E-2	1.799760E+5
1.106000E-2	1.796740E+5
1.108000E-2	1.804660E+5
1.110000E-2	1.795030E+5
1.112000E-2	1.806320E+5
1.114000E-2	1.800850E+5
1.116000E-2	1.797410E+5
1.118000E-2	1.804930E+5
1.120000E-2	1.798480E+5
1.122000E-2	1.801110E+5
1.124000E-2	1.800160E+5
1.126000E-2	1.804070E+5
1.128000E-2	1.802810E+5
1.130000E-2	1.797050E+5
1.132000E-2	1.796720E+5
1.134000E-2	1.801630E+5
1.136000E-2	1.801390E+5
1.138000E-2	1.800350E+5
1.140000E-2	1.797430E+5
1.142000E-2	1.800530E+5
1.144000E-2	1.796930E+5
1.146000E-2	1.809900E+5
1.148000E-2	1.801030E+5
1.150000E-2	1.796690E+5
1.152000E-2	1.802060E+5
1.154000E-2	1.792740E+5
1.156000E-2	1.806490E+5
1.158000E-2	1.799980E+5
1.160000E-2	1.806010E+5
1.162000E-2	1.793040E+5
1.164000E-2	1.799200E+5
1.166000E-2	1.800850E+5
1.168000E-2	1.800360E+5
1.170000E-2	1.806580E+5
1.172000E-2	1.804330E+5
1.174000E-2	1.802080E+5
1.176000E-2	1.801190E+5
1.178000E-2	1.800010E+5
1.180000E-2	1.806870E+5
1.182000E-2	1.796850E+5
1.184000E-2	1.794090E+5
1.186000E-2	1.809850E+5
1.188000E-2	1.800590E+5
1.190000E-2	1.801360E+5
1.192000E-2	1.803410E+5
1.194000E-2	1.793890E+5
1.196000E-2	1.800840E+5
1.198000E-2	1.809100E+5
1.200000E-2	1.798660E+5
1.202000E-2	1.805790E+5
1.204000E-2	1.796740E+5
1.206000E-2	1.790030E+5
1.208000E-2	1.795430E+5
1.210000E-2	1.796700E+5
1.212000E-2	1.800390E+5
1.214000E-2	1.802560E+5
1.216000E-2	1.798400E+5
1.218000E-2	1.796480E+5
1.220000E-2	1.802610E+5
1.222000E-2	1.803560E+5
1.224000E-2	1.802480E+5
1.226000E-2	1.802740E+5
1.228000E-2	1.800050E+5
1.230000E-2	1.804340E+5
1.232000E-2	1.801960E+5
1.234000E-2	1.797070E+5
1.236000E-2	1.803820E+5
1.238000E-2	1.800510E+5
1.240000E-2	1.798670E+5
1.242000E-2	1.809620E+5
1.244000E-2	1.803210E+5
1.246000E-2	1.801580E+5
1.248000E-2	1.799350E+5
1.250000E-2	1.802870E+5
1.252000E-2	1.796730E+5
1.254000E-2	1.799090E+5
1.256000E-2	1.802920E+5
1.258000E-2	1.798040E+5
1.260000E-2	1.796740E+5
1.262000E-2	1.795040E+5
1.264000E-2	1.796450E+5
1.266000E-2	1.801450E+5
1.268000E-2	1.799530E+5
1.270000E-2	1.808460E+5
1.272000E-2	1.791980E+5
1.274000E-2	1.803100E+5
1.276000E-2	1.793920E+5
1.278000E-2	1.804230E+5
1.280000E-2	1.796610E+5
1.282000E-2	1.799780E+5
1.284000E-2	1.800510E+5
1.286000E-2	1.804240E+5
1.288000E-2	1.806330E+5
1.290000E-2	1.803440E+5
1.292000E-2	1.801810E+5
1.294000E-2	1.792450E+5
1.296000E-2	1.805660E+5
1.298000E-2	1.796160E+5
1.300000E-2	1.798400E+5
1.302000E-2	1.799490E+5
1.304000E-2	1.801190E+5
1.306000E-2	1.799910E+5
1.308000E-2	1.804620E+5
1.310000E-2	1.800440E+5
1.312000E-2	1.802690E+5
1.314000E-2	1.805500E+5
1.316000E-2	1.793260E+5
1.318000E-2	1.805710E+5
1.320000E-2	1.806460E+5
1.322000E-2	1.804840E+5
1.324000E-2	1.803560E+5
1.326000E-2	1.801140E+5
1.328000E-2	1.807840E+5
1.330000E-2	1.797170E+5
1.332000E-2	1.799490E+5
1.334000E-2	1.800290E+5
1.336000E-2	1.802360E+5
1.338000E-2	1.805770E+5
1.340000E-2	1.798400E+5
1.342000E-2	1.802310E+5
1.344000E-2	1.788840E+5
1.346000E-2	1.806770E+5
1.348000E-2	1.796600E+5
1.350000E-2	1.796020E+5
1.352000E-2	1.799100E+5
1.354000E-2	1.800680E+5
1.356000E-2	1.805340E+5
1.358000E-2	1.800080E+5
1.360000E-2	1.798900E+5
1.362000E-2	1.796530E+5
1.364000E-2	1.797200E+5
1.366000E-2	1.802840E+5
1.368000E-2	1.797620E+5
1.370000E-2	1.795380E+5
1.372000E-2	1.804420E+5
1.374000E-2	1.802110E+5
1.376000E-2	1.796280E+5
1.378000E-2	1.801570E+5
1.380000E-2	1.798020E+5
1.382000E-2	1.798280E+5
1.384000E-2	1.785460E+5
1.386000E-2	1.784670E+5
1.388000E-2	1.782430E+5
1.390000E-2	1.777700E+5
1.392000E-2	1.777940E+5
1.394000E-2	1.779390E+5
1.396000E-2	1.769990E+5
1.398000E-2	1.770180E+5
1.400000E-2	1.753420E+5
1.402000E-2	1.755090E+5
1.404000E-2	1.765170E+5
1.406000E-2	1.770040E+5
1.408000E-2	1.771600E+5
1.410000E-2	1.774000E+5
1.412000E-2	1.770290E+5
1.414000E-2	1.778290E+5
1.416000E-2	1.789390E+5
1.418000E-2	1.780100E+5
1.420000E-2	1.790320E+5
1.422000E-2	1.790350E+5
1.424000E-2	1.802370E+5
1.426000E-2	1.795460E+5
1.428000E-2	1.802000E+5
1.430000E-2	1.796960E+5
1.432000E-2	1.799810E+5
1.434000E-2	1.799380E+5
1.436000E-2	1.805160E+5
1.438000E-2	1.799150E+5
1.440000E-2	1.801490E+5
1.442000E-2	1.790810E+5
1.444000E-2	1.793550E+5
1.446000E-2	1.802450E+5
1.448000E-2	1.793430E+5
1.450000E-2	1.785210E+5
1.452000E-2	1.786950E+5
1.454000E-2	1.788430E+5
1.456000E-2	1.781380E+5
1.458000E-2	1.790370E+5
1.460000E-2	1.787950E+5
1.462000E-2	1.783590E+5
1.464000E-2	1.777660E+5
1.466000E-2	1.771180E+5
1.468000E-2	1.765880E+5
1.470000E-2	1.782580E+5
1.472000E-2	1.787480E+5
1.474000E-2	1.780950E+5
1.476000E-2	1.782200E+5
1.478000E-2	1.779150E+5
1.480000E-2	1.784040E+5
1.482000E-2	1.794720E+5
1.484000E-2	1.786540E+5
1.486000E-2	1.793020E+5
1.488000E-2	1.791920E+5
1.490000E-2	1.794990E+5
1.492000E-2	1.801410E+5
1.494000E-2	1.804640E+5
1.496000E-2	1.796220E+5
1.498000E-2	1.797550E+5
1.500000E-2	1.807350E+5
1.502000E-2	1.790590E+5
1.504000E-2	1.800860E+5
1.506000E-2	1.800670E+5
1.508000E-2	1.802310E+5
1.510000E-2	1.795540E+5
1.512000E-2	1.796430E+5
1.514000E-2	1.802240E+5
1.516000E-2	1.800260E+5
1.518000E-2	1.797950E+5
1.520000E-2	1.797480E+5
1.522000E-2	1.801230E+5
1.524000E-2	1.790110E+5
1.526000E-2	1.798930E+5
1.528000E-2	1.794270E+5
1.530000E-2	1.792370E+5
1.532000E-2	1.794830E+5
1.534000E-2	1.790440E+5
1.536000E-2	1.793650E+5
1.538000E-2	1.797020E+5
1.540000E-2	1.793660E+5
1.542000E-2	1.787500E+5
1.544000E-2	1.788180E+5
1.546000E-2	1.795930E+5
1.548000E-2	1.798370E+5
1.550000E-2	1.798910E+5
1.552000E-2	1.795590E+5
1.554000E-2	1.794650E+5
1.556000E-2	1.807950E+5
1.558000E-2	1.799130E+5
1.560000E-2	1.804610E+5
1.562000E-2	1.797300E+5
1.564000E-2	1.790980E+5
1.566000E-2	1.796100E+5
1.568000E-2	1.786850E+5
1.570000E-2	1.798140E+5
1.572000E-2	1.795340E+5
1.574000E-2	1.797450E+5
1.576000E-2	1.795150E+5
1.578000E-2	1.793150E+5
1.580000E-2	1.788780E+5
1.582000E-2	1.786420E+5
1.584000E-2	1.779090E+5
1.586000E-2	1.793840E+5
1.588000E-2	1.789900E+5
1.590000E-2	1.783060E+5
1.592000E-2	1.794740E+5
1.594000E-2	1.792300E+5
1.596000E-2	1.797190E+5
1.598000E-2	1.797120E+5
1.600000E-2	1.798380E+5
1.602000E-2	1.799580E+5
1.604000E-2	1.800630E+5
1.606000E-2	1.796580E+5
1.608000E-2	1.801890E+5
1.610000E-2	1.796940E+5
1.612000E-2	1.797280E+5
1.614000E-2	1.796840E+5
1.616000E-2	1.800700E+5
1.618000E-2	1.809250E+5
1.620000E-2	1.803790E+5
1.622000E-2	1.797700E+5
1.624000E-2	1.807160E+5
1.626000E-2	1.798100E+5
1.628000E-2	1.799750E+5
1.630000E-2	1.782490E+5
1.632000E-2	1.791330E+5
1.634000E-2	1.787050E+5
1.636000E-2	1.783440E+5
1.638000E-2	1.781570E+5
1.640000E-2	1.780170E+5
1.642000E-2	1.784710E+5
1.644000E-2	1.777940E+5
1.646000E-2	1.772810E+5
1.648000E-2	1.777020E+5
1.650000E-2	1.779350E+5
1.652000E-2	1.782150E+5
1.654000E-2	1.784300E+5
1.656000E-2	1.787070E+5
1.658000E-2	1.786160E+5
1.660000E-2	1.788880E+5
1.662000E-2	1.795870E+5
1.664000E-2	1.785560E+5
1.666000E-2	1.791700E+5
1.668000E-2	1.802940E+5
1.670000E-2	1.790790E+5
1.672000E-2	1.802390E+5
1.674000E-2	1.807710E+5
1.676000E-2	1.793820E+5
1.678000E-2	1.800540E+5
1.680000E-2	1.798900E+5
1.682000E-2	1.806720E+5
1.684000E-2	1.803900E+5
1.686000E-2	1.797340E+5
1.688000E-2	1.799270E+5
1.690000E-2	1.799260E+5
1.692000E-2	1.793270E+5
1.694000E-2	1.790780E+5
1.696000E-2	1.800760E+5
1.698000E-2	1.795790E+5
1.700000E-2	1.794320E+5
1.702000E-2	1.794680E+5
1.704000E-2	1.789970E+5
1.706000E-2	1.787020E+5
1.708000E-2	1.783340E+5
1.710000E-2	1.773270E+5
1.712000E-2	1.776030E+5
1.714000E-2	1.778160E+5
1.716000E-2	1.770680E+5
1.718000E-2	1.764950E+5
1.720000E-2	1.762250E+5
1.722000E-2	1.767300E+5
1.724000E-2	1.766070E+5
1.726000E-2	1.771820E+5
1.728000E-2	1.776030E+5
1.730000E-2	1.776130E+5
1.732000E-2	1.778230E+5
1.734000E-2	1.782170E+5
1.736000E-2	1.791800E+5
1.738000E-2	1.786410E+5
1.740000E-2	1.791800E+5
1.742000E-2	1.797360E+5
1.744000E-2	1.790890E+5
1.746000E-2	1.796250E+5
1.748000E-2	1.797060E+5
1.750000E-2	1.801090E+5
1.752000E-2	1.796680E+5
1.754000E-2	1.803670E+5
1.756000E-2	1.800330E+5
1.758000E-2	1.803900E+5
1.760000E-2	1.801560E+5
1.762000E-2	1.803280E+5
1.764000E-2	1.793100E+5
1.766000E-2	1.801880E+5
1.768000E-2	1.806200E+5
1.770000E-2	1.806850E+5
1.772000E-2	1.805350E+5
1.774000E-2	1.796620E+5
1.776000E-2	1.807870E+5
1.778000E-2	1.799070E+5
1.780000E-2	1.798340E+5
1.782000E-2	1.803930E+5
1.784000E-2	1.799200E+5
1.786000E-2	1.810130E+5
1.788000E-2	1.795300E+5
1.790000E-2	1.793400E+5
1.792000E-2	1.797620E+5
1.794000E-2	1.803100E+5
1.796000E-2	1.803830E+5
1.798000E-2	1.799850E+5
1.800000E-2	1.802490E+5
1.802000E-2	1.804940E+5
1.804000E-2	1.799090E+5
1.806000E-2	1.802710E+5
1.808000E-2	1.802170E+5
1.810000E-2	1.808870E+5
1.812000E-2	1.806110E+5
1.814000E-2	1.805480E+5
1.816000E-2	1.801040E+5
1.818000E-2	1.792040E+5
1.820000E-2	1.799800E+5
1.822000E-2	1.799990E+5
1.824000E-2	1.800300E+5
1.826000E-2	1.803620E+5
1.828000E-2	1.793210E+5
1.830000E-2	1.801730E+5
1.832000E-2	1.804570E+5
1.834000E-2	1.805850E+5
1.836000E-2	1.798740E+5
1.838000E-2	1.800660E+5
1.840000E-2	1.805020E+5
1.842000E-2	1.801930E+5
1.844000E-2	1.802650E+5
1.846000E-2	1.796010E+5
1.848000E-2	1.796510E+5
1.850000E-2	1.800780E+5
1.852000E-2	1.803930E+5
1.854000E-2	1.798830E+5
1.856000E-2	1.797980E+5
1.858000E-2	1.800530E+5
1.860000E-2	1.799100E+5
1.862000E-2	1.794450E+5
1.864000E-2	1.800940E+5
1.866000E-2	1.793200E+5
1.868000E-2	1.796210E+5
1.870000E-2	1.798570E+5
1.872000E-2	1.802700E+5
1.874000E-2	1.809930E+5
1.876000E-2	1.800770E+5
1.878000E-2	1.806990E+5
1.880000E-2	1.796880E+5
1.882000E-2	1.804640E+5
1.884000E-2	1.796050E+5
1.886000E-2	1.803930E+5
1.888000E-2	1.805410E+5
1.890000E-2	1.800100E+5
1.892000E-2	1.795520E+5
1.894000E-2	1.796540E+5
1.896000E-2	1.800770E+5
1.898000E-2	1.797450E+5
1.900000E-2	1.806810E+5
1.902000E-2	1.803250E+5
1.904000E-2	1.799770E+5
1.906000E-2	1.806790E+5
1.908000E-2	1.803940E+5
1.910000E-2	1.796130E+5
1.912000E-2	1.806170E+5
1.914000E-2	1.798530E+5
1.916000E-2	1.800830E+5
1.918000E-2	1.805310E+5
1.920000E-2	1.800800E+5
1.922000E-2	1.799610E+5
1.924000E-2	1.794790E+5
1.926000E-2	1.800720E+5
1.928000E-2	1.801690E+5
1.930000E-2	1.798810E+5
1.932000E-2	1.801350E+5
1.934000E-2	1.803570E+5
1.936000E-2	1.799890E+5
1.938000E-2	1.800620E+5
1.940000E-2	1.799750E+5
1.942000E-2	1.798440E+5
1.944000E-2	1.801610E+5
1.946000E-2	1.800040E+5
1.948000E-2	1.796560E+5
1.950000E-2	1.801440E+5
1.952000E-2	1.801520E+5
1.954000E-2	1.799430E+5
1.956000E-2	1.798540E+5
1.958000E-2	1.797810E+5
1.960000E-2	1.804130E+5
1.962000E-2	1.802480E+5
1.964000E-2	1.801490E+5
1.966000E-2	1.802270E+5
1.968000E-2	1.801500E+5
1.970000E-2	1.807180E+5
1.972000E-2	1.800660E+5
1.974000E-2	1.800270E+5
1.976000E-2	1.797610E+5
1.978000E-2	1.798610E+5
1.980000E-2	1.810120E+5
1.982000E-2	1.799510E+5
1.984000E-2	1.805220E+5
1.986000E-2	1.801730E+5
1.988000E-2	1.799230E+5
1.990000E-2	1.803700E+5
1.992000E-2	1.793370E+5
1.994000E-2	1.801290E+5
1.996000E-2	1.805740E+5
1.998000E-2	1.796160E+5
